TESTRUNID EPOCH: 58 L_PCC: 0.7660874495250364 L_ERR: 0.01619681367340942 T_PCC: 0.44636579008951976 T_ERR: 0.028998720576883807
180 LAYER: 1
5 LAYER: 2
1 LAYER: 3
58 :ILEARN
0.01476958809874956	0.017014307273996773	-0.07182540474467558	-0.039345355097309756	-0.037762954247695	
-0.15103121482138132	0.0030473554264522397	-0.09418253585529449	-0.011852261588495915	-0.11285810834891706	
-0.03378028897417054	0.04867110402745285	-0.0775270019254369	0.08028033735385876	-0.09706865588178643	
0.08072667799995628	-0.05102819207576107	0.034278113319500085	-0.07305678980192401	-0.005843421881827289	
0.09147171444694974	0.05258910691452437	-0.0007523798962139563	0.03545482026344251	0.11625685873131304	
0.1029584370707189	-0.09587132687351524	-0.07894770698914272	-0.06510308367408416	0.10639450852242606	
-0.07145069713249219	-0.012489992847582693	0.08687784256601792	0.008014092508832659	0.03469539079379786	
0.08877729677476497	-0.06996050618743603	0.17373980240985992	-0.10470071423273221	0.22141264360770296	
0.07662945888855797	0.06796684858333166	-0.051253695998312684	0.06136978087115685	-0.10859377226910272	
-0.14317951700670908	0.16538749746870232	-0.15858912446538345	-0.03700499688820609	-0.2577736097873087	
-0.1903546783024161	0.08664373124162306	-0.13673136029581368	-0.04680224818773894	-0.13334850155000386	
-0.09485272116023064	0.029669879419200535	-0.08055230868216602	0.021971514309144693	0.022108867792954415	
-0.13504772179498845	0.009999589435198311	-0.011267423342791742	-0.018014146935487203	-0.16544577524946272	
-0.07253774875375787	0.08439305326428616	-0.04675291732851367	0.08782899314122476	-0.10621147786570585	
0.15060996655787648	-0.12458309081351314	-0.013444123620158437	0.05684688385384314	0.05416361059498542	
-0.02010811866505056	0.04984406057473634	0.010850203731798116	0.0494413408913225	0.10299542741061923	
0.03601219926918017	0.05192993482354859	0.016734333501495464	-0.027332652538532842	-0.10436193477918682	
0.07866848076521786	-0.022844383478678454	0.09988197695888194	0.028539615786069925	0.006437484329558948	
-0.1676498908059588	0.16534310339532418	-0.07356725751007143	0.021333634937874338	-0.15522862192494502	
-0.18537644261866282	0.16886849058735132	-0.10318036307206933	-0.0920526454423097	-0.16654678088364347	
-0.014764508664848467	-0.016894840074450912	0.09751576853467277	-0.026019554000552364	0.10446137650497668	
0.012966968227876179	-0.09062039725959202	0.07859750380879038	0.040733283092773534	0.08065093196439438	
-0.052305469851020164	-0.08965437388733984	0.10098232738033397	0.04098919160727208	-0.07298459538848186	
0.08001185618401639	0.016132749444535202	0.11432001603741482	0.04209023696842779	-0.04219524780463695	
-0.06163982760305051	-0.13091058812976156	-0.06131504819092327	-0.053308199859354796	0.10820067549441117	
0.06690032456261555	-0.042001192923639644	0.12411467564622417	-0.07549379064124727	0.0480010810138194	
0.051084056702644626	0.05965923386312182	0.046123993368489505	-0.09682617588799901	0.1047396767481673	
-0.0753307742960306	0.06503362947859415	-0.04063021881245633	0.0751473291808545	0.002513238399058443	
-0.0938971609735611	0.020928985608765584	-0.17722522571923663	-0.06836514909037643	-0.23134053002427032	
-0.04127253860277284	-0.08426723127537904	0.07414447081463402	0.008453500265637823	-0.04792080931225047	
-0.03293139105822216	0.05107911645981247	0.057616196133638976	-0.06510514901511831	0.020762479448348845	
0.08307550972420671	-0.09611656343584749	0.04986352895962215	0.0942037678693392	0.11610267467752966	
-0.04102535243958948	-0.00588753224505047	0.029092033708963076	0.06631244559209933	-0.05326430177848502	
-0.2819525968866156	0.07763627255434326	-0.16289350992279694	0.026052883352786858	-0.2498734678888604	
-0.008979655655792595	0.0649740076781977	0.0436335584560615	-0.02375925166489782	0.03877350233231532	
0.09975290656281675	-0.012070870723590145	0.002456262440792795	-0.08671581386091524	0.04441219045747393	
0.12265811675612168	-0.13832051850270788	0.13718348744439818	-0.09032291379965053	0.08402154596909767	
-0.18325072722211588	0.12003172479506785	-0.20668959261668324	0.014921546601984904	-0.28861641843247604	
-0.3890870432605584	0.21352394993678017	-0.25263788348563165	0.0745277884491949	-0.3873467327243535	
0.1242878340121363	-0.12705191127886112	-0.021368570789869652	0.021226649611586528	0.1406698264059091	
-0.03203591101238312	0.10828023176603331	-0.02506194551109015	0.04202911595337104	-0.18008503981515098	
0.00649582390480207	0.002174693196275595	0.01805587958208569	0.0812390402045578	0.08772847493501897	
0.014687486266112408	0.05605108630012205	-0.036488675477378045	-0.07743454814761856	-0.027230553693441333	
0.07486204141136026	-0.16040517628090087	0.15539215974524045	0.06287363851264546	0.005693045024128824	
0.043754476817713155	-0.12719099805879516	0.0027244340890834225	0.05281683126780651	0.10028000752500656	
0.11143143023832044	-0.012007057341061196	0.09788004090202047	0.06687604650167536	0.1085240082415007	
-0.007069040895670556	-0.003798098629622486	0.06473272221082911	-0.04203545955305817	0.0005969125645438516	
0.054718976874436484	-0.1235198968822458	0.028430378428019053	-0.019792076847450487	0.092840670132805	
0.004960009658065445	0.0356312350089178	0.04997459493725615	-0.06867319851701664	0.10627445673528466	
-0.07620862439825513	-0.019850123714752654	-0.08379774707110176	0.04228225980389309	-0.06012993436654613	
-0.13503894027293661	0.11615925774811225	-0.041643799966801454	0.09293847956979745	-0.03407486255614855	
0.04132553119615217	0.02728196188390254	0.004598799922298186	-0.04168158143935327	-0.019347084396760795	
-0.014026726413497625	0.11419443352770564	0.00662643984105616	0.04126563918890082	-0.01982412561613572	
-0.06071082312648826	0.04273838032751221	-0.024737433105016807	-0.02646545987039306	-0.05374328879395164	
-0.14070666918627928	0.06808697666058824	-0.08291710862117906	0.004113056243199558	-0.08916369685109604	
0.03532733250774166	-0.06287480980215401	-0.019724749429418747	-0.029303267556300864	0.06591948039450712	
0.06198993039929209	0.08785230636640363	0.023064746254282068	-0.043278247051784687	-0.0638489418267726	
0.012596568484708782	0.032204086042066336	0.007311635908229948	0.014862155140900349	-0.03868102597016937	
0.027829863063192097	0.02523411897769089	0.03789396209182249	-0.012413392963709365	0.008804727246171658	
-0.1750409183589804	0.036507511114357585	-0.14683770856207787	0.10300845927445514	-0.19027834839036645	
0.07034878843313327	0.06169821065388809	0.04225514250917731	0.013203599060166262	-0.04815465902387905	
-0.014783868062889012	-0.02557420546256143	-0.06743495828577224	0.022409844396602718	-0.08138629526329792	
0.07101869661071285	0.09878696462373963	-0.06461935139489722	-0.07155916048399522	-0.08162467583599549	
0.07934353755088341	0.0013226547378910414	-0.004428582818784269	-0.04878629542262149	0.1703295903211387	
-0.01201267528228882	0.01086000903089059	-0.04496990151729771	-0.08524140070581482	0.011419154315402922	
0.08018035028368559	-0.11883820235607342	0.08471640660144465	0.007332314264257831	0.11592063255684965	
-0.024149034332027836	0.021967407404541443	-0.024009629164360464	0.004274941439242015	0.09979946617399366	
-0.08137205236678084	-0.05322842744128177	0.08688154354937533	0.06868554674512808	0.022065723746063023	
0.011272707791292712	0.13805602602438907	0.015411126861152587	0.07617317023756887	-0.18097335313346444	
-0.0011491198187586955	0.04291147220337793	-0.0032377626971932948	0.05809905202742517	-0.12288850744676261	
0.044096679273374836	0.025558134892091203	-0.0506093671057641	-0.05357096746208713	0.022751936818491924	
-0.03128520249362604	0.06909818146697208	-0.022255273496041523	0.06245258881650421	0.07044729524970741	
-0.017691291609136826	-0.108167510921339	0.10162996484224304	0.0017415989068327422	0.12702850983331554	
-0.04707724761317774	0.12047978905008193	-0.03285990443368032	0.00034409858420216086	-0.17345365731275988	
-0.07352058276873405	-0.03612574505289033	-0.1184650907427448	0.05255368717217633	-0.19998442063143962	
0.028091998598098283	0.030815496184479558	0.08354991121466486	0.03652646197995678	0.016326075088137524	
0.03773984374310291	-0.02832216272368019	0.14092649576230545	-0.06231397304086845	0.02883039031068771	
-0.05390808084454112	0.03208567060037816	-0.0061541368944211606	-0.09176081190326998	-0.025279235682454007	
-0.12663317267512508	0.09161419112934423	-0.08714188742103544	-0.09349474314270796	-0.07826400167441214	
0.05114466361310558	-0.031371306903372254	0.036092220773224694	0.00036299005283177855	0.00014814871793634868	
0.13944745363451605	0.02780057621812802	-0.06565518418954207	0.0411033976436388	0.060581652625907194	
0.10887007300810188	-0.07367222636991881	-0.034280057776132	-0.08548654294236771	-0.006296908484667337	
-0.1582136251535527	0.09128602279432754	-0.015279016171084934	0.04920989846694561	-0.0780629890588229	
-0.07618301603731314	0.11309368026811231	-0.06464241120196947	0.07049193873738757	-0.08284618417898401	
-0.1796749018463332	-0.015007134199757435	-0.19226381710950852	-0.07827442488519429	-0.13708943608998875	
-0.04566294187566379	-0.11140752372274847	0.07251353733058122	-0.020768406988921895	0.07257475065445093	
0.03434816869029129	-0.04129296488791869	0.029785271085700425	-0.0067923378809890455	0.09792895928629479	
-0.015629723527284	0.07601916143536759	-0.09806382907377502	0.055024856354099996	-0.08943752482700956	
-0.04530196086410498	-0.03478897698670867	-0.042941046468548905	-0.09301915305710717	-0.02270190740895676	
0.08746835302806155	0.039893288975042296	0.08122875102232027	-0.07378467452811942	-0.03615423315529642	
-0.05895549411964866	0.009606445403673258	0.08580319580044334	0.09275201029285199	0.06415325601715428	
0.08227331587304966	0.05700996634331771	0.0010749957347434215	-0.05134846809686204	-0.03852355968132312	
-0.07349202804539477	0.05402609796889204	-0.06910777125225627	-0.04957329990131928	0.08196512983635887	
-0.04743559307660257	0.07312924018142407	-0.028518016203847696	-0.0016932378987073024	-0.027703017479148925	
0.17158147778272995	-0.09308064847591913	0.05814314020829671	-0.002505376412255224	0.15024237885236497	
-0.12281248809812038	0.06882530911314388	0.040734278049114996	-0.09072336021176296	-0.04994825662456841	
-0.09125449296373908	0.11431939606839338	-0.04735855583631715	0.0435161639520329	-0.09574933824672917	
-0.04489097159192658	-0.006269347963609879	-0.1309882044388045	0.01727868087512751	-0.14944398265249878	
-0.02116672253956617	0.0876275200802838	-0.01592543701345046	-0.05349019390733049	-0.05684067510112364	
0.0910252577067957	0.07189168054283002	0.06288766486443062	0.08283813156329232	-0.024202996537350138	
-0.07883821150803008	-0.04627110574067961	-0.04497070853687496	-0.06208445740631547	0.022322751615262225	
0.08024313833906223	-0.008089927078482415	0.01715130948579434	0.03445574673221817	0.07489023003127172	
0.010159442208816401	-0.014992481451680431	-0.10453577921331618	-0.04875434905871852	0.021108661211441733	
0.020380153139304795	-0.011018876907639003	-0.05339655816779113	0.016090579263409194	0.11369394066692554	
0.053535772513787806	0.02278092480094198	0.0803575684719916	0.07841600276693003	-0.01040582561778501	
-0.0057583943083079105	-0.12987216135164084	-0.008727930880926367	-0.011718572441693392	0.06470304963470801	
0.11920183824939179	-0.07900725254239671	0.11680857614698525	0.0555510069198213	0.08173424152712093	
0.023514951463960744	0.03859256919951794	-0.02918618293030459	-0.09556896014144499	-0.06317724310019031	
0.03334972115971857	0.020530780196891137	0.027072741948439276	-0.007046045065498879	-0.027166924016059305	
-0.15916120506670173	0.08516220586453335	-0.07743303389799448	0.09558373419019243	-0.13677091429851101	
-0.04294850811652259	-0.011925115837978324	0.05924535198071865	-0.01622716186550308	-0.09615711285156874	
0.042492821881357945	-0.05115866401541735	0.09918687738021248	0.05136256916965326	0.01964421903885807	
-0.11286455639319326	0.006031522286187159	0.06037869675129809	-0.10141680547744149	0.004872543022623844	
-0.04498859580642798	0.02664577389272994	0.0238308378017071	0.03080160116465586	-0.1878822994087545	
-0.10016291862753955	0.14272830553231564	-0.018402640495746636	0.041493895301806596	-0.12140734931710194	
0.01187704874255563	-0.028552842545187772	-0.013682708785886266	0.04057836296425087	-0.02807461201973677	
0.032042556127611116	-0.02640176328444093	0.004341401130565392	-0.03696093692073476	0.012736657750700542	
-0.04576689653129513	0.07229574149467081	-0.04945477123407514	-0.05609396794476888	-0.0037617375961505146	
-0.07129566222146415	0.06113466691098138	0.029718888857552403	-0.05228271188381341	-0.08936667713951273	
-0.1211969192389537	-0.031300314681372614	-0.07171747515319075	-0.09376739074600066	-0.1538204733191789	
0.08342717588776476	0.021702797195733613	-0.04002625605083302	-0.05665698328738742	0.005092288532736343	
0.09157342952341258	0.034427743925754165	0.022218074373625926	-0.04328101967811231	0.05571596148593933	
-0.07779665961553817	0.13071222872752106	-0.016600571028565523	0.001841020973491554	-0.1569067705764779	
0.08126484901204203	-0.061804909340985	-0.06693710318955085	-0.010753318177860627	-0.04150538609885571	
-0.07025497489964422	0.035341576452097664	-0.06158853386031798	0.027265441532697048	0.03872458533395252	
-0.059887555520568965	0.029423544054543234	0.05075763847965553	0.02886208254981155	-0.012638757784544406	
-0.017586952407720832	0.030659911860883737	0.11316756911094751	-0.01623648261045369	0.07464280555495233	
-0.021290275951279424	0.006267388098465736	-0.01504084440113103	-0.02664450402695109	0.050433657618169654	
-0.0964769394865173	0.0956040811969521	-0.039917781874079024	0.005561512932512276	-0.030316548766001768	
-0.07321162766495827	-0.07373679338697203	-0.08063594798303178	-0.001510186918816782	-0.0616409751757462	
-0.019834304879761937	-0.08854037855363109	0.06564221802923635	-0.08001812952891985	0.08851109435944253	
-0.02583130519545973	-0.01600238031897211	-0.058642166782089396	0.051371756003193346	-0.023994010439010963	
0.004110306263544468	0.048016944218068014	-0.07022481125619079	0.009602441111211245	-0.07759408957748898	
-0.00838721800344962	0.09060669712848388	-0.12179565685111557	0.07431240421481237	-0.18077790583167017	
0.027080710352605494	0.042206661954713544	-0.05951049338806515	0.05642188675501075	-0.020343200612139418	
0.10961468399114602	-0.05017948161355247	-0.08538123021426433	0.08655676497212329	0.09263699755506578	
0.029131026692786166	0.01192110022698755	0.03456125927775742	0.05728181874576889	-0.04944616187970007	
-0.08541885402797537	0.1480022140797233	-0.09882949585480792	-0.009590580533066858	-0.170236117983615	
-0.1552199451196593	0.10110708067122784	0.03294482916997621	-0.052479857099235395	-0.16496999714060667	
-0.04337196462723864	-0.06502352412208741	0.09581433358488413	0.004222149495131202	-0.03963619100829489	
-0.05420710753511336	-0.05644769859028335	0.04282347647235217	-0.035962890251541736	0.005201557568639145	
0.03707984164872222	0.012375921221215573	0.04035848432844755	-0.03643246410788196	0.08536026500940265	
-0.05271111468729687	-0.013486935334724236	-0.02729977354900897	0.025563455820014992	0.07084838132689432	
0.06862279224606077	-0.010830365610302466	0.05222331985759493	0.023866117534780434	0.01643414397895893	
-0.03516305776818676	0.09209271023355911	-8.964827410826383e-05	0.050291216996801454	-0.04238692156632761	
0.0647183796016909	0.01289237482122145	-0.016281229870640304	0.009735455648647261	0.14916540938936762	
0.03737566232129674	-0.1020839504194055	0.10682098343800721	-0.05341242757077619	0.080032985581822	
0.01849742379078638	0.08822637942375142	0.008855539668658863	0.06834923062455996	-0.11722080054170318	
0.09161871784447446	-0.09203482196430221	-0.03419034692365455	0.0903386822496207	-0.10374600475624392	
0.026109468019515972	0.09635454877574073	-0.036205762506672456	-0.04890612420062203	0.011702349419833629	
-0.09177682216941031	0.0019032104409367893	0.010501855287221881	0.08622065469301328	-0.11576962616542522	
0.10954665076330683	-0.06490935715429788	0.08731174898462533	-0.025318305688853505	0.032666834296111294	
-0.10996236011609575	0.1337648158605884	-0.07438805385293124	-0.07556785132392792	-0.13298628265297777	
-0.1876223977670708	0.109355208489482	-0.06961850990972134	0.0679845898096555	-0.09179211822079712	
0.017185200602720937	0.055143936096751986	0.0281475813162348	-0.014700981032855283	-0.05537410250645247	
-0.07530105472615493	-0.020061991242292233	-0.06869240886907715	-0.01580220627023618	-0.0810659271343912	
-0.06796287253638333	0.13739432309791	-0.06820755722004379	0.10121642149819395	-0.04275319640223818	
-0.05110941746388001	0.08044683756010307	0.0010524681926122356	-0.046739525065417654	0.015424320633928758	
-0.02326024076502339	-0.030257831857965833	-0.03983437653959375	0.04139312029981689	-0.04014021334760705	
0.03495397512101474	-0.027619109845311282	-0.0029484315698025698	-0.0040071600158561645	0.037456917979934105	
0.12468639022026404	-0.10612227951152016	0.051673245059324295	0.07428869873695387	0.0487453606471199	
0.16159129444274054	-0.11842580838830204	0.0937219362811432	0.030999790662338152	0.03233721055885211	
-0.05010041543977367	-0.06712575034557736	0.12834818826374683	-0.034812616060776284	0.09942861566086252	
-0.03363059258601428	-0.07099955157382845	-0.04599838519431979	0.03930865194585053	0.05775206725150729	
0.02304573857612735	-0.04900629438529136	0.023349348883248557	-0.056259354166554754	-0.048035711899569664	
0.03543650341052358	-0.08970071955329803	-0.03403354595267083	0.019178693210001704	0.11136739148416194	
0.06927656931086949	-0.022913952451389746	-0.02239180248806123	-0.07512789663910775	0.047205350400529866	
0.09564943112943498	-0.09626946290175231	0.010456476912833634	-0.01736396419390094	0.004221739118017252	
0.0335463424908199	-0.12402851416103253	0.05303975591469532	0.0646115562435079	0.17177883628481447	
-0.09228620484211084	0.09545442651736218	-0.1520222558820062	0.005860245676123934	-0.12937903781361504	
-0.021768319063473002	0.11098132747806214	-0.0597410023624876	-0.07690306707138361	-0.1190261301265084	
0.1541988539704866	0.034603073595626546	0.0774158161252921	-0.07420786712625745	0.09153364905687113	
-0.016344767131864623	0.012044364332707391	-0.040671714001876	0.015147100304801566	0.04070578722851529	
-0.0023294805640066514	0.06012708388793429	0.05824689878289304	-0.07576119028673922	0.018336242633573367	
-0.07351262046123358	-0.08586685005228563	-0.004076576622617958	-0.08036792207608853	0.025793745158940402	
-0.04015323019728277	-0.09517476746719226	-0.04423037498089772	0.03589087510968479	0.08616175173102328	
-0.01882101528147146	-0.07253961148715174	0.05037610133083108	-0.0349056826249969	0.06179381550191339	
-0.02063640333388292	0.01222637441186486	-0.09580230522284866	0.034348374733744004	-0.06569201979609528	
0.07645378472518274	-0.1103745081126496	0.11023274675992983	-0.004727875893150963	0.2574814286282202	
-0.0540686807516152	0.08677947106124875	-0.026500092514462194	0.07827685280527394	-0.05101645900936274	
-0.015885630118165434	0.07665286055254389	-0.0596742864547824	0.09055852546186839	0.0918237302574354	
-0.8709049816714974	0.7603184167400642	-0.67200967083297	0.16430686892364155	-1.2304513697114927	
0.20615329118243478	
