TESTRUNID EPOCH: 73 L_PCC: 0.7695606589576658 L_ERR: 0.015356529126499414 T_PCC: 0.5029773234962778 T_ERR: 0.026075862853957545
180 LAYER: 1
5 LAYER: 2
1 LAYER: 3
73 :ILEARN
0.0691507168422523	-0.0003848836083985824	-0.021244367838984566	-0.05203619527731259	0.01377101024095245	
-0.15054917085311217	0.0037548441240858165	-0.13000970779750415	0.013071829254513605	-0.08318138401895729	
-0.0043224931230701775	0.024366508732187615	-0.07207641457692675	0.08048248525477178	-0.05481143483663095	
0.13540573867019953	-0.07027114897260536	0.06840140104883584	-0.08471046219400713	0.031489838911342355	
0.11878605921926629	0.039545573461927684	0.02489292034288614	0.021935948100173495	0.14357512506665915	
0.1458633765136501	-0.10185079223465723	-0.05557275269357255	-0.06895737858329448	0.13420582519520982	
-0.05569252498126185	-0.012512867350638095	0.0806435410009314	0.011360157118963213	0.052144526917591	
0.06669406788410454	-0.028646253568691903	0.1439976182613754	-0.11486617876232515	0.15368553868673118	
0.09956206433059082	0.023851248817768525	-0.04082892513585719	0.04200691449883991	-0.08665222622740629	
-0.12690246124207016	0.12249826927701601	-0.1334954198799196	-0.03174508996332739	-0.17763401307950474	
-0.1758648720920834	0.04581050453561189	-0.1132065794572566	-0.05196721140582209	-0.08106458516991152	
-0.13159216962398138	0.0764365300304033	-0.1486721513896244	0.05228398109073622	-0.01672741945050538	
-0.11856972494099864	-0.020605710037689844	0.01698325210769548	-0.026199315711006598	-0.1228590675727632	
-0.13299631556282027	0.08143214239245884	-0.09360101079403828	0.09229346408036443	-0.13214630940693356	
0.041189093966288164	-0.04775805687316708	-0.11705783323184886	0.07397614203569577	-0.054742057760292465	
0.013344956284101645	0.04898040925291106	0.01847492512656735	0.044593906564766424	0.1059116591590705	
0.05305388311723727	0.033395245901497395	0.013095280359636311	-0.022615420707134185	-0.07838635397982546	
0.049068497905557784	-0.005856223779514368	0.06692710850294205	0.030292686701149173	-0.01605230696576971	
-0.19304742657270726	0.1497793097368837	-0.1001941331466552	0.02963118612096749	-0.14534758821666052	
-0.14986769111064213	0.11821212629218834	-0.0675429499224325	-0.08741818461642321	-0.0679463920378767	
-0.005949173465562769	-0.019056624834456904	0.09558823731353099	-0.030654905412515285	0.11903804995100113	
0.028511166978278695	-0.10062841737492985	0.08509425556884517	0.04262945476091394	0.11351267272263853	
-0.0439721357334376	-0.09242072870483901	0.09639526787463111	0.037553236129531195	-0.057111802509183324	
0.07643840555175704	0.02196430916267492	0.09669177453283904	0.037985496333254015	-0.04001127615672304	
-0.06235935712811231	-0.12774536977106865	-0.07087989542973326	-0.06531912971737447	0.10430168548300613	
0.11219526965346288	-0.05583794846094656	0.16918304440908713	-0.0889410762585373	0.0841920371405089	
0.07379908818234873	0.05086421003622273	0.06387361807543468	-0.10781131267881632	0.12897179164725303	
-0.07525523938906024	0.056674222984190586	-0.0557523987950142	0.07690079425632354	0.02960472065197442	
-0.10288695804251691	0.005576163085967706	-0.203932622517347	-0.05071896250832506	-0.20352005466824244	
-0.0463425356808489	-0.07348276629456063	0.06515810217642366	0.00011612963490201382	-0.07268264629094184	
-0.01880252281039252	0.053890973127060586	0.07562220005473348	-0.0807232353845931	0.010031027660628309	
0.102028242278236	-0.09977547826239921	0.06185550662224569	0.08775123055089627	0.1368886412058932	
0.02103961520531765	-0.03706218691836534	0.08921920979916573	0.05118296136741296	0.0025597517523456253	
-0.321635728588976	0.0557307762031844	-0.20535646696464144	0.048980093570026896	-0.23934670895394336	
0.00027275378019185116	0.06237902134865526	0.04147290262857374	-0.0315956405384192	0.054217887051738585	
0.10600372901282669	-0.005894062974740718	0.001312454032189722	-0.09667167089894257	0.04100315336303335	
0.13168592313457927	-0.12310666264381741	0.14709638126315566	-0.10721677164651122	0.06314361502231372	
-0.216980774203743	0.0846328390211291	-0.2390344611587635	0.06944178152638138	-0.2209905009388941	
-0.45761190555230885	0.18462295424856284	-0.3500927028608806	0.14414562397600492	-0.3486078617575873	
0.1112037213673537	-0.11051569949740599	-0.04061270455678978	0.01724800789077803	0.10974436281105747	
-0.0008613283009335786	0.07073019505635289	-0.016731564748608783	0.06554688226142949	-0.10750279238743551	
0.04935058388960855	-0.034030072894344884	0.05829979186842001	0.05763820394882936	0.13926006200868574	
0.03758161162801428	0.049950818929682415	-0.012852961436280622	-0.08032204054703511	0.0020846395063865027	
0.032519135135312405	-0.12125301239833425	0.11980387401693374	0.06904877134527908	-0.05059234999614924	
0.09003624992278818	-0.11816564674694857	0.040526974909444534	0.034553339604191415	0.09521011491395394	
0.09313149625619811	0.0008202308133543034	0.08175578122744809	0.06934571324104162	0.0948824443088879	
-0.017531128427104987	-0.0057674510287024396	0.054706975176313274	-0.04149094844549662	0.004925145041463488	
0.03757334486719804	-0.10710199842804795	0.019081014789993987	-0.008830521985275067	0.07008868831651846	
-0.06377576538196468	0.06554343039867495	-0.014730928362517751	-0.060572187021731484	0.039957942847656004	
-0.09736111947132432	-0.019826302175508622	-0.12614093759062203	0.053103379398793074	-0.03834679297609362	
-0.16689851168250014	0.12119240609964524	-0.08010078598929775	0.08674059589387198	-0.04083875233309583	
0.07271042050973639	-0.0010282325819448404	0.03064583674071249	-0.04591976740146405	0.03394369460918763	
-0.05017983547985478	0.11765424949633896	-0.03727684083587123	0.04721457765998703	-0.015535343444850198	
-0.07855957221056357	0.02186268468388932	-0.03894345379520628	-0.044539895979688944	-0.06452100334276198	
-0.14819055851947804	0.05621275243495841	-0.11841625500505978	0.04423529242731491	-0.03821723091524324	
0.036879351323194774	-0.06395744411493869	-0.023621630054252798	-0.01922998805833964	0.06970382266634592	
0.0638543001266304	0.08483332690057901	0.01568894150489215	-0.039590307927797545	-0.05119724707771173	
0.01980340546087088	0.0026291964904964346	0.010610948758648053	0.00740105479836639	-0.003846089057643792	
-0.00917758983216936	0.03514096178523911	0.009457846988591732	-0.022512047780616374	-0.04320335517943889	
-0.17571053168355874	0.029859700982701326	-0.17269687040470005	0.11081775797675479	-0.15718651873167314	
0.11667815884142961	0.046311135340345574	0.08196297212039269	0.004574647692545532	-0.010111705007308932	
-0.012698919898915945	-0.006826212190784877	-0.08369135709934292	0.03011662584691722	-0.06292486095042331	
0.11098727102376509	0.10357345967419693	-0.06389757823954682	-0.05788201296835102	-0.055788584779341455	
0.03592001179580006	0.060155832980398054	-0.06368676094643509	-0.030964117583271455	0.08436057069216514	
0.07996522185934618	-0.04843535977391477	0.036387618925687176	-0.1096082784783666	0.1029897161000565	
0.06369525015832422	-0.07395862695907149	0.06394251771200607	0.0108486294255036	0.06533555794432434	
-0.11807888887714374	0.10152317592643781	-0.12884669022855635	0.03203514447843313	-0.017519010946454174	
-0.06182451488668493	-0.04693901671715473	0.08489756549473698	0.06775082483602089	0.03121070266414844	
0.09148436077151918	0.09150061668877188	0.06855388594592174	0.06047329210454586	-0.09130297382548992	
0.014672409390083962	0.001987599553004811	0.025093712532545692	0.04578151023691075	-0.07825026738592201	
0.01797741274681911	0.0034418382287102443	-0.05124268486034438	-0.06890832393656995	0.01693745052232111	
-0.009657943457588443	0.09011334867874274	-0.020523727934349707	0.07390315463399	0.10076467406670764	
-0.020027223517007	-0.12400103415800309	0.11895874765409656	-0.016698434548498984	0.12061641882610115	
-0.09453437635174253	0.10106460215600711	-0.06722715490450806	-0.007487172400121639	-0.16942520645691136	
-0.10707216307746913	-0.022302258540616956	-0.1630360609229148	0.07489767860579351	-0.2050479065511682	
0.09697342359091676	0.025232491724754495	0.14014292700532663	0.023660723861730185	0.05711078481225302	
0.09210962275723618	-0.04070539021182689	0.1924242165251431	-0.0788111426444856	0.05745617583510538	
-0.10438265932465787	0.049017857509160795	-0.054387857968610405	-0.09102195432220324	-0.0512476152560943	
-0.12741478887327506	0.06672904001308727	-0.08941559603115425	-0.0986638603157505	-0.03759135540594981	
0.08103017533826021	-0.07109060037121472	0.07468891174796118	-0.013371774936773051	0.04992976294714121	
0.11636667085190137	0.061978433833268884	-0.0833596284280277	0.05009804759479706	0.021805087431173917	
0.0016416496748567295	-0.006906362760074003	-0.1394348510934233	-0.05992207681857835	-0.0937525188516794	
-0.15041074524844067	0.08460735484149329	-0.028080873530779	0.07055173757838581	-0.025756053141116918	
-0.06873654073896435	0.10788573858681395	-0.07779923060891472	0.08662051649646645	-0.03448737177952915	
-0.06650372230298425	-0.10464735386518206	-0.11330598749567565	-0.1038501580430239	-0.005382083956218719	
-0.12934861329281366	-0.04876771989948605	-0.01283120535018375	0.0032392664128194017	-0.002657881078962597	
0.007839932124987035	-0.01113061168682642	0.00011726594336439238	-0.0004963055496088681	0.06490879882131959	
0.05383580601861351	0.047603154091483406	-0.038637803195434785	0.04254198626188578	0.001016434662446569	
-0.10588806591617576	-0.013608961000882928	-0.11054390447873456	-0.0651573343297167	-0.04480718350207026	
0.017446342756237614	0.07426763479440081	0.017438275538544525	-0.06086237257639039	-0.11888061414881336	
-0.11389604013688277	0.03367607505347794	0.023138753989473244	0.09844109283208771	0.0014802550620873467	
0.009941426260964326	0.11236653188685344	-0.06313173644071883	-0.031149745331001382	-0.09581596332577795	
-0.15406015130625253	0.09853356220783158	-0.1498701471228665	-0.032110940972579584	0.0003438457141519804	
-0.07700814366512017	0.05072098456689706	-0.049007819169499214	-0.02480886643060356	-0.0764746226885337	
0.24419177163318867	-0.10892402558758152	0.14222839413784338	-0.021207328838153492	0.21584205847678253	
-0.10646769904025759	0.06694750913439247	0.04303323044756551	-0.08241019955796294	-0.012882357122232057	
-0.06171368836372882	0.09630706438933184	-0.04483305559437324	0.051568863980275964	-0.04607053651456995	
-0.07321118733803697	-0.025343241900202325	-0.17603140752257337	0.017885675635208934	-0.1391301811191799	
-0.11074467372311128	0.11056245954922188	-0.0969163577837338	-0.044669949854134854	-0.1431703556195124	
0.035471843200847876	0.10372203723544512	0.00934970035827702	0.09603727529626525	-0.09572858214506855	
-0.10537337773673243	-0.0309065498286282	-0.0684128237315696	-0.048722818303168644	-0.0018275708298680184	
0.05714590618509088	0.025401386202286234	-0.008864950430767836	0.02697315014891491	0.004336006072276945	
0.06009828886960374	-0.03266731046572705	-0.07724453996879327	-0.04505809537912868	0.0642454831112997	
0.018722928729418636	-0.007582597906968316	-0.05228941006580373	0.015273539331242427	0.11098467100922746	
0.1649755083179168	-0.033380096986822975	0.17253756527822192	0.06065121569984084	0.10296726058068278	
-0.022829883057865687	-0.10823594884779088	-0.014080272856809937	-0.02262552025819085	0.024818486455654057	
0.08751720240159896	-0.06369443081377693	0.08333561034744419	0.056444396621959464	0.04955124435633843	
0.02421362209779637	0.033139033805275026	-0.013837169414798482	-0.09175918941117367	-0.04077826984618302	
-0.09900762186283969	0.0949608412361734	-0.11293242169311049	0.024713197106830335	-0.1694564616785148	
-0.13090263168296964	0.06030631658927219	-0.06574338106345921	0.09014586633296266	-0.07674791627300254	
-0.016810253639311785	-0.04276492458123756	0.09420526041409383	-0.047572661818285414	-0.05346397457791608	
0.05306003190804852	-0.041102469970487235	0.10853364997901734	0.040914705887650664	0.001778495734216386	
-0.11741281681718194	-0.0038190859012866697	0.057638683283065616	-0.11401521145431476	0.020147340122779932	
-0.043983527736816054	0.010009230596721696	0.002667740997448345	0.04015697325574782	-0.15859003820421586	
-0.20964384513190415	0.17228297953344085	-0.14162391394276924	0.08291579980947555	-0.16950642628992013	
0.04013611879029362	-0.035281194512797535	0.013627697303356633	0.05556936846174454	-0.01079981913577401	
0.06056078930766491	-0.045895411168212004	0.025437167267137715	-0.030146536516598203	0.042224945820393135	
-0.05640701092706042	0.06451154536200318	-0.06988229905150976	-0.056399431716676746	0.011398132438660863	
-0.10689528880247183	0.07497159288499129	-0.018356202115224856	-0.036417339181511445	-0.11851713790671443	
-0.10309714552367512	-0.04780746164404858	-0.0719719834054214	-0.09106272199730031	-0.11085775673936152	
0.018314585560802742	0.06511756248106158	-0.09219379569628935	-0.046176408897186876	-0.07057605277532701	
0.06240469487028726	0.049041065947622614	-0.006229620144575494	-0.037132517960091815	0.04308002418651886	
-0.02768640006479157	0.08726109077772262	0.03834575384060479	-0.00791462051889188	-0.08066457831700992	
0.10757658386624809	-0.08499220977318948	-0.03192947474899105	-0.02236524434520722	-3.3588204529175095e-05	
-0.04214033175341984	0.021511114961641254	-0.0362568356298164	0.018302224955210524	0.08116374001183217	
-0.08996837943076637	0.036675010003410315	0.02362352205609219	0.037032248684275855	-0.027445664022448725	
-0.02442865261822853	0.038038047012045995	0.12026468476375188	-0.018566201392975303	0.07997961230613183	
-0.02619728856864992	0.020726329059373706	-0.009889888320028887	-0.038098428606585084	0.014190436380684934	
-0.06344943264872614	0.07680028383181577	-0.017976677353281987	-0.0030080950030493933	0.011720585430827131	
-0.08979142735375364	-0.07536544638516082	-0.10968534660296392	-0.007827860218244572	-0.07431041336136818	
-0.06396507525948544	-0.0682061690178239	0.0010817927288074647	-0.07223563862914366	0.0383029685507065	
-0.07134144886489127	0.011252860638831588	-0.09219519326526923	0.05788996026428928	-0.0696381538440384	
0.018732933202554307	0.03443306688947892	-0.08100893611735596	0.0033529151052314097	-0.0697660488073504	
-0.058034369028463095	0.12229387055079446	-0.20622224346371618	0.09596849770127948	-0.20778394103991965	
0.10491562460542096	-0.01801832677291139	0.013805993341202678	0.04449913271192951	0.0894802011973226	
0.06276289975385009	-0.021690923083581566	-0.12124620519810853	0.09631226961735019	0.03952240365351482	
0.013019812790737073	0.0176484682876048	0.020775896087179176	0.06291319040117328	-0.05523519282383517	
-0.12598717225303668	0.14765426783575086	-0.18087985942423881	0.02789816352461554	-0.15083734978302307	
-0.1492856717261108	0.08711235063471422	0.01464978402740691	-0.05468909609084003	-0.13108218761236887	
-0.0565808654841375	-0.06714488301630799	0.07921577363992097	-0.005419767846399989	-0.048173196594041186	
-0.0529714389683104	-0.05781118836325398	0.04659357247477888	-0.03891873446390277	0.011409980437581272	
0.014662466520771019	0.02404252992182067	0.025641906301280885	-0.043343051692374075	0.06340614003393615	
-0.0245741233652576	-0.03233165662541625	0.003041852186912425	0.01946932605727544	0.11228796969733842	
0.10604562535405064	-0.009430653750132677	0.11586223939012567	0.011133130678431795	0.04271257115026482	
-0.015801993321600177	0.07371433023997766	0.011214199373496261	0.04621192542887404	-0.009900148027247606	
0.03777181365609841	0.039652017228318584	-0.030339713085835933	0.008315463081678558	0.11155205244977626	
0.02719626309158651	-0.08644019504281758	0.10696055518444164	-0.053092663775495534	0.05998820623113605	
0.10659858820773165	0.04774275991678726	0.07095116814083842	0.058038947326631236	-0.015424720249028565	
0.038837709508989515	-0.05491542479891615	-0.08829892794549792	0.10504653449272472	-0.13662855038416222	
-0.02681932401092567	0.10342476517245416	-0.09175605241666006	-0.049390430587597296	-0.03762956614360478	
-0.19739038949417442	0.04362655578616663	-0.1103795343506952	0.12403509055919054	-0.1980065158734879	
0.05718316019172039	-0.03744608011291587	0.050612286045281896	-0.023030627644369354	-0.016911513773014464	
-0.19642394838972407	0.16807734127932625	-0.17190849969746236	-0.05321860970157525	-0.21005371030365297	
-0.1536461671921119	0.06460395248980319	-0.06109740331298362	0.06295686332714384	-0.04523656143331912	
0.02387427134864905	0.0401244074350643	0.030401075690512248	-0.012216730961264443	-0.0064952304437213395	
-0.051411045828256466	-0.04022814433016625	-0.03968731472238228	-0.014712982558538031	-0.029818362639773673	
-0.0655826584116139	0.12024850448887321	-0.06740530348536984	0.10667195526175087	-0.009650487414531598	
-0.0543062146095385	0.06849386800364815	-0.032335325096756115	-0.04900335902435707	0.02253411513657331	
0.009339612740316952	-0.06901560849011831	-0.012546708852192952	0.01797870380299442	-0.018002907081668712	
-0.004072552674253732	-0.0277142044133192	-0.04170674969241368	-0.009684082592787704	0.0005993901496834812	
0.10771477703693215	-0.09092952466223768	0.04127840744352354	0.06693729944937794	0.020364048754523325	
0.1999458959276147	-0.12372746559314081	0.1265026432671377	0.00917883153019026	0.05256032078921586	
-0.043932553059205584	-0.06741220555097004	0.13331841036221015	-0.04748414461152308	0.10785615825512351	
-0.006824229301965394	-0.08374442066734918	-0.02952891664853911	0.023126716253067066	0.09087111489655522	
0.006863514563638131	-0.04631589483351414	-0.0010378468701794387	-0.05400945619102997	-0.050030887242023064	
0.10476678130602647	-0.11746824541424372	0.03321101945862349	-0.012887672898275335	0.16437532633553817	
0.08686161110059543	-0.024534944789958678	-0.013043236642886768	-0.08932760461215868	0.05796174241938018	
0.08225559191456626	-0.09009733866226408	-0.011663533114266749	-0.022179228522931135	0.0007389507748888999	
0.041802046872395096	-0.11000178307726183	0.058772102370975306	0.04725159951480431	0.15550649645705078	
-0.08366522618054986	0.06945226576624434	-0.13244114178435948	0.011713931028219073	-0.09304583291501893	
0.06634610680554487	0.047652328745532053	0.017553117007243522	-0.09175781721703416	-0.019928781255321493	
0.21317286983164743	0.012110960674623965	0.1329526243293802	-0.09861069817004614	0.14246212126873425	
0.05534271746442974	-0.03748213857246126	0.03823080270492188	-0.009088292396666291	0.11174619484568885	
-0.12683795413554322	0.12028485870662091	-0.07638528815820277	-0.02663432728642053	-0.08556301790400775	
-0.08148740947610139	-0.08452501704331719	-0.017636231506472526	-0.08475948420431334	0.03176628553999022	
-0.04193066363805875	-0.08690860797379328	-0.048697301534851314	0.025658114190877383	0.07701457841119565	
-0.008613403419507644	-0.07830685049379144	0.0581045230021326	-0.04150334932512565	0.07275379912307821	
-0.0978547027575178	0.05217443794779186	-0.18253633968182306	0.06024616607550876	-0.13050528299864714	
0.02835935102757021	-0.05574580076319661	0.07169563416644677	-0.0034847495739214044	0.16627911065467949	
-0.05145470255368885	0.07591098490456112	-0.010139516950871268	0.07857490350390618	-0.039775955845001244	
-0.002003083301067665	0.08330117794596784	-0.025110298882235593	0.08836781633697523	0.0679285124872129	
-1.1019928828556245	0.6530455241519012	-1.0036821616832579	0.35742822725529283	-1.057752472561347	
0.2748069767866084	
