TESTRUNID EPOCH: 91 L_PCC: 0.8020239670117605 L_ERR: 0.013250807437474489 T_PCC: 0.5909596456123156 T_ERR: 0.024182961677688228
180 LAYER: 1
5 LAYER: 2
1 LAYER: 3
91 :ILEARN
0.04611263287654595	0.031250724950813456	-0.06903315590953384	-0.032769073426522986	-0.006336135148685815	
-0.15729302682203397	-0.0004987480129185868	-0.10532785296447	0.03476058014137898	-0.10221475902914634	
0.059078873318697864	0.0025275766217383875	-0.021710003604808494	0.06864139210096074	0.004261333349461417	
0.10990693774606865	-0.043895618618980524	0.029884606134822245	-0.06873983015547218	0.022947595144666863	
0.02751290462132974	0.10712629428938239	-0.07052982229196442	0.05824330526893213	0.021586959603277146	
0.09499674253155103	-0.07661462269951909	-0.10104135932529121	-0.05163710280715631	0.08949159674640092	
-0.12816220109575918	0.030272869117072203	0.02236075919197354	0.04644915680362349	-0.02523428281984148	
0.1270219857571102	-0.048950777792381876	0.17668212485801707	-0.13986345023787558	0.2219098328419223	
0.0966704503449462	-0.00602297568638481	-0.003305125139452789	0.01106841310974108	-0.10091718591136087	
-0.06978998013714187	0.10551002568257913	-0.0779470133305545	-0.03367565388261152	-0.13241216051599722	
-0.19468785242502518	0.0625864255921966	-0.10888004434918666	-0.039191031303237846	-0.1177151143764212	
-0.13739764305142602	0.0750326733640049	-0.14099966171614525	0.07392366137244491	-0.02724846451053185	
-0.10419543669395942	-0.02906080718011644	0.041272910799930035	-0.03721533677005846	-0.11832168182413152	
-0.15774637499746222	0.08481369514832744	-0.06276747265108035	0.09712120018228834	-0.1950851869493545	
0.10635754486703172	-0.08663208511993421	-0.10679345836657644	0.06382627642435333	0.017547852054967877	
-0.05115239105728094	0.10007194453636047	-0.05667328225937993	0.09181472326981753	0.041040208203347035	
-0.011984206596575014	0.08684343029239683	-0.04490695494389607	0.03377421588910553	-0.1563496864983692	
-0.018594504556774083	0.03226698658657229	0.03347887530212641	0.05463213919677165	-0.11141733369636578	
-0.23448814168687462	0.1631831285139884	-0.09191657156027706	0.04659172562556859	-0.22343606119032014	
-0.11024565593122658	0.11685034521917712	-0.03456938972190873	-0.07603412031430574	-0.039695387356789215	
-0.04503654291880551	0.008658134073497165	0.060908834789246434	-0.013166776964049776	0.06835520421364046	
-0.011254082607669521	-0.07290354926285116	0.05593148683069662	0.06485295819922247	0.0694896098123277	
-0.06668550128799235	-0.07367775238245979	0.0785340018651814	0.0491110808839469	-0.08362092786768997	
0.06535557059049611	0.036371152407158026	0.08941521374522651	0.044745062296735846	-0.05631681891484151	
-0.07845377648023767	-0.11190220920863128	-0.08451316890746628	-0.06025943129654055	0.07861826510477125	
0.09179486403964213	-0.04405909253421748	0.14437257222862412	-0.09405546165972195	0.07428736539664323	
0.05092631946423467	0.067571454745418	0.04122282503137337	-0.10477957465334993	0.10434626718288441	
-0.08637820588181638	0.07061216484167888	-0.061945131704130754	0.092443770323051	0.0026054820356220055	
-0.13573532614187767	0.02080007467409814	-0.21460534309770873	-0.02345757334253757	-0.24348200439614084	
-0.06315075524736338	-0.061147309957677	0.05242496868495114	0.006221292732545965	-0.0957701139018405	
-0.044624373032745066	0.06893392248451224	0.05005682137350916	-0.07883306254521938	-0.017078467231555358	
0.08445387368774386	-0.08417033452137432	0.04443371905507628	0.09277697143995654	0.12016418134549298	
-0.06339397454146105	0.008134122920638667	0.014063849838754179	0.0800376875799536	-0.08845733318692188	
-0.34627831205937526	0.05628241013674992	-0.19777871885575127	0.07624756804050221	-0.2846025447049083	
-0.03382634808296691	0.08799003035667796	0.010511612048251509	-0.018841345467008323	0.00770918171967525	
0.08796229328411773	0.009073695877424362	-0.016872610301173995	-0.09585732178948779	0.027125657588142848	
0.10410875012856871	-0.10153709838043795	0.11470448024773629	-0.10871430175178763	0.042004975442386835	
-0.10730251639477473	0.020932869236043823	-0.1328386997257812	0.07656071615476248	-0.13653423162131628	
-0.5408487363735195	0.21659919285596627	-0.3640308087672896	0.23226043662069032	-0.466414685570233	
0.09709081737729476	-0.0973052567647629	-0.05057082626607587	0.025929442180449142	0.08944784446276677	
-0.0026274094125023286	0.10156679273051067	-0.023875709564014972	0.11388564783339923	-0.10017372742288344	
0.01806156474288525	-0.004140243683416494	0.026379544216386278	0.06198606836156655	0.12664847265589996	
0.06329273913793457	0.05843714082681393	-0.019546609717712632	-0.09025866740280257	0.026046329019807555	
0.12929594229064373	-0.1607439536686591	0.17533664069345317	0.029607551746453627	0.06611622327396373	
0.014624560561910182	-0.057060335498141365	-0.036889689260769555	0.05987824267545434	0.03332918429005352	
0.07922869834746941	0.030656291050642343	0.05650068228559479	0.08805270667507611	0.09047106266280298	
0.02167639615280878	-0.022390233244789212	0.08550150619108308	-0.05549012077581597	0.06765264459674034	
0.12921501288919549	-0.13237014639707628	0.05671551856053601	-0.030951524544834682	0.15486834104506764	
-0.17078914339978513	0.13211633267888181	-0.0877167500136463	-0.00771485413026723	-0.11610967360211895	
-0.08086743657747633	-0.03226726230470086	-0.07058036773223827	0.0620420285326236	-0.045127576608964715	
-0.1448005674102766	0.10551179385515429	-0.02293247159589686	0.07896503014477403	-0.04029290914685696	
0.022430597742667396	0.048688518713773526	-0.021655397964010233	-0.014655813293338784	-0.010101971900441778	
-0.05388234111108708	0.12511996191256453	-0.0089480444958868	0.06376617959817155	-0.048179755099336044	
-0.04616234114299301	-0.03334195932373403	0.039657834851259045	-0.08171617052152838	-0.06397458856168466	
-0.20320960333727242	0.08337244625999157	-0.18509582476006062	0.11233472427164194	-0.12583362372514648	
0.03302404056241886	-0.034487123656205536	-0.04891429432237193	0.004099074153676606	0.07052965683598826	
0.09626394296996657	0.08225789803077997	0.036318489404401584	-0.038913245765096034	-0.014010094788507064	
0.0034661904490479872	0.006907190115600022	0.01060628620396992	0.02577472516783213	-0.04471112964546824	
-0.0030579293538363834	0.016245418343394807	0.043499259500736104	-0.031010187743340106	-0.05646074578023991	
-0.16999743084046742	0.02880355231945379	-0.13521168618464646	0.12659043343897597	-0.1569017206637831	
0.10203634366729508	0.05588542197411388	0.05311167003225558	0.007768375503372891	0.0016382002315876844	
-0.0235306026275783	0.014348234121595282	-0.10187407161123724	0.05564213757026369	-0.07356446263974012	
0.1098726210741334	0.1076921564044227	-0.08089707426408746	-0.0389195379154606	-0.030142474855704066	
0.14661053527431744	-0.0006910981688688153	0.01785658833236091	-0.0595774700333514	0.21602555820212543	
-0.05399902621559679	0.04453779338915719	-0.08808429960552981	-0.05683956708126609	-0.02852014897797758	
0.11638814988176843	-0.08495120179663747	0.06522812444847215	0.006013029891557932	0.13802740727438267	
0.016569473190169454	0.046065553923463176	-0.028987378852011095	0.009524148248247303	0.12645467468201627	
-0.04392521396471428	-0.05606205262331289	0.09416157071907981	0.06794398876126057	0.07275011308731029	
0.04219572931464868	0.1322279558795486	0.014901689700543005	0.08557847130089775	-0.09969920055350061	
-0.02220143542654553	0.017523780603257384	-0.003930249558378308	0.04735185112847992	-0.15292353411982293	
0.0048649778059813445	-0.001797017930240626	-0.04954659249338089	-0.08258727482734268	-0.029810205809756914	
-0.004460469261437288	0.10763955298699276	-0.03987467034730688	0.10113913014390621	0.10386937347183697	
0.013380973730203695	-0.1431487397103847	0.1303013507876799	-0.04736302944427603	0.1475223998240614	
-0.12882024894363517	0.11249084931105811	-0.05383347142826918	-0.00968198563904673	-0.24487704935054497	
-0.029220150215614013	-0.058618708176677234	-0.08751125250956653	0.07002539150437229	-0.15193676041896523	
0.03953829855123251	0.0513753543299264	0.066811530662286	0.03829678567481526	0.034433391052639595	
0.006254725043395401	-0.0019644719563436546	0.1048587503768624	-0.05997760795971606	-0.014755454176113606	
-0.09674339838493855	0.055657179019402904	-0.04060038216208678	-0.086387613656315	-0.07009438177628957	
-0.171683227724335	0.09741037690816177	-0.1130090704351997	-0.0807711481337571	-0.09902368563093869	
0.020330450600694338	-0.03902649436111237	0.01916948095844688	-0.0007748559339041017	-0.037335007887345714	
0.1257294680772491	0.0639888716277055	-0.08925970301355746	0.054395724622310904	0.028198453456077424	
0.07359702090166358	-0.05028701378936561	-0.07393430060671989	-0.07064030359821571	-0.046095248241562775	
-0.15312148672026873	0.09844885637485852	-0.03815768641261562	0.09777025812201424	-0.056061347944119024	
-0.05384783160927086	0.10704458140984571	-0.06938733887085874	0.10263523087143854	-0.04418535383499729	
-0.16503292935607605	-0.04117384748940755	-0.19562060752528876	-0.06772159178247363	-0.0757839690611645	
-0.031074212908805264	-0.10505977289766276	0.059533806236939935	-0.020392506265860505	0.07879242962627633	
0.06717781024134238	-0.05121611224410545	0.04671771098564856	-0.025345892630589388	0.11842567611315853	
-0.01298268795600667	0.09002267617697172	-0.10938906281505156	0.06418753322074736	-0.07793265706653114	
-0.0636239291680805	-0.044983065654033316	-0.05638790896175496	-0.06736475020780636	-0.04678084217539839	
0.033440928377193695	0.08309629664818116	0.034405438081013484	-0.04073057262801966	-0.10471684040802152	
-0.10880450289846848	0.026684608599702002	0.053872896025031716	0.09895104767842758	-0.0021145662817290706	
0.09327844246771919	0.061229833869018625	-0.000716940592239591	-0.05572554153357668	-0.030212669129536605	
-0.12845371273299533	0.08695255747019025	-0.11495026779307665	-0.027789896602369402	0.0116552671928059	
-0.06246307555666119	0.023082388261426633	0.010387979301991711	-0.056262792007251206	-0.062234209045668454	
0.24809730899035093	-0.10006048772341673	0.10215066617057975	-0.03638550578108603	0.21656399582345429	
-0.12430010975808291	0.086847805572038	0.010961892235919755	-0.05603146890987476	-0.05042167856420105	
-0.12325887875651	0.14320606414182266	-0.10268573060051772	0.10327205110481813	-0.128513119023544	
-0.052690132994546356	-0.03426464128572712	-0.12704808017877228	0.023730142240580208	-0.13949225260071715	
-0.06929274452179769	0.08032471374869819	-0.03166368985942532	-0.05492855666152162	-0.1176655262270613	
0.03124676186288871	0.12925704565202148	-0.000817960003083719	0.13068181182874786	-0.0981630561888733	
-0.053854037534707834	-0.0417123552161868	-0.03727729401327069	-0.046881938422199995	0.047470467536857665	
0.1012138453374438	0.0032832797031536846	0.012599532757482311	0.002842317191259406	0.07572327059273548	
0.08324568288454172	-0.021045070483733438	-0.09311813258200015	-0.027453705091415637	0.11000318809873125	
0.021180192544783333	0.006170231164252142	-0.07222772171531612	0.02699039240312232	0.12198064051947431	
0.12492496767244901	-0.00487331684584816	0.12170741544042109	0.07411068121817313	0.07860771612541455	
-0.06808229081178611	-0.08503432166033938	-0.08407970382833851	-0.01096887710685533	0.002072751922369951	
0.07479196756479808	-0.04664822543085375	0.05889598831939902	0.06866147820705948	0.04129996767912459	
0.023883640959479518	0.05716367883320372	-0.03586378496086898	-0.05836978902088624	-0.03685503238188979	
-0.12151567202045191	0.12872266575035282	-0.13174786290777418	0.08486244401253283	-0.22737948526448304	
-0.12951189429917737	0.045601358608680025	-0.03713945217328841	0.0741116913722938	-0.1056324847505858	
-0.047348043369051684	-0.0597899565480716	0.10501892780698188	-0.08693215279783857	-0.11417131181819896	
0.10160731363021722	-0.060840025720930994	0.12278336823896882	0.017445291995256976	0.08028820584903888	
-0.13837675474680522	-0.011639350783428365	0.0629004412475415	-0.12925826872667825	-0.026684500360102555	
-0.10135443553743032	0.028803860704359217	-0.00946671040092633	0.058592085102703535	-0.25351374142669814	
-0.14163442755766878	0.1620732797531076	-0.07259561734950935	0.1128793488832016	-0.1304860986080081	
0.060637457037119744	-0.02431874044381027	0.002833565882838574	0.0738861721594878	0.033993432084307384	
0.06331441441825307	-0.03625612984309061	0.017899398164438102	-0.01753951383064795	0.052808458608559886	
-0.12457485276306854	0.09802003768607186	-0.11751464890295668	-0.02628829764901378	-0.08125934870466146	
-0.19446884996765018	0.11834835342637352	-0.07394399136423044	0.012048683248684041	-0.23839017207550547	
-0.10610202385943497	-0.05019732550411391	-0.05318445839248692	-0.09184137894316582	-0.14144921501458269	
0.11037639620593943	0.019199814921789415	-0.016540250916010652	-0.07562497005023357	0.020858357450374336	
0.17403492284105518	-0.0035888080870962514	0.09160861831086525	-0.07225032536156073	0.17185995778568633	
-0.07334310454080467	0.1423939757627834	-0.019417706320163413	0.04319579370134924	-0.11385519006663361	
0.08515502358756233	-0.05533488367188324	-0.06435521653778034	-0.0008645703941576952	-0.008103899436014196	
0.057293221889015665	-0.023879995174946662	0.038208924827965236	-0.023079747523293892	0.16210280473292224	
0.005156301675835002	-0.008271573826598032	0.10069910928385128	0.010877267004096837	0.09300728501517115	
0.009026732267801851	0.02460649165090523	0.13481029647825285	-0.030931959397145013	0.12847497174442424	
-0.04860561956726392	0.05190687288588008	-0.03443742306414965	-0.015531095290022974	0.01089226172222998	
-0.09556949199520563	0.09401793964352721	-0.037440654690622126	0.008725978141126182	-0.008118317147411338	
-0.0474094526780667	-0.11225848785916337	-0.06289419267451558	-0.03623397193881227	-0.059049212812571986	
-0.015254411434841648	-0.11374889542823113	0.061103107373076504	-0.09761371856293727	0.05358543696692593	
0.08196124651369117	-0.06214513219533766	0.028629964498178194	0.004644286394786653	0.11543671175280655	
0.0755272345040236	-0.010080725266986433	-0.026834068036443934	-0.02975528808564447	-0.016563864902621534	
-0.08555527515425997	0.1208579083860701	-0.19030706150270407	0.11277579398384911	-0.2842921693105009	
-0.12202961751840555	0.11948496221994975	-0.20525662354213903	0.14404395219826843	-0.1437019167240724	
0.13157395938481667	-0.03868319247574198	-0.06861985629965371	0.09389958885688708	0.11349849860593439	
0.059956405072746924	0.0005791690245361382	0.05451827975383136	0.05920394468533228	-0.015163287990732185	
-0.07269507236844323	0.11342051430774984	-0.09756590658203848	0.022243006927646553	-0.1132864509648935	
-0.11941679867037529	0.044242790275472794	0.08245360829094815	-0.09290136427261148	-0.10270840439709261	
0.004834000399473306	-0.1146091269365579	0.14074507911934966	-0.047600775944783555	-0.008937550364763234	
-0.013075082291309539	-0.07478034159512711	0.07605525990589712	-0.05729853719554013	0.052803207063902596	
0.07129793060246166	-0.02192347981504745	0.08395985684696834	-0.08992522437546446	0.11140203450967331	
-0.09398387457478065	0.012475268159884026	-0.05287898232761576	0.04240881785216507	0.027299374037880016	
0.03171884961083839	0.03490029255067389	0.04466640225405928	0.02315256278160532	-0.04178214392366551	
-0.07815905576993842	0.11961762500337868	-0.05222149257721204	0.08551897136796499	-0.09063939500849565	
0.05363757282544541	0.02013863611288512	-0.01744971302379105	-0.018131514415905093	0.12552371126739936	
-0.026954657983569972	-0.05129530011189279	0.0617632248388884	-0.033371271127336594	-0.005810659701854654	
0.09268292953084104	0.06903808697303772	0.039204711171321883	0.06621237968320626	-0.005689679305260222	
-0.025579663833858825	-0.024538119775565557	-0.13775792466921005	0.13086418099040156	-0.2418305426859155	
0.08715892657193369	0.04314282733282738	0.01701303057476386	-0.08153942631357684	0.07629324990743665	
-0.12441853343743342	0.008317343845090492	-0.024087761430426017	0.1417658925709087	-0.1444417414157252	
0.1604405147117088	-0.11312120994175327	0.15736462155970848	-0.08831898267168083	0.08543176555333787	
-0.10538121110433302	0.11929397517236602	-0.07816503808922964	-0.06389878866630974	-0.1259181041737346	
-0.28948546910232104	0.1395695170699211	-0.17610624896889757	0.13014329934472235	-0.20827381214966054	
0.07667340633010072	0.023769837521497406	0.08031982259517563	-0.024468257862919004	0.04563232910900547	
-0.0810845276773994	-0.02464673941240409	-0.061634592990057024	-0.011710596179308424	-0.07947040884985733	
-0.05147002110345918	0.11834656629110725	-0.04803815724242168	0.10920265989723077	-0.01590199100037937	
-0.06535854045419101	0.06719401053681229	-0.036460730449743954	-0.04483302088697141	0.0010084549722877115	
-0.026324615889013303	-0.0739065865142338	-0.04647123357264584	0.0006611486417598326	-0.0617557375850894	
0.10558993125270326	-0.08423214492181469	0.05759117569330419	-0.04451735433058784	0.10882371474827912	
0.1546288614386117	-0.11480643891322359	0.07745857697983567	0.0435454621128051	0.06696105068936249	
0.19275280131220643	-0.11226601072278848	0.10830411012962807	-0.0020064709208998917	0.05266798792628562	
-0.04372816465064296	-0.06323749711280899	0.13081148376886031	-0.05413640344923154	0.09782587932729972	
-0.003568750472124567	-0.07662071185023471	-0.03341698921952182	0.01921864051728137	0.08857475263645599	
0.014940890288009979	-0.04191217119421651	0.00797055715617279	-0.045369793066453466	-0.054381986950142805	
0.11244626465474584	-0.12427663502106889	0.029229945528336066	-0.04223490881372474	0.189956594878563	
0.10118131484105337	-0.02449126304545828	-0.007312710822083293	-0.10029771468077718	0.07264084240832189	
0.11606278555332583	-0.10085715170665761	0.017861756691684785	-0.030976730600288466	0.021047305080446554	
0.03949443424269126	-0.10489502443285746	0.0415247041421327	0.028400424676189476	0.15368726308263334	
-0.1338741508805815	0.08822302144719181	-0.164835776723048	0.03636639884120317	-0.15026787576965966	
0.056112350347033095	0.04849001387630144	0.004887458776059064	-0.09329376875937409	0.0008092789503925563	
0.1983658405234098	0.026355266903460378	0.11089885621497104	-0.10625200715988935	0.1345127619422358	
0.04714040475657088	-0.04985192119475082	0.032812502932764255	-0.033405720778033506	0.12815555261224934	
-0.13924650739587757	0.1372927157747542	-0.07582403811574988	0.015366780220149907	-0.13616171078182757	
-0.07475781673907121	-0.08091088339870953	-0.010256536870189235	-0.08252308794600088	0.02187984437616411	
-0.02022883072343539	-0.09166647367005816	-0.03607870044145089	0.013539444287506175	0.09518490203447016	
-0.0032303068108838796	-0.0777411784476341	0.06070690976804111	-0.04370228948523017	0.07920729080549864	
-0.046627597130605256	0.016023358539549858	-0.11772926051840683	0.05292314663938384	-0.10120517773657299	
0.0052048006667302854	-0.047464283513373326	0.034672629740413255	-0.016617771924048824	0.1382501411518593	
-0.08915662099172016	0.08900897916108882	-0.03761352056024298	0.09175319894545797	-0.07977013579663136	
-0.006769270757136153	0.07270776738894356	-0.03704370143046626	0.07027080165832401	0.09081006754643609	
-1.1785462550401617	0.7506780211597814	-0.8832399147489726	0.6370168684533176	-1.2995345874297473	
0.22605002549720907	
