TESTRUNID EPOCH: 58 L_PCC: 0.7578896255174099 L_ERR: 0.016468580299933346 T_PCC: 0.5248019995726521 T_ERR: 0.026880916407257573
180 LAYER: 1
5 LAYER: 2
1 LAYER: 3
58 :ILEARN
0.049038175164334834	-0.0008149357999068206	-0.03797792073298993	-0.025449986662092174	0.006023825305766534	
-0.16813451241503488	0.0016809846573075592	-0.10886125479324567	-0.033556471535353884	-0.10538480226380531	
-0.03037695923402788	0.03690476658237158	-0.0717996477975655	0.077555812733738	-0.09477924755849615	
0.018896069082779948	-0.01966712172677799	-0.001891531097058903	-0.06621848992259499	-0.07565416172559557	
0.10441057408403781	0.049217798014616655	0.01163469845353451	0.05173591706675052	0.1281544025288213	
0.1290297120585946	-0.11219140628487757	-0.04925666562583058	-0.05341170515882358	0.1304310617270396	
-0.05550712369667738	-0.03351542484308261	0.1146982364530498	0.01690025500926135	0.05973108667688074	
0.08724869386200593	-0.05927884218049097	0.17629139073986858	-0.06524054503046156	0.19127267436465037	
0.13490905891628202	0.0009956450436494546	-0.0005341668447694122	0.07703244920401518	-0.04193946011911203	
-0.11447104911596476	0.14135367901281914	-0.13651907443699715	-0.06321104089827603	-0.1856480656019529	
-0.1963262768203004	0.09356232108499371	-0.15009843071026946	-0.06557180712373019	-0.10824674833417719	
-0.12754551508553533	0.05489645949326818	-0.10794021266201603	0.009880638523024671	-0.016335960707519276	
-0.09922227980312992	-0.008975535992182855	0.0162809686286932	-0.022063648806723648	-0.10634822064579937	
-0.0733085264330088	0.06496001213464254	-0.06258658439124701	0.08190668431756537	-0.07783988174372539	
0.09378984607359875	-0.09082170406205095	-0.05776675256654027	0.07245655598193466	-0.016886462114035584	
-0.1007106970524168	0.10142325566795315	-0.061833884845486305	0.04641894291494961	0.002448802657425438	
-0.031292394666056864	0.08822826361776363	-0.04446695011933305	-0.04910193754803356	-0.16613632020809846	
0.09589496653767986	-0.04280774253466664	0.11050008299023789	0.045853698440380376	0.03532634993925488	
-0.1304262238793127	0.10736082055219569	-0.05113352187776795	0.014267492978940118	-0.08415821266957321	
-0.15325649370862007	0.1384536892811768	-0.07596592949324939	-0.11954205272143908	-0.08838881648711965	
0.0037273320208948356	-0.029729912863489246	0.11615998578092913	-0.011708089601601999	0.12648082345061837	
0.01607050065611016	-0.09670481089019489	0.08267270913499764	0.04368491650297204	0.09504218736677851	
-0.048677537331747504	-0.09619184436215193	0.10697014127547416	0.053172753370055774	-0.06320776176930569	
0.07941348761757029	0.013215385262775877	0.11754518672558965	0.06208852467701476	-0.03908835474390718	
-0.04192382703919262	-0.14797082295253408	-0.043425555242023045	-0.029377997389464824	0.1248707320895334	
0.046173282126555804	-0.01995368805398071	0.11004045232455634	-0.061372560420681746	0.017271817946210726	
0.050427566806141064	0.06067619182622967	0.04707940965644806	-0.08072084811430491	0.10248812251344586	
-0.07979633002771602	0.05906207096354403	-0.041379082829612425	0.08016143823143425	0.02036362203986739	
-0.10524118774325517	0.012757405487508333	-0.19312351654034393	-0.09923301056715804	-0.2184245946233781	
-0.027789692731326653	-0.09337436158041185	0.08714273090560803	0.023737289850620753	-0.05076495809018539	
-0.011483033247010912	0.04127356830538006	0.07689561560113269	-0.04512880035585774	0.02378596150294651	
0.08138271478068321	-0.09366477932956567	0.05221743134356347	0.1102911526782291	0.11441879268646372	
-0.029186936649602813	-0.013840060739091819	0.04088309638717316	0.06824329049234336	-0.04414945935882795	
-0.2688657315278007	0.045149752257596105	-0.1691957053327621	-0.026546642151416347	-0.20160282187902168	
-0.007689043097392237	0.060906481248113924	0.04832176390786888	-0.0054243825626535385	0.04383965114935132	
0.12551470283606428	-0.027523582575843236	0.026951999241187706	-0.061589069775518784	0.0652054347390335	
0.15606837124129933	-0.15219594307721626	0.17035711582048083	-0.054300882471460976	0.09696131710390044	
-0.3103780882564697	0.18353352873793585	-0.31315810739892963	-0.08005617395242975	-0.3284287476591929	
-0.4214508912019579	0.19629971980451055	-0.2974658296401398	-0.036776884930068685	-0.34140757713409137	
0.13433483251324657	-0.13357089055752736	-0.00995982161300097	0.03584244899625933	0.13598851642911675	
-0.00687654959335059	0.07637727966297901	-0.004299949030022731	0.01020611155925483	-0.1195606625032706	
0.01879402639228013	-0.01808030371790098	0.03859200108614588	0.10210093449560348	0.10905019389361532	
0.04677048235783135	0.0393277634697912	-0.0021552777662647857	-0.05423198898700613	0.010595394231628818	
0.09484483915239658	-0.1677566341301709	0.182272692765312	0.09522187956746683	0.01975932049980358	
-0.05938477600635221	-0.039392353468555276	-0.0726207545391026	0.06557328480931987	-0.03134656943527991	
0.1316473808031687	-0.021416683324804592	0.12341621011934656	0.08430730561061517	0.1294782084536026	
0.02981802314376068	-0.03414155893346548	0.10748598965329655	-0.023376041114509947	0.05033811194177626	
0.01686131364679912	-0.10003125496958015	0.0020983333750801123	-0.012222228826825677	0.05310423814041158	
-0.04653412220633448	0.06379279156873086	0.009760906110964472	-0.05294284440251246	0.043492093081006544	
-0.04766551501630912	-0.042308537413169735	-0.07616536155340385	0.020783054458070632	-0.0023753652777898314	
-0.10931924780413395	0.09274785510268617	-0.026184898763621997	0.0938014910072116	-0.0015278671357991562	
0.03400702617688143	0.021390868690033118	0.005577413146955433	-0.040046578013915826	-0.00786519245988236	
0.025850079761293734	0.08280285170122262	0.03348775321507564	0.03458637250651334	0.035459198109345176	
-0.04370496515949093	0.011888016339509085	-0.008913148117540896	-0.017546109852814608	-0.03793395907396554	
-0.1472932222656409	0.057398672653256724	-0.09747389231143917	-0.03691371140367091	-0.04952145809312899	
0.043626774094794186	-0.06907637141295607	-0.006885296957945919	-0.026149611907980225	0.07675959833284028	
0.10242917840946111	0.06169189826712739	0.05676943122883654	-0.03902447899014892	-0.015923810531132968	
0.03189560260996678	-0.0009541467966462941	0.029135590897417435	0.016735023802907995	-0.00157422583771449	
0.019685598531224882	0.020951072506206904	0.03567343442573237	0.004378523781464204	-0.01660516178431265	
-0.1502884073928288	0.018526068527116937	-0.14003804456830665	0.08331123864860782	-0.13878452575475864	
0.08127813867790198	0.0549171245882977	0.0568571834185758	0.020582206443522107	-0.030409337333273213	
0.0090792497096111	-0.030512671526738564	-0.04270252083531237	0.02400937002329258	-0.04161615972195582	
0.06701380679249946	0.100901714247852	-0.07191434135829644	-0.0836400348690764	-0.08534580035605849	
0.04499056523956007	0.027327033511370443	-0.02839993709264961	-0.042157302654746064	0.11122046321159908	
-0.07429365242056005	0.037566709951141586	-0.09497104062183752	-0.08221651835075829	-0.04239834302303273	
0.09579657845247351	-0.11831886354786063	0.11373957719683404	0.02862067367753489	0.1197437938535739	
-0.04563458883541726	0.04711923195809784	-0.04066398364842652	0.008709276704989161	0.0693684063586434	
-0.07408928234957153	-0.06251773044762231	0.09980186286494926	0.07972405078964832	0.03371182399192473	
0.0009085103987634542	0.1331043614120311	0.007771934069672359	0.06189336565063748	-0.16602139103203137	
0.018032780906176486	0.02483957359059806	0.008343227555334069	0.06350077260713582	-0.09929512803334098	
0.08686087277653183	-0.004099736680372615	-0.017271062249386526	-0.03448642639490887	0.05923311405444635	
0.018808963159700022	0.05122456552132563	0.02771413008467938	0.06377957123616666	0.13757925381129416	
-0.0023241821698508818	-0.11534375596218145	0.11247502477615114	0.020488469227295355	0.13002886178975498	
-0.06333011415516676	0.12435605817472031	-0.06237157479652523	-0.0020537356111978208	-0.17283103739049208	
-0.08894778629179742	-0.049711034749360956	-0.11941533842933948	0.04061544245923092	-0.16929315789280922	
0.04254206840971007	0.028205070026006657	0.10287306096475639	0.0527810268531782	0.026982131374800218	
0.0638173433689778	-0.03903914017840793	0.1654355026779516	-0.04372586097749912	0.043129808395707056	
-0.05851536395845194	0.03389839761194633	-0.01234472322335632	-0.0790430055320751	-0.02447092650411824	
-0.11764615968351819	0.08273902931607134	-0.0876528711306948	-0.09883001793267343	-0.051345174477936115	
0.06314912756086578	-0.042120132451668436	0.0424919383521508	0.006930984629209215	0.014264833291076306	
0.1244686179159392	0.04171869816750355	-0.07053684083780119	0.049501658429202136	0.0360625919523178	
0.06442829014542352	-0.04218550768733083	-0.07404651048611592	-0.08411719964028118	-0.042657172806774626	
-0.11702238550087771	0.0565445677249769	0.010472213199112379	0.03208390667366379	-0.0016423916088079004	
-0.06429906675444337	0.09698918367540625	-0.05466975451126615	0.06137777501460866	-0.04133494956336396	
-0.1838111577974484	-0.03743996542417446	-0.20183359370421425	-0.09905303304396398	-0.11225257091130732	
-0.05045482261083282	-0.1064815589727321	0.06859644697409732	-0.013392438327393279	0.07188366337783146	
0.033837314316722586	-0.03597305423294428	0.03205110142771601	0.006091294578539062	0.09778563525118111	
0.03066436490666677	0.045339029902688815	-0.05848044395367009	0.07001362110187126	-0.02613724746694409	
-0.024727879604888817	-0.06952144531350822	-0.033902400691863684	-0.10483079624694737	0.030960850749903426	
0.038229488358453516	0.06976367857217732	0.0513680013990574	-0.07633667775284889	-0.1021582439170913	
-0.08808113251788281	0.02433926588367075	0.0664623584560635	0.09537749485460238	0.022545270613518752	
0.056190261741526	0.08051041827334915	-0.020102459786718103	-0.045833309587863386	-0.061157525015602704	
-0.10116767844759461	0.06888643205559411	-0.08808545716999538	-0.05136919345996732	0.046654923680597774	
-0.10001860090606397	0.10636626052200758	-0.07751824480478851	0.0020179319946603434	-0.10408208331295686	
0.16712564073601774	-0.07965903118766675	0.0682926072643819	0.02683783187962585	0.1492896408569502	
-0.12412581325745595	0.06852545770688442	0.033310199445719245	-0.10026419991531398	-0.03881490514313256	
-0.08475791670088849	0.10567296108821485	-0.04826238500312395	0.02821896607085645	-0.07113019107453895	
-0.016181595915210848	-0.04032495840736176	-0.11946736476374874	0.019133289123303834	-0.0893412095146743	
-0.07206163333797973	0.11385218138502712	-0.0646189229868582	-0.0588335416013186	-0.1111097493682268	
0.040160599015182534	0.10233309731829217	0.030100612422395284	0.07759690015162116	-0.08729557000476298	
-0.08344286397203719	-0.05099544352765131	-0.034001709623525	-0.06426853674521431	0.01569336459984467	
0.06973978073840088	-0.009658449041371605	0.013338886711374174	0.06535638771580901	0.03412438511986624	
0.04705743275943958	-0.062454176233626826	-0.06752508008120836	-0.0426238399585562	0.05101583382123724	
-0.023885534085929232	-0.000456237565438022	-0.08379989087378728	0.019233584767274436	0.05448921053019386	
0.08746794531493997	-0.0017296929094203545	0.11641573123897683	0.08782028771301868	0.03814267784688538	
0.017166877618290145	-0.15404821991582152	0.01196120326829654	0.01742683196124025	0.06994798232407619	
0.09545627890099864	-0.0813794349251238	0.09987295031997942	0.06237736243891242	0.05039534458650271	
0.016195829342037126	0.026700936719270145	-0.01916868664696781	-0.09274201921736525	-0.05246496275495343	
-0.0018371135825337645	0.03322712870110578	-0.014032285040760418	0.0007252952623432403	-0.08476383030679711	
-0.12758265912237177	0.07614099662351984	-0.055627271369273965	0.08893712665125454	-0.07962947084590745	
-0.05552313462935774	0.022241915459194524	0.03348937245460565	-0.011852462531449877	-0.09104977563121038	
0.06254656851838708	-0.07530856457713211	0.12367128922487176	0.08001748938633865	0.022971662420913995	
-0.08478350866618017	0.0017266776989138387	0.07354662932112656	-0.09576466686243108	0.0470033454261146	
-0.06193078705792031	0.050430506382910904	-0.0062254953325790304	0.012268763746849817	-0.17642871501262816	
-0.10765315476133493	0.11870023858655641	-0.02039021478106788	0.02044245299868309	-0.0919342711639125	
-0.024268555459428402	-0.02099413385372844	-0.022693005151152957	0.027553509339516565	-0.07545494992841324	
0.005613369150794112	-0.019352861036333966	-0.008108319779447972	-0.05531143850092408	-0.011964619495705885	
-0.0361450954156754	0.06311728306852414	-0.04738280502944418	-0.051909914321095624	0.03294160871057614	
-0.07765810362814123	0.06885994777655231	0.014130257082478248	-0.059102061620096874	-0.08825806744501626	
-0.10463185710622215	-0.037431936319624874	-0.05532502223501785	-0.10595352697696164	-0.11824380501496987	
0.05866334506488845	0.039469308902982975	-0.05318677246977072	-0.04564228562849442	-0.0252827463255245	
0.11305683781990859	0.00852658174235544	0.04221254163086247	-0.026503279096160754	0.09713812333007865	
-0.0063487884224807094	0.07259941306652296	0.052433913091008186	-0.0013147395951126092	-0.04586013831263044	
0.08014181182546999	-0.07162262529057765	-0.0567867695681612	-0.006430287682307179	-0.015562461447727192	
-0.004722518372683704	-0.007002953650460008	-0.00219434619417797	0.04671559199018489	0.11938080187554906	
-0.04962328022367273	0.010646066057931199	0.06180980581708366	0.033894475215151015	0.01905300350143273	
-0.051051955399870515	0.04903705629320705	0.09115277651815949	-0.010259248237148683	0.04805802763789802	
-0.06944751066260883	0.03526788383284887	-0.0318744951062783	-0.008642594823247434	-0.0007703903499817099	
-0.051929855172795775	0.057902014241145786	-0.00023158218671350848	0.014670151750589831	0.031158547993937375	
-0.08533157632467572	-0.06221092097803653	-0.10645168666843523	0.0036797148534086243	-0.08223901723567524	
-0.05903859292211433	-0.06637979215288152	0.01762044766191803	-0.0811527576858779	0.038124672914457834	
-0.02008139823060848	-0.02810003622560494	-0.04493545513728933	0.07174351508424143	-0.009993068308278326	
0.014526762735590707	0.03759718545462817	-0.0778698416255964	0.013187970818514324	-0.07117771375415234	
-0.006318394184791343	0.08706506419863694	-0.13212215837114397	0.05862756974810426	-0.1839789571426298	
0.01685372477782605	0.044714634057016193	-0.06005689296202594	0.047744922582292126	-0.01585741675631329	
0.14230333002794762	-0.07850493929950633	-0.048016056889604516	0.09794949229470416	0.136252738753617	
0.05264324051967669	-0.006138791447243466	0.05383078621893258	0.059845173577103	-0.012634729184823777	
-0.10222767612459975	0.13958307434141334	-0.12513997454485198	-0.047223075348700315	-0.14967969221165428	
-0.12183197569423664	0.0719969238653423	0.047649214317215506	-0.057449941308212044	-0.11824105855189916	
-0.05809406634104686	-0.04890439812056446	0.0688209761265351	0.013202743564603225	-0.06162374459948639	
-0.02627577719038111	-0.07723096446590558	0.07141308520926888	-0.019747514621197868	0.041534484073450596	
0.005312608108994401	0.04139904953288274	0.01493788119973926	-0.019261360393683365	0.05830715762936746	
-0.034994460058015764	-0.024180323386646628	-0.0013300680816654014	0.03645509227207088	0.10463212185968822	
0.03680714191460952	0.0218143865972903	0.04688636055034866	0.04896777743686135	-0.021503570984333083	
-0.036378746373072916	0.08242731163920398	-0.004546704106206141	0.053447264082791324	-0.03646653277050819	
0.04173048804193149	0.04105851355197643	-0.035000322836754735	0.028528548991252074	0.12422018241805968	
-0.0046958421726527744	-0.0567048793676786	0.07478522153972686	-0.04507833716048808	0.037609949046670185	
0.09923351982676776	0.02084705545438553	0.10411416517933533	0.09379869171077418	-0.00034996423675947815	
0.10828836532282259	-0.09015938361288367	-0.017342423912829842	0.09330638126844767	-0.08094346728487657	
-0.004582652092565255	0.1033714318876455	-0.07878251435317682	-0.059949127181331746	-0.029918898040493486	
-0.13478202483715057	0.005863591137151695	-0.04399521765515741	0.052003093075722796	-0.16131033682813348	
0.09547540009919196	-0.037955759398307344	0.07287743926467519	-0.009510992334876794	0.025835557490207984	
-0.12501140005728648	0.12969579574631823	-0.10322572080379863	-0.09219722099722145	-0.15230355952710445	
-0.19039426409495927	0.092557542154838	-0.08417863448910301	0.0382540097517066	-0.09370666522899768	
0.05377594190506357	0.031126712554042264	0.06633984665424443	-0.007255417112452052	0.022409746655943082	
-0.03902816278756397	-0.05332893995639015	-0.03050212466472029	-0.007772131865899695	-0.023415658377824767	
-0.06469477855610262	0.122171887665937	-0.06691585359614809	0.09170282642571678	-0.02320055437149363	
-0.06177008311897899	0.07594006595713935	-0.015625564588621674	-0.04951325289169052	0.016693729333547156	
-0.0016476865915361538	-0.051443001041533286	-0.02466344640698771	0.044094112940672	-0.0268316440013319	
0.005412835749968868	-0.019189761288490658	-0.04210574748339199	-0.009290890963846873	-0.0016224469766459644	
0.12863704993376354	-0.1045345073522792	0.06209204973471563	0.09462183026631056	0.04189536682693209	
0.13221225428865663	-0.09490344623975816	0.07019681319039185	0.0575358285254543	-0.0077646050305409465	
-0.07016724057220612	-0.054565685388371955	0.11686822138574605	-0.013377537241250988	0.07907124416315474	
-0.04611893138020553	-0.06864767761379985	-0.050605708075235664	0.06167949818978182	0.05240685332920165	
0.023960994038363607	-0.054655928424965125	0.025195434322395897	-0.04999800794112392	-0.036685433153449964	
0.020340155707004804	-0.07301863704514132	-0.04412939735007313	0.04412643953644554	0.08884533562871894	
0.04745604416390774	-0.007211091997954936	-0.039560358233712414	-0.053734427938482564	0.0237698065390357	
0.0742784057456915	-0.08725463732683501	-0.003581736524722331	-0.0006633820418507054	-0.008573925288043552	
-0.0094081445507446	-0.08691105090847709	0.012232579467514361	0.09160611324782286	0.11529128980836847	
-0.04459657397360635	0.05875683737186129	-0.10697213632735884	-0.012878179528131152	-0.07034965455488675	
0.024189693889858546	0.08040577069434812	-0.029972598746721264	-0.0948360725512118	-0.05605706454139333	
0.13998821502139255	0.044855874027938926	0.07187710388282131	-0.0502946390267853	0.07199818117760688	
0.0017688274109228272	0.013290224902112421	-0.03307941636477392	0.010531799485592592	0.05952965073159319	
-0.03818854873763713	0.07702218389455817	0.009891699843543622	-0.10786353003428686	-0.0019558376435069307	
-0.0874399785624336	-0.08291725260840656	-0.009638820532587354	-0.06537525016217668	0.02036758095109627	
-0.053906384175332445	-0.08428623938024445	-0.052349488976452634	0.05793382937230451	0.06747391065144064	
-0.012214200684506954	-0.07738727230998015	0.05869096250317487	-0.025815676638822924	0.0691457941937301	
-0.07786366260938962	0.042033078867712	-0.14586244302243936	0.018848723497692038	-0.10842952821936369	
0.027438889874247727	-0.0643178305109281	0.06018313123035753	0.01136849621210158	0.17987296922677565	
-0.010870231342099053	0.05786515117473336	0.017908796883618967	0.0744491063739043	-0.009898269064572002	
0.0038673198882328555	0.08009273329945152	-0.046753816374775894	0.08282346788402459	0.08205294763584081	
-0.9332098095063779	0.7001879637836615	-0.786575409060216	-0.12473187553974134	-0.9992755985480212	
0.3127408412691978	
