TESTRUNID EPOCH: 99 L_PCC: 0.8340855107601728 L_ERR: 0.011621279098357612 T_PCC: 0.5684537882927784 T_ERR: 0.023494819134279653
180 LAYER: 1
5 LAYER: 2
1 LAYER: 3
99 :ILEARN
0.10585566848123104	-0.016217478488102063	-0.0034474386430537415	-0.060008641778551745	0.04147189582543551	
-0.17292756146168303	0.04541395889950635	-0.20171149691206924	0.042828747662132134	-0.11738089321098931	
-0.004526028288964336	0.03250762449717687	-0.12132784754094147	0.0937361353909908	-0.048091453180809686	
0.1688387378979461	-0.08098048885947219	0.053845409718483964	-0.08188171893646895	0.07072665548587177	
0.1216374138120078	0.03350455743627001	0.014798116534679464	0.017590533244201213	0.14132097371829846	
0.18015163589275293	-0.1122596427406296	-0.06075680678252404	-0.06887192590724285	0.16275798347137568	
-0.041737619332725406	-0.005600823372737761	0.055081415937000736	0.01919188967010332	0.06278269339301039	
0.09292903882527302	-0.040100720533706974	0.1344281460103646	-0.11843226024186596	0.17441456253482063	
0.11794929331638479	-0.01130985016990916	-0.00897886591901309	0.021929961888821126	-0.07312469801902576	
-0.13952649085872731	0.12069404837086754	-0.11209080127114891	-0.03747589582701845	-0.18675816013753058	
-0.1785955260756248	0.025530981328095444	-0.06986146539809135	-0.07059202286913391	-0.08270279128027985	
-0.14021930194815185	0.10976744873821244	-0.2116658925318399	0.0809003238882292	-0.0336478114918449	
-0.10898135856807023	-0.0453854555923521	0.05825657666192291	-0.04575089333704257	-0.11447621564591696	
-0.1685276685929964	0.0841460264076522	-0.06068364659263281	0.0776547353351334	-0.1699379715747629	
0.024046755554052765	-0.02924709198836783	-0.15819519613673375	0.08737882310442618	-0.06669085811875672	
0.05264768833513237	0.0386972825865593	0.014934695523050219	0.044296157287431685	0.13316186149317513	
0.061147310980252265	0.03476772627767376	0.0025701264595144745	-0.020450654438930193	-0.07613740465554973	
0.050719442565873483	-0.0064458234369785105	0.0727720922508525	0.022271627637684078	-0.020564382964005055	
-0.2127591367939592	0.15826296932660497	-0.08986154161277152	0.02636606462959051	-0.16965062824667115	
-0.15438344091114467	0.11969156275675284	-0.05396904127434705	-0.08998166850400383	-0.07410300838994906	
-0.027267666471645014	-0.0006933709183914217	0.05746016188550912	-0.018599712226151092	0.09703987833597792	
0.002050617651057016	-0.07559164986239471	0.048560416406149415	0.05694440990054734	0.08633928637878943	
-0.05557134808981197	-0.07676536745850045	0.06487404401470671	0.046142606745747314	-0.07222780402390927	
0.06298298634515119	0.03760668403831045	0.060574807362844	0.04662723143411633	-0.057342788468904254	
-0.05477287989984473	-0.13290982054751543	-0.0722988370450791	-0.0719830207561157	0.10720017573051194	
0.09622947879428659	-0.04374125571614171	0.13891122329198768	-0.07764702142032613	0.07028036071748629	
0.06942876199789469	0.055322028345300533	0.049119269731196236	-0.10549538755361965	0.12359080888320247	
-0.08738900331044172	0.06900732203507848	-0.08888287300164756	0.08523074888795185	0.01520537785069997	
-0.1089679151950546	0.024443763387169228	-0.21368272025654864	-0.045714638458997994	-0.21314105269033387	
-0.04164626533874793	-0.07784153365274768	0.06713710017023233	-0.004826025830340379	-0.07198823820164983	
0.0029968260396216286	0.03435504979476851	0.10065981730698348	-0.09497044906679278	0.0286990573659771	
0.08397572122847213	-0.08248490599659815	0.02773311995682554	0.09897425361319048	0.1181527302946398	
0.028580861805397515	-0.04245924701407216	0.09115763537090163	0.04845393431756057	0.007817218621367207	
-0.29540252654481597	0.029038187838665117	-0.13475291543411413	0.023526479511085926	-0.2140706531815959	
-0.004043008457558893	0.06896420862836926	0.01742251657112948	-0.02782534503750572	0.04630610024445006	
0.0968972642026451	0.004376578570139793	-0.02210177468166782	-0.09148280402755504	0.029026643307335086	
0.1357702927366958	-0.12402476076702484	0.13877212648056225	-0.10817748455477878	0.06331664949624619	
-0.23261792067014614	0.08824945475765764	-0.2606050189079327	0.08875929267628498	-0.22665477562538003	
-0.5113527046866208	0.233515007979768	-0.38569831309180636	0.16973902310639546	-0.4024310937313797	
0.10256085597733595	-0.10262730528074958	-0.05784418649279981	0.020884572645679604	0.0973306212598721	
-0.030840903316541268	0.1079717857914716	-0.08241368894363743	0.09703475489193769	-0.1385230590249467	
0.07370220347134182	-0.05321985166292838	0.08174427987069545	0.03669274718179833	0.15661288135590992	
0.0216195860442351	0.060500067887210296	-0.050228653698447735	-0.07014241306034981	-0.014382433383004845	
0.010214331884913596	-0.10086676568333386	0.07914059678301953	0.08356714607959438	-0.0747300948785487	
0.10155458550658769	-0.12179934351127024	0.025893416686883608	0.038266596093659906	0.11455733289501975	
0.07910539355271991	0.013916145168737352	0.05071604596926042	0.07606220810111225	0.07912088248089877	
-0.032979152065259594	0.001508884146271797	0.04142190758292577	-0.03899143614224708	-0.008572943656967326	
0.05329710250474808	-0.10035684383947882	-0.01119910022585448	0.0016980049305403346	0.0712665945280734	
-0.10821785831811434	0.07791443129680578	-0.05461405352814635	-0.049054292545573294	-0.005834487840100905	
-0.10166241866032295	-0.0136732242591725	-0.12532450324986996	0.05168301074850938	-0.03896535332640297	
-0.16126525619759297	0.11268276585071264	-0.05581498036444733	0.06861220060880298	-0.029969891743164567	
0.06595745661583319	0.004696710249199119	0.012114980531800438	-0.04511893608048673	0.024113539838281295	
-0.07022075714851184	0.12760257723812776	-0.04866113985680999	0.04534185372071004	-0.029033241732433622	
-0.06564664567385599	-0.01431815709630089	0.017096516083520964	-0.07352022035078132	-0.050890088513320095	
-0.17721114766025006	0.08605625763577168	-0.17904154523996757	0.08013847531260661	-0.06883333957185298	
0.0024354848058214585	-0.03411789522536303	-0.08770744850282475	0.00470049044956768	0.035016117475814006	
0.04055351368629783	0.10333358259742738	-0.019824151267298692	-0.02786622299030332	-0.07040749038065922	
0.011734901022121387	0.0007492886250682369	0.007548773465659789	0.0010781322732702687	-0.01509587164215181	
-0.004184215491648496	0.015855749527088847	0.038327605825625166	-0.03865312886086263	-0.040434798061774004	
-0.17411042209235292	0.036824305577987375	-0.1737096099282636	0.1109229362899282	-0.15230187582621693	
0.1365105691567139	0.04074780058585186	0.08772463038241717	0.0009453632544565143	0.008835941684690131	
-0.01346897131465466	0.011984301486084573	-0.12018112235133634	0.042474898586751866	-0.07300849331457547	
0.14336420944733233	0.1148307396413799	-0.0778081139572875	-0.038873029749347005	-0.03396713204800174	
0.048682545241268464	0.07836547426116901	-0.09552552271637506	-0.010408364704255716	0.08811130655939195	
0.11906262612079849	-0.07556597655689368	0.06323211246494662	-0.12574460574135785	0.13872313488800755	
0.08308825439988786	-0.06643021809156391	0.04311551844551022	0.020010321629759856	0.06938834907143049	
-0.13207018355675504	0.12664164161178645	-0.17449703509990183	0.05230024120479891	-0.04267604110817473	
-0.03093887725227601	-0.052147823189316767	0.09036106740945152	0.06679824386516958	0.058567144961541764	
0.15302678826535943	0.06874003113721566	0.12132826547423203	0.03896580319833725	-0.047712042003896796	
-0.0019286888104458665	-0.007790188691654042	0.02148800961497537	0.04036552524417926	-0.08770806124503178	
-0.0017475324934895142	-0.017514569227216573	-0.03598737024443818	-0.08162803190524127	0.006572133175916109	
-0.00997264733519455	0.1196073627174692	-0.07106021952292277	0.09477224445552761	0.09097936545363514	
-0.004616726849352343	-0.15694823695257182	0.15608126863007274	-0.035496261848070726	0.13586379162379117	
-0.12891230364298095	0.08923067933935937	-0.042236383638645056	-0.027213544596826875	-0.19524358468574718	
-0.1189911387016738	-0.004161929607533944	-0.19235251551740656	0.0807544134781887	-0.2206393052404545	
0.1292091581370379	0.020066539466181917	0.1486635645304702	0.023385240017271224	0.08611027180932981	
0.12045487363702072	-0.057625350238888935	0.20782323417722792	-0.08633144778992803	0.08440662413142107	
-0.13052827393328392	0.05640979778322401	-0.0709808794443583	-0.09116592735773318	-0.07673531651317966	
-0.14427017068065948	0.06760546988888318	-0.0837806776794345	-0.1058054132501601	-0.052398743202858464	
0.06950403630171394	-0.07992447400765883	0.06791927080374076	-0.01771034050254049	0.044311492040006485	
0.10855332644294793	0.08514391912656835	-0.11766925558982737	0.06721307073450258	0.012980927105434413	
-0.023377507219407435	0.019021622227539423	-0.18443771897332112	-0.046174066078292664	-0.11850852968682554	
-0.14164490740108762	0.10085001514527409	-0.04466408482168622	0.07944704938717363	-0.019473899375406712	
-0.05726301804616193	0.12256473353508487	-0.10345891737317336	0.09389124063534415	-0.03149404792699636	
-0.029198082289998303	-0.12466375337410014	-0.07645845850432424	-0.125210535385086	0.02613809456503225	
-0.1276339557949524	-0.03181129957356359	-0.04402791953996218	0.012334647638059873	-0.005164271713697528	
0.033307783502422646	-0.015822135584812134	0.0010437163802546662	-0.00319639571304226	0.08085590389766953	
0.08471503033925042	0.04584772595538445	-0.02829423959632798	0.038301086597173795	0.0290195078163369	
-0.1225385261962701	0.012303103761448534	-0.13484667424550195	-0.05163870959377127	-0.06571725947474412	
-0.024429028847323273	0.09381981544334095	-0.029465308446852766	-0.04222447627055892	-0.14906646404856924	
-0.14072477698353542	0.04322142363964335	-0.00022534475469166847	0.10299699819900993	-0.01833864466821115	
0.0046041845754534174	0.12744974126943417	-0.09536825711216708	-0.02247378437079624	-0.10429468276735808	
-0.18280553444318662	0.11723006061542474	-0.1838170982192183	-0.019915751953355876	-0.020946976253758298	
-0.09024100894023647	0.009627259197809922	0.012055386492440975	-0.049617432276567966	-0.08435629235221245	
0.26996418670652045	-0.1265256022302606	0.13965189655733562	-0.025254290070887777	0.2228204243926433	
-0.10907420091614944	0.0875875505206833	0.016848401615407575	-0.07307451614086163	-0.020084679920703803	
-0.07765285181412199	0.12183331458609134	-0.08478655955453922	0.06613603678764075	-0.06754041055111104	
-0.08537166248485177	-0.03779683678077024	-0.16967944174087873	0.010098179236318314	-0.1556354131639368	
-0.1424738938814667	0.10806995015757591	-0.09151542061992667	-0.045140489785035626	-0.17351612534686994	
-0.0019334741766653689	0.12887443556964395	-0.04398543331155354	0.11807215577108382	-0.12521162713927206	
-0.12263453459104968	-0.005079570023432019	-0.10893576763278708	-0.03043716659886461	-0.0200287879016975	
0.08917551506489499	0.020763526614938882	-0.0008166057371356797	0.025175555237848927	0.02839481014076994	
0.0963114024160631	-0.018438700842283346	-0.09914032229179541	-0.02811663034903469	0.09536335186438492	
0.03275065909658714	0.0010014441030121637	-0.07062595572475258	0.024499376704418787	0.12072083474295885	
0.21882816547116327	-0.05484861485650203	0.20034119722007968	0.051002683868854044	0.14766980097252494	
2.632687898692802e-05	-0.11113586041004987	-0.0019638232164806914	-0.02357574013928613	0.043314897090039786	
0.09139537764419549	-0.0519660088946251	0.06365051532462843	0.06458572569769387	0.048027525916807055	
0.04413537774687987	0.036827151377444516	-0.020711443380698066	-0.0878108684116884	-0.023845009534494654	
-0.12982694257480684	0.12354190011534878	-0.16585423865452775	0.05172358952718706	-0.19391909030924448	
-0.15430632183677265	0.056881745312427894	-0.06589484687398467	0.07946930394907235	-0.09825081015137735	
-0.027692997839563034	-0.08327498283122813	0.15413025204762643	-0.08518138940563884	-0.06122416780300785	
0.08697761510612764	-0.04656382617524539	0.11560235643735234	0.0405896142746748	0.03069075932940422	
-0.1403958428065107	-0.016184875828790718	0.07620313110601062	-0.12998639087380365	0.0019607072138825934	
-0.07807592502524713	0.01148024079735741	-0.016095641724864357	0.042119167576263175	-0.1864661486390438	
-0.2752728111111873	0.22064457160483342	-0.2339698276052046	0.11704705097874657	-0.23182195177325832	
0.040560835298571137	-0.009090896589460357	-0.031307711371243496	0.08558656629719343	-0.006483932222963294	
0.0505502319359323	-0.02888052873095663	-0.0045996402743768774	-0.014823412919353053	0.033849453518593975	
-0.07142950453644273	0.06716904912768361	-0.08276392042608659	-0.05773363492502858	-0.005950925651664961	
-0.14061764749867636	0.09102786038978523	-0.047804536837851304	-0.024286008758329692	-0.14995475391822002	
-0.13228115655505823	-0.03621628630240049	-0.09387833890211521	-0.09024677459446613	-0.1396814839762238	
-0.004414400757978552	0.09338177526000661	-0.1351972255831891	-0.027906226506121002	-0.09528855845726891	
0.051965388417699016	0.06299767810657012	-0.019982950040492074	-0.035616612903449134	0.027805045903971475	
-0.01227936982455856	0.09138738793394452	0.04851358199516608	-0.018190850975670934	-0.06242873433271942	
0.11890164308421272	-0.08080528084367015	-0.03126580269800056	-0.0295651625308439	0.01065833049100131	
-0.035116086859406766	0.01779042227281576	-0.0431216341324173	0.015514440935024692	0.08382504325789847	
-0.10986163823391167	0.062134769472000716	-0.010904558794095229	0.048157178889208306	-0.05469813412920188	
-0.026795006657131172	0.05579411309681933	0.10383699352955014	-0.015956392581454124	0.07204018694526466	
0.004824620951540278	0.005518335818286689	0.008508033884532785	-0.048513738911121734	0.05686343685972365	
-0.043884583776797555	0.08027110739133293	0.0008568529997349361	-0.015576260377827434	0.025543724138173168	
-0.08843817420743876	-0.09656690374979145	-0.09455043124319071	-0.01550700470745927	-0.07750602326768981	
-0.07698218464403504	-0.07453336729325365	-0.01011542050512723	-0.06495420177588121	0.01709023134785636	
-0.07534902455452823	0.024025512627908203	-0.11088055501509414	0.06049613642299805	-0.07947304586975347	
0.037222066357620404	0.017814965766500046	-0.06364251556578576	-0.0019486353465834063	-0.06081858075218725	
-0.07805308817633178	0.13246376064078283	-0.21980335620138103	0.09962824630761445	-0.23362553935538244	
0.11741924351178726	-0.01354624009879307	-0.012266454627338653	0.048322426606783264	0.1002900859515705	
0.04337261088965273	0.006616618776266263	-0.15704195399143792	0.1088561526380486	0.01929950400138025	
-0.0005974775389844708	0.03182773650600679	-0.0014883767458930591	0.07168225906339713	-0.0718287931886567	
-0.16282026533671762	0.17291094419245642	-0.22937509789137353	0.04953655145089193	-0.19249311566113436	
-0.1458034107733002	0.08004276659052448	0.04766454336960432	-0.07365085364091305	-0.13342281721200014	
-0.05852047047249297	-0.08553328076519384	0.09498039235913452	-0.013175117612173895	-0.05352427623700105	
-0.05748144905634993	-0.051126716212141946	0.04121273561337079	-0.03649966753247233	0.0066664263129649105	
0.011469863386780896	0.006288606980007505	0.025957540344725673	-0.049693969517969686	0.05952734850075349	
-0.042108717380015155	-0.024600587865053782	-0.015434056540401767	0.02434558614923222	0.09663951167025508	
0.11022255701498872	-0.013982259869484554	0.11766106027819936	0.009214451216106645	0.04300559925391616	
0.010315712253918124	0.06491849875486269	0.029982285454284777	0.03756124824869195	0.012063413560391775	
0.03626924037699993	0.02897235852859657	-0.031771224137837326	0.0064551199827158155	0.10211480077996259	
0.011272148583549118	-0.08656690416859442	0.08739701126542776	-0.05099002305123369	0.0369008650535273	
0.11400693730569296	0.06603222871796581	0.04281719957003119	0.07311871506873885	-0.0009722904104042988	
-0.00976320442288184	-0.027412359247714405	-0.15545498930131635	0.12534174971288478	-0.18148065097706373	
-0.012203752890592608	0.08827411304484396	-0.05264806638158556	-0.06866878283550365	-0.02842829926944662	
-0.22019065297448995	0.073922400888049	-0.14474805956562872	0.1427483213655209	-0.22584736379250106	
0.04174996164127809	-0.050532971911122083	0.05202825460409992	-0.026927692679158035	-0.0323560489078339	
-0.21179131090427827	0.1825880459548401	-0.1889453731280595	-0.0457812039558263	-0.23046049090338455	
-0.15662343773839876	0.06330341403157363	-0.07491815937579932	0.06150118662721618	-0.05049660194996624	
0.014281805161169621	0.042781853750715755	0.008791130259276806	-0.010903348174468731	-0.01655599034540762	
-0.06574832641473996	-0.025575356046600214	-0.060797200112771066	-0.004418538987345923	-0.0421305667125964	
-0.07305907335969837	0.13237143313360308	-0.07576019512701983	0.11176046623605003	-0.01699867203505889	
-0.052597604649351114	0.061269512901963065	-0.0468698404064887	-0.049501939065933795	0.01921781850049179	
0.011766563249584399	-0.09641133803611139	0.005046193104789002	0.0020698672603536297	-0.01698818848421802	
0.015077177560939183	-0.047928829225900624	0.003445578949724469	-0.031907354164666106	0.014438801289544041	
0.11022930278077978	-0.09488952624582407	0.041122970320737987	0.06270105379645823	0.023724463566396525	
0.21877068743884998	-0.13585561724053472	0.13465989245445836	0.0014056686432741986	0.0645643717518074	
-0.04520684377279321	-0.07011684796967421	0.12131802683082847	-0.048659041693163034	0.10401160350240111	
0.006044434975200897	-0.09000695260398592	-0.03398524245571149	0.01677467760541693	0.09821029366239492	
0.007711661378616203	-0.046832227690326446	-0.010348406679541965	-0.054765388764687055	-0.050717533125276604	
0.1411272030991882	-0.14527589780234615	0.07206058417690064	-0.03444772564595901	0.19635749053536067	
0.10440231284561384	-0.03641747812633054	-0.007150817054061848	-0.09714150947298882	0.06915352068565189	
0.08574063671060529	-0.09269360301744899	-0.024038900929776532	-0.02416267024501383	-0.0005655244016277048	
0.06618185667720927	-0.13040021769107338	0.06784722515263536	0.039434051856337554	0.16925218278620313	
-0.10831055669152613	0.08128289385767126	-0.13872578790138235	0.01586601740127453	-0.10462129198320617	
0.11806404227841076	0.013882790561646973	0.09389595977272473	-0.12276469794662666	0.034320150861616695	
0.22014409149288655	0.008035236780754658	0.13374807052799964	-0.10323411851750888	0.14631717669590338	
0.09630688144632098	-0.08039592433992672	0.11725208867159105	-0.041739243121968465	0.15919289855738275	
-0.16397376994405385	0.14613891565043952	-0.13380537511413756	0.004168078779573561	-0.12891028275404195	
-0.08969701560840278	-0.07974133192306275	-0.04045160941570825	-0.08170357049869147	0.02136130596053862	
-0.033893961898333366	-0.09334241074150895	-0.05167287599881645	0.021653332733007652	0.08114894343996049	
-0.0002517368611286243	-0.08374888788787266	0.06417738050252346	-0.04724298133737871	0.0809482257275294	
-0.10823372147541216	0.06211572036716894	-0.21013170363166653	0.07211778211954999	-0.14911942656986277	
0.037304981664248095	-0.06481701202901277	0.06044654091099592	0.0033850715781703093	0.16341337963983982	
-0.06714183888837469	0.08299216441063458	-0.013560246995309083	0.07989012645184052	-0.0448930584565962	
0.0004037822659236678	0.07906095083953718	0.0020010172156234465	0.0867081780835549	0.07581474986650995	
-1.2612728764660184	0.8324486547408945	-1.1762725117086694	0.5238419145540781	-1.2003901857167631	
0.3451038099769887	
