TESTRUNID EPOCH: 76 L_PCC: 0.8891104141287854 L_ERR: 0.008803456941956847 T_PCC: 0.8279151814039853 T_ERR: 0.013182464405350425
180 LAYER: 1
5 LAYER: 2
1 LAYER: 3
76 :ILEARN
-0.16113040039739762	0.2556301224856761	-0.2561945760650325	-0.03236170635162022	-0.0989577825425409	
-0.34227706362330834	0.08881270027712224	-0.1858782939298282	-0.028248464843997113	0.12626859786193098	
-0.09172839552505477	0.23008680702876558	-0.15283143452556228	0.10409566791687744	-0.3498643087099349	
0.4339364226389578	-0.3109647003105228	0.3007173060617619	-0.003420286189616936	0.401223279093599	
0.11387647079226453	0.19359819914623938	0.006927322406333449	0.0349079934654349	-0.27564168096984165	
-0.17255706857081768	0.12232870969783188	-0.2054600978844705	-0.04824290035151611	-0.07351658093893168	
-0.02768510494998225	-0.08117375229158919	0.1717131381673632	0.04298229190783203	0.30671571500486516	
-0.20531876591511686	0.2689812165683433	-0.09319432363095558	-0.08403821876153975	-0.24897491642749922	
0.2362863347257856	-0.10387781968332131	0.060051980273271834	0.05282349753683515	-0.048674461306105164	
-0.11200718770069085	0.05922394758862215	-0.10371032026213091	-0.0507765435637228	-0.35917956631917564	
-0.12144968131922872	-0.08147424557770463	-0.002108218902171044	-0.05950484612416113	-0.08456157925782927	
-0.5431170452626628	0.4424572609092551	-0.3476442195425795	0.014830841640563492	-0.3122955414814354	
-0.20459659617225615	-0.014084870500107184	-0.015349385875348093	-0.030462660259238286	-0.3126894605181937	
-0.507822165642	0.6436893117369826	-0.3773318431144612	0.015928416902121302	-0.5924636570081119	
0.10402084420338865	0.006740456856545695	-0.03112347183962571	0.0947123363721475	0.047462252018136454	
-0.12904359382718794	0.3774450235798218	-0.1031608679414363	0.05632899356133651	0.24836176814558694	
0.0291016418854023	0.1515717732410493	0.0013574178615868987	-0.021269064405092294	0.19572059228564911	
0.027017263455846884	-0.017418897803442152	0.06770564994681359	0.006684325903535465	0.03825992656960899	
-0.11143011848341054	0.12568279172579352	-0.07430019530561426	-0.038710099715545794	-0.26401985153914226	
0.0007131456181451545	-0.09815487481413603	0.04388453675063227	-0.10086762579807464	0.03824331701979865	
-0.2905829096416878	0.2715336222116586	-0.14676098917032357	-0.028306318861290477	-0.0893776393692956	
-0.06342024073706899	-0.0552139703870535	0.060214913494515444	0.045747002531949035	-0.11611476905429446	
0.2292660160937026	-0.4344915893731157	0.32370908150730004	0.06190293185329061	0.024420278895671273	
0.06654735100430971	0.004891478196491875	0.12028626058034118	0.06245759072722946	-0.14789554918292325	
0.36925390343020326	-0.5484297698769388	0.1753355390302531	-0.0339737941901792	0.31632154127041157	
-0.5160601304448936	0.5436803367389996	-0.30423428159580695	-0.08271112668640686	-0.41641321631917716	
-0.1221382078075736	0.2391166032276125	-0.07179442406310191	-0.08803389682234668	-0.07729364658831381	
-0.03733807473314059	0.04209021131260848	-0.0023572221277857026	0.08903747786337683	0.00437454486032172	
0.07509528163637642	-0.15022522688287027	-0.004168274523212633	-0.06553800753220917	-0.09807718908053464	
-0.383689769989947	0.221770562404453	-0.17493735655406709	-0.009536294129108083	-0.18585361025169583	
-0.28077219105879264	0.4354010488208764	-0.12002831679543587	-0.08826684056059243	-0.2640182684754904	
-0.11572145967114715	0.06094934067680569	-0.08469290216948021	0.10156704220535755	-0.1079697748104476	
-0.013575540799535563	0.00035272016221067127	0.07400523625899261	0.03881936416509824	0.11313054911441199	
-0.1533121057268883	0.01803141027619039	-0.021456730220793998	0.01563062921848631	-0.11114354952470694	
0.2088935994350821	-0.1783674554402452	0.21816890287786278	0.004619297431459931	0.542661169997201	
-0.17187070788035108	0.27266831288782106	-0.25697850028819696	-0.07373472576499454	-0.2701418327534808	
-0.19945288332678357	0.21708755008235284	-0.18625916873129678	-0.07905329399915759	-0.28040237530013884	
-0.19664633946600124	0.2373868967856754	-0.12572457599063835	0.0039657943593941775	-0.11011100755669352	
-0.18266074225317314	0.04077047676670287	-0.019664539849400205	0.05221828972675153	-0.02721919252458124	
-0.27508009587477805	0.24367701477184237	-0.3308571916864078	0.006346667588695675	-0.054883326285663024	
-0.004623884104971054	0.045242374982348454	0.03489759936248369	0.019682203400050287	-0.1709679650746448	
0.027519858956942457	-0.10315161445807221	0.09936253019434434	0.11928661163337093	0.2053621318242216	
-0.10014159850689136	0.1711339369096094	-0.14203627404334246	-0.07883531722603432	0.0601186864431653	
-0.3446058682007632	0.11936399773223862	-0.14416837372709082	0.07142267768564357	-0.054203394550725564	
0.09935751272346496	-0.09314328854598723	0.0511758598566558	0.0695381718831367	-0.12705546281779823	
-0.10247257207280651	0.013615990265258737	-0.0430055809107445	0.08700971671413593	0.04792720110634262	
0.03724784238400238	-0.15488009557575105	0.14530320988279904	-0.018865017721352084	0.41346942452689495	
0.015011509289647272	-0.11962905134404198	-0.037547864416055	-0.005542056362222419	0.2304370362651514	
0.03241205699773464	0.03939509921065805	0.12193041298187324	-0.048294049903269874	0.2019284363399713	
0.00531621414083329	-0.027552133056162026	-0.04370087081013879	0.014766954860745673	-0.2316366794891718	
-0.04096472757397763	0.09503949603302178	-0.03164076491046326	0.08472627533726329	-0.27318380936263403	
0.10024475047830168	-0.1762552807940689	0.09203219824929287	-0.012390522803380032	0.19315290654844045	
-0.06884838821801459	0.18133002574429125	-0.08410776352116307	0.02622810579311112	-0.2327490779723743	
0.1266964956150084	0.19668935611900162	0.1987066758122283	-0.029647097297851616	-0.021635844195892356	
-0.16861539627907765	-0.031781799607496844	-0.042077487461113894	-0.0013829841459321384	0.004155943879450144	
-0.22695794081871223	0.12369580643141545	-0.1940656877916576	-0.03495122531516849	-0.10607674062717759	
0.14837016702064923	-0.03174424626290097	0.04543583760108632	-0.04850732963695299	0.027065761855592115	
-0.02709081596063132	0.14132202301993674	0.007384473977771333	0.009972241563056034	-0.008749858357200414	
-0.06307230096177097	0.27102836164043287	0.0794948163797418	-0.01726160902423249	-0.14450817273059197	
-0.11552693919694115	0.010383080560134345	-0.11320366096380569	0.07621238680376555	-0.327523401964456	
0.05190802030572371	0.09437751550000781	0.027125048090557515	0.007907238331389415	-0.12780434082631975	
0.1469911097028937	-0.10671163930705024	0.045637729030294526	0.04447921232088512	0.22894360733395902	
0.18532934835776554	0.24316039440141932	-0.04008509417080628	-0.0799377909557209	0.22436005925375196	
-0.11108998120782758	0.2357758834299793	-0.23958479757378331	-0.05998464692342038	-0.0026738321477525026	
0.0012052740807754281	0.13193754793906565	-0.02294807402939456	-0.08406344571104996	-0.0396777992403114	
0.020697409430087604	-0.06251109852084683	0.03840311347387519	0.018869306983811184	0.054689641767012846	
-0.015617014157644635	-0.04871009257372375	-0.030559865615780335	0.01283450536063859	0.10473714998485238	
-0.05830707684457587	0.05301862965207609	-0.12960889443809315	0.04598677556397232	0.24123799252925748	
-0.048874687299837585	0.19749788939243132	-0.08364909992397561	0.06386437529723688	0.10911150223843834	
-0.07674531452234615	0.002668093779886836	0.12797570345741574	0.07735552614221579	-0.3507521517400867	
0.029865079494113222	-0.07104998684788055	0.07285810645566908	-0.02520942698760955	-0.15187209995460016	
-0.018196432238396707	0.0855738489770718	0.007261331964145398	0.07023503425388725	0.07929778774835203	
-0.03310714196422667	-0.18085355302130632	0.2072434418754711	0.02623416126537155	0.012392784412424253	
0.10457416345351672	-0.10809122958410591	0.20413991060167477	0.024752210888912902	0.11684254608393535	
-0.045473036988347565	-0.044951827222043404	-0.023865319798232736	0.040063799824792364	-0.4598935258431235	
0.11528531933218764	0.22655794750032268	0.09523091135514906	0.031497992298944864	0.07243501565763755	
0.08890117387740666	0.13132256967258565	0.18813649163434618	-0.05645468484802184	-0.027900607915763553	
-0.2231566034131128	0.15586465553398215	-0.07223447499464987	-0.07134395189109066	-0.15370269730070213	
-0.14913170800854172	0.10440672923224609	-0.04264035712557108	-0.08588854659774431	0.101425673515606	
0.011742639066610997	-0.04689358519138367	0.160858704015442	0.017178992573754236	-0.18875717540227877	
-0.06441373858658032	0.16971978028247	-0.2112152859979967	0.04510137669876169	-0.19151199003797384	
0.07956625994053221	0.06936404191883483	-0.07443376598687448	-0.07760840324536235	-0.10120074204531154	
0.03181436045923845	-0.018550992722583558	0.04873396481525446	0.04480759322460603	0.3169210747458299	
-0.09877729581884243	0.12221215433562561	-0.07495527802945248	0.06728068450851453	0.04701103935645994	
-0.06428938748590289	-0.003205441200440396	-0.06674210609726036	-0.07775917571753778	-0.14372569092014414	
-0.016745451921422926	-0.10186240338048859	0.035917153930048025	-0.014359609921506335	0.20505151287457082	
-0.06899935906803278	0.08376447292566926	-0.09657741158136204	-0.005260890363128793	0.04890843793611736	
-0.023732239634912	-0.03985742125341515	-0.11618968698497106	0.06287088490145772	0.21411871264669644	
-0.0642839993949526	-0.03279385213609957	-0.11009150831924955	-0.101382161138856	0.009703655246217885	
0.14812201859351587	-0.07561784174465988	0.25423850544460486	-0.06869752509430821	-0.3468299361423945	
-0.027477961566019213	-0.05017185242663122	0.21800594574185106	0.0980834305440146	-0.13036817669782827	
0.170173467604514	0.02110336416218036	0.004459181627142983	-0.04379991538773593	0.009942606057565829	
-0.05163355581875474	0.007260409986487964	-0.0074081540928719524	-0.047514370937320895	-0.1460980534143006	
-0.13148199642892308	0.0902777841834617	-0.08834170184245725	-0.004958388644417386	-0.025783461905793875	
0.2261951866737271	0.023456300632337786	-0.014745539015015978	0.022115760305980482	0.36745071163810383	
-0.1108722309455917	0.2278481492376009	-0.02976800856375647	-0.08943486434514764	0.2873193944452982	
0.15084422306489553	0.24384024250987468	0.124871457397824	0.04613979974196244	0.41230838145450854	
-0.03019339241792358	0.023402177139506486	-0.11798211971897916	0.01939658256532481	0.17375027147274474	
0.023404722837495732	-0.027358113809047332	0.009439830722794338	-0.06508059812327903	0.08330031761876738	
0.1273848274781541	0.06373084038981414	0.21892008165956714	0.08711840672664956	-0.3367589539450935	
-0.08214036702452071	0.031186702768712004	0.003353316749777934	-0.047109357672944885	-0.02358842003124764	
0.17583359539189644	-0.1945422340397484	0.09706255325995884	0.07975578717132638	0.26029303541950716	
-0.22358936272373586	0.1237668247698215	-0.2958624469194566	-0.030457470071183258	0.03947777474699994	
-0.21710406300280666	0.15666624737025175	-0.28120245015013207	0.04187240414487663	0.10888000929275848	
0.18090399776777705	-0.041268867455547885	0.29917590460168675	0.07848544849692862	-0.48674489916700414	
-0.18247316609138184	-0.09431998835598818	-0.08865760251427707	0.013441704684574132	-0.09925280688520649	
0.05203985739335474	-0.11108427091943075	0.10294603461308377	0.08126972549574384	0.07604361013589551	
-0.019146103003259845	0.12529384777321287	-0.12862365386445382	-0.07174097185019025	0.2746087704422907	
0.05456077533351943	-0.07278096091744995	0.06112505739162029	0.0073578318628801966	0.1468281572899568	
-0.12555805912672344	0.12514090912241596	0.05264605294433471	0.07265640466819674	-0.17742466939968202	
-0.2256278519992479	0.05636134282863567	0.0512069873284832	-0.04717369512539874	-0.5986101356925748	
-0.04475322490401047	-0.03361005598175254	0.04180546847158459	0.09534382193039523	0.18811062759665828	
-0.20684233123490547	-0.057483139044073976	0.1584645677171058	-0.12298828485716976	-0.32703630951543483	
-0.36367888563905537	0.3615902006148717	-0.1929887167745911	-0.025020786612925453	-0.5064184592273342	
0.08731127043026515	0.0021485372414775114	0.13762643803612504	0.05989246350944239	0.17611657328634273	
-0.09042358340712446	-0.021856771058944645	-0.0648104065600015	0.051502999632975846	-0.06197723242519509	
-0.0977123749025811	0.02468698388250151	-0.039887934791813864	-0.03995934812578191	-0.18854979313143505	
-0.02450465327514487	0.12192765390627976	-0.1444150570865941	-0.0684724357597299	0.0087393753898299	
0.18175145008553736	-0.17671931159806964	0.16835824384667084	-0.06970886547335528	0.29806671708043525	
0.18455045066150588	-0.24220532282348906	0.25700824253488047	-0.10504274846178353	-0.0015527670564239918	
0.19277459898764293	0.1688638823609774	0.14337259222406262	-0.06498440074281632	-0.07654681733457036	
0.289119182085647	-0.12428474572824737	0.12077739119424442	-0.005065861866885031	0.14476847833365045	
0.018906456625292774	0.03810291623064688	0.06513324620501683	0.004928635543796833	-0.11714411457222428	
-0.03287862342511444	-0.0029751782765262617	-0.13931855752094596	-0.003454933136832375	-0.03238296566416746	
0.06407882671329083	0.1440425443958747	0.006110660814400051	0.020543507314416665	0.12768713882146743	
-0.06932984185149295	0.059951156259146085	0.038424420861107624	0.04538399942465293	-0.047530723702027	
-0.08887403484842414	0.165408646626891	0.05064641600284795	-0.0017224897804624395	0.02424469361433177	
0.03388226120027627	0.053628450362403275	0.09113583995840166	-0.003971284228343085	0.22786881675821694	
0.03304750076850077	0.02517420415667579	0.013854503136975324	0.01978240659556927	-0.12190719852741276	
-0.12703469836342907	-0.2624659348067898	-0.03180703598922134	-0.007585347287799604	-0.223465929502702	
-0.17437959146782817	-0.0032385505936237745	-0.07618060799546361	-0.08809882918828496	0.1319161970795396	
0.29184766979788135	-0.3196283020533326	0.16116438100458308	0.09077447263161413	0.238130704228115	
-0.09130785271772261	0.09208651310401234	-0.12491653624957116	0.004537537646523339	-0.18673011488753435	
-0.04831405474626576	0.15964745829500104	-0.18848717245917448	0.059924919574724234	-0.22610758736782802	
-0.14786937629037472	0.19703570278763527	-0.164028518025146	0.043451981399582604	0.007103179822317156	
-0.01584078976678942	0.21263794657333465	-0.20314858209237938	0.07543787677822822	0.04244002114294328	
-0.19755002748640468	0.28287142768905854	-0.1830158621416914	0.030269722561337805	-0.09495312434426147	
-0.015164874304029009	0.21808837545082058	0.022368071415773367	-0.015075520607239391	-0.2701884519273536	
0.05072090515770722	-0.1432480979034256	0.19419740042659892	-0.050813858610511735	-0.18787197708150086	
-0.10178490107720051	-0.19642436358445842	0.13729220005999115	-0.0036379547466627205	-0.24152219746083986	
-0.23939986248006478	0.13161053522073232	-0.05299822505822159	-0.03529439143082722	-0.35541296957720037	
-0.10798861302647647	0.19488220176731735	-0.04378079283995471	-0.01593085034030299	0.23272590349693237	
0.030706127724425606	0.06220913552680495	-0.05544472272541582	0.04821145271750863	0.4592720422884739	
0.17508463320696083	-0.09429483910766419	0.05932699722580804	0.06312737611133346	0.1982839090002293	
0.12445528140381107	0.05278114272181003	0.1441935800471871	0.057820852295059816	-0.21217672823815148	
-0.05720766618416414	0.05724972393664766	-0.09429230372066885	0.023599183186631623	0.06966711490954342	
-0.1788768960620283	0.08265844132926531	-0.06272621943689788	-0.03454273524547857	-0.1788610863700283	
-0.10148084807127498	0.20675886746110073	-0.073363323496179	0.06618201169881259	-0.16162976030337686	
0.0848911337964834	-0.14088295818463784	-0.05019742917891347	0.0940935906436337	0.07291238226675031	
0.27214447907084743	-0.14432237873247608	0.16590917477314096	-0.04181248067648378	0.005096546495389992	
-0.1096908440004655	0.018128616110009505	0.05696822090103549	0.06725285039041248	-0.27836134850657523	
0.09216124598080687	-0.1020443709234582	0.08590283536175647	-0.003895351723024454	0.16608214810096922	
0.020379377356393107	-0.053482276663575475	0.06715770018662635	-0.08483057301837546	-0.1921346879939137	
-0.37663393159514996	0.26350421641071503	-0.17141482458423	0.03566657901107127	-0.03202812755973857	
-0.034014488736417985	0.17056478918574444	0.046005506859840305	-0.019452792312559745	-0.33283564952910366	
-0.12014623959307186	0.21525744644846243	-0.09799148808207601	-0.013004436828635247	0.21150569303252054	
0.061218126339000194	0.3940212031839437	0.0518937094138341	0.09849836262414008	0.4525397121453157	
-0.14238283633268783	0.0637765654930782	-0.01603698354407972	-0.05632835468249556	0.39491039025026353	
-0.21699315104059017	0.05279985823725055	-0.18406945276611264	0.029331213510407274	0.09021165006207205	
0.2172479343956848	-0.12976772010241755	0.15309580437989434	0.008049621607930156	0.0055200888933348985	
-0.34841168636185627	0.34959823874386337	-0.34487293819521647	0.06374587091138771	-0.5927222625893733	
0.10634338224988055	-0.07106692949998651	0.09548601247167487	0.08373289293159815	0.14090445244407176	
0.16073192416606455	-0.3067161682132851	0.2738872221535941	-0.0039747165183185796	0.3976496432299554	
-0.053907057080242085	-0.019677379719625354	-0.05573702903787601	0.07316106501377714	0.1845031262693179	
0.23117023548040297	-0.3428650802087644	0.21756308573228353	-0.060554082497545354	-0.26501212034271077	
0.10515420215092847	-0.15367596765775834	0.044847949541826054	0.06729904322284261	0.19639419014467044	
-0.09920779525121844	0.14722769621458068	-0.12755560156507662	-0.03786803814795855	-0.08551107724879939	
0.048445846793254525	-0.013533249239452972	-0.023626798314454547	0.012303378920692153	-0.07736835206503262	
0.22854217197988938	-0.31356144808119846	0.2149108025995325	0.1211371966963888	0.34560503561753414	
-0.0586212985780419	-0.002797925926983213	-0.1452500010784608	-0.06980991835745558	-0.08563693152518188	
-0.30636965929247745	0.5127605597255734	-0.21855700438079995	-0.09401031491213457	-0.4428551224218505	
0.4045940580009695	-0.23887064805025038	0.2990113302964452	-0.02253093090722915	0.49087572209488495	
0.11248658933104065	-0.12294716108930309	0.08443373512056909	0.009995955135810636	-0.016717119815469198	
0.2993432989966203	-0.16746017666517327	0.2897841767677179	-0.07667220719675111	0.34422362740961066	
-0.0116599403016439	-0.1533045849121295	0.03474981899045186	-0.0620370276894279	0.17816949474057195	
-0.31041011603477775	0.18115985649228764	-0.2897024008126136	0.05883096374764471	-0.06283651249070285	
-0.23876560227272456	0.14572164993095335	-0.16033886018703852	-0.03304656379703487	0.09409535746771891	
0.06090416845248001	-0.027452896693629745	-0.02054803141876372	0.05709894005813283	-0.01691761005377013	
0.20142432998344495	-0.26088912101732975	0.17657865218032967	0.014351140095921148	0.33324306549461985	
-0.5334548332293128	0.4503774649584682	-0.42537965758826735	-0.007600886122466961	-0.5463443107815672	
0.004366325459768931	0.026245781585116784	-0.09502111643388432	0.07340875966552389	0.10042304865139301	
-1.9761272256631597	2.3090370092748813	-1.6092446113706143	0.015108407051607285	-2.871077145872873	
0.5942791561541143	
