TESTRUNID EPOCH: 95 L_PCC: 0.9031008920563132 L_ERR: 0.007725220621730936 T_PCC: 0.7956841622276313 T_ERR: 0.0154836003078961
180 LAYER: 1
5 LAYER: 2
1 LAYER: 3
95 :ILEARN
-0.3957178621912391	0.11355490720460165	-0.3177504202309428	-0.019685075267728544	-0.11267925008463917	
-0.3232477054427277	0.06916955521836339	-0.17292921764568892	-0.028140876637764486	0.07534272011832716	
-0.05275015808629204	0.24071604733154395	-0.09604382620414419	0.12656499822660694	-0.215498720122395	
0.3856705416597455	-0.1424057066507202	0.20522435618357968	-0.018896303166934598	0.24859363390279549	
0.1461562521605434	0.1907584740821349	0.1661046944748536	-0.0023982842179784388	-0.30428418026857607	
-0.1571678760496172	0.013892839079918924	-0.10092558019004076	-0.03878647262595897	-0.03744825443827621	
0.050191158631296084	-0.24100858325676242	0.22790045420720015	0.017637770737804988	0.2889185500433378	
-0.2685824067534358	0.2320964718781567	-0.12239351283384932	-0.04068760009796554	-0.005091634548268229	
0.1981078323950657	0.0463004759929233	-0.049049354116680106	0.023406829598303012	0.0794331000111676	
-0.1827209100829995	0.07305096633641107	-0.12740055773130743	-0.061911992444141146	-0.34229962811652387	
-0.12978960126188424	-0.0750995330775476	0.011588494221716164	-0.0975627246399521	-0.15390994864523633	
-0.719706324808408	0.5039044793954441	-0.4236156597806022	0.08881367909090923	-0.45825590984562786	
-0.24194043825023534	-0.07324916861434826	0.016078051276755566	-0.0530102206352999	-0.22433022229482547	
-0.4083799740741875	0.465839043411784	-0.2936874039805925	0.09923116192909741	-0.614932420131921	
0.09960763945336575	-0.15548284700129197	0.04745999135007185	0.09481810930080382	0.09679376110872896	
-0.21162357940030393	0.21202644735786616	-0.0033537323645506214	0.07790771301840116	0.13609943597268162	
0.06434548355446351	-0.042480144739481675	0.18367556452736727	-0.029701149501316186	-0.013318148408089907	
-0.10803823839238694	-0.12052526548821813	0.02684386242532912	-0.013049315517425443	-0.10834253511519934	
-0.12055706351818578	0.013317783516288324	-0.043179861123823264	-0.052236231090995906	-0.1302639363489427	
-0.008321329099930845	-0.2203810477548572	0.08902627380645926	-0.15957752873635747	0.08277763276097559	
-0.4760087065686525	0.20858250567411593	-0.13116385259661006	0.03761329303945075	-0.24759343158201322	
0.003972619239223281	0.020100695314638952	0.09432517610698633	0.02161630534859592	-0.08783315478652474	
0.29312742858640983	-0.45290793987293965	0.4280956094442818	-0.026653673753915703	0.054129505325122305	
-0.043360511216147896	0.12137051119935888	0.13493809517512825	0.051023593735880134	-0.2177960766419435	
0.45650420272072484	-0.6011648730653081	-0.025039516538045682	-0.11522763502862778	0.5336736090795692	
-0.6357837006519359	0.5331307752872472	-0.34569230222807185	-0.008927881944743817	-0.4136009335446309	
-0.21097586555041348	0.2554443520642397	-0.08993620872105093	-0.07499830694658388	-0.06225430873153006	
-0.2014167799250609	0.06062422065893999	-0.006707342497000898	0.08158869087132069	-0.16979962055996295	
0.07712902102779905	-0.2094517099883538	0.01427666245162113	-0.1133382464281422	-0.05376977508211876	
-0.3762443048912671	0.18302580505384722	-0.16467675543356255	0.044935111061952346	-0.26270696865136334	
-0.30899995856694973	0.33417782813323516	-0.16396107586930891	-0.03984586672122625	-0.2808113670566951	
-0.1139390287346924	0.09010134344242596	-0.042384404935461986	0.10114242436765346	-0.10891095188326122	
0.09073714232713316	-0.2933341726018409	0.0749881307636056	-0.0014918296646709958	0.1937630348527125	
-0.09285499764140606	-0.048395291434135866	-0.019809193997461023	0.014876597042451223	-0.10838468132413225	
0.31540610457083	-0.3681190388158699	0.39983046326263544	-0.06945477595563594	0.728635512899062	
-0.07019971676268884	0.15324674396622387	-0.11441784857318295	-0.05045114946460124	-0.24087957332904836	
0.045797532632874824	0.09629297875119443	-0.009298548125633733	-0.04486897079842411	-0.16112411194129012	
-0.27358303601891404	0.17421520704536173	-0.15545415421134606	0.03098716081090152	-0.13950498368440126	
-0.17793782928833873	0.0016820780984357455	-0.02246536576204057	0.056064440374515134	-0.033526541543648515	
-0.26981391667900967	0.2221817864895189	-0.3292690931663794	0.08029343469538688	-0.09981922039734634	
-0.11179437939546516	0.07148149490087435	-0.13777887677002199	0.03754922266188056	-0.27190617054689536	
0.02523205625328625	0.022755148766954763	0.09647725685263754	0.1577021720910421	0.2697544255635066	
0.03083954020223787	0.04858030501412312	0.0016253058454471351	-0.03272703565492836	0.021582871086252713	
-0.23441684297892523	0.08966033999490892	-0.11098167255400851	0.14044830583307166	-0.08429802608673655	
0.0443614686889031	-0.06045979071664456	0.06181197241753505	0.048288130642758297	-0.18679416418811182	
0.004197948257185835	0.013755728361113734	-0.01540303918864514	0.12463423744441775	0.10436033735461234	
0.015025891236403724	-0.07030761970675185	0.10124298676604288	-0.009968278462725189	0.34018996540238716	
-0.06549787170497068	-0.11929448892305182	-0.0022438079403362355	0.01386658995903445	0.08911230828232539	
-0.031498021555666354	0.1652043060797943	0.1535228260191712	-0.016575596976255443	0.12981604650543824	
0.060648036279079644	-0.2191578529282512	-0.047743574898111055	-0.032509497265701424	-0.08522817048922957	
-0.016062871084667633	0.0356222760226464	0.0006132210385343196	0.0276699807000412	-0.3160279689890939	
0.23132614391993456	-0.25636917188286246	0.1635819870253796	-0.0018165829021151328	0.3592406613567939	
-0.17481609905956053	0.2647993962920628	-0.14743609796186974	0.045143427640331135	-0.40674745760579795	
-0.013722581606477924	0.2742580464673822	0.2688078782914378	-0.10259608737593352	-0.01850346642541713	
-0.3267417337302381	0.01032213599909093	-0.22190797193901596	0.02729973646498877	-0.08153093646723479	
-0.21186559906599386	0.13362307246530372	-0.17307149109915165	0.038558691041028326	-0.15463471060393702	
0.1408924852169472	-0.05690434186185979	0.0647077914959323	-0.0464791162497199	0.03298999095005727	
-0.13506556930915622	0.21998404699804536	-0.029370664003041332	-0.048698989137078603	0.0965423237117746	
-0.17537315419986915	0.4511044554222996	0.09026021279035111	-0.004356649084416015	0.06641102095355245	
-0.17381125777276027	-0.04401859178042021	-0.22481724868831954	0.0640475831705067	-0.2404253292368609	
-0.0199151701190503	-0.11526630700137237	0.0623722350646772	-0.025943562491217553	-0.10806881351841417	
0.05371466185309197	-0.08887314027202853	-0.10347559983199328	0.06277724504550493	0.13009435648153225	
0.12605518471419253	0.12987804868399921	-0.03195956748460495	-0.0682377253283676	0.18097490553342735	
-0.22948705405111203	0.06312137798759888	-0.28648629145797044	-0.03748749496890727	0.005648280135397368	
-0.14331830681092803	0.031382601315408966	-0.03540361364867928	-0.06765631543239688	0.08693687533604151	
0.10290946833310784	-0.2741784527026629	0.032947936895236236	0.016394483033183825	0.036528560396207554	
0.02974023207861531	-0.26800268307393643	-0.02889535542206772	0.004020719267187663	0.11730854276113394	
-0.16328352370330868	-0.010080270439078528	-0.10320923766306744	-0.012633297445109031	0.17777239452132065	
0.09551531927564544	0.18681393405681018	-0.03695634517137823	0.102291947411493	-0.07098120586612572	
-0.03803891314773475	0.16087871547068605	0.17151676419301315	0.06186466522160246	-0.3003412933165287	
0.1740916690542108	0.0528648798952949	0.15729762345139914	-0.04857154266482447	-0.12136506163534422	
-0.025516669417738155	-0.03794561329128089	-0.012751099577962145	0.07278127085730267	0.044012704648728994	
0.043832256404297956	-0.061086344262621335	0.23414162743680852	0.01832153410440581	0.07903984810080579	
0.34445880828276276	0.05245601804840194	0.36379110966885875	-0.005401931877801098	0.027288418355302286	
-0.225065349696219	-0.1632317260877004	0.054385195848960705	0.022308148987633784	-0.41252696740823097	
0.04605323328383521	0.02394524751592037	0.17056346589907162	0.0196494864415258	0.09544145573062729	
0.1137935905086608	0.037444896986945954	0.26646054243128964	-0.06162817568574566	0.09868899815481767	
0.03254810102027018	0.16825850783579907	-0.1321567060301929	-0.07880255587048006	-0.0403234844259295	
0.08374398995188992	0.21348301414080947	0.040240793716796466	-0.07068837832916394	0.08327412337041908	
0.016568275776141034	0.05013504682891197	0.16808754661684605	0.002358761817451455	-0.08647027523747183	
-0.04006709788417269	0.1669098223931185	-0.129667401264597	0.019714468346130127	-0.16142354211810916	
0.06712283992829121	-0.01329092939687002	-0.012872038366832084	-0.03995088273440769	0.012321067467443856	
-0.28216189385717444	-0.010558210835548946	-0.0846837708975858	0.0846623153407942	0.118556272778396	
-0.17678342369790231	0.10039941303934163	-0.0916984196797491	0.10467208035126026	0.0825617876010544	
-0.2105196229713342	-0.18596579690200807	0.027415089349160742	-0.12396996269273304	-0.11243514739803499	
-0.08772722755171103	-0.19405146064265688	0.056568433365617114	-7.92579025298189e-05	0.1080991379193909	
-0.12377959179803964	0.00950887762984786	0.003298361910343559	0.030487063661778266	0.07289083134538223	
-0.02458392651073416	-0.0814953813512203	-0.2540202347866865	0.07221429343009332	0.23966787905422224	
-0.2399277856104655	-0.08341803715183192	-0.1658603499466688	-0.0351359433472339	-0.07628962802192882	
0.19333427195172606	0.14816130448259063	0.2938181839013538	-0.1505135507463792	-0.4149790706007323	
0.04084580804117822	0.046770935397303585	0.21391167763069102	0.05073724003301235	-0.14595612647716538	
0.1554511656538164	-0.04796730560568955	0.060406555172683216	-0.03671647663431708	-0.007583832650823166	
-0.05901762998867842	0.05735129422201472	0.006923908757293971	-0.07966789532275667	-0.1553721732234643	
-0.10804731799612939	-0.031861344785572905	-0.14560553644739738	-0.0366106976259614	0.10466771066886611	
0.19490316251479464	0.039807867296811454	0.019819605690204377	0.0062193018451826634	0.27298568720805977	
-0.2702954334653538	0.14687128134167457	-0.010904788862781328	-0.07747286510105458	0.2588655834423013	
0.057005485677394226	0.22926737183432633	0.24807482178375806	0.01029376316324992	0.4574281705282294	
-0.021762914233172025	-0.08800433462025763	-0.2131388438466101	-0.0019145453895098104	0.08341148982758138	
-0.07901198942227634	-0.05625542459784717	-0.13793780736751124	-0.07282872881482766	0.03440552950449745	
0.14004359042500575	0.2860451560532147	0.31230244212634256	0.013441028777967559	-0.3551387026780062	
-0.034785011750155824	0.006770383338915527	0.0033433440761960627	-0.07681327741018305	-0.08857837656224098	
0.11642285705957432	0.0049730628040057885	-0.047053864008632346	0.07957163264729378	0.03252997273182713	
-0.17062024176044294	0.1503799479441667	-0.38450235508711406	-0.02759010289379735	-0.05469682815192972	
-0.1797200255922387	0.01957407379574026	-0.2507761379404941	0.04702515874758164	0.15344569608514808	
0.18246578540056382	0.14064488384759577	0.44496112558194806	0.00128752277781826	-0.41758918036360043	
-0.11873661435372261	-0.09156731710700945	-0.07999431597665249	0.001602962797731301	-0.05722023902447153	
0.06057379129153552	-0.14684338099386915	0.15743545560308336	0.07653628841727737	0.17069248724631106	
0.07242889135543319	0.05129487786592067	-0.267359981415517	-0.13963957709147568	0.2518361699546398	
0.035706426450566736	-0.07945969126747043	0.043979496927738386	-0.017734065337259703	-0.009683457002920353	
-0.08280451752345092	0.060195999775976235	0.07564726257477397	0.08228122153312044	-0.047553382640886856	
-0.17497555640551188	0.016308614411238712	0.10327315208986014	-0.03468022056098207	-0.6184334508514294	
0.15891239246763308	-0.08348911340645214	0.08307381473828487	0.07135808355858256	0.33590023818974324	
-0.13411250633185964	-0.02154121079147717	0.13735318246184114	-0.13357241368176284	-0.44023363795939474	
-0.5021463657901001	0.25666973327262355	-0.09544756022592492	0.0980350024718103	-0.6576065143496775	
-0.020837654107737056	-0.023299146147679056	0.09612493803512762	0.02768586459987334	0.06610671111972351	
0.05643835823036179	-0.05521260098157769	-0.033871273916814895	0.030763225269702432	-0.275572925300146	
0.05706120821679754	-0.008849609623953278	0.011527909485729968	-0.02926234355754677	-0.27953636032121004	
-0.05658747210823787	-0.003556590427552059	-0.015256934579163394	-0.051302088229172	0.2036329811227247	
0.14905300542503438	-0.24455819803893977	0.262702041631269	-0.07502089537617228	0.17025842195008523	
0.20152485959587868	-0.22526893412023044	0.2551029851504198	-0.13283169692301783	0.08694039583656472	
0.11010655673545924	0.3182704324334582	0.11176544919143959	-0.07136113391695853	-0.082168825794083	
0.22322795704142456	-0.111817888344449	0.170512466813464	-0.02471405938720734	0.12397082463786534	
-0.15777709566327897	0.229745570335561	-0.09531709383616077	0.05609377622743402	-0.3597347531212623	
0.10472023571553467	-0.10331566829030146	-0.18145089368576356	0.037233930742228534	0.10771248010142165	
-0.08177414415258866	0.14350407859439732	-0.15338169990228048	0.006155592329188937	0.2258283609415688	
-0.09236058852753758	-0.010171575468171705	0.0519085922346258	0.06395063419756822	-0.10869790588608773	
-0.172271629789434	0.16134660600590256	-0.030281006963224912	0.03426158578778901	0.05547618466287262	
0.11511149894964982	0.08402483954244483	0.22200883804502608	-0.020473965395256588	0.22342983040468278	
-0.05723641154773514	-0.04371478330721554	-0.008553325478709715	-0.01001996104561751	-0.1278097802717334	
-0.017311738735818306	-0.2121326286405369	-0.0496581207926007	-0.036771541975361775	-0.19024826560200553	
-0.12074182635055981	-0.11099735936261283	-0.12174740900548182	-0.09841439174081201	0.17659396927541154	
0.29227736435311763	-0.3844694291577924	0.25645737258892504	0.05109268217426109	0.23578387559563987	
-0.009413801095376564	0.062360506440548524	-0.124483201287893	-0.016886667790802876	-0.07523787798166838	
-0.27931106011129936	0.1412026682294612	-0.3121070673566179	0.03419237414233853	-0.31097314439144597	
-0.2700945913033998	0.12587490744638022	-0.08551848044800626	0.0939302664430024	-0.05029175000471794	
0.08494665445833105	0.05387970382301144	-0.11730053711634547	0.1132710941899369	0.2592163058426009	
-0.27106111927116816	0.21519498059188139	-0.23753740806747084	0.11692206594593181	-0.05395849451554518	
-0.0706209506673406	0.23777043362700068	0.10672190202089904	-0.09234225188974804	-0.4799674181853535	
0.21446202916421928	-0.30002831906171146	0.3189359679293476	-0.16965885622021692	-0.06088113772479918	
0.010932329731716917	-0.08931476446356215	0.10256852484089803	-0.023170386600301754	-0.1695178038221508	
-0.13641276851782477	-0.013578596585085584	0.110313943145764	-0.035693941630832525	-0.2936723416809339	
-0.20886053140617739	0.11239945878913866	-0.05974705000913076	-0.015668840707124296	0.21587564433438008	
0.06503094716680394	-0.02002767764481097	-0.12285906972656908	0.04011113820547906	0.5106161038921624	
0.37730749483208104	-0.04595445917532625	0.010260308417921202	0.013147011570151345	0.21295838205411485	
0.0941664116385149	-0.035039321544332404	0.1873586068452974	0.019555358910856045	-0.2016898119681297	
-0.09703555305709406	0.09098502097444534	-0.17137054538390403	0.027577540860697563	0.05867055526205841	
-0.10703528660058251	0.026476424965091887	0.009591775631344815	-0.034251809060098455	-0.15005714776763715	
0.006701047993288209	0.21285811767553944	-0.09712588173900522	0.058738076614002974	-0.10249871509617765	
0.05646231818541126	-0.09620868733119967	-0.1213750526904364	0.08177085214715085	-0.01583220501031959	
0.2059186091931398	-0.11576116911184357	0.17219867356020027	-0.0481565206473687	0.05053569202307872	
-0.19123053880586716	-0.022811972595521916	0.08353503986214472	0.09793817749718835	-0.22682408009690655	
0.13706750086655406	-0.2033950790766254	0.04970052369139621	-0.0373948677464009	0.2346810043164972	
-0.09973207042508438	0.0024274738377709913	0.04882704776145601	-0.0797421817712363	-0.09336015684617614	
-0.38686499214792175	0.06678574843097149	-0.08388467359345834	0.04019005831614089	-0.1781285667527111	
-0.03196567283688187	0.23738301692952116	0.12244986565361439	-0.034745444037375145	-0.2836033235999946	
-0.23995286019348658	0.2412252592072653	-0.15097802013441539	0.007879167521956828	-0.012185736054625147	
-0.029796028856083893	0.3336620512224214	0.12199847880032536	0.09940351624049511	0.31652882991785186	
-0.14856188302925052	0.011153596271488576	-0.011906631200556904	-0.08149131661347875	0.3068750823719661	
-0.000317036295519339	-0.10538209549635985	-0.0705022162541632	0.010816882159062043	-0.0063172222794995216	
0.20886764743341682	-0.18058807426837073	0.2504145531220594	0.0010629937229120153	0.0670446968144641	
-0.4133392717214727	0.3377979376165659	-0.38205694812835883	0.11478043040931282	-0.7809101699593495	
0.08506521494172066	-0.10898478122975057	0.09104996417311714	0.059950807267600825	0.12097467771600248	
0.20896105093186237	-0.3541147407579059	0.3148184995674871	-0.09125645935368207	0.5158801177956882	
-0.02305188238446744	-0.1198875608171267	-0.0028804864255442394	0.027790479949242386	0.25224969134181124	
-0.10928634005592745	0.02766516032254512	-0.05471956320279935	-0.0718792747640728	-0.47961883959051493	
0.1057988135340413	-0.15830174846659967	0.04920371450814411	0.030641110055818276	0.17721463998947384	
-0.1782844532779985	0.16018770272328772	-0.16650905464566773	-0.03151299814555869	-0.17446155029824412	
0.025575100860509917	-0.06817663704669075	-0.011049788494465161	-0.024077451707149908	-0.1189898653690023	
0.1693880822058672	-0.28801979362454583	0.1902388271859145	0.057315425789304375	0.32786533868336654	
0.0876054931887157	-0.044490593852925364	-0.07078113869969752	-0.05444986773589174	0.06138207974051374	
-0.2943101013250149	0.5083505426018291	-0.21058514502086112	0.02105937407272476	-0.5587304112784923	
0.43949113538488854	-0.27023281534753746	0.33547168085817636	-0.10490681168307878	0.5361129723505849	
0.1701608421829047	-0.0475006169898965	0.07847605602950714	0.02837194429366388	-0.04395459256144746	
0.29391735614786396	-0.18506394779339078	0.31565140193884955	-0.1027706099614323	0.4024353325284337	
0.026990252422573035	-0.22617144808753653	0.08597931834661106	-0.11758466171886933	0.2463898565423492	
-0.2919413001571161	0.09315652801378156	-0.2705459717721403	0.0577822687865274	-0.012443735054273066	
-0.1688723131996157	0.06068007210183662	-0.10464609416083855	-0.013872969672029552	0.22135617770430843	
0.00774306157854574	-0.03500409728740369	-0.017757252521300164	0.04521589022613006	-0.0280380562766461	
0.13559955520489284	-0.2264434523294836	0.14652878765173113	-0.016597275774602502	0.35746887453310944	
-0.5102535105782221	0.464487707837471	-0.446305427177219	0.09359272982445378	-0.5177793949980132	
0.06971648747740378	0.04794248937702686	-0.08420676370274403	0.09779590977518567	0.12034952935984389	
-2.176003769576173	2.275822033563857	-1.870467221216966	0.4835964425614073	-2.9799141482703053	
0.5651477744790468	
