TESTRUNID EPOCH: 88 L_PCC: 0.8973530374245998 L_ERR: 0.008166247996724826 T_PCC: 0.827223983900144 T_ERR: 0.013293198337605667
180 LAYER: 1
5 LAYER: 2
1 LAYER: 3
88 :ILEARN
-0.3746585316848592	0.2696981798831855	-0.2608895457544781	-0.04724458479671694	-0.32404997230475596	
-0.30139499842811973	-0.005331148518588376	-0.17030657800090848	-0.040520965058930804	0.019721966114907282	
-0.22426111909746735	0.32196130817867047	-0.179457393548184	0.0856268861599489	-0.2149568448875248	
0.3564562978519908	-0.12459665187909336	0.20206179925582735	0.001163108822104616	0.33542912583557494	
0.08358213981460395	0.19086477374980965	-0.013526207823955376	0.06378448732105857	-0.17255759831766165	
-0.09580816609735392	-0.037015402799174354	-0.1743785369114945	-0.058632876716089785	0.029908424159286382	
0.03213333767738809	-0.17434952772236145	0.18239602498130347	0.04632576598796019	0.3136045108555724	
-0.19333637093838296	0.09830358222002715	-0.07781478178572188	-0.09601593729784816	-0.18878490619277946	
0.20349160027777224	-0.07276450490745952	-0.035326259466979024	0.06861089940308371	-0.04678460520666958	
-0.15097255103802906	0.07876481981796632	-0.03895871701886465	-0.04067001275148049	-0.33616758028961724	
-0.2008708837598858	0.10070607924505919	-0.10320613856742428	-0.05815073337664151	-0.040475438617550964	
-0.6112808147757518	0.4724575989252554	-0.3672574330303345	-0.023723655633149706	-0.47903748040307403	
-0.23316999124061907	-0.021377243010751397	-0.018319719491731966	-0.028345602259250764	-0.18957301260236772	
-0.39273411826558635	0.5809198403371881	-0.35060825069050505	0.010227606573973095	-0.48354423700144805	
0.0986932599834747	-0.1312519668119202	-0.008434194285508742	0.1042584442791902	0.07230991556983049	
-0.1382949069928801	0.43335425610482153	-0.047843911476808706	0.0561754479926526	0.3018329916813389	
0.05579920611818617	0.1704258368799429	0.09576658373638244	-0.023421077505399752	0.24578232731910102	
-0.04615207357406339	-0.02768536858520756	-0.03752461873829334	0.009344695437301834	-0.012062337591244856	
-0.11267855975874941	0.07659553886350119	-0.14074401567700545	-0.022417739449678387	-0.21022568404332817	
0.012160589471801979	-0.1627386400946547	0.1633126252769135	-0.07534632376407854	0.046895883591262434	
-0.3399366114940883	0.19344449332442082	-0.13680393348832395	-0.05663283785091724	-0.23971098149559408	
-0.20097936292969928	0.06830459243168084	-0.08005089750609214	0.04097318470128601	-0.08702243592666237	
0.25012418613053694	-0.5340572877209837	0.28862542672009134	0.10107576550638796	0.1663414634799705	
0.10215835289364542	-0.09520027100645337	0.1249755392965549	0.08263443537674799	0.010346184288484253	
0.18911087365748208	-0.37039643465992034	-0.009928730362680244	-0.010735652740589068	0.5205634929233072	
-0.4913744603155853	0.43669537520240564	-0.2526305801410418	-0.10796371240243742	-0.4352139076524978	
-0.09203595463344001	0.1412523973030618	-0.07320439280518115	-0.08515434428434122	0.016909433656846214	
-0.18371705207304034	0.08324377757530213	-0.11160340535540814	0.09110789351975575	-0.10215423524292151	
0.06361153042926461	-0.1923947161473628	-0.057367850716198134	-0.045671592341137164	-0.0020572631276216265	
-0.29312976052633855	0.16000040599073465	-0.029912603313305922	-0.02694233573266584	-0.4224061135370699	
-0.1488202502227096	0.3916707791197876	-0.011949866976835883	-0.09520964402364156	-0.27920706338912443	
-0.19839673390517026	0.08634457352757544	-0.143615957519921	0.0945612631321933	-0.11448953848428352	
0.04945495332271955	-0.05973267827202591	0.1080452045946983	0.04649557654011895	-0.006610512127428694	
-0.11921481576762936	0.01969715912551154	-0.0035510390161229417	0.019652916293175626	-0.08986096750162961	
0.24807493490819263	-0.3522906834690947	0.22441203024385317	0.03198769816976611	0.5192260074163718	
-0.18677172853427004	0.13753758337565888	-0.25330712708147324	-0.08833097033240786	-0.17810204013022868	
-0.21122614411117843	0.07560749038927549	-0.1765080309710969	-0.10508728601693534	-0.30941784485053797	
-0.20079543588316104	0.1801914676681655	-0.1298357399733578	-0.0027708663181519634	-0.1894241558863139	
-0.15458720895335462	0.00525745360709438	-0.00470441489020883	0.05285111413528772	-0.033345381922174774	
-0.17416481526087427	0.14840447033620005	-0.1908288071550051	-0.01785089844198921	-0.24051769593097647	
-0.1630976898622089	0.09901337549687572	-0.11161262927564594	0.0015002789222029168	-0.37367611138355544	
0.04881765154722182	-0.00457085149017878	0.07267154687135587	0.1274077051208079	0.030526546278145307	
-0.0013974270981528256	0.1669898575137332	-0.07283697473759188	-0.08156882200092759	-0.044235775984871835	
-0.3506993284752618	0.32014754049803734	-0.13048049348338633	0.03927191310044945	-0.14720065271506338	
0.06106112415195945	-0.0244450233735248	-0.02126809096281319	0.0861463968655975	-0.19206201188242875	
0.0567923868389527	-0.07140741308068801	0.08497201858055617	0.08372553432728976	0.003480526857546873	
0.17214659636156038	-0.20147406480346366	0.2351883263629093	-0.0030239941552108176	0.3691224237616803	
0.035648318518224274	-0.2008852264272213	-0.08249785194267248	-0.010520303402759688	0.18945668365030252	
0.12366999909847134	0.032612349930232765	0.12729686149158811	-0.036908889645598936	0.25121382602447345	
-0.015461157848949645	-0.07721674998052687	-0.06969444796238781	0.026432176133272305	-0.1658818460243952	
-0.01993838895499524	0.03198141346139566	-0.011271464077303483	0.10285450603977399	-0.20297500879990635	
0.17574857736136085	-0.180097696136306	0.13752617904282174	0.00013439591347434783	0.09756072931495745	
-0.17671177950811795	0.2542935452854097	-0.15498708028293537	0.012392014917151478	-0.47536544946559633	
-0.008680503053835225	0.4215529675302163	0.027844132398704972	-0.004848386930375399	0.18311107482997133	
-0.32466814287240503	-0.0756807379672024	-0.08336012286208767	-0.032073403155557685	-0.061466103210087164	
-0.10088089348645508	0.10282699874611598	-0.1357906848590996	-0.055388163575377763	-0.0037872049331555413	
0.15332241559723453	0.004341523494932567	0.07199598439025688	-0.052072641385638725	0.039483876869554534	
-0.21111841208513518	0.09264132051586983	-0.025574041811261772	0.029966381958202063	0.024607789848689107	
-0.04173881851829175	0.4056118538126952	0.0009400505662110082	-0.0062665773286711	0.044334973644579716	
-0.04872515913043155	-0.13378527889192338	-0.08808733724355863	0.09112119089576778	-0.2370953408551221	
0.13677464803323675	-0.10483634659125067	0.09313095190729016	0.028206398303837418	-0.15390122022233282	
0.06869392228859553	-0.08364693711420275	-0.009952749201057562	0.04508411332371624	0.1424129663699909	
0.041280426028191354	0.16689350821502824	-0.05495472896620274	-0.0818071995180585	0.10759489426600446	
-0.29336350136486017	0.0902300562095211	-0.1681283919388091	-0.06820670770753852	0.01213380536041559	
-0.12321655745471043	0.14795734624302076	-0.09453738180365116	-0.07011589217536535	0.06839427457142336	
0.10555691610406732	-0.2102766538572131	0.03585164576379656	0.021812645294988345	0.2703405193551641	
-0.16124100802384347	-0.03419670929578241	-0.15868373175544395	0.003877229158121709	0.05894889181952941	
-0.20253709040236265	-0.04204993039543009	-0.1022745550172603	0.050828741842564605	-0.05051465435208519	
0.018203588509615443	0.1847678481638918	0.0026264630039109817	0.06171009954243543	0.11626170130732913	
0.07321456341416994	0.019017785861325368	0.1731527482767837	0.08761572938026686	-0.36075518013586066	
0.07492739839741605	0.0944224035441802	0.024188802250617057	-0.026925776000768422	-0.042212230072002754	
-0.041539905108257086	0.03321390922282937	-0.012339010591245866	0.06758834750241878	0.13779020213703613	
-0.12887314752213794	0.08866728418164731	0.030346672032887337	0.010240948817841962	-0.10165920707003358	
0.2682897429850293	-0.000633253541246775	0.19531768394574806	0.04373762082125635	0.07703151088575043	
-0.1337347050281988	-0.026100012960921886	-0.1098287767784359	0.06029747838192738	-0.2705707936543989	
-0.017707815563745614	0.16318933366431668	0.08042073787512685	0.04231810801840511	0.04548265532030792	
0.0775672336514337	0.10920166414630228	0.18764982081048762	-0.04678021214232561	0.07102675402620083	
-0.005423225619103719	0.2069745555396638	-0.1919074804226222	-0.07747067885793951	0.01505241035389701	
-0.04432088820042628	0.2957953604067912	-0.026572863386185062	-0.0889908088626965	-0.010250613555966091	
0.14419432430068035	-0.06254306546837292	0.20387645178282449	0.03123823189004404	-0.239650635367108	
-0.11416282592613375	0.07831841167009142	-0.1549163449125041	0.04733853498877726	-0.18285909842771977	
0.08666848179335536	-0.027910210579101737	-0.050851437293885804	-0.07473404103740024	0.07298687932308769	
-0.1570225948274508	0.032376615681696995	0.011795317940645577	0.04466706272683704	0.08436628564743577	
-0.13675905479720915	0.1232874786856419	-0.02911456691008241	0.07876057316168308	0.09060728583789801	
-0.13200760166657435	-0.02497024757023781	-0.04703721047014664	-0.06265741539242668	-0.11758250150951155	
-0.05536718990877597	-0.17628644607406246	0.06814089151270783	-0.0041429941278999785	0.19723324216966523	
-0.20272963989878473	0.09445967057488479	-0.07401174070988004	-0.003790623838970238	-0.05980699499301771	
-0.060501083451126994	-0.016470483166130926	-0.18663679185826418	0.07789624316680968	0.19051476844655268	
-0.09294548948056369	-0.12345415573635672	-0.15195842934314974	-0.11437356337689879	0.02508072653290146	
0.1440494659016303	0.009998731371995598	0.16686622350087157	-0.06306628692561658	-0.38138222819095047	
0.07358888353265773	0.06625214447223735	0.13129009503308595	0.10488311194601468	-0.06928772442247823	
-0.04013868955457063	0.10849757796527869	-0.024100171661256324	-0.043149953240278476	-0.009766070145884865	
-0.01861599145634023	0.030147342613934494	-0.07655373835996239	-0.04506870340894173	-0.14776341809242863	
-0.14572500113534295	0.13363589260502018	-0.20735403808978523	-0.026143563517675137	-0.1509346639887407	
0.11780529463889805	-0.0535839202412965	0.0473364213215505	0.03773369093931788	0.23704872618730585	
-0.2173147814219158	0.22853284693556128	0.05053892307703221	-0.08235649935077802	0.2624193316081092	
0.1019628514548939	0.35308505459016515	0.14490988557424295	0.06305942255263684	0.40961941742562696	
-0.002898726970112093	0.008682107147246007	-0.1996249921245463	0.016484786440038833	0.10032264300733951	
-8.253327434406928e-05	-0.03569828065917231	-0.14846967863311597	-0.08352090970971739	-0.05118785154626752	
0.16711003714841802	0.059940829763127625	0.19798204829504576	0.09946526898441758	-0.31022270277677405	
-0.10155438483431534	0.01660972207093876	-0.005660956210996214	-0.042690723331143855	-0.15289061109383897	
0.08095795913005913	-0.06782062857810936	0.020858741538844556	0.08751318243226609	-0.14403236168283703	
-0.16244039618756942	0.19491317551577095	-0.23534220946247916	-0.02601894026619227	0.037096463252731776	
-0.18190307773914172	0.15214788264086634	-0.19693104817815843	0.04857550797621404	0.15016723732547077	
0.1339395567825592	0.10312331771982618	0.2516896506648738	0.11453812455702173	-0.14151743751893878	
-0.11950829013425282	-0.10177844252821476	-0.07876163642686325	0.017680374048692105	-0.13282625873114537	
0.13240642060556154	-0.18660305565092533	0.15873644984361265	0.09723069640012802	0.07409990983517863	
0.07756892206735257	0.10858792055052503	-0.09378471148737702	-0.0484264336092013	0.31688373712420126	
0.039838229236616084	-0.134803995477066	0.01227892517789682	0.026793436941574492	0.08347410722404824	
-0.09381981058018943	0.11987855260979399	0.015201333545072249	0.058897680267110224	-0.13476446874331136	
-0.23215002535661067	-0.001141902179126645	-0.0037658338056083948	-0.07178093619361463	-0.41875118059157324	
0.20685963386678488	-0.20123165221089745	0.1950795453106482	0.11941112460134791	0.14853505224782135	
-0.2774276960997724	0.06036850129034675	0.007775735549573799	-0.1469466176766721	-0.3467105266872878	
-0.50677873277957	0.2590197954725629	-0.27326874378182225	-0.07113710613303582	-0.5909335685388643	
0.07705671008991385	-0.033007907771507444	0.13565094177504106	0.07578363686628094	-0.018014698133310147	
-0.04557950407961328	-0.026872533316404622	-0.009186501429832345	0.06266021199833136	-0.1664590371104986	
-0.08277958479666642	0.05023276526510225	-0.02140889676705226	-0.04700304868278853	-0.2619055311756434	
-0.08623461163481883	-0.043185211492961624	-0.15567424637927768	-0.06580844250463118	0.18602600762272664	
0.18210147107005156	-0.31041353623422024	0.17914354069616875	-0.05902290245863592	0.2466900504287082	
0.24953657771007504	-0.2530963325166916	0.24911008773282597	-0.09233818941092753	0.05928961045087298	
0.06376143387330342	0.3965505265494577	-0.04788262472190179	-0.06519356309389233	-0.04804056888068649	
0.10486813553000675	0.06630015356272428	0.009456949650528994	0.004755583196949898	0.1536416492672324	
-0.12346460559412192	0.11398643513061167	-0.09118338016325606	-0.01811817160177431	-0.33435105062202114	
0.07863430515621692	-0.19066443967693758	-0.11970332077785778	-0.013494791263592935	0.07610162958272956	
0.06604153651347282	0.05027523136141613	0.015094021159215336	0.04112895726235948	0.2585756956055672	
-0.1762083051839026	0.11903131191370599	-0.0720545801015512	0.04249539578740198	-0.1988740355429008	
-0.1908894842612459	0.2620678758267493	-0.04765246900399181	-0.014262347687425982	0.00895896846943285	
0.13738027556325283	0.03701144329494365	0.08611064918142504	0.01621787964828914	0.2190197725362202	
0.023023352892747664	-0.08264253544691198	0.0318216252621092	0.044017386015325004	0.0018679648761477402	
-0.01793418001825528	-0.26167636130691435	0.024399187791936616	-0.00691950839988457	-0.2537650739696337	
-0.05406925219460447	-0.08052129039011788	0.06858983417515656	-0.08500306791402289	0.12002043980870293	
0.3519866024820383	-0.3989557048879081	0.19209142452016753	0.1320100158225157	0.5164628391158186	
0.0636254954066283	-0.01634365775701873	-0.03313563058911281	0.01444225380795851	-0.18207726976799146	
-0.3335074237563379	0.3323156195649475	-0.1966160535382879	0.06119303729459617	-0.4600915986652928	
-0.19150789108662666	0.08554478107856434	-0.28277401883065983	0.032370266042742936	0.144373043733745	
-0.028812104969584185	0.15204144039111506	-0.22517673128855165	0.06651537979187147	0.13191772666364956	
-0.1327627096915181	0.1944110173630528	-0.1444022403034788	0.00659051962409861	-0.054165888973943734	
-0.0144737412442821	0.10813840032029079	0.024100912429798966	0.02760447366241744	-0.3822992646189293	
0.09826408265083937	-0.26101447332948485	0.2954941439665564	-0.003937643443843913	-0.13458214482543465	
0.0035173086648498763	-0.15667425710317734	0.16057810846469692	-0.006006788189196299	-0.26492245846991197	
-0.21844012748256164	0.030112212819679792	-0.04785126809919315	-0.05470347970895149	-0.4316936996005902	
-0.047704705284730524	0.2059582870522549	0.037364266885549245	-0.004673161644085583	0.31824465619880804	
0.0920747575154164	-0.002744394254117852	0.044095086536248426	0.053204686423476165	0.3535979703229528	
0.2215912940532431	-0.06891793130333577	0.1563619901673168	0.07418713584373739	0.1326781424112973	
0.12055839399392823	0.0794247380414694	0.03285192618611372	0.07469770944547006	-0.00795518367492247	
-0.031159782157212556	-0.028624335560711756	-0.025019317438254918	0.028384014159493497	0.13219535160454823	
-0.3145164884182377	0.2269788748435426	-0.033914883590098525	-0.051535845746650585	-0.23678475021256162	
-0.1822906521450978	0.06900178582168055	-0.05632500908918742	0.06017015968259371	-0.234395694527318	
0.1049475694718015	-0.18940850456953648	-0.004293635090007312	0.11307446594084523	0.01016488891987354	
0.298002338884932	-0.12468591047208008	0.07146573788504111	-0.01818940657881984	-0.037471601055095054	
-0.1052923540893561	-0.015449285107689656	-0.00422653662384928	0.08007554668252914	-0.3445777742795018	
0.04502546939024321	-0.01103530174253844	0.10632536634534218	0.0019511646655054355	0.19013615174636508	
-0.025022420801531938	-0.10170985838602577	-0.011041565484352752	-0.0674636309276516	-0.3357729268697235	
-0.26967778466362025	0.16294194676921547	-0.13777685451912453	0.052993782098983346	-0.01154246790291272	
-0.18186358976828043	0.18650325072417648	-0.058859883314101864	-0.04718243802740355	-0.3703685108809999	
-0.1331544542222704	0.2665453424911045	-0.13684365013209518	-0.030739064690888173	0.04587343775810881	
0.1691475545012732	0.4939674173212022	0.060961757498084815	0.10278961983446347	0.34565676168770715	
-0.16157786519808912	0.04399597440145479	-0.02991367282712894	-0.051478928789330726	0.36718627768840933	
-0.17660318866392188	0.028128718681959097	-0.19100412968132957	0.03262088414989141	-0.05619066858011568	
0.2330080706093785	-0.07265293019528528	0.05376919277027226	0.019767502865150617	-0.04990835443653823	
-0.41653526503887395	0.3779507376697943	-0.3257344954870085	0.026435585624902412	-0.8052541004959143	
0.094916960173224	-0.06834452058263688	0.07162756554022272	0.10053008434161419	0.14225460025863418	
0.2105910454954477	-0.3888630405504963	0.3375428744714332	0.04206210874501438	0.4730158884102166	
-0.06181521033112553	-0.05493903637689086	-0.02147063876231565	0.09521170997357446	0.20579569192711616	
0.16705788461240215	-0.39631086841038715	0.17718231975606835	-0.03146009456756278	-0.4174891301914077	
0.12781764292842984	-0.16940649581310277	0.04015732910651466	0.09047047335108015	0.19252162601496356	
-0.16725857160074473	0.18300271133963109	-0.16490108134790954	-0.0391507365988677	-0.18807228827933226	
0.02531829035773149	-0.035984263213303815	-0.010895495563373261	0.026891940677881473	-0.166145310745482	
0.2371137363568882	-0.32588838491596567	0.1865737614905789	0.15869955119539111	0.32158064838201633	
0.010961248645830821	-0.049091873550678386	-0.13245416952434913	-0.0790228815156711	0.16252095003944503	
-0.359196937779963	0.6286890207834549	-0.31171439563889164	-0.15323131897542816	-0.4817546555220142	
0.4566572658709939	-0.3088130288042513	0.3179874787788848	0.026384701427080062	0.5532494874712159	
0.17617367169215478	-0.10020298578442345	0.030132483546933434	0.004888044745462225	0.059200322203889794	
0.28598739395933065	-0.12707800924809354	0.22000201089487986	-0.06615445423320156	0.3590370759692408	
0.0028400406396299894	-0.20737726279505664	0.07272480670744533	-0.035055066601664284	0.21588875611107386	
-0.37877702576546673	0.20603766427146017	-0.23613894150099324	0.04951719075261743	-0.15258960075806022	
-0.2638412262632024	0.16109794358841853	-0.0734539352941679	-0.04807895972397589	0.11830912099243181	
0.030941573004856365	0.019499165962343513	-0.09120078340010711	0.06441522418335825	-0.0508856628343937	
0.19759511830028373	-0.2323309318344905	0.1236192224387716	0.031667854959582	0.3586931152941482	
-0.5913976942767041	0.4928388377716981	-0.4474932282921172	-0.06288066975987393	-0.43993599065681344	
0.0594581422080336	0.040977513067073805	-0.03568516378399465	0.0558628225594266	0.09081046685079742	
-2.039824871014087	2.538112540720224	-1.4868208412832309	-0.18691727262951116	-2.9327144857748646	
0.8087528843599969	
