TESTRUNID EPOCH: 96 L_PCC: 0.9106794404198572 L_ERR: 0.007152767199671535 T_PCC: 0.8055755001003537 T_ERR: 0.014986547416133637
180 LAYER: 1
5 LAYER: 2
1 LAYER: 3
96 :ILEARN
-0.38440225505280806	0.3094169704197045	-0.3345116284805475	-0.029352129473499463	-0.3836867306026742	
-0.41757189415718676	-0.03149419399144688	-0.17067426253349902	-0.029013846667222374	0.07578350808311955	
-0.03621647957504682	0.07112653327814294	-0.19108320509677865	0.11825234911122143	-0.5675644752268424	
0.4521417076695035	-0.3323567246794457	0.2643317774227838	-0.03707108308463223	0.2943812962296006	
0.02472542638324106	0.3498806285767783	0.048428277063217014	-0.028550610740745094	-0.28346646609256115	
-0.27470610781411814	-0.04418852914742937	-0.22098230179288825	-0.030746322609954604	-0.19091473204128348	
-0.018241411712439398	-0.3283996579965293	0.2499942728493914	0.023840404356858906	0.19958148884310917	
-0.2964042535310214	0.24532704253626741	-0.15061841944787666	-0.07508293366062885	-0.028554452377740444	
0.21814702366167463	-0.17089533796766765	0.09228006537071101	0.03366964853413686	-0.1822096483589479	
0.01617503183025749	0.06882336260034987	-0.10416610196365593	-0.05914652249703377	-0.4233461026389594	
-0.0905857356907477	0.010404094357113834	-0.03502291424862618	-0.055537911069399516	-0.01898198159248151	
-0.6006305218875916	0.34457545547485036	-0.33418396659286576	0.04004375256470436	-0.49145837549510596	
-0.17099004607147006	-0.06980548728721485	-0.032802022648935496	-0.01819665408592225	-0.3222647563201004	
-0.5203403662370487	0.4690691762466084	-0.3608545981008913	0.12368324443017593	-0.64129244645993	
0.1835386195370592	-0.19837981227323806	0.07007153599865708	0.0745220181092333	0.13999651443306652	
-0.1615353659855095	0.3294883506342292	-0.08718462576100268	0.05679041889523032	0.10393782088486425	
0.15868594131257194	-0.019849110210988	0.11644077737953432	-0.03600151706490646	0.10169764807086154	
-0.1362940531165574	-0.0393459918130464	0.0485162019530183	0.006315663174039013	-0.20896210331356202	
-0.11021556373912118	-0.05659520527079691	0.01796882534851223	-0.041745264936842025	-0.3809541823823826	
0.1290254638056186	-0.10651143032005303	0.0965854279412947	-0.1499540595596101	-0.07160477978405172	
-0.3493370008412504	0.1614515649965887	-0.14407296970464198	0.0257016402395197	-0.33210715932256213	
-0.07047297803596324	0.017137098122570325	0.09713534642234307	0.03575700733431002	0.1004781644369378	
0.175800076927287	-0.5076271810665446	0.39063897574638623	0.007556807157101493	0.192464682300865	
0.01227691404213314	-0.027553877531777057	0.19149502375320432	0.04235468129759133	-0.03885154797814924	
0.4252874155969648	-0.6936186901251038	0.19388818552257145	-0.11757641447363955	0.2944478665657514	
-0.6787098086206494	0.3634698137141059	-0.4245067424665936	-0.008161973543608023	-0.4847114079081251	
-0.2037522153305327	0.14551274541048692	-0.07454667132723303	-0.07663519508831781	-0.07033369174935623	
-0.22991866781592046	0.0821090385672627	-0.06690335114270884	0.09147752250334636	-0.16888383121584646	
0.0036976361723242003	-0.23819701383480196	-0.025973142700122045	-0.0914332662573119	0.018599997854321655	
-0.27721942420599743	0.14946055420699803	-0.20916914257765262	0.02443233021275588	-0.3317432782333709	
-0.2713034159734139	0.48701021358877805	-0.1912247480239249	-0.06903689174608262	-0.26783506321965234	
-0.1673759913381976	0.03782486633915016	-0.08150838851039663	0.11244058057213786	-0.023997729261210507	
0.003989945402793314	-0.25169489748863166	-0.03726602874619078	0.024973580022813347	0.16036637120333058	
-0.1156907231790639	0.08254797191268903	-0.0435531013594822	0.005491385371254299	-0.09925334860676832	
0.14892586519808143	-0.32836052932228327	0.2622335470890981	-0.028896688610797052	0.3784867466480102	
-0.18345263057956027	0.03902642499101526	-0.13540308263985903	-0.044012716448172444	-0.31538373152804483	
-0.28616549722689083	0.1424828898515869	-0.09810252918187633	-0.03179189969151775	-0.4960291020569125	
-0.306377671314286	0.1808244449350744	-0.22212758767043994	0.027221380420222718	-0.24233680398729088	
-0.16433683660548665	-0.018082442330855607	-0.044746034436753165	0.05572807198550138	-0.012575263877721775	
-0.14179240029980725	0.10968884109082518	-0.3082024474269813	0.051998290648793806	-0.2618786055207635	
-0.11429724088295348	-0.11794449369582184	-0.0812263410025058	0.0405333292583199	-0.2806039179760758	
0.1258609692260258	-0.06659712918013516	0.06480831648000139	0.11852567962487558	0.21289912913214146	
-0.040605054960948656	0.18944809783189792	-0.00797964665936277	-0.0453951428789409	-0.060516186081928006	
-0.26893909063421895	0.12717683766595686	-0.14626827391106328	0.12012183105315581	-0.19532209846417775	
0.029680707948917674	-0.12455589272608607	-0.025818781205482703	0.05069272185204405	-0.12836728860235977	
-0.07551201854766348	0.03493099837832344	-0.09950591767087877	0.11381964656793722	0.044136399765019346	
0.05569773970893359	-0.2403006125033417	0.1063603544641869	-0.03201964566520526	0.40401697671494535	
0.10530782597680116	-0.13129497209648733	0.14383341533363048	-0.009113245296852894	0.12276349415403442	
0.09466964945007461	0.08308797639047238	0.11123294517911156	-0.03850200047438235	0.3187152560397677	
-0.11262962517704109	-0.20224884357601308	-0.013246617590852643	-0.00928286488828968	-0.10408817720579437	
-0.2074134932150644	0.060158722346584294	-0.03695542871266184	0.047101078783550944	-0.2252737050196522	
0.18710629618810695	-0.23967104013565063	0.08658974194575089	-0.011797852624821527	0.19458984166919205	
-0.297292584671799	0.21031292253951628	-0.129631012349842	0.03758024734517112	-0.2807627022293294	
0.022753870750288806	0.3081532224923973	0.11375792656405086	-0.062462120383763475	0.015045304100767308	
-0.18414088304065723	-0.07777012819566742	-0.14321900000204024	-0.003138241970075579	-0.1418287363317039	
-0.13234664341431282	0.11234446404725885	-0.26213185893247526	0.021065350776204906	-0.3373355766237418	
0.26614045158183314	-0.11008622388778432	0.042058169499299476	-0.06368358274606181	-0.1749004741345091	
-0.09634989372257204	0.32033327465817873	-0.045786436619835835	-0.016872809087320924	-0.09685999062151833	
-0.03623314650227294	0.38715109319719065	-0.0026331804995075067	-0.004546351877732189	0.02459839558412052	
-0.15678151758322645	-0.22736553440986668	-0.09639014277038772	0.05396841628231503	-0.1864119747799526	
-0.029489794130763025	0.056414656924004165	-0.031834843684098765	-0.00376170559526044	-0.34734918755381056	
-0.030275530521536653	-0.12752956428069098	-0.02693397751408196	0.040375746447983085	0.029015590673824553	
0.1066380407571575	0.3082076481427203	0.0878971389996912	-0.0880043742987671	-0.03455337938313501	
-0.2115381740704338	0.05371589268516796	-0.1902170922870152	-0.05068799508174027	-0.4222568465245175	
-0.20629212297989208	0.07172230043637859	-0.17467090272013425	-0.06900418651049199	-0.017447571423156536	
0.0731257018685576	-0.1620905735110658	0.14713383676356742	0.0024633948680754976	0.07155259661645019	
-0.01335618831296438	-0.10638911662980276	0.01846311926958656	-0.007551456394727116	0.09261886491420522	
-0.1896658925838022	-0.2550598492064169	-0.0418789880006738	0.01916834646962063	0.0886997489659227	
-0.038085196701137136	0.08764003259552403	0.03669027523880717	0.09741093487239448	0.17767022399791527	
0.19493078456827845	0.20148023290863584	0.1376643812758884	0.04485824300120259	-0.14005450640631137	
0.10160561700419884	0.3208846585624895	0.03149508260771883	-0.04245979402829983	0.03734055556894228	
-0.020021929610012333	0.017397893836279606	0.06188049614293177	0.050614400150776596	0.14410847996605378	
-0.11352529726635822	0.26807038643720754	0.05816316705014163	0.03479539124636076	0.02002373909853515	
0.1656486058688363	0.1632404780967297	0.14556959085249127	0.031075928702027578	0.2919278972787113	
-0.12264122044848792	-0.1132957972545199	-0.0013221699713463202	0.02205657700042847	-0.5930495899704782	
0.10138952385097305	0.05913093473810299	0.18195431575533816	0.009840771930263047	-0.06496242719326838	
0.22681161933941568	-0.04604417752255492	0.31001701442497426	-0.08398654540185001	-0.0532850663302509	
-0.16478032683404237	0.11500633960074834	-0.10306861521299511	-0.055982967944380686	-0.04263284169629817	
-0.13299622317003146	0.2527061845787275	-0.08467504154315993	-0.034959568285828524	0.04615134284230765	
0.2653436636450433	0.029551914391002694	0.1614221828741419	-0.018430497785678873	-0.04638676071772024	
-0.07555808020606078	0.08703118096255981	-0.12232047649346901	0.023850517045543633	-0.2389252942479463	
0.016042889989036788	0.09601104918429391	-0.12365015188449915	-0.059863665401698116	-0.12258590808932142	
-0.19281593811581646	-0.03756539708297542	-0.04999958093768115	0.06251057377307777	0.2802189924408772	
-0.32517716215298753	0.10102920456343606	-0.2538098249088289	0.09522157938976977	-0.01627219184526169	
-0.17139993897110928	-0.058003593321166176	-0.04536261685366911	-0.10672010527527889	-0.14455512819197658	
-0.15836130461201237	-0.17559842908693662	-0.08674606476333592	0.0003588778806751688	0.18987615650378112	
-0.11214894400341835	-0.10299388366003769	-0.16047594271473697	0.0016053399624905173	0.1855465838449935	
0.008902635576871197	-0.31551852491372256	-0.029491928431410172	0.03802032574873135	-0.030357313671635355	
0.03457067982524064	-0.28928589002413607	-0.056604580358510945	-0.07420128446255367	0.31145894104886324	
0.21517274876900486	0.2581226198954927	0.3041543397081841	-0.11892057313089065	-0.2029095131190261	
0.1345412562687746	0.1426146667270052	0.24990981581220933	0.06589403222755028	-0.05458019549281395	
0.07019660044460724	-0.027928636721230596	-0.04389361593505655	-0.04777644169873912	0.11294897221186596	
0.011654647089680392	0.1932332595845589	0.0060465996083644055	-0.06058445796831207	-0.005823688261458979	
0.02739483810297368	0.08074286153275785	0.00038404157206591374	-0.009636523649498152	-0.15055454639521748	
0.08755034434011624	-0.06499077705517053	-0.02402959078288878	0.011506485500726818	0.32285133073643213	
-0.24552373195092256	0.11804093399528538	0.002794784019634733	-0.08127863476937319	-0.030220670528398313	
0.21477246666216962	0.22355277398824797	0.2589265401726401	0.004983450534855214	0.35958051612519576	
-0.06162791595156542	-0.05061151723714002	-0.18428181231090843	0.015581808162611305	0.04080478732131939	
-0.08328547775445799	0.13491689793212333	-0.09568174009238081	-0.03591460771931885	-0.09922047380385782	
0.17366077316236234	0.37918041566677946	0.2824476117276757	0.03729365496727134	-0.24809714595357601	
0.013703556653170574	0.1620858268764274	0.048348917547135724	-0.07528150112637515	-0.00277444113375487	
0.08301629210113805	-0.15006231667297348	0.07937464129276232	0.051960071755062516	0.21398852027911855	
-0.10086462232345075	0.020071540551515523	-0.3998519158454504	0.006768492377690107	-0.2273546237292927	
-0.18313452808152883	0.08292988725969475	-0.329522292978549	0.07842903954949325	0.025563040723680392	
0.14316639375810195	0.06481603592773408	0.31871983944489535	0.023783210581314662	-0.2195990521067338	
-0.020049896884885766	-0.1138578951970655	-0.046396806186064676	-0.005521424957273776	0.19022064133095798	
0.07031679041916053	-0.10731827165771235	0.10855855637719973	0.07265415605077201	0.17289252845383987	
0.2735932239449482	-0.1983727414550501	-0.11215973582599743	-0.08096798424283004	-0.019406844265220026	
0.018596052047679206	-0.06759684122110274	0.0038844799485663077	0.007913812928245235	-0.09133127125674059	
-0.14202881758311778	0.265090086018111	0.07978335684774969	0.0499020068355229	-0.01737047191055194	
-0.2861217131392595	0.26279095731587826	0.09008657301937954	-0.0690551338721021	-0.31345704266806185	
-0.035044883741429854	-0.07860889712936771	0.017158622482286584	0.08624630514901385	0.11864190991036055	
-0.30894077469816317	0.4099886486793583	0.029931265629520046	-0.13078115850468183	-0.1603905574519457	
-0.46501568924866	0.11906674628219416	-0.0326829892857774	0.026270437290136776	-0.8157195648670774	
-0.019481052677700894	0.12201779994895638	0.06917827364576103	0.0414959701558547	0.2342254527868109	
-0.050199220184063906	0.10194523702235272	-0.07109531970210568	0.06517699107633095	-0.3044235142526434	
-0.056471568798672975	0.0864622102992424	0.02178730242106976	-0.03216716643034918	-0.08570948067064399	
-0.043670000210142876	-0.046016532331413514	-0.10964040552290034	-0.07740246029514303	-0.042240682169314626	
0.20671586873444817	-0.27871163294095214	0.3356998897164552	-0.10740415297724605	0.03432842065841807	
0.18378334890251663	-0.03957106148026743	0.31443856231888956	-0.16683085405930573	0.20055947728140816	
0.18908976489297624	0.37573992319751914	0.09494682224459451	-0.0574290236364252	0.019248021854464233	
0.18246727532079715	-0.0660558562157524	0.08903680213771543	-0.01980268499710226	0.03909476699758185	
-0.1529021088926128	0.03536406828922098	-0.04899564559258654	0.027980036045310238	-0.002058721743141938	
-0.07890990928994801	-0.29019901017683447	-0.14992561020484232	0.011017545953661183	0.06496048627419165	
-0.01783139710340834	0.03249750869291385	-0.006507464378296611	0.009730559229443637	0.1587200304865643	
-0.2427094245758805	0.06276591313101426	-0.08257496009726127	0.0692586253976916	-0.10469211145629966	
-0.20157044710594405	0.0643490617174147	-0.004430701927797453	0.016737768020317994	-0.08311489728436622	
-0.021000630536091802	0.10169817571013005	0.05212777429830481	-0.012611141393625508	0.03915615385409698	
-0.058112856986532124	-0.19050491238644526	0.07075461858378065	-0.013942878102006338	-0.11236581110087579	
0.0749655792091899	-0.036501920613802634	-0.0814850450201231	-0.020154539759529664	0.039559950173756124	
-0.22726711816978107	-0.028477094974570273	-0.19912918998789397	-0.07855700572594126	0.11534308919920837	
0.31267652366567683	-0.3674328756410187	0.184461447894001	0.050997844454918194	0.2819815893955158	
-0.055179760682111834	-0.008972292231394681	-0.23284464810808703	0.006654891988952218	-0.0009847683675037826	
-0.21381840600100105	0.23286692386009789	-0.18918534723165809	0.037462999891058855	-0.42913376386735724	
-0.1266124816071103	0.03659305246676991	-0.09533995910932094	0.05750625302821313	-0.30059470576552455	
0.03540215951470615	-0.03851105132131977	-0.11460930625490194	0.10920304041288562	0.3216740255008524	
-0.29377894970690943	0.33620439795215984	-0.2543336168625223	0.11078003690317506	-0.1237765552424904	
-0.02243876195676589	0.2969387244474802	0.1717469422311329	-0.08319189492239894	-0.2596388261221774	
0.1230111681444676	-0.19262097113072954	0.38399623257436094	-0.1407153388248626	-0.2240955685734358	
0.13663527995922653	0.06798539606336816	0.13505033483934	-0.010084973840297865	-0.012086031008334054	
-0.341528459157229	0.057071830908912595	-0.08787169145230843	-0.032323822580835715	-0.3074358821222334	
-0.15142246943198143	0.13215693208596216	-0.016656049264994983	-0.021089893845411625	0.3251017443363573	
-0.06180150350324004	-0.16051532870480648	-0.0935768979585108	0.030545375745145955	0.209930147562829	
0.24627510414177944	-0.2471264159434496	0.04883773813250949	0.0051110330970909985	0.04218787510614432	
0.2635425862384481	0.21745319434006527	0.273324719769861	0.004212506772598058	0.1472167276006501	
-0.061438214633190436	-0.007550399403926824	-0.11318486265781386	0.013779798481044063	0.18828498091102097	
-0.15907928577960476	0.1631781103123278	-0.17145830386203664	-0.030704385469519327	-0.2114841246169753	
-0.09004241467345474	-0.19621942708550613	0.05671677690297035	0.0356847264268941	-0.47910820657302744	
-0.0705166306013883	-0.2157467281503757	-0.08535970259722733	0.09682432206687513	-0.07487190221806986	
0.16210330874558584	0.0629584991024883	0.03491952858139931	-0.03803876147776457	0.26021287334945936	
-0.14508428245392868	0.08574042882093588	-0.015454580482086129	0.10173101767007145	-0.003722590072447891	
0.08879868668292909	-0.150015069764511	0.09384826870737764	-0.028648447593676785	0.32569975618191305	
0.01755356606325711	0.0032887657088793536	0.043088445368792215	-0.08174352783515887	0.13994393696989815	
-0.38965595219981014	0.19604897970493002	-0.18427558370655758	0.06940683462869209	-0.055989814388005654	
0.026940293948765282	-0.044120035445731266	0.13320706084571435	-0.05148690407568061	-0.42987045810796176	
-0.3038667693256062	0.09108512686480846	-0.17663684423317216	-0.015023434872362986	0.0679397559986077	
-0.0707743967371397	0.3728040811729946	-0.030965098292159775	0.08716566678570678	0.3461236906480293	
-0.07534053914365373	0.09749147288383302	0.05235289050230538	-0.06371211452269214	0.154570509306098	
-0.15055691899122883	-0.16608192698026147	-0.0900997715443752	0.03852020360945802	0.16732255366897678	
0.09007900223741624	0.103884821587878	0.012313490352646705	0.01500534664564638	0.22382317220701173	
-0.3829873770712953	0.4495490094714963	-0.37950923984319146	0.11010362512834548	-0.5341066000740599	
0.07815682195257495	-0.0889928185203367	0.07594129134191377	0.07490275550251892	0.005846590852450129	
0.24375007712974203	-0.29864183317648735	0.3483572025835457	-0.06388333034251001	0.5042597437570882	
-0.033942151044341125	-0.07184438972532578	-0.030280292482515746	0.04937446649926573	0.14323306667588712	
0.26097776553685714	-0.32696784750591723	0.31881353341969215	-0.13764582715619395	-0.2581422967617932	
0.14158594439325292	-0.10081385174513914	0.10101074515341858	0.03324655933287771	0.33323501631201996	
-0.11085831211956489	0.1587746247174845	-0.11347741409973833	-0.039623624165385694	-0.09509226742679304	
0.05470401389871039	0.035352480348792216	0.018681450046869656	-0.015037498020975919	0.01071381175923634	
0.2420893980215537	-0.23431571279664173	0.2803963635459263	0.060291146501545864	0.48430210897169845	
-0.04363012393645342	-0.08105720799661108	-0.20823765044518555	-0.0525594023869866	-0.020607426385304682	
-0.39213225999586854	0.4922424298426713	-0.2916607255404882	-0.021359314582873556	-0.45375714370265535	
0.419147883314917	-0.2216033166189396	0.3329123993459713	-0.07931094018191921	0.5040377633518602	
0.1845757781546699	0.002910485296113773	0.14540932291763703	-0.005253889849757352	0.4188985770158113	
0.2278368162486994	-0.12830807783988632	0.2766081228866642	-0.10134132898119877	0.35789813245465557	
-0.00068710215945666	-0.13941913230537858	0.046306807777961374	-0.09301411299505229	0.21555174938120583	
-0.17294190662189385	0.08287077967867314	-0.18200089847862605	0.06495738075847422	-0.017322410318017237	
-0.1909605504219061	0.07816605537880923	-0.18319729625471268	0.010186167866439633	-0.03813048343724648	
0.0020423171821900453	0.055005312658495925	-0.025324271254895715	0.04426212131004042	0.04883952587466414	
0.1869830926653678	-0.2198580467933491	0.19331405133548582	-0.017655067656420498	0.4187510114727334	
-0.49893772790029006	0.2791942116304593	-0.49518105329134493	0.06732010931513567	-0.6041264076486453	
0.05001455828155398	0.08048927463161068	-0.09260728875770217	0.10614528870801136	0.14323259551012782	
-2.2769569933696197	2.5097758504478778	-1.9213449807919942	0.38618043890662485	-2.7741417886285116	
0.6210863430028715	
