TESTRUNID EPOCH: 56 L_PCC: 0.8764610538699285 L_ERR: 0.009740368267398021 T_PCC: 0.7996113925343863 T_ERR: 0.015211022598089593
180 LAYER: 1
5 LAYER: 2
1 LAYER: 3
56 :ILEARN
-0.27955669833954444	0.2966979449274726	-0.23636064685631628	-0.04698750646863211	-0.35763750789543713	
-0.2725705418774335	0.05428093266735791	-0.1694108958454036	-0.043905891914427876	-0.018764291647550974	
-0.17740573628725523	0.2552691989869333	-0.15145509926280476	0.0883215967171208	-0.22795620690188656	
0.3482883892317505	-0.19268948079306394	0.22546082690160174	0.008246036253262513	0.36908826742598166	
0.05051457996677238	0.19396871688270628	-0.06645601246350091	0.05145337176989379	-0.08248203994977556	
-0.03482003064487269	0.009916471010483279	-0.14184926914466986	-0.056793260222769676	0.06468904752192932	
0.012264200155911373	-0.10182218445647359	0.16809091814421473	0.045879729466974786	0.2624473070066794	
-0.19509462431298236	0.16281933758474781	-0.06244007636629048	-0.09605944946171184	-0.17932105980757965	
0.18574848504246744	-0.04634627696295945	-0.012949533138311351	0.064930005996757	-0.03650178677049581	
-0.10010192121110913	0.053277317547297136	-0.044230698147126185	-0.039521951691755076	-0.29219756160186444	
-0.21535587513738036	0.08641965765623649	-0.11880696778805346	-0.058451431930404175	-0.05732513576295412	
-0.5550633809847532	0.47657101861889295	-0.3605995040581574	-0.0239304421519569	-0.41866678902846066	
-0.22426205851643224	0.03745548245103286	-0.027911321861407136	-0.030032149444339	-0.21411504566034084	
-0.38677114636290855	0.4348132262357717	-0.33180374273274627	0.004996066875366215	-0.4576169377599863	
0.13858065300500247	-0.12502589337889952	0.001656158464214391	0.10523741834433455	0.09106755844745931	
-0.1014035093944077	0.3662502505226361	-0.052469044717333886	0.055151123518451646	0.20398635217701833	
0.09975611309237588	0.11348548203375086	0.08694714720394264	-0.02067905461135826	0.16171434404708607	
-0.03647057463492239	-0.019279228152279875	-0.019439921656855468	0.0045793119716382715	-0.08738463217456859	
-0.15418234875628434	0.11895938854681248	-0.13350420279860864	-0.032510516606646084	-0.2415970917688335	
0.03798263298669507	-0.12251749357851807	0.13363123810262736	-0.07688088742082147	0.025548337836638624	
-0.30169415354139717	0.22799961591558132	-0.10155951670568868	-0.04895679557941163	-0.19158564921107893	
-0.1868389207268707	0.06598424394355108	-0.06171123043664722	0.039956357346155394	-0.08103033870265362	
0.20989225264179776	-0.45458011249284375	0.26400443319971706	0.09620934532661737	0.1281928322957494	
0.10278266330247689	-0.06925661482931667	0.11574695382351603	0.07978970068703821	-0.010280046745051518	
0.14237729609831185	-0.3578439973122711	-0.0013339707575833	-0.01303198335406915	0.4461636501810319	
-0.42949942553933035	0.3809828246339507	-0.21271617144449598	-0.10444446088166977	-0.3915035013149746	
-0.10611707432024317	0.17275205720546286	-0.07640961590543231	-0.08717165475909135	-0.013632892121689987	
-0.12817893497684166	0.05884393270316049	-0.07667404917868505	0.09458521581554542	-0.03280898544947394	
0.03816767515576416	-0.1638224010765836	-0.07327800781346724	-0.050119132594956387	-0.036665262487914504	
-0.2461581554785693	0.1277855024223119	-0.026601794416450074	-0.025554451667728698	-0.3559723775311695	
-0.180327123675143	0.31466102049959616	-0.04035585691747762	-0.10028510155384344	-0.2676265654134411	
-0.15342510917500032	0.06992132020373532	-0.11609598606827556	0.09652502092609654	-0.08211384064218767	
-0.0158740388286665	-0.025156740274318516	0.06926693806594553	0.041094092525795926	-0.06221356500707879	
-0.11829387766239587	-0.02929439759674899	-0.012354112285612265	0.01602610320666302	-0.06797868509266555	
0.22469967708501645	-0.23167303368497658	0.19889201362397915	0.03039788837799619	0.44829931123763717	
-0.13288091404683375	0.13834455157136347	-0.1920546493577104	-0.08267473216882715	-0.15447700097598185	
-0.1631367733807262	0.08188658251061126	-0.10127041800770298	-0.0981664670422378	-0.25221442378402853	
-0.17953535431938925	0.15090136289211364	-0.12179745074507083	-0.004635541662414699	-0.15675364839438496	
-0.1515263763509887	-0.00013565300318251822	-0.010645559997858548	0.05027250167452167	-0.03163942155407324	
-0.1428592129363899	0.1525160879217635	-0.17955819368820136	-0.015979600433462294	-0.2039365319078777	
-0.13601535345708163	0.09560770115594779	-0.05632495903924645	0.0055306398106362365	-0.33290323981782677	
0.0883571951054156	-0.07519131596941442	0.09791734313782186	0.1314927913037634	0.16524247649526586	
-0.0854357414552736	0.16739039338798026	-0.11360659846951845	-0.08244766173980886	-0.06270112485171782	
-0.3031807821697748	0.20125857850326423	-0.09342382746584825	0.050932960220790184	-0.1642015066458236	
0.016814287525734845	-0.04546404910167732	-0.04717962560118251	0.07964096875098985	-0.14037744152643858	
0.040300110096009235	-0.03148035015470723	0.07161256179285237	0.08522057246206345	0.036964844113626646	
0.11414523226679658	-0.14819335921748442	0.1763709371455427	-0.0044188321768882976	0.28285899062404446	
0.008039780924683318	-0.1680932172241667	-0.030213294273781593	-0.007058337061128187	0.1801381434322547	
0.05188331395812769	0.07190388490020541	0.06851062267502181	-0.04237671636400471	0.25610310997196006	
-0.03205758478039103	-0.07547569960805854	-0.06707229604159862	0.020615928172683092	-0.16550654106049267	
-0.08268180955625411	0.06399967897097344	-0.0441715947888449	0.09287803121724575	-0.1784183818281672	
0.1865511641379348	-0.17051450108005392	0.14566815084071322	0.003591419306862835	0.15397830022668685	
-0.15292327385232984	0.21990332771000154	-0.12185711860757817	0.01054071809362018	-0.34059544669560343	
0.0384062065309529	0.27106178553683113	6.977319194743231e-05	-0.014634980805019451	0.1832982361845473	
-0.22813082894228284	-0.011131062236283702	-0.05194342033733033	-0.020892542793204592	-0.04301456183670843	
-0.11322240797801511	0.06484729611892774	-0.10948375690997836	-0.048200952070232894	-0.021157512941670495	
0.08816627342261299	0.036619129188612	0.04488563371224986	-0.05166031681114701	-0.049995765118235745	
-0.11208331812978652	0.13556270365761314	-0.05979848742569418	0.01638896286605458	-0.06456228617019817	
-0.03122073727231895	0.3188770204797777	-0.036028356926805644	-0.01328345300730717	0.03563165758315869	
-0.10065250488224017	-0.08576375836599068	-0.10158923846008638	0.08485775787457488	-0.27670829047352724	
0.12818222772611368	-0.02694810526790566	0.08798882020621931	0.025598945739491185	-0.08716798724442625	
0.08700737095077989	-0.11176982309819124	0.0025260143998983675	0.04598267551279731	0.13400515531877197	
0.14888567610658143	0.1400496797939006	-0.03215514792985654	-0.07728585672114362	0.07895163620262712	
-0.17078538109395855	0.1578922135929973	-0.18144772967695108	-0.07036074327434842	-0.02648695829185182	
-0.08440615228951082	0.11336483149666406	-0.10492861230394421	-0.07115515832314012	0.04105979550169078	
0.08546192885782798	-0.14118131982714524	0.04000746233228341	0.02028531452248638	0.21356513732838558	
-0.10056402137306804	0.02150600986698409	-0.11911907404798504	0.005514437344163364	0.11159511549197215	
-0.16989780834975918	0.027794307895935177	-0.05004557747024369	0.04635779729801518	-0.11283434959005333	
0.02348678337936339	0.19794251606207777	-0.009908449418732129	0.05979660507223067	0.06903518180660838	
0.012993142544680288	-0.004411575659585352	0.10772147001996787	0.0872160667581564	-0.31888063617525025	
0.045054940543541554	0.024297704877574593	-0.003822242506730558	-0.024218344637285633	-0.03818035223805715	
-0.03334625032532414	0.05720863720874151	-0.016746836602806087	0.0658696289600276	0.11290508675494637	
-0.11088570293406275	0.010145807943955658	0.055667876642208895	0.017470339543977698	-0.030347785140106626	
0.16478108669796743	-0.01622812899553008	0.14143554867065647	0.039095610495425634	0.10455289852715165	
-0.14121302020728094	0.013988020230621033	-0.13209207508970755	0.05196746623596698	-0.21233933539125965	
0.023095611804142113	0.12715231177276498	0.0656404483874107	0.04189262125654019	0.04833217748287272	
0.045577872967932906	0.06976026414726261	0.14126760808568312	-0.04793147557045712	0.02848653109274892	
-0.06142353943209121	0.11171117626457655	-0.0993792771367459	-0.07673374402822222	0.0679608808431533	
-0.09054227361921087	0.21122429434638448	-0.04522881315097217	-0.09071068141565587	0.04111467628424275	
0.08030024589132348	-0.08534050791631674	0.14202339397535785	0.030367819904722235	-0.185541919931556	
-0.09758942122148345	0.16779685477060674	-0.18703249174849662	0.04028686063111671	-0.19913394819974206	
0.10813488238149059	-0.04271341907605117	-0.06671611946684153	-0.07436798053382208	0.12128422687959528	
-0.10755790529385015	0.06897528331009287	-0.00979479259008572	0.04121061534261259	0.10596091516381653	
-0.0913765920440202	0.12952528894515045	-0.07020482450010071	0.0728562123793146	0.0440492141574968	
-0.11189516546091226	-0.008351638741456714	-0.08391305793944157	-0.06916978341102666	-0.14938557223312318	
-0.0688129622865094	-0.11549142608039567	0.03521706980389266	-0.010265841638831263	0.15797672637504484	
-0.1650874824294373	0.11605587578147344	-0.10848938700073377	-0.009212407830422457	-0.05149145951864115	
-0.021021516592394235	0.03290282365665295	-0.1562399007830241	0.07251961760848659	0.1261878235112301	
-0.03835717440558349	-0.05776925953433982	-0.10054623999255502	-0.11373600486927236	0.07696121994883953	
0.06709154866312853	-0.004237897023126348	0.14947281087521158	-0.0626638129573824	-0.3081993424241592	
-0.019877058071930326	0.0014909953994543322	0.13939926724994253	0.10666475340239402	-0.052940320907229874	
-0.034253215716290246	0.13190136533215532	-0.0711373321190919	-0.045403100292072694	-0.009498530486072757	
-0.08537618492442856	0.04348596495445422	-0.06847098774174978	-0.04610674822219438	-0.0854672287700345	
-0.1399281333345589	0.14857650630948932	-0.13826503333457266	-0.021366126461658436	-0.17764884036955816	
0.13114613674964035	-0.05063388793605096	0.032889529666664495	0.03732413035509035	0.24747574426376498	
-0.11145787148061372	0.19030982399891713	0.045713785557317	-0.08413741468828868	0.17583407173789697	
0.1677133656253519	0.19419948210815363	0.14209459532543775	0.06538070490882292	0.3608928723136894	
0.0150070651702386	-0.023590333662349305	-0.1515320156698048	0.015553545518042841	0.04533017644547271	
-0.0195865261020804	0.05880266693386891	-0.0886057246298834	-0.08138993227702558	-0.07421732057365539	
0.11765516384663866	0.03736357553657563	0.16783211541048515	0.09868693484708217	-0.23822956773686188	
-0.08624417433514969	-0.00523590873655765	-0.01656977839394796	-0.04275694578164282	-0.05646486370690861	
0.07650949977109829	-0.05259031221306608	0.031245669490908474	0.0897881835796245	-0.013773269128799837	
-0.14198818898792637	0.13586945959982452	-0.18634106003861076	-0.027961805684301552	-0.05127406477706978	
-0.13187772841644815	0.11270479545495642	-0.13037811831747123	0.051041019721722376	0.10220375171312786	
0.09194867104125173	0.04930218115892958	0.14827100992569975	0.10077732141778686	-0.0934701667054466	
-0.12592946690382772	-0.08249901712966533	-0.07657875391896113	0.01781796752231619	-0.055705292703629054	
0.09498160133868735	-0.1234744661488565	0.1363146217483074	0.09367911878099344	0.09268039612323212	
0.05260870963007999	0.05320937979544497	-0.047459295979453295	-0.05218685014288906	0.1732666029953782	
0.04284651753412714	-0.09644990359620104	0.02993782783883658	0.022373595177001878	0.054143284263901977	
-0.06387592287475445	0.0723780924928554	-0.007620010576521243	0.0612244241567376	-0.10120345137897849	
-0.25523204823344525	0.11543154065207557	-0.0756620218562352	-0.0751061742791235	-0.4220977599239665	
0.15597292333216925	-0.17623527915251228	0.18579906217550712	0.11687357771772333	0.1346622367786845	
-0.2733519756922074	0.09407740407085984	-0.023781796169754718	-0.14683679615919565	-0.27387831237879545	
-0.4061611988619953	0.26330455248633106	-0.23702369686620686	-0.06709569599760243	-0.5518255860249792	
0.029821265969841988	0.023396366236866077	0.11297431401980777	0.07322752406906946	0.026347911854562242	
-0.06240511704435907	0.029658073858241464	-0.023955172326398884	0.05920474128065208	-0.1664732900588359	
-0.08533357919394773	0.08272085095938866	-0.036696695656954714	-0.04623578003969953	-0.19539768051624432	
-0.03394613913615452	-0.05212127786108944	-0.10917344985118692	-0.06299274646305969	0.1817445923689119	
0.15686110832898315	-0.24139446381826385	0.159576299366742	-0.059987783553113704	0.2046423315457209	
0.20480550675240408	-0.24022878653829333	0.1667437139951031	-0.09482889787179152	0.08546855301157812	
0.030236082214879126	0.30891771423570524	-0.06347139469647575	-0.06423620865692836	0.011379849727885557	
0.16099837778742657	-0.004739996099066688	0.057400722239039456	0.00511364786680569	0.18133087353597876	
-0.14078348585129818	0.16997467438407224	-0.07292378971456041	-0.014067125141090483	-0.2450367040273984	
0.0291518766929836	-0.12188625354370212	-0.11230107747289438	-0.014366445230773562	0.016327253460380817	
0.04936117727580857	-0.0009116263423988103	-0.016167400572801905	0.040035376249294166	0.19371401603723246	
-0.14387173220147204	0.07470855874688716	-0.008776593360477335	0.04286069682710869	-0.08992649245282222	
-0.20067908245644075	0.22519075499128935	-0.02248257483814641	-0.01639962965678969	-0.04439856692859175	
0.07911337634238756	0.02728493889228731	0.053280527896490265	0.012895142861673056	0.2165752016341571	
0.01565874096014131	-0.05732400619742483	0.0252942510318632	0.03878530504799959	-0.015437716304792919	
-0.04311486390093066	-0.19946687423286424	-0.023257559022678002	-0.0019189068873584193	-0.1621360155021043	
-0.0761911743400699	-0.0672212605021564	0.024653384773896583	-0.08490730001427745	0.04758755489494867	
0.2830026122594488	-0.3122476774111132	0.1519281305625413	0.12373238674208471	0.41385563080731574	
0.018080059524363156	0.0014550572670925031	-0.06552743369649243	0.013605458280598438	-0.15130439171640378	
-0.2399222557263581	0.25785174341248757	-0.22727544729087742	0.0569778827762186	-0.4994043255571118	
-0.1287944469341979	0.13632532072601247	-0.195853654866111	0.030315578350648804	0.062278631195054744	
-0.023973448132161256	0.10886197294277118	-0.19499505354821636	0.06879119476411832	0.12248381811876324	
-0.17374495203966894	0.22015677574025783	-0.14758572868338515	0.007851784619001581	-0.1398313462215313	
-0.05207934104839384	0.1413778950787531	-0.034324284439436956	0.004782107590688062	-0.28634648556466535	
0.057823343310008095	-0.18667144504682776	0.2117289483843589	-0.018746400509955897	-0.18060993870816391	
-0.03028452758221075	-0.11932756327405786	0.12548930865853364	-0.000993489357669268	-0.16517618588817465	
-0.28231229791618784	0.1116113955605786	-0.0824726180484255	-0.05749074324973895	-0.38130077704580084	
-0.005388026747042875	0.09173484709524062	0.0343193013742713	-0.002455887160243627	0.25400332908569057	
0.08392610418360139	-0.035777230576706905	0.04723282833354991	0.0547903111946121	0.3471033603313396	
0.1699882850678774	-0.04979333061553353	0.11747577319206887	0.07314820356842082	0.19966309549228345	
0.04410973765300142	0.10336050002189133	0.015982799980806747	0.06714399142638276	-0.001584793160806945	
-0.04668301926202141	0.03754965722685722	-0.06012218903536788	0.027807643429203943	0.10851173243717828	
-0.2665497360308339	0.1810987644164092	-0.05110925040171572	-0.048571708586357405	-0.16884313451052363	
-0.12398565116442009	0.1233776439707202	-0.05526762996371546	0.05893072307271377	-0.23381989856140908	
0.1095062230482339	-0.1521267369046879	-0.02311598086297139	0.10951013231420108	-0.004005562842562592	
0.23839468607920697	-0.10276233659578253	0.08073169087449511	-0.023197649541157297	0.01884323377883906	
-0.09698649880228759	-0.013103519964900681	0.015411284415427828	0.07679386789573033	-0.31468098278959683	
0.04609589935532741	-0.033670082698516256	0.0791017805903206	0.0018444387793289114	0.13168644448952005	
-0.06331223277112306	0.004097454868297157	-0.026526157416090032	-0.07417602492850707	-0.3051472271530759	
-0.2537921463204174	0.18086135564977646	-0.13981242257388146	0.04208949439758344	-0.1272518858818967	
-0.2241064557324045	0.23552073899648282	-0.09768081600337217	-0.047440842767087106	-0.2905097549823675	
-0.1338082325955375	0.1922466722635214	-0.11180926254737501	-0.029604824759762075	0.008595449308380626	
0.11693380881994801	0.3127784975056622	0.04697530525041265	0.10212898051659733	0.28026366652837637	
-0.07443319152203523	0.02958536343925274	-0.01206816709828301	-0.05059750909761941	0.23302335142168035	
-0.13075489794395984	0.0300139058691845	-0.14962045534852858	0.029499994749575716	-0.06292077532051678	
0.19379905121759436	-0.11428767986482853	0.07862120563135537	0.018461497784183448	0.028601437375221726	
-0.37885787690652933	0.3442262353640997	-0.29240930138393667	0.02726175698690427	-0.6615229089006126	
0.14436342517789577	-0.09625815812435366	0.08570735550820026	0.0974474116978245	0.1213675817212039	
0.16914913053859273	-0.30586377897295763	0.277133702015215	0.030028060752124917	0.3873618123982022	
-0.03651236822347153	-0.06611727885623792	-0.03806617296796367	0.08856895241843259	0.1543811222879028	
0.138646987657942	-0.3007204038210294	0.13814197050058677	-0.0391217181297761	-0.33992234287244244	
0.1223716183037513	-0.1587279919539061	0.027343480571089616	0.08610809862474725	0.19412529125529474	
-0.10216720237252042	0.1345571999748909	-0.13442343538365314	-0.040210583922616054	-0.13670593166963332	
0.027770550241255913	-0.035854233562132826	-0.026274369181336563	0.020680376597001757	-0.12973285081196892	
0.20979428718787455	-0.29231472451179186	0.15551313114286341	0.1514636902659942	0.31792770325658704	
-0.06625388494139199	0.03207690498574727	-0.15800942878628466	-0.07769312291948374	0.09165687407601988	
-0.29097883554039194	0.47253329100728136	-0.23348710261247702	-0.13596608297164595	-0.4033136542144008	
0.4170936425352834	-0.22963325367819135	0.27079534790593324	0.015212089639557471	0.4736709823012149	
0.10968451160282268	-0.06848537887991911	0.02289656217088799	0.00986339373794511	0.10171193196946055	
0.2477498763891641	-0.13092662423937262	0.20511829263898732	-0.06474648839861384	0.33244868429849006	
-0.018165245517333405	-0.15987626538751257	0.03499639622159377	-0.044254576753033216	0.16585823122781163	
-0.27815150333971794	0.13081943521173356	-0.20204243069001954	0.04921199069670873	-0.13896499250797892	
-0.1742235401719935	0.09663723360570976	-0.0531254867237725	-0.04743832034739869	0.035057266929681266	
0.04433545446234075	-0.024782045370507613	-0.07021022924068339	0.06549558977574226	0.017041879459232526	
0.16909298547485427	-0.2137152666258002	0.11432994517032426	0.030048159409641912	0.36849462853893905	
-0.5324786593878504	0.4617464758857772	-0.38297631218204853	-0.053476266259824046	-0.39703936167984816	
0.038189796484362055	0.05456042673087726	-0.033191221808865135	0.06064841955865893	0.07571474450195421	
-1.8316607983448199	2.2355268849690146	-1.2618408173277016	-0.14500836620022872	-2.5715589007139648	
0.761581143827596	
