TESTRUNID EPOCH: 81 L_PCC: 0.9270044540163875 L_ERR: 0.007177309446593113 T_PCC: 0.8540454010914181 T_ERR: 0.014061688474283438
180 LAYER: 1
5 LAYER: 2
1 LAYER: 3
81 :ILEARN
0.029760504980458825	0.01228451189401933	-0.05544785836992829	0.008918770643442802	-0.02882490397256411	
-0.08982815324420655	-0.04704910031986632	-0.04687069549651212	0.007162614832753287	-0.05241179437890729	
-0.01455899258407901	0.06150364861152928	-0.059992917863895046	0.11127656440241371	-0.13038427447788797	
0.07651204712046557	-0.030206666380246452	0.05922636819007923	-0.007494619146162358	-0.03733323199069552	
-0.024403597459885754	0.18019042490995532	-0.1283917641069696	-0.014222053497863712	-0.08840311308468861	
0.18996414366835487	-0.20819965534423687	0.016126560050860377	0.04259913683012719	0.17692192998957984	
-0.061309883071005336	-0.03349952460186994	0.1099119392504013	0.05479991135115803	0.015942242535488073	
-0.011634798748057926	0.02885579248555332	0.08931150325893598	-0.04579380085647306	0.04449012050638307	
0.005693639644310708	0.13411809808624173	-0.13563582568367943	0.03913600966676091	-0.22797579397000797	
0.011632308151712041	0.04866270425438336	-0.030024324128345273	-0.07835215259144333	-0.0040533960757676455	
-0.19290339043294188	0.12703570533139752	-0.18623390032967485	-0.1602180026149371	-0.13469404834747933	
-0.01793628940881435	-0.05922053340625663	0.008823914325368793	0.10392581098090227	0.10106847296989317	
-0.2537849743755528	0.1685630742633605	-0.20051597552783987	-0.16906812181834185	-0.38859133488301256	
-0.2143675274361974	0.2347598831700212	-0.24546298036721714	-0.09073807611650579	-0.27377341312949616	
0.10957904799037704	-0.09078575056158303	-0.0484598478085602	0.10668635849530937	-0.01348878769101022	
-0.025182415450177385	0.06763598657709131	0.014110743174392634	0.11592111819715598	0.07333315015064389	
0.10095551061770217	0.012373437857346386	0.07220572345074859	-0.0009973532311227207	-0.0232134232996665	
-0.024876921325425596	0.07841484382169801	-0.0427640705009118	-0.0353329453222749	-0.16426534552250727	
-0.20265790886748744	0.20179822039642442	-0.15179020764921058	-0.07074042096704908	-0.19371983012421257	
0.005272852216277567	0.01579486070326244	0.07151772953940738	-0.09686060077969537	0.1391989368782987	
-0.06258177850121158	0.03647417090497973	0.03992479177622666	-0.046612102234236175	0.026816229575574814	
0.036346119722228294	-0.11161023837983156	0.09483092664420792	0.06224230745531379	0.09819846400200921	
-0.058681167885094795	-0.0972923066552698	0.09066957296151598	0.05008869035982276	-0.0812110605143133	
0.025543981558792533	0.048889599678890144	0.0502202910230498	0.017452045316027502	-0.11196153412082316	
-0.06167920229365852	-0.11544163838546403	-0.06026223542335366	-0.0010192979340776624	0.0901350564959367	
-0.003906960869224986	0.0114658759484408	0.05211557716200525	-0.08195818445706039	-0.06462609169118846	
-0.013994710370333407	0.11109359682472744	-0.02805078616603996	-0.12067464740666095	0.009326549976261558	
-0.11236978247992027	0.1127370392082758	-0.09804472699996625	0.03263556054294787	-0.055957498241966996	
-0.009910101620082386	-0.06015614398635885	-0.11647478475212453	-0.08431733880595901	-0.13461500966138026	
0.01375430072268392	-0.11707529269915645	0.15049083838674918	0.10689219672541263	0.011296175976789747	
0.06958551750687843	-0.026400972295336337	0.1940451115384007	0.09289654106503357	0.14753335526439187	
0.015232314390048672	-0.03951562337854644	-0.025471312315291712	0.07072739249107805	0.015797602292881813	
0.055025102017466396	-0.08252996480278903	0.14896309003920177	0.1728931535247046	0.06524314796714924	
-0.011314238368000985	-0.14717255059381565	0.09587493070811794	0.1159910084641202	0.10969936500908689	
-0.4688092802620178	0.49777755929975837	-0.4894146524313558	-0.4284564014675042	-0.5832135783183663	
0.04163441397621645	0.031924231364315964	-0.05955052380963947	-0.08934980623723371	-0.03849166604641124	
0.05636331478958137	-0.08449998071187281	0.08297846999026018	-0.0579458229159863	-0.0039694995828289115	
0.06819916930481033	-0.055724461429252345	0.031033952638806022	0.03323678840842225	0.061462929379855626	
-0.0056813292918316246	-0.1185798927779779	0.09428386894734522	0.10578624880132795	0.12178277604083948	
0.17263484520547387	-0.15439414589177997	0.04640914482785456	0.11274383163619386	0.18916358309518982	
0.07188396751412722	-0.006459707154602527	0.0936100026876764	0.013172718069375047	0.00639637667663225	
0.012547383827645319	-0.009342974110678168	0.033932028719413636	0.11364863670984622	0.10256402544984722	
-0.10965176809363027	0.1885820801136239	-0.1667401596508539	-0.09218416832963872	-0.21384272069063495	
-0.03467724857782761	-0.04127215337705215	0.05040344050393162	0.10402940054078771	-0.15691596130695915	
-0.15429925842895093	0.08016677509842722	-0.21230496168124827	-0.012002338629917635	-0.21944170209833078	
0.12688038198267945	-0.046269087935318795	0.14440512119302643	0.10955645553066767	0.15710371115734395	
0.11682643050104245	-0.14927783156669486	0.221001579062741	0.0705120340879393	0.21204487924385862	
0.00589672222682597	-0.09811842308725229	0.011604168781335836	-0.004534181897546598	0.04659460683652521	
-0.057945096275100534	0.08704766266474351	-0.0012238268827113614	-0.06055756224445056	0.03461044407134907	
-0.03980565300867328	-0.013370719295917521	-0.08980550764642954	-0.04190572934902573	-0.03133279707366578	
-0.10790889794703659	0.11235326650999658	-0.0458579054350825	0.0687711092484132	-0.05385693015620709	
0.13148439794494768	-0.07380844081478637	0.11829655532574618	0.020242992392275973	0.1428393577179586	
0.0418449012756976	0.07604441134763978	0.04460588401652915	0.012909573000664896	0.036202267024333414	
-0.059808249795276505	0.061732849470457624	-0.0773359456289743	-0.06318252372767323	-0.1451534956028056	
-0.04075708419754092	-0.0026380808151893437	0.016927793571566246	-0.006891305911617853	0.12936899438512825	
-0.013936209541008004	-0.019489603005088504	-0.05840927209292538	-0.04011108205762836	-0.007150805172945675	
0.0053211808523430885	0.15746864329004004	-0.04791364212723397	-0.07893005120402309	-0.1787685596209417	
0.023184908484513576	0.043960931119874855	-0.0011121104030185432	-0.02388144198126628	-0.06726053632175089	
-0.11327734326598503	0.17262913274721162	-0.12428405924751784	-0.09980390097879606	-0.22802619596856483	
-0.1443125644788443	0.03875772390821325	-0.1427405815954797	0.021908580197370724	-0.14779542236341559	
0.08924854733180897	0.07097009954847042	0.06958608713618762	0.040743090156926974	-0.051073801301335243	
-0.04174235352962397	0.008847038092430263	-0.06614847677182954	0.0010598501756913588	-0.13414505886269648	
0.05531687806814988	0.09017056484235951	-0.07335195285067138	-0.06787043000976727	-0.15298079131613668	
-0.02333436588559899	0.07262973132542874	-0.10008949104117501	-0.037282827804307736	-0.06351930152658486	
0.04096583502838482	-0.04854935884583994	0.01759352159091349	-0.060402397140334164	0.0936485000198268	
-0.016109829793007336	-0.05549573518338504	0.005137140685150916	0.011441346638426437	-0.05383579303579787	
-0.072406684814426	0.060816567679873264	-0.06871048480421753	0.009476644016310381	-0.036512923493902054	
-0.10043391216114461	-0.012524042886645636	0.07526140398382317	0.09130016322943138	-0.04510234135088792	
0.07792411815500838	0.058158834400344174	0.0837424270802872	0.09179231180043106	-0.09578240570793754	
-0.02413266382301212	0.1145859360657064	-0.07212338440270487	0.019956267418522407	-0.124057816447644	
0.03805646695841549	0.059318559482108166	-0.07991653274518068	-0.08647385664955096	0.07863844157881636	
-0.03755200215056919	0.06703421983607714	-0.0014599174325115034	0.06825672503705234	0.025473122416541427	
-0.077097796391559	-0.033024127910423653	0.023461510547072732	-0.02902457136045836	0.08090936258008548	
0.030140282184125868	0.07063753115050697	0.015277905521310323	-0.01646224969579371	0.03575896493726532	
-0.024952058823404122	-0.10313717731028334	-0.0833358513681604	0.07254285790028249	-0.1683902729244876	
0.013125748664158604	0.019577930890706623	0.10813823015184588	0.08259361320826555	-0.016168463914774188	
0.0340284791916879	-0.044426267171807546	0.1645864097717233	-0.022027183712274637	0.025364620548932813	
-0.15100188349721666	0.15086195375822573	-0.1243655938420059	-0.1438866668030221	-0.16276629124493217	
-0.11114138237699463	0.09177794420879973	-0.09600577492264945	-0.12495338421222744	-0.023948040386728594	
0.01731176674239654	0.052062340328610374	-0.032982091237413774	-0.03252773928618376	-0.03778449504508222	
0.1234653000156224	0.00687274734983239	-0.051832605043463854	0.05805910894657463	0.048853578394074115	
0.04310576631384989	0.02307079183790335	-0.10383855150549098	-0.08845316391480357	-0.09640153476877676	
-0.007147303983770253	-0.013120250129883326	0.13816911559524078	0.09438166349798205	0.12097356776911077	
0.01855936041522542	0.03284344042206549	0.042102974109410926	0.11652841845149885	0.06571574515521879	
-0.13881258804317526	0.011149306983940975	-0.183307139606111	-0.13067167797983822	-0.12729422356687045	
-0.048848857962493525	-0.11083237848738972	0.07465098471082825	0.033446173562267555	0.04704934404747782	
0.107710874268693	-0.13222152739273602	0.13291967740276497	0.10811021404466231	0.21205750037286633	
-0.012887311824284424	0.09036882613305879	-0.10124978468930547	0.06615461370114889	-0.10182541824600343	
0.06568500716747523	-0.12267191455926552	0.052217801579410875	-0.04214387470967134	0.11592573107767581	
0.036116624559545625	0.060095405883567266	0.02868063323360317	-0.1187699900498249	-0.10528330955610057	
-0.10069392184497908	0.04015494604462902	0.003606036926873441	0.06513955438531054	-0.024020253660267655	
0.003035587244556334	0.1548774618083531	-0.07303264034897608	-0.05349072775755652	-0.16639261028480107	
-0.14654724602077632	0.12420120007542941	-0.1823403772863135	-0.0930210441258695	-0.07526461527098706	
0.0011432444938250057	0.026730202597592116	-0.0014344636877920895	0.040590466830629904	0.0553221575824043	
-0.00217255797352631	0.08459364722945091	-0.08757799939277974	-0.07107698856007232	-0.08097208027182222	
-0.07563879872758049	0.045888142714745256	0.0953090536598353	-0.0833768334136205	0.0303059673435864	
-0.018788811319499138	0.07399579884959677	0.021653679063464215	0.02339582349479503	0.05062377027448611	
-0.03213791682006191	0.016981102732875005	-0.17013207213394912	-0.01039971370130605	-0.1601556910687999	
0.045319056026770436	0.023912131295868052	0.04275777016625522	-0.002305269383767673	0.051080619197964805	
0.060546606199116	0.07092062836195039	0.04355011389830602	0.04767400070404136	-0.04602463926181083	
-0.0982291771856093	-0.030941695031829204	-0.05024235144768173	-0.08204456005609656	-0.03861958510807995	
-0.04847861672740018	0.07474764867172806	-0.08622366438419823	0.014361468597702121	-0.11981146119600054	
0.06265952032809502	-0.061685724960115054	-0.015069185277096702	-0.02449979008073874	0.05492644473299917	
0.06974137707286794	-0.0628290415854633	0.04654146303947819	0.07979499825713299	0.14254297226884763	
0.012660085573903268	0.06979701542843537	0.02786095559494956	0.05534931982971706	-0.10917501033378299	
0.01110537899576242	-0.18100113997772965	0.06097962436698228	0.03873479686062663	0.11272676979783372	
0.09264076815401318	-0.055633616232589826	0.11308381783882893	0.054768906843758694	0.018530412791646196	
0.06173215766294593	-0.021614262304784467	0.04670666304960881	-0.06346120996156629	-0.0061972153580843415	
0.002937283876162623	0.031230474183555953	-0.004880458847122179	-0.016740448632756776	-0.09507292769495466	
-0.055909776325010846	0.02622190873324515	-0.007667980891934733	0.12563655700844176	-0.01094740084119715	
-0.051840421457157046	0.03419848160320959	0.00412242017553448	-0.009583110365436723	-0.10800793616099208	
-0.06344278834973335	0.030749017232414477	0.0222815211389409	0.021196903801275216	-0.15705234983204527	
0.007493775607059904	-0.09032354624663533	0.16545744529482706	-0.037438834617333	0.1893611156951287	
-0.10916174364042196	0.12612459511682214	-0.1276641213997893	-0.05600109700720599	-0.28229993785611573	
-0.028313807905533502	0.11963747010805868	0.04440308958955326	0.023756109656735486	-0.05794426078526117	
0.05335574124981412	-0.08781847654476939	0.07310550865297205	0.056990396160148636	-0.005571803023964776	
0.11013542425806372	-0.09477391162353291	0.10325971368320014	-0.009342462136286185	0.09521160602604832	
-0.07510988497936039	0.1460613985776309	-0.13599969215784175	-0.12325203866963647	0.09544457187927508	
-0.03519305608747189	0.029744514720635246	0.016134228502262603	-0.06948714882538627	-0.02138141546167989	
-0.013464168020163536	-0.10563272581332458	0.014065666123227178	-0.06566978009727896	-0.02375717308640262	
0.07280348020607146	0.007339507413672765	-0.04628084519356301	-0.019652216903877036	-0.039091107723786905	
0.19902683374617633	-0.07575293771027153	0.1497049797373773	0.05838464365003643	0.1986246917026997	
-0.19705234359944	0.2571351036950546	-0.14031836768512596	-0.10226691487964161	-0.35534438052033973	
-0.018409589837397898	-0.026156261482072975	-0.16302019914502822	-0.04437819676745527	-0.1189689570754939	
-0.14940854569149348	0.15468969680610234	-0.16439749035211917	-0.029559559694991435	-0.14798347645690227	
0.0726286185368151	-0.14199096069322814	0.2156055367750499	0.14110017134001418	0.19897885031324744	
0.003454820479546024	-0.034469409646873964	0.1507734521408769	0.03685006665532127	0.13134047238310073	
-0.118117043051044	0.0759116380519414	-0.09091164149361408	-0.03244545511419775	-0.1108498389404127	
-0.12016437721172309	0.12337668429917435	-0.06606508695289372	-0.030163228146915355	-0.07549582185623344	
-0.07914035227699669	-0.022412997571938223	-0.10013844984713514	-0.0046156589013113414	-0.06277298034778608	
0.07475309490942127	-0.16166615863011705	0.15933777971620416	-0.028514091486644536	0.24305624481092633	
-0.01234826444292265	-0.04481038547613674	-0.025756235906931452	0.12172619634996965	-0.027734417344703787	
0.14800001475902722	-0.08396111337499561	0.09293692508505307	0.0853523156430554	0.15058418679140262	
0.0019787608352207844	0.16514811608520238	-0.16005935358878037	-0.007253019902921254	-0.2151285027895616	
0.03023031491851256	0.026990618296296745	-0.0698864566901035	0.0562195735833265	0.004596863146879087	
0.11755330525936881	-0.08975721371941356	-0.060449587010171155	0.12002947396358485	0.08359430403456442	
0.0780381939995464	-0.03754465365166445	0.09377957339480981	0.09899996763783066	0.013284752182275962	
-0.004926643852216962	0.15323918559552951	-0.0709217676303798	-0.08227698898640957	-0.1020960540970635	
-0.17072811569749444	0.1809192681068564	-0.032323817595504505	-0.13258543748853485	-0.21951106427270822	
-0.047570116953130945	-0.022125441330806395	0.08125236983049795	0.015590461383666621	-0.04234115062686422	
-0.2061711121246768	0.13910679043512283	-0.1477458869948132	-0.134257492887253	-0.22555386724681886	
-0.02308713906745296	0.060792938700774124	-0.021349199475001936	-0.030495736941717193	0.01418017840588762	
0.020430985983967184	-0.09607689990357272	0.050187049938143095	0.06807531180057026	0.18900377343686142	
0.043950535626688166	-0.018676105161180064	0.053487365453460375	0.07824162703416583	0.004647784986255808	
-0.0038020899330782564	0.07213572296769791	0.032743090230219624	0.06318066496825327	-0.005359619949032606	
-0.04400523764894872	0.09392095084447116	-0.12790036739350896	-0.020625440508837932	0.0325235396786542	
0.023863300424912543	-0.09452239824745781	0.09481856386478286	-0.030542903755448134	0.06607579091621318	
-0.09042171889919157	0.23253275167752677	-0.09952001504881582	0.004477543111132115	-0.2785138777619623	
0.12600896031840278	-0.11635461475071078	-0.0229912659530016	0.09620595565347391	-0.05230824242275555	
0.050839123267955214	0.08078997643527651	-0.03516377929285346	-0.060303947548190795	0.03543459112725064	
-0.043136266111671664	-0.023987108056598472	0.024863979927959422	0.05304141188902922	-0.08384108197873538	
0.08609876811235234	-0.05564924965756922	0.06719432736922457	-0.019036810373352808	0.04692197348151659	
-0.09810933143672476	0.13393134126434536	-0.09366548444833182	-0.10897926599069147	-0.13457208027176484	
-0.03765570068054684	-0.009846967420465003	0.06604542850479168	0.11165602939601824	0.05310143592631925	
-0.03671400853409167	0.14616872924091745	-0.03012316383306978	-0.07578261847130824	-0.11620419242021253	
-0.07981183885348135	-0.017720528166493863	-0.07364154863658118	-0.036527900119213884	-0.08296708990901361	
-0.027460085249476195	0.09365860037520522	-0.03799204012033624	0.0841418428325993	-0.0001726973067520365	
-0.07117605552689546	0.11610506158978481	-0.044082884665112634	-0.06895994841732012	-0.04036936178764021	
0.06018815443158398	-0.11367877554281185	0.04262383498987735	0.09787528835392297	0.05948940044838552	
0.03487370279868032	-0.016960408356226492	-0.026939407664219622	-0.020674191461401648	0.023510804887979984	
-0.18095191892107257	0.21262177972200885	-0.28065737666488155	-0.11264140684929218	-0.40566657188298716	
0.16072669063045253	-0.11822806030164817	0.12618055988668916	0.11372021624546864	0.0455852910235174	
-0.1911391778594818	0.08181777900184377	-0.01708880796132656	-0.08487807816581741	-0.11531499826952882	
-0.1222788873788233	0.02871123118461567	-0.13444548380986798	0.012775909463803253	-0.06757037059304966	
-0.07716572471330975	0.05997540403318515	-0.10073178392762622	-0.13456146459490181	-0.2145544860886856	
0.06825595177755428	-0.13339933910698545	0.04056096195374452	0.10414457566298561	0.18940775963556275	
0.020702083240126058	0.03638467147860197	-0.05478338282344863	-0.05591349790737441	-0.012129435655786317	
-0.037483355942434876	0.060230941786178493	-0.1336344816292324	-0.08968452705102313	-0.191857551058326	
0.029705161990679456	-0.1355409506361756	0.08153242393385902	0.14447772316309213	0.1862138154301386	
-0.11331679226770211	0.11327079903601137	-0.21842833518901264	-0.07098245421873875	-0.20396147092325115	
0.30037110099289505	-0.2238091119974064	0.2954973504533827	0.06832545446898608	0.3998192011692099	
0.17256019885115056	0.011566871581843666	0.12817513718131576	0.008128669377325063	0.1262005354213877	
0.16938458041261184	-0.19146752571726208	0.17930314288042298	0.12604351587044052	0.3405817038867999	
0.1647182140248524	-0.09104145421378942	0.20604563475274762	-0.014260319845352596	0.24659385942080544	
-0.2150729078840222	0.07616159031850309	-0.16379203440614143	-0.15554009695677914	-0.19639011783661697	
-0.22998539274807575	0.10707608501119059	-0.2385689941498564	-0.05269856317532648	-0.1866339693338787	
-0.15678049332369234	0.07753659237371167	-0.09698274191182739	-0.12306395153285946	-0.1323574091889004	
0.08596686271812855	-0.06561956775755025	0.015263900126522775	0.10360490150615206	0.0922499630408451	
0.05910009288009821	-0.13147338479570164	0.11050117840347543	0.06751095877454202	0.23708678684177598	
-0.2287850398602221	0.2595769590694711	-0.2523810194179956	-0.06212477578120992	-0.353352767174081	
0.014776491105777176	0.008135941319627927	-0.003729588154882211	0.11802844776243679	0.1574736015596789	
-1.0223004895322259	1.665351006923508	-1.2529686110247	-0.7385636029404128	-1.8297901905522556	
0.6422346274221443	
