TESTRUNID EPOCH: 69 L_PCC: 0.9192944190451265 L_ERR: 0.008021568191916779 T_PCC: 0.841887624347047 T_ERR: 0.013891149416357187
180 LAYER: 1
5 LAYER: 2
1 LAYER: 3
69 :ILEARN
0.0833459525711153	-0.029051264940073276	0.0024879390807446633	0.029978842819103315	0.051473003750807114	
-0.09533896105797539	-0.04271426572275641	-0.03268868715091422	-0.0020391334849332765	-0.03477314071245398	
0.05150547668860572	0.006831261172859712	0.027325394958541444	0.14358129752610635	-0.019780851724154554	
0.09720940851998575	-0.047816538729087456	0.08952348918348176	-0.006718185024787063	0.003044331669467951	
-0.02359293218086295	0.18065032926084196	-0.11759718004086121	-0.012028321313300139	-0.0504887105926767	
0.12694830491350084	-0.12831040423528223	-0.039694739176306504	-0.01366102085946081	0.0897106947909251	
-0.06291619948235652	-0.027794211266739793	0.11930517096263243	0.04038316398568879	0.03136441653079316	
-0.016790532927930958	0.03844315585187064	0.09193954493894974	-0.060050030923772195	0.05055123327263343	
0.0722841058558444	0.07189615905076217	-0.05246203828610223	0.07197241379681224	-0.13653178009936015	
0.016640076067056853	0.03968921397591023	-0.03662348469748573	-0.05770092330868017	-0.020389148496445995	
-0.27810233861969397	0.1753495158978422	-0.2696353342299889	-0.18447550587325615	-0.23638641244315176	
-0.04151462886115788	-0.0208955521472068	-0.008005884095418228	0.0753327361525059	0.07654097117099516	
-0.29291773350778644	0.16067404307410815	-0.20120362588043958	-0.16299678195210096	-0.38733132556812544	
-0.24085507974763598	0.21863064884911862	-0.26420691277465996	-0.08702597918518334	-0.2935398330476371	
0.20423056223022132	-0.18618918393659448	0.0552150886999357	0.1519770550322976	0.12301689550500552	
0.023646994511986853	0.033208929854301246	0.07499843110035298	0.12671188326465058	0.15532592266619408	
0.12827217410557676	-0.011432708863081318	0.10957594726822328	0.009082641792317657	0.025134074255258945	
-0.17665801472523182	0.19355019580027405	-0.17864248358651547	-0.11211579298094251	-0.34672978942288374	
-0.228928861726526	0.20985558503875754	-0.17095288676842862	-0.08449784803815308	-0.22704497757935327	
0.03861007648525271	-0.007917292829253167	0.0913622619861374	-0.06930434779485584	0.1593416133285579	
-0.04081884881088383	0.005437933980292779	0.06974888393440182	-0.028445044422668896	0.07047171660024011	
0.0286391892330204	-0.10693305268135449	0.08667570774810998	0.05445028963331483	0.08961994200191652	
-0.05979836066606917	-0.09069607732431188	0.0890999466013743	0.049770733555167465	-0.08448652669069341	
0.016614692987857442	0.0604872041481735	0.04493276162968897	0.019620624008810945	-0.12106983367035269	
-0.09236576593900954	-0.07612902401173048	-0.09089678641698234	-0.03002484877199567	0.04295016665525201	
-0.012099144589502144	0.016967175887422633	0.04563616931763838	-0.08521317775573424	-0.07275756408992275	
-0.029270638906317578	0.1234713019785849	-0.03850627710582224	-0.1250109010414661	-0.004993873153594681	
-0.07898319083934446	0.06724501792130703	-0.052541485022240556	0.0630823103021905	0.009412092305766909	
-0.014740653681159524	-0.06037280850209181	-0.11696452307278554	-0.08489138923013895	-0.13461939403873802	
0.009483270447747315	-0.11238694313903176	0.1342674836969802	0.08878800156887205	-0.00471083271641266	
0.07658928724335036	-0.03160790235558013	0.18040599143499658	0.07437637101085581	0.13504208469941412	
-0.0019328962020803632	-0.02575760464554289	-0.03794938671138317	0.06301577639267447	-0.00016437599063749914	
0.05797415085379193	-0.08699740343009843	0.13698371873643492	0.15759724815564066	0.05558294691070749	
-0.0014093943740873605	-0.15840676816576496	0.09619119483251264	0.10796903101593078	0.11250875752552693	
-0.4997750815079729	0.4899167604063689	-0.45844477344069917	-0.3884470023058691	-0.5433702858875268	
0.07892461708221003	-0.006067689143843455	-0.018055826717214743	-0.06343712878472446	0.01685114527297054	
0.06970334128972028	-0.09131281444037372	0.09339441929252441	-0.053291992850867054	0.010103006287429741	
0.0691911591014841	-0.0679273832737131	0.03429285202079386	0.030802868473529085	0.07092802127211598	
-0.0005326773348034966	-0.12686694427250841	0.09504751615958203	0.10176775144217644	0.12520794840749452	
0.17424997760095182	-0.15535439117347113	0.03760490648650226	0.09951604576415225	0.1827074484292084	
0.0704390682640256	0.012914886323691706	0.07706995437865499	0.009588401798944147	-0.030209748145535318	
0.016031764046398857	-0.0007154668362359998	0.03633009752147487	0.11445800745536824	0.10208486514406956	
-0.07295336746628471	0.1500718491828373	-0.12072300670714879	-0.07271021126921899	-0.13643072213617213	
-0.054400676571614064	-0.0321775248528637	0.027691442050487267	0.09208659723313892	-0.16215934011600974	
-0.13622693623926013	0.04802006791574894	-0.17893026609660348	0.0032535889043566048	-0.17354585310898202	
0.07381262417221247	0.0336950799753602	0.06486451645347772	0.067572067242476	0.06455159005651767	
-0.0032762944792876945	-0.006219578586886417	0.061082237325345984	-0.006395266555845212	0.008229831239457308	
0.02050322399116886	-0.11263426422216234	0.0337408177190251	0.009506166872934914	0.06839744399534088	
-0.05590573012400479	0.09326232316337928	-0.002292771932126196	-0.07559690458969122	0.03624397942000152	
-0.07380181728384129	0.003939653917497443	-0.1174539005431277	-0.05062858229397919	-0.06589144333307245	
-0.15058606956909584	0.1404158395282866	-0.08824508898962506	0.04556037878354838	-0.09742571485886428	
0.1330093133291068	-0.04208385239825622	0.10014306055291589	0.014551887292331377	0.1140466152917001	
-0.01255894676193846	0.12746278281214732	-0.016455867626904215	-0.020705236920375014	-0.0379868107904607	
-0.07919288681791209	0.04697967835620163	-0.05862050171858299	-0.0680290008173926	-0.11495146585882415	
0.061881038829846934	-0.10453572141890909	0.12114598306160167	0.04383809286268441	0.2534808842720034	
0.049241216283530995	-0.08332999507363929	0.011451695743291794	-0.0008595547540096945	0.08198599837080042	
0.03388032388168952	0.10867269636790756	-0.012221217605250414	-0.05731872095386858	-0.12314808630486229	
-0.02058778803370115	0.06637674195931248	-0.026074185961611533	-0.04732139776285652	-0.09210500445379781	
-0.12154890199326471	0.1446188962482811	-0.09962255215838259	-0.10274762998813065	-0.18899020485574305	
-0.19154091939515927	0.07076259512018605	-0.1902094366595176	0.006306609476974441	-0.2161684158786477	
0.15434822024631714	0.005708703560966851	0.13780443626362424	0.07342798921266858	0.05123180301512437	
-0.0008273651845179476	-0.03702139460819735	-0.025867019338659744	0.03836986797674813	-0.0692197872721	
0.09389952964415992	0.06111191768335246	-0.039365325511140116	-0.06199889432829815	-0.0676328791380006	
0.0034920805164826894	0.0322890373681715	-0.06656098719663006	-0.03481384542952402	0.017817214814729327	
-0.05428177668590197	0.04359635390146923	-0.10270560061622695	-0.10468894331234693	-0.04368630798976586	
-0.03567321088365677	-0.03794978530438434	-0.011270249214528466	-0.0032824165877565698	-0.05763014750883279	
-0.07111338666013257	0.052279931227100125	-0.06173604471850428	0.008938306782415488	-0.005256689700932022	
-0.08771676669850385	-0.028173551384358023	0.08556818363576982	0.08790007024706614	-0.002363758362438303	
0.10657886590590994	0.049359602681855304	0.10899875164220292	0.10060006921006058	-0.051820135798341695	
-0.000991366045808555	0.0698601060040505	-0.018208395637803552	0.041853141316118656	-0.09165556959936028	
-0.021964273210330794	0.11365745325056184	-0.12652653721279775	-0.0993561097191966	-0.0478685154566358	
-0.06397595624222809	0.09138810974681687	-0.029288814224937225	0.05497611729902054	0.009640025075421705	
-0.06612922665908574	-0.048612654046788786	0.05254326185450284	-0.008863446454115735	0.08051694288330856	
0.007797862744530794	0.12103624685550941	-0.0027079739416122047	-0.017930345339391713	-0.049013013498742014	
-0.08088595827895889	-0.05683730287575907	-0.14854937840557347	0.015291799914674274	-0.20880898012943816	
-0.013494190319903105	0.06222061238950689	0.05945976365695506	0.05409353620429219	-0.049693117421601006	
-0.057762213925595565	0.056902531464727894	0.046413126237146024	-0.08127662894944855	-0.115065883831028	
-0.13519081600999514	0.1373710507629581	-0.0892047671449736	-0.12840395317590267	-0.1238915000512449	
-0.03312202179019896	0.030012041121930587	-0.003204832759983381	-0.0800193326448513	0.08248264703866061	
0.05837182148912258	-0.013925277856613445	0.0340287168417224	-0.001827847449096204	0.031352194711639435	
0.10827620035614344	0.03509852796666629	-0.07698780555708	0.0488567176464145	0.009157620544341445	
0.027497967591984473	0.020508164939073883	-0.11017438817213704	-0.08934951358488037	-0.10404533085977703	
-0.04980330104204236	0.029802831395386985	0.08845455066977696	0.07594036243965388	0.060161941644577624	
0.024657275321378513	0.04056403304349135	0.0359293660148219	0.12054142389062827	0.05919019478084388	
-0.1807125044405594	0.031128082084936823	-0.20577744815433405	-0.15108471842290905	-0.158222081840265	
-0.09829375108766614	-0.060929631169204156	0.019258849613479154	-0.007650822724705285	-0.012672587051766689	
0.08279301212920791	-0.08992521471528414	0.0791953366827246	0.08029075824687065	0.1422238010453975	
0.018376440325687877	0.061393986659654676	-0.05797438661540111	0.08466223971891522	-0.044881031583078095	
0.015953511976160104	-0.08170393962058908	-0.002782124950377266	-0.07894007391589028	0.05299242522923048	
0.017125015024582604	0.08086298853051124	0.017771230597246074	-0.1331554546361825	-0.12633627255610447	
-0.16507836182059663	0.0957129122520512	-0.04904169307509405	0.018115890616888973	-0.09383995881361094	
-0.006991970108688398	0.1506599345365666	-0.0736717838862318	-0.04803319663318896	-0.15454115790719344	
-0.19851468123855767	0.15990026732046986	-0.21412357047334216	-0.13391441959458358	-0.10793009476103763	
-0.006615347575802187	0.03569276264845581	-0.0067949049875430665	0.02075072776520459	0.03757972255973322	
0.07109473632078096	-0.004554147438592692	-0.015307663776330534	0.00036649602461201296	0.02979022036187381	
-0.06700334300018769	0.04202138904082866	0.10226385003806672	-0.0726252786213528	0.03156095347514325	
-0.03360459797109423	0.09201026444593995	0.003461542785550426	0.02346423731776484	-0.0013562581914257413	
-0.0450113074165385	0.007848950545102689	-0.16346778907414242	-0.02042905136742365	-0.14388176806490174	
0.015237037585413511	0.05284833586124091	0.013203794886352685	-0.032731221185106275	0.006670747538779583	
0.04115138877599426	0.09625274099592114	0.024156220101405727	0.03485120432302735	-0.08757479486028741	
-0.13749998573336297	-0.01307809769019537	-0.0849829228028379	-0.10319611898505547	-0.057368474505002	
-0.08927465489450334	0.1217022138549586	-0.12100777554117081	0.002689288005477276	-0.1669759454774545	
0.08789991188252319	-0.08217919746594607	0.001990537252263136	-0.007780900298516683	0.09152394531659133	
0.09177959679696762	-0.06896090584736579	0.05219143495001216	0.0734194261764888	0.173073528683131	
-0.0013945619953642501	0.06537835981534958	0.03520635606549747	0.06155789167528447	-0.08249402563437017	
-0.029353921720663548	-0.11865653035445532	-0.005172692853598504	0.005716923564633463	0.021734886323364074	
0.14927897650321614	-0.10100170171568593	0.16816729901605112	0.0802154963007157	0.10169313006461968	
0.01681699755621959	0.013774430121049615	-0.008741217479708427	-0.09837584353349288	-0.06460286460671945	
0.02900063465811386	0.01640247320478915	0.02913364280571701	0.016293829351984295	-0.06459867215648492	
-0.09691500568687907	0.057244488698988356	-0.055095423518309324	0.10339663900528798	-0.061945699480066174	
-0.0533236892199741	0.030715731292980365	0.0035662804658770156	-0.009800085460137265	-0.10381233401612384	
-0.0772817430332146	0.0390114928982738	0.017604628301743246	0.025014641584135657	-0.15728761725162693	
0.0036416185823962338	-0.06593398350974554	0.14241491476550042	-0.044608173400743814	0.15621795503074473	
-0.0655651755158664	0.07602806425283522	-0.05893178724656164	-0.009997469381776716	-0.21386324383597105	
0.012847362401203459	0.049254599324072265	0.09775319649338826	0.03594414225314848	0.031502407986050925	
0.021403511724727566	-0.05825292881252849	0.034241584982253145	0.03662374311664846	-0.03242994810992523	
0.09824159232930113	-0.08789791161928572	0.0845372052871137	-0.020286372599591793	0.08766026593740021	
-0.07002977665564042	0.1492737390007009	-0.11802935644430856	-0.11178589696273229	0.033389657673667875	
-0.049871679455075243	0.05617693554606573	0.010602478989811348	-0.05887973347857301	-0.07177160049616053	
-0.07296549769061134	-0.057942974396500736	-0.050662868974535286	-0.09736093923094769	-0.09637855707820121	
0.08817057320565445	-0.016864678324755557	-0.02407591934413908	-0.013267522746729345	-0.004487090718188466	
0.13224297545508862	-0.008075438728127497	0.06306902727480833	0.0073857216254055846	0.1046295030343224	
-0.19761920274504458	0.2242612385812615	-0.11491818061773085	-0.09100463151600226	-0.29791844494670205	
-0.015334215533664153	-0.008692064436737508	-0.15914969643860916	-0.04342228068110295	-0.1287522601477614	
-0.15055636670738076	0.12214707836167397	-0.1431086283520553	-0.02021726335830686	-0.0981101454108444	
0.060627500561565545	-0.12157611488521776	0.17405308071449613	0.10646607623768438	0.16165753601286376	
-0.014061231033924105	0.008579450147446413	0.11811641185915972	0.009211772605672967	0.0911976500899206	
-0.02114668714335634	-0.030953125219687308	0.014548733953627786	0.03184862093590093	0.045091483672752994	
-0.15327244880439633	0.14530166771503025	-0.09978891347890466	-0.044972012905683735	-0.10254078548852888	
-0.08457466083253584	-0.021074552869461565	-0.0989520685984086	-0.005303542127798292	-0.07798017396838522	
0.08861356259775005	-0.1570449789001155	0.16467571023482838	-0.025860613725586595	0.22895653872857927	
-0.02968522734684312	-0.0366537627331625	-0.049829859900651585	0.09590100434884027	-0.03563255717010497	
0.15217534385896325	-0.06577138479424947	0.07747932269651998	0.07567648204242611	0.11738308937646723	
-0.003882488858807583	0.15220046815433325	-0.14750257084588855	0.014814127199240707	-0.197107399190435	
-0.02304784431721755	0.06176569961229036	-0.11742474399222913	0.007921642265373773	-0.059965344439170426	
0.13257853620265872	-0.1145276490604043	-0.046292858193959396	0.12952256435328596	0.12154668929186517	
0.03164379266285345	0.0067008275472509515	0.042885669485473996	0.0681258683792842	-0.04091551019488167	
1.0825409362637598e-05	0.1302645026496427	-0.048942010809966206	-0.06543973046501066	-0.06458953474659991	
-0.15856816544330316	0.14871161819320539	-0.006073051987453486	-0.10772416892389369	-0.17473995690577643	
-0.07017865250928304	-0.0025591351230273246	0.0618168116993627	0.005030759676691974	-0.07984366672599465	
-0.2807365743393586	0.18847009353760336	-0.20190950567468754	-0.17525506025307822	-0.2836393052790835	
-0.01600514641926024	0.030238666945751152	-0.0022572526884365365	-0.003987809027370367	0.03388334600322954	
0.004006983806124896	-0.08968570809056614	0.016368911305502405	0.06795362212056595	0.15987720638274439	
0.0829678659048891	-0.06739101479426539	0.06513264135029943	0.10145110867921031	0.049994667884272224	
-0.0314282140817281	0.10230858222013543	0.003386089141848852	0.04348593496568353	-0.03747778168468653	
-0.05834601842196414	0.09658570768462106	-0.14038553362920225	-0.015151791131555643	0.02127209776189539	
0.014660597284539686	-0.09343019099081142	0.0765443063519602	-0.029650536930663173	0.050288935476529045	
-0.11296897150442686	0.22158560926522994	-0.1048965877356543	0.0023366836065565355	-0.2649239065411064	
0.1354424034663808	-0.13703411521358347	0.00041923493493028184	0.11235116012557649	-0.046858282426746396	
0.006140222958182875	0.1485252315189437	-0.06950340105978861	-0.0929106696632172	-0.024373952127981786	
0.009685352244845524	-0.0589398939243083	0.10308996873237582	0.08676088897179371	0.007280503521353385	
0.045006484063367755	-0.03182744886071899	0.023601710586735308	-0.017421896296565945	-0.021605771071860493	
-0.07356681133199136	0.12205502233107071	-0.04781633509651894	-0.09135596801154448	-0.08822861019618318	
-0.04468860942624934	0.016563898894487297	0.0713640140948997	0.09691932939713516	0.04023456282257115	
-0.04971300598205719	0.12331061826124765	-0.06911132239355272	-0.09862278748535545	-0.14031478414574344	
-0.13206168030180374	0.010894908271999248	-0.1349354937474179	-0.06074437391745379	-0.13447856313971338	
-0.04570908875706155	0.1015267986767932	-0.06394595186093824	0.0796925472428261	-0.009690237117739533	
-0.08804470935430657	0.14231073103928876	-0.037544136249824174	-0.07575118966409407	-0.05208605427246801	
0.0020938004165575487	-0.03433840775318402	-0.014123765716905297	0.05359037341440826	-0.042240464885594284	
-0.03916002801811084	0.07529527018703476	-0.09113414154466605	-0.0716449013981353	-0.06944091675118567	
-0.20725965091182122	0.1922311214472313	-0.2741345997564608	-0.10081870348324751	-0.3608774517688138	
0.1723784536968502	-0.12122534758065831	0.11507263118832238	0.11477036459209523	0.043364770712140316	
-0.20630155980243964	0.08870787578872401	-0.022760721746324757	-0.09246559057937559	-0.11336385073677077	
-0.15963714937317836	0.05737421575405018	-0.1701190026758018	-0.004448318187208055	-0.10753657225041542	
-0.06731048249556063	0.03175666249311687	-0.07258795027225065	-0.11804807267570566	-0.16645139628327552	
0.0434780813025937	-0.08757796389904976	-0.011294617006919304	0.08105154834676816	0.12901446451856088	
0.029568802873025827	0.02444746612076417	-0.056855088392215224	-0.051091426847130125	0.0007773929153327135	
-0.06175748437407665	0.060069715518985524	-0.14905000094149773	-0.0928090580538987	-0.19071952286384108	
-0.009887689807552377	-0.08320125011182146	0.010656473314981757	0.11768362324447683	0.1058429614846939	
-0.11140742572709762	0.10465518443769425	-0.16942852512766005	-0.06636902754571308	-0.16203931178469178	
0.2721561294080517	-0.14494616307942432	0.23562912404800787	0.030351986835395976	0.28334385637478887	
0.18607335956741777	0.004028055683246959	0.12313111131721362	0.007068667747248103	0.13215167427402882	
0.18564252913618928	-0.1600282888647209	0.1762544095133541	0.11433305795168346	0.3178405172594383	
0.2141237042422997	-0.14403592600597467	0.24136770900306118	0.01147337847869116	0.28301424013334286	
-0.20692879487314342	0.04124471353297974	-0.13751802543804525	-0.1383433711059648	-0.14575794958692964	
-0.210747533363711	0.06473757465340739	-0.21083895352331372	-0.027067927381879693	-0.12936398856943582	
-0.1026663026192026	0.010007454949132615	-0.029952052551085104	-0.0781279403135653	-0.043176177369726974	
0.08526741697631993	-0.06066549355675752	-0.004517976478320962	0.10040964623203155	0.07133128995378978	
-0.014990167045093651	-0.047475427362570925	0.008993326046206783	0.030053050991558312	0.11078839051341904	
-0.22590214284012233	0.23552303040192854	-0.1914135658619947	-0.045559153684735273	-0.2813550920752337	
0.026394408042504935	0.015571884033558846	-0.007988319068326708	0.11895779256342523	0.14653474525642543	
-1.1801789476840319	1.5775975071883224	-1.1745716736388847	-0.6897480788601321	-1.6238976787204225	
0.6179393642908158	
