TESTRUNID EPOCH: 72 L_PCC: 0.9356429174189586 L_ERR: 0.006560991889362373 T_PCC: 0.7699020021582573 T_ERR: 0.02018011593551346
180 LAYER: 1
5 LAYER: 2
1 LAYER: 3
72 :ILEARN
0.06708144332179283	-0.008371744213456166	-0.014132423341883572	0.017647829458311892	0.02468123926909838	
-0.05530592988056618	-0.07442514694831326	0.0006901574643785731	0.023826906838986323	0.013402615000128418	
-0.0026248094624656297	0.06896304000481394	-0.04224195091948636	0.10552703784537835	-0.10590356667654084	
0.0587076724981267	-0.002130102667055231	0.03602211972877677	-0.03595334324010084	-0.05542561176487121	
-0.038733181337699006	0.2171459925728308	-0.147625268229121	-0.02108798712348501	-0.11450869798279611	
0.13513240266003135	-0.12767959386354208	-0.03690524383568211	-0.006898763044736815	0.10520227715730833	
-0.07477535816985861	-0.005424663790812036	0.09932306839414257	0.031835430556753926	0.011710140919452095	
-0.0008938065983810254	0.030065784652399424	0.10121823741826615	-0.05484734708893392	0.06733164616638118	
0.017675677991839396	0.1350020405349066	-0.11753969556951821	0.03568232565260687	-0.19447585664685943	
0.00401443851212198	0.04946421707510382	-0.04340954547165691	-0.06291498850394753	-0.03715583078456951	
-0.22742088193607835	0.14192272176555445	-0.2186139587328209	-0.1464083204285442	-0.18222290474337524	
0.00038367271854101276	-0.06079379028896168	0.029843486178265433	0.10349446080926505	0.13161940136868422	
-0.24791066240838341	0.16752334490008472	-0.17056315668252553	-0.13666186947001413	-0.36405214806361946	
-0.23399287348454262	0.22664114325567306	-0.25479646928557936	-0.0810506904378629	-0.2991125734295318	
0.20166711064930606	-0.20051190368726876	0.052070405750530194	0.14751550763981613	0.13559869810382033	
-0.007155383579699696	0.06729866808686671	0.037665886200458874	0.10770334675461485	0.08819464784163425	
0.07839024424385796	0.0455915387864481	0.052433349991451335	-0.017867379856496095	-0.07008975862039393	
-0.12235222914047927	0.17441619201915967	-0.13372179918339958	-0.08129601261820045	-0.3061307506726323	
-0.22858377467253027	0.22057649161966691	-0.1714371627408477	-0.08541447303420974	-0.23046537441015036	
0.003793845859328752	0.016463627543281147	0.06220522615120884	-0.08826201827524106	0.11194606840274798	
-0.034044114128131	0.0051612918968901265	0.07481918687488662	-0.023191659570456154	0.07637938226851543	
0.04136611007940723	-0.11046569368820863	0.0936725057730303	0.06229640452900379	0.10140521409136084	
-0.04010274663270934	-0.10833189596781354	0.10519094121347125	0.06250621909090619	-0.058427875807776655	
0.03332928413681952	0.04696242086284324	0.05475637911520049	0.0271162727585332	-0.10477231706845051	
-0.10375378489840192	-0.04590857256751233	-0.11048660103402659	-0.036593067210422374	0.011713468874108122	
-0.01416672930802551	0.027466577931460723	0.037003316302840934	-0.08853090557600225	-0.08561810136306576	
-0.02453978988643115	0.1294109069443861	-0.0429428459205996	-0.1256485508927374	-0.012976855870599721	
-0.06362862971872703	0.05972546814094038	-0.0446077684756062	0.07080847143180521	0.021800791895430466	
-0.006934160217818984	-0.05899095080490449	-0.11778376720069203	-0.0824424877423396	-0.1360351819375404	
0.012037702009074948	-0.12870561244730525	0.15052937657127666	0.09945615819935748	0.02449741892685076	
0.06079624546532353	-0.023449907526080116	0.17574164422739316	0.06944749949298125	0.1423252932465765	
0.014352678057119976	-0.03325277134199873	-0.027941169475603402	0.07273266804953853	0.010297161422546093	
0.050041483806210034	-0.08361110442364737	0.13672122020523558	0.15735790545330644	0.06323064802988286	
-0.000585369114399232	-0.16550376141876336	0.10098569795539405	0.11180326393863421	0.12757133773939536	
-0.49885198059805214	0.5140460664960881	-0.48672997449460037	-0.4050882264891954	-0.6213982633569253	
0.09845093441613746	-0.022628943939454593	-0.0003958536875480425	-0.050325715128890745	0.04518996170808773	
0.08081105330776234	-0.10520261488988916	0.10678446710571972	-0.044620678524443784	0.03310173815978387	
0.07192592076587166	-0.06392313712183395	0.03145578004805246	0.03218844163177548	0.06947543589443883	
0.004411608267327112	-0.1330905173818183	0.10022581109673734	0.10681956704485605	0.13711723928617148	
0.17652876474204848	-0.16678246079812215	0.051834898552912685	0.10934921840487917	0.20868716790883088	
0.04085253082845915	0.050311420795378224	0.03930679596151363	0.00036591744162362233	-0.06735145528244824	
0.01555024276041973	-0.009118625450764513	0.02050064575763279	0.11431859860189043	0.10338115558560854	
-0.07297449231564157	0.1652580228028992	-0.13269407039051315	-0.07558984015039215	-0.15058577838595913	
0.020374755129795356	-0.10456944892406796	0.10398313056083322	0.11456938205860265	-0.06736526115794637	
-0.09546897071721976	-0.008804516295293763	-0.11334447527940895	0.048297358995864056	-0.09804618828846048	
0.07668244985347297	0.021191672725131148	0.06361969471129053	0.08032639199971311	0.06773904575950038	
0.02487811172576843	-0.03775971563712137	0.09556107659753736	0.0028028978223609592	0.06207981436027607	
-0.0013512827452240319	-0.0742929472424375	0.0016022321917091545	0.00041347681521446367	0.021458885782247878	
-0.045531485165605234	0.08252559828409109	-0.0030735305645048826	-0.06859555154820372	0.06782099146163496	
-0.06101953839332094	0.009896666580355701	-0.10727268323699676	-0.04614318723542629	-0.06681507346574014	
-0.12220420546553587	0.10632646700335656	-0.04901584966243191	0.0669049010983848	-0.05193765121991012	
0.08761944988983301	-0.004301960670988777	0.04501475536021129	-0.007839279938444733	0.04940185310087878	
0.008853097369805829	0.10671900852360582	0.007215086645989031	-0.000486644712591315	-0.008487178577871209	
-0.11668214434603902	0.11044655787583238	-0.1073958100628151	-0.09830951910187541	-0.17221728253388238	
-0.006235354203236365	-0.029698087793815373	0.028298191109104857	0.009089319723356304	0.12300284197977175	
0.022071570956036995	-0.05293091387304722	-0.028987741612388755	-0.01636412023984993	0.05010853593376284	
0.03835066523821211	0.10952713150023255	-0.017774514077129707	-0.05686372229685582	-0.11181642364753279	
-0.03956321275937568	0.11209125313968117	-0.06528038211403044	-0.05631854454841279	-0.14106153205990263	
-0.12772404533105133	0.1835436808046741	-0.13234014668550997	-0.11067839538104834	-0.21678787540497685	
-0.1626602815324718	0.05893319362026466	-0.16363427241566478	0.020577858514591464	-0.18453278747618718	
0.04955949427539132	0.11096777787277955	0.011281424416641084	0.017345811594148167	-0.11700391595833944	
0.005864005974795731	-0.02371114309760775	-0.03345606400993462	0.03545453745058724	-0.06017026204312723	
0.07577369954098535	0.07500964135938207	-0.06635059980796418	-0.05651297098091709	-0.11243523435725668	
-0.0389481756899421	0.09340389503380486	-0.11443132408862644	-0.05183589497570541	-0.05643828105018155	
0.003008843515081062	-0.024576839514219614	-0.05971830539920701	-0.09350111030750514	0.018812549273708214	
-0.01690868026367184	-0.045361636982796875	0.00607800456676115	0.015918209004839045	-0.043168280162310994	
-0.0868700576649233	0.08829859484833237	-0.09132992594348036	0.0038518469385397714	-0.041937429698207004	
-0.08808597396176752	-0.04351333053053896	0.08675126105428074	0.10487956548703345	-0.008236485756196354	
0.08991002184686915	0.07318078049811576	0.07956305167675642	0.097703592826532	-0.08556287104221016	
-0.03341238344038401	0.09510242299778376	-0.04504169348660434	0.01700679313208792	-0.14369174862370154	
-0.04138407766068943	0.12348307487904464	-0.1487992584561323	-0.12266970848633346	-0.06603701039683157	
-0.06969178506560901	0.12069395291050296	-0.050404467034195606	0.05088320142316244	-0.019968556373432342	
-0.10889698422726815	-0.01976426509135445	0.008397599701161407	-0.04007285964508731	0.02484653620274161	
0.0035326712034817183	0.11171782505003428	-0.012530405458149364	-0.027421351557016967	-0.04594814925465436	
-0.03991818974319991	-0.06415058681527906	-0.09860551798991335	0.06425936966370809	-0.18745541318717837	
-0.02385427279290288	0.06718362891969924	0.032198298782218186	0.051211554292665676	-0.098446511453906	
-0.012071993649689186	0.006040198976696131	0.08194293452097116	-0.05582877698318241	-0.07582676410353194	
-0.08069869120945931	0.10330553124663222	-0.04325570094451876	-0.1013323241401599	-0.03965102057012196	
-0.058352648972301566	0.06748857379122067	-0.035508247676189486	-0.0931013375169885	0.03964124384570262	
0.03328310194804317	0.009133717725945002	0.007941294112725162	-0.024642692953975795	-0.01622182026203884	
0.11293563741665025	0.02669987914034709	-0.07162268787063161	0.055591879519536765	0.013255651306579656	
0.09965915203623779	-0.04023719414358796	-0.03764168069184347	-0.06179872111173469	-0.022144032929136966	
0.02244400914427936	-0.03357145206873785	0.16133624845673158	0.09691834121411352	0.14425031810000286	
0.03262932887841346	0.025927900330753366	0.04357712390031637	0.11114990723739006	0.0715549085622835	
-0.15169394367763597	8.004721285834358e-05	-0.18482551558779076	-0.13179714113432048	-0.14217112473054772	
-0.03020237902338272	-0.1257341994368645	0.08754801327357986	0.020718278080850916	0.07874730858159473	
0.07341922934867512	-0.08241821064786636	0.0760914929781591	0.05613319013500227	0.14391028182329854	
-0.012734137107240634	0.10343261255419353	-0.10236838189442328	0.06560145219498939	-0.11740418488962055	
0.04805506307052462	-0.1009452679730303	0.025671994976902587	-0.0741642500645245	0.0799393785222706	
0.012396693190091786	0.06871772307671134	0.015447858082186192	-0.11549374932756792	-0.11788460687934978	
-0.14987882009404535	0.0737699580783482	-0.026403022715829044	0.045245402884239526	-0.0651602315047793	
0.08236192660844634	0.06880842994449145	0.013967629892191677	-0.019438655114485805	-0.04551589657782759	
-0.16390777012608404	0.12388651471941645	-0.17467454699819607	-0.100109266881994	-0.05731320246326004	
-0.07190774381787109	0.09816369036274392	-0.07709022198366919	-0.0023190973637838503	-0.06360279477226503	
0.040473401651459406	0.06849663550318297	-0.05839142216316634	-0.038136358213919655	-0.012887000127558335	
-0.019476894739993204	-0.008767680833481138	0.15034489965824754	-0.050829292968919235	0.07914927607430679	
0.01837173665104052	0.024434687947843963	0.06307707831392997	0.05399489684695406	0.06788633654754164	
-0.005013290926057217	-0.019584466697179927	-0.1375320737729582	0.0128373251012243	-0.09940366492423813	
-0.003346423661760663	0.07292694406834137	-0.013418459076266815	-0.03905131018093638	-0.028526013657371445	
0.03697029124177409	0.08142094749456565	0.024236160072244387	0.050354818257767005	-0.07530458186354747	
-0.12852664695772262	-0.009353970804112691	-0.08356143600482809	-0.09902217944378933	-0.05817748077582687	
-0.0519252108532262	0.14043074875494785	-0.10472476436253995	0.015817680310389017	-0.14578951400990364	
0.053540477679240375	-0.05974078609075645	-0.034981172887885395	-0.026177297085787556	0.037411223626936045	
0.06348253137310395	-0.03392689295507253	0.017933495059900086	0.05426396053085717	0.12766187194987502	
0.011787311785583643	0.05588601098432871	0.038005336734400354	0.06620274555329937	-0.0692736352618739	
0.010335741273824863	-0.15146721859196294	0.030733325886084174	0.028089305750768616	0.07906732844850428	
0.13548018596989678	-0.07591377645414608	0.1436628259883497	0.06725114797865564	0.07787683742970747	
0.002246490986960842	0.04217065786869994	-0.024862606184989155	-0.09981913827422204	-0.11226336925003022	
-0.055962763216543206	0.11447410202463855	-0.07024800230169354	-0.03665124047093223	-0.1875537108154613	
-0.09644319986627779	0.03625781327350805	-0.04753862808101677	0.1074530781789541	-0.03321902096086841	
-0.09239706007964171	0.06428731034210443	-0.03741660934824705	-0.036217809944628705	-0.14422595467141058	
-0.04769466456116397	0.04317413133704486	0.026512847930610903	0.03820428264063921	-0.14096712407040302	
-0.052110025079813556	-0.0428055075944014	0.09542003827089737	-0.06608051636653542	0.11014727335172471	
-0.15381671827983606	0.17202419452679907	-0.15482033373686827	-0.06800498790517835	-0.33874631478592965	
0.061100232565120816	0.012358594472857153	0.1397925436457976	0.06839684877622691	0.09596368575854236	
0.003947647790124916	-0.020956967325327307	0.007252261638870433	0.02520111131999631	-0.07616597205142928	
0.08072474708369327	-0.058973700735306875	0.06152482044652789	-0.034196033801208885	0.05860258232907832	
-0.014729976361086498	0.04697309053414289	-0.04262391320719863	-0.0717820875730047	0.10195006621129911	
-0.1219703898920426	0.13741012631761088	-0.06216760343778429	-0.10786260921903858	-0.16148646622087726	
-0.05827857441322514	-0.08205362331201393	-0.03086589836391489	-0.08875287445036717	-0.055145224112878644	
0.028445249521678467	0.06016694489230315	-0.08833181504045522	-0.05426805101756433	-0.08358989057990648	
0.19040064085008385	-0.05676765331606923	0.11609656600658722	0.03259085788256644	0.18763509264400363	
-0.17280384239115873	0.2583977171682745	-0.11641639842133132	-0.08658813448149466	-0.3170719521457148	
0.02083045408943359	-0.029531435236938977	-0.12335261314614812	-0.04229369767451616	-0.0992957482752356	
-0.1304000204706137	0.1255065291466675	-0.13781573597768346	-0.004251033559099298	-0.06828081863250651	
0.0012103903829051015	-0.05411654980916405	0.10131014567353919	0.0766965807603133	0.055397447991347396	
-0.01530741809253152	0.009059733717636322	0.11375609603357922	0.002602168785351013	0.0751051863863563	
-0.09603940262071019	0.07181351778787388	-0.06707904648436103	-0.016628209505841495	-0.07515741787613593	
-0.15331775208339496	0.1664305173010085	-0.11311694235805597	-0.04507574603590973	-0.12921014484710305	
-0.12588190314513353	-0.001939779542841714	-0.14053802053832576	-0.018720398477692336	-0.1142731652055668	
-0.01705054937917471	-0.07792698918857877	0.04999287347415927	-0.07849119429540832	0.10669896376314615	
0.015820182428664023	-0.07118100232775407	-0.006701165346758734	0.11872633589593815	0.023231843754645435	
0.014674348704352282	0.046918699577069865	-0.07508790467753935	0.013785370622761767	-0.06062887841433077	
0.015651093464825305	0.12504415244585998	-0.12916559353533838	0.03113855182124035	-0.1655053479531331	
0.048614290974432914	-0.0005788884074947273	-0.03211937826178977	0.05355933433549229	0.0013799558000738635	
0.12356084092656343	-0.0736164246531729	-0.0664623865087817	0.10977446060840462	0.10121109990952451	
0.0083392758418813	0.05323246445501601	0.008146971415756776	0.042468551663161165	-0.0822899835086695	
-0.017357027859251552	0.15299191779621527	-0.07989739157297708	-0.06345438167107505	-0.12312521469278603	
-0.14493026941568085	0.13391429851303302	0.012510319254315363	-0.09331290072999526	-0.15737153334239343	
-0.09583430410580297	0.0056250488046836996	0.03675053967715009	-0.004947503208603158	-0.09131425130529938	
-0.15731618434504221	0.0629669784513654	-0.07093031471256188	-0.09982704441166969	-0.1499558959213393	
0.05960126143224215	-0.02769922933102965	0.06896877440108663	0.016840490558100787	0.15237298349358175	
-0.02157733098241734	-0.04122012683185748	8.504870138188553e-05	0.043961542519468384	0.11221891503433847	
0.03304937915195627	0.015523667445730591	0.03136945396574832	0.06836511068865185	-0.02658666017361087	
0.032518169710541146	0.02685941462171624	0.07555702226673798	0.09218538952354344	0.042514560909545855	
-0.022773943970656137	0.07740693920185066	-0.10522085879844069	-0.005942428585433268	0.062233006408899054	
0.056921586958025704	-0.11737319120249186	0.12746531026764668	-0.014228669406919909	0.11085497853113402	
-0.07566587871334289	0.20607800265259482	-0.06769837504399924	0.019946204803937512	-0.25212843491101034	
0.08453553443826234	-0.059215555524487686	-0.04295015051424435	0.07285339089792532	-0.09899060913589744	
-0.03010737804225691	0.16274880763828564	-0.12174196129149198	-0.10086569787090584	-0.08435180085257121	
0.008069554816800122	-0.09920716700962996	0.09590905513463585	0.09863665509139971	0.012709461426890436	
0.13969296733884196	-0.11236724305423319	0.12068269168484207	0.01546142535471698	0.11440074248724717	
-0.08381971100610909	0.10123673332749944	-0.06553657891300951	-0.0905715273812348	-0.09723930778467171	
-0.05409276585226426	0.0041395079663372	0.051810608399302176	0.09828740363941353	0.056602020008392526	
-0.05387729320047743	0.1676014505250183	-0.08460536623121015	-0.1010839963223802	-0.17230935358270427	
-0.046288331494491866	-0.06118417513780591	-0.035799416098330886	-0.012604703524816619	-0.025959183689065607	
0.05094009855004687	0.0027785280357378686	0.04759019067912441	0.14153332020148732	0.1344186756680748	
-0.06142816355576714	0.09945577871483241	-0.028276103977602732	-0.06510430925466487	-0.010780300025796413	
-0.013474420030509556	-0.02836000125935772	-0.038513285859312685	0.038208323899916574	-0.03822633475671108	
-0.028920764129379696	0.04781536250346162	-0.09254511628355216	-0.05374354831770464	-0.06774810323954746	
-0.22546139574927626	0.24857252184590936	-0.3083808049994121	-0.12873530997956054	-0.43838263816945067	
0.18848089414995567	-0.14186053005090213	0.1313891940124542	0.11847633169705638	0.07754079318824264	
-0.21140982472832515	0.11434267525307773	-0.0409470535971752	-0.10354590163216709	-0.1360253896091211	
-0.14022651135808048	0.05400767423572737	-0.15986056003475516	0.0002557846994834629	-0.09375710536696641	
-0.08137521518655634	0.07073779240710612	-0.09134908507093327	-0.12707825216659752	-0.1999603604203312	
0.05276672102451617	-0.09847199752912196	-0.005326647515224985	0.08190498533699031	0.14618469805773213	
0.03202616469982355	0.02923415008893443	-0.05715065502895156	-0.055907578376221984	0.001897905587942928	
-0.061937026858297564	0.08841028839254633	-0.16145792804911402	-0.1017385720339318	-0.2182988529359262	
0.03550694406856079	-0.12499698000425466	0.0553201043882513	0.13962800565947187	0.18109281486460074	
-0.1283154636925042	0.1169307651100246	-0.1969963483733599	-0.0717263999291168	-0.2075995664868926	
0.2832619066418275	-0.19508539921474177	0.2625526693777845	0.05364902764102311	0.32197727705528456	
0.19581989996254662	-0.004537421439976594	0.13239542458493914	0.007830065438631921	0.15642338537184372	
0.14402537933664888	-0.14075217079395297	0.13443991048780554	0.09740323788466307	0.2670595108604726	
0.2364057831035771	-0.17720117557844953	0.2794322222521419	0.03735976464466129	0.3468722256811674	
-0.21698203023893406	0.07596492700860522	-0.1599557828384637	-0.15327721269009448	-0.18199036307990796	
-0.233488229280924	0.1119641386090022	-0.24054815873622812	-0.05271144174219559	-0.1777675309255821	
-0.15034691074227013	0.06912827658734218	-0.07976195131610124	-0.11422200025362166	-0.11537850736267012	
0.09512140104423526	-0.07627429847412671	0.001416200909550865	0.10915776218419267	0.09268997211303619	
0.07658762176953596	-0.14545989867420514	0.10273800916191303	0.08079575024149582	0.25854342153687915	
-0.2428209288145283	0.25472328550906465	-0.22356331883955308	-0.059341573373717434	-0.33997400667458144	
0.01255301667533669	0.012920229500214583	-0.008787531259155634	0.11201939692823476	0.14824076010178772	
-1.0792596688834488	1.6782517930577878	-1.1648394723557067	-0.671171045454615	-1.779633181960865	
0.6539478979520073	
