TESTRUNID EPOCH: 91 L_PCC: 0.9353931655769473 L_ERR: 0.006315613901832486 T_PCC: 0.7637257984681068 T_ERR: 0.02023657556003164
180 LAYER: 1
5 LAYER: 2
1 LAYER: 3
91 :ILEARN
0.11198278238126562	-0.05342629242280411	0.027915432520223767	0.04299521700542247	0.07104301156467362	
-0.11844872180561036	-0.024146228572987004	-0.047627190081611794	-0.013515757805587055	-0.03423701069723615	
0.026009501602622578	0.03984408306348074	-0.006238716126052484	0.1295850750393512	-0.06285522764994646	
0.04834682121795164	0.034051779605656175	0.021474010028285046	-0.039104969496624085	-0.08880778677888732	
0.03699733634696059	0.12357831761686869	-0.05574889762196443	0.03595246977588067	0.0369280831346362	
0.22114018804588753	-0.2028557489945686	0.030715816160299555	0.025225939907365838	0.19089027202074024	
-0.06446150733130818	-0.011525206069003242	0.11376417802855751	0.03775634559379718	0.02900501652572626	
-0.00245849277972384	0.03734585550129216	0.10601264131457565	-0.050079267110305005	0.0665668025652949	
0.008320869299022631	0.11912665899935608	-0.10111498143140825	0.04166863836564675	-0.16114893502836247	
0.056630570207334974	-0.0025019001928483003	-0.008176888725679017	-0.04656768070766294	0.002583284307234875	
-0.32878064835150944	0.22707425527985944	-0.3126426403254224	-0.19471347702573755	-0.292424714821823	
0.025300902381488376	-0.07427317433456047	0.04545970313312189	0.1022512971927235	0.1568022208294268	
-0.2919511296593904	0.16444718989886375	-0.19168300679098438	-0.13668169197711044	-0.36676180913123657	
-0.33227009765306814	0.2490155226917728	-0.31065468030029714	-0.11243767611131271	-0.3451462936762244	
0.18734980834521878	-0.15598507162610994	0.028516060513213932	0.13210102613971242	0.08230012137327346	
-0.05513955023811739	0.10990532741515914	-0.004515335992923154	0.08737543162061942	0.036073328087729485	
0.025157680361661394	0.08329554514170627	0.007682829254439599	-0.04228509922558335	-0.11954478201350639	
-0.13382675287740736	0.13345810961533627	-0.11136256684328454	-0.07421920016646026	-0.24860201612516278	
-0.26318989933329867	0.20898917794133715	-0.1799143680175152	-0.09194750529563459	-0.2216180006517003	
0.055090809532893345	-0.027808204997923632	0.09777493943525403	-0.07323262672533945	0.15061857656369138	
-0.0032739679601418332	-0.02904458201749332	0.1028942244013911	-0.008894632542794144	0.1136321641856018	
0.06250583939176271	-0.13123190876390764	0.11397804823024064	0.06926750563729295	0.129026008566316	
-0.0290585308350065	-0.11118291733718332	0.1092668915587067	0.06190833215516708	-0.05587586572010503	
0.016876541273827934	0.07402338661993897	0.036104274126107436	0.016054892629386947	-0.12713627426040727	
-0.15066422638825588	-0.013616495242285693	-0.1384681736271046	-0.05567832200570114	-0.02371093007025106	
0.02988378286665523	-0.016283402741787877	0.07753484850222492	-0.0671327942493194	-0.02569613035135218	
-0.03017923486051137	0.13655529900252938	-0.04542470692525275	-0.12755312944953806	-0.009200910583385758	
-0.018311851350071462	0.013849712381248524	-0.010773678241715398	0.08972215598235626	0.08081465694800377	
-0.017427895562561854	-0.04794822422731958	-0.12665779035615649	-0.08964054115372073	-0.13949216784949692	
0.0025465058812774548	-0.1288396110510669	0.15010788094700533	0.0900407033859072	0.0006036389010087916	
0.04475998587466257	-0.015582114236390786	0.1641359433657987	0.053965903255306695	0.1064579850602699	
0.04043402191773306	-0.05832867526990596	-0.0019684428077673564	0.08644659392115085	0.04987840700324298	
0.040526671834277404	-0.08039414507776771	0.13068822567157493	0.14703774934028666	0.03980132294768126	
-0.053576611032559715	-0.11626203416889586	0.05363835307988683	0.07674316659593836	0.057584298336575884	
-0.5363849522559194	0.5423094892004404	-0.4938976686852753	-0.3850030239360336	-0.5781594972269214	
0.15853037804333575	-0.06983297939562075	0.043427720802792266	-0.02662264811013171	0.09955218213432974	
0.13987600122865168	-0.15590122828974215	0.1564557672968793	-0.017155516540025388	0.0849295060185473	
0.0580844088346321	-0.058527360049191596	0.02484260951369623	0.022228964452963004	0.06533289908753746	
-0.021120598893495	-0.10924936146911367	0.07718762799637159	0.08726237621254039	0.10409236900103767	
0.18230411944463676	-0.18112334369248057	0.06441917382475357	0.10752673808790916	0.20212140469923184	
0.05167583169932659	0.013880363806942457	0.06723228339837743	-0.010899103089250774	-0.02510141698747987	
0.03848103877402666	0.0045927176424995055	0.05715440654897932	0.12292680912710724	0.14735101249634383	
-0.05550044315655698	0.12856690954577882	-0.08730458747775904	-0.04575032788087381	-0.0962455825318286	
-0.08595683110651887	0.0005814479331839585	0.0158607872828502	0.09739479328016204	-0.17459544740529037	
-0.1306497786546905	0.04174302364235983	-0.1784936921512865	0.010367738039013858	-0.15707711973565472	
0.19900168731405452	-0.07191621847299244	0.18464829738539934	0.13839221198284143	0.23094060818577117	
-0.04646412418338572	0.06222354388059208	0.028954556330214213	-0.02388726869688119	-0.030211345800427072	
0.10226900796416132	-0.18849372182743174	0.11421313627937364	0.03432788672057783	0.17523304102846898	
-0.005907101570659845	0.07183297265363242	0.036723480846397955	-0.03872867391805942	0.0885561208622313	
-0.07863404701089345	-0.031802270359086796	-0.10684811722500388	-0.04500017646220822	-0.05853947803529627	
-0.09216987435144948	0.0453086189355558	-0.017180003044273744	0.0821225196342117	0.0040769835372894215	
0.15561228492183235	-0.038817367694347814	0.1185929214230808	0.01761696235702458	0.14889116723471724	
0.05206967495201502	0.037617514878615047	0.05655884393778951	0.019001889496514945	0.05921083837656845	
-0.12447166696640502	0.12415154747301668	-0.12057144241574339	-0.09079574821881557	-0.20976792699009283	
-0.13360155635732826	0.09231350504236911	-0.08278359000903598	-0.06163907576532849	-0.025031993092880355	
0.05647266792434874	-0.08872856182436988	0.01413897279199227	-1.5315990514529567e-06	0.10322643679582287	
-0.06255332438117035	0.185079467866652	-0.09514849241616455	-0.09213148470192094	-0.21672907980077827	
0.03270342100483489	0.04845879266427643	0.018500855129700015	-0.01412555430053629	-0.047376418287158405	
-0.03221811516330138	0.11038904193112575	-0.02848714271068718	-0.039606015574338606	-0.12790543652901093	
-0.20360973154734985	0.04778669452743397	-0.1860183572137485	0.007461048749473905	-0.21459435267057628	
0.19065546467318956	-0.023686148813751567	0.16019859622239652	0.07021434893619963	0.08835036505523099	
0.022571187916712372	-0.04587949072893439	-0.019640683180217482	0.027177473659618395	-0.02011916139450765	
0.030973790647220955	0.13711872962565513	-0.08587433172388007	-0.08202797228794614	-0.14804408327707294	
-0.04321526994788677	0.11334315648006398	-0.10406372497020662	-0.05374015804979655	-0.030336230764941772	
0.03857707854931145	-0.05581982942601689	-0.018759217976241565	-0.07945123565911737	0.05312293842543318	
-0.02021907393195145	-0.028699578694546955	0.0009122971801930973	0.0017967506776881913	-0.02182937103539405	
-0.04387667229159911	0.04280102932358478	-0.0331600219033097	0.02155316212272574	0.05103853893493958	
-0.11695552721158319	-0.01183436629103522	0.09138867782574187	0.07968733142449441	-0.01112740811423154	
0.06556376560237169	0.08897570714961316	0.06525373444988988	0.07739065971759	-0.10660492232796052	
-0.019182044958369764	0.08314428430077078	-0.045511570278223036	0.042242818901215895	-0.12203354132017671	
-0.024433076482594192	0.10445620187115517	-0.14004316044419093	-0.09178175609702854	-0.04557669564519505	
-0.028666563586683614	0.07791959157508563	0.0005102333303590046	0.06554323575443122	0.07266994381149586	
-0.11687649141297303	-0.004330509498459492	-0.004775925988076898	-0.029504622148229524	0.017968193995444286	
-0.0452976439102464	0.13007524572768075	-0.07090694529797983	-0.030117951206172614	-0.139197848585123	
-0.06714708920564866	-0.041955824490362364	-0.10985282552139208	0.03900291813016996	-0.1969048548138443	
0.02717273244935212	0.031968448557895775	0.09755897127756662	0.06685852750954671	-0.006536893984510343	
0.07639194413464466	-0.06730484259246775	0.1679982207480574	-0.015700482215107413	0.05198374534037114	
-0.18415788433116773	0.16402224211890387	-0.14311369531164755	-0.1482624884873367	-0.1696559001010984	
-0.12570059384317758	0.09083115205743628	-0.11281847685430521	-0.12628799223495082	-0.046700637361114496	
0.08342737861518694	-0.04443182841579979	0.0462284815421011	0.009609806468023719	0.05865065184504011	
0.11100756891900353	0.04419538262728349	-0.07060462047521227	0.054244941868919976	0.012363055651429923	
0.10605659574420806	-0.06369701092197844	-0.03874098446164129	-0.03680764609412462	-0.01030313253735978	
-0.07059469189444803	0.0491150714533099	0.0809036620628308	0.0611339618513812	0.04771848864951741	
-0.05657841416291021	0.10588547662673542	-0.023044504572585313	0.07422635552184459	0.000791611501433619	
-0.07457301394743251	-0.08280568791834256	-0.09662832669127662	-0.07693356509339325	-0.02133237376496966	
-0.032237175798662636	-0.1389177542336481	0.09001029170668853	0.03359574255259718	0.07059334435014458	
0.02512941355244805	-0.030858613839587837	0.03841030893576268	0.048185480300873045	0.08332445915434686	
-0.0017319730774245723	0.1176919000493312	-0.10135786038308862	0.06277962216143511	-0.06794552980741517	
0.045367807223552416	-0.10523471658646534	0.024600899438409287	-0.06628559096246424	0.09297824211791403	
0.006870422551447111	0.06024261371254858	0.029160482920949544	-0.12261491821094857	-0.14034496666153506	
-0.1745577574581212	0.0795273441320058	-0.04893169237787643	0.036402585401895275	-0.1082968528049175	
0.019733144212964848	0.12002276272129987	-0.044830210384676536	-0.0214132821916819	-0.11223311909660423	
-0.22253969783736485	0.16386032791285743	-0.22676582997655564	-0.12408407900770148	-0.14131397977716986	
-0.0042579431905557606	0.03276789445946404	-0.01209132814882838	0.021929948689914318	0.018312210308909137	
-0.029295548395506153	0.14987358854679916	-0.13196100129092203	-0.09309446904088617	-0.0900989523371493	
-0.04633337437971011	0.009362216373491812	0.12645071476829411	-0.057962617291830915	0.05933381057729492	
-0.07237087653217351	0.10463671413983246	-0.018787065874850833	0.023237423032372237	-0.051348538501249874	
-0.09856688023600503	0.05930440138470616	-0.20520767027470915	-0.03433521179566481	-0.20788885383102845	
0.05319643784237669	0.012445469510713713	0.04834436051484415	-0.013701860767124763	0.04320175742729419	
0.04343270396939295	0.06353879154511734	0.05031728988549247	0.05235049075433835	-0.08512564162530745	
-0.0798890267527809	-0.057998102476441805	-0.028955495321624253	-0.07071092739297172	0.012560701724942593	
0.018033810050140615	0.014824875289216017	-0.025515276125227637	0.06398921021488295	-0.012745464110195545	
0.05758131479749096	-0.02443531664605541	-0.0480815050755166	-0.0438340885728316	0.0581523286892754	
0.06624580201487247	-0.01739480963065484	0.012364444509272429	0.04714537545668295	0.14277520415660902	
-0.08044597323408793	0.14682738574696758	-0.029299812612335812	0.024215846921548247	-0.15551694561212828	
0.03596515573520603	-0.17246273863461034	0.047571913803043514	0.03489460163368284	0.09913654068306568	
0.1222141864429872	-0.06870311001182958	0.13217332255822106	0.06578959352999678	0.06746694046772736	
0.0632044742085232	0.01795586615941574	0.018632793497105726	-0.09120500323850216	-0.003251095420511268	
-0.033594706191463035	0.07202688298191742	-0.049082509596611486	-0.023370290777814783	-0.1289936690760365	
-0.07598987990991517	0.02713160506137234	-0.016890967132132985	0.10388593417949936	-0.03775732376155602	
-0.03735384522540428	-0.0018621089757033923	0.032273757382982445	-0.005927604140999182	-0.07293935129954715	
-0.0399910271819427	0.005594029820555049	0.04815483439800251	0.054358960071522806	-0.0961968072628774	
0.016846579811686087	-0.0882216836975791	0.1508315269400403	-0.06302915509395018	0.16118286486272207	
-0.12260076772617005	0.09401289536042208	-0.10478134156073128	-0.038924446244797344	-0.2657525947589497	
0.019441448529720295	0.06921525141633628	0.0968296459913268	0.040954457670509724	0.03405078350169874	
-0.014532847695830036	-0.002373769537956906	-0.004934194348179959	0.015844960039947734	-0.06980729175504223	
0.07450086076855922	-0.05166687929221623	0.061899425752945825	-0.03723328155906666	0.05862335894056396	
-0.1653616802241684	0.19559873266152966	-0.1985508030829222	-0.13160297460397113	-0.1357360906783322	
-0.05276570627192832	0.04808873201802347	-0.00498064728301693	-0.0747417397291736	-0.08940717814371342	
-0.047404774716890224	-0.0865955656305865	-0.008573757639486288	-0.0913842896036392	-0.07194053473462093	
0.04288715079424963	0.03830617543270677	-0.08108604823965689	-0.05969492927735219	-0.08276801450011237	
0.17575617389486584	-0.014307442420564411	0.08855260687893891	0.007364722272076536	0.15032046559487283	
-0.15466882063816517	0.20506682945309118	-0.07327814410474985	-0.06289364440662192	-0.2382911507854918	
0.013879379089231772	-0.018921010933980575	-0.1231460754638286	-0.026083353766778956	-0.06693216505384351	
-0.14564181021899555	0.08287012218885617	-0.12307579104324537	-0.004682239733585431	-0.06599568541710225	
0.017253344190407124	-0.06002545912887873	0.11513156843307756	0.06897385062402005	0.09465582906113318	
0.037694680981253566	-0.024140297410631034	0.15679703659118016	0.024406030608845573	0.15084217124423635	
-0.12022461019871153	0.0845015662203514	-0.10655486416506031	-0.04741432614325686	-0.09609008437790163	
-0.060996093009608544	0.08813493429524709	-0.019143146793812193	0.012413009626207578	0.002450648978983096	
-0.09827031066023269	-0.03739115762394928	-0.09291955092997264	0.0006977293642959079	-0.07993260806627002	
0.024378156149552754	-0.10660663593633828	0.10271754661295915	-0.05332795242938934	0.14892837456613478	
-0.03664206269387707	-0.009553197233721639	-0.06621139958971278	0.08101485634754314	-0.05261547025347628	
0.14770073168750023	-0.06977299541858921	0.06532683633266001	0.06545883219241563	0.09455326335017653	
0.03257260397741592	0.12068792300096295	-0.11275079366524579	0.04250986491514087	-0.13837564301008382	
-0.07011860153734782	0.10648211761519352	-0.13508399702757626	0.010106215346368788	-0.13013184414811965	
0.16699623553241422	-0.1180446774258694	-0.02933430618459515	0.12111611509481167	0.14532890337933368	
0.06746442919026989	-0.01560847113026629	0.07626663214059813	0.078106813588071	-0.000694357851007155	
-0.031377418684637795	0.1652894158001322	-0.08956930768098237	-0.0882662472485305	-0.09965958445236085	
-0.11372690109888907	0.13867348137270769	0.03161664264310139	-0.08318993563940874	-0.11666195157735441	
-0.04294142670165048	-0.04960447308542253	0.10274881938107956	0.02138595512322879	-0.03676639367813848	
-0.2940407089676935	0.19642392424640356	-0.19522149502460306	-0.1486489943968376	-0.25725843444739815	
0.02250421524280072	0.06477155648399759	0.017972458096056375	0.0003006416372195816	0.06030621145796038	
0.0400525965596632	-0.07674162041817302	0.040174654881992664	0.06518751856094182	0.16577553101839856	
0.0989641689907504	-0.03868331442405151	0.0760441512929597	0.07931560277560479	0.041951792444540406	
-0.0018188074005421754	0.05564170398053209	0.04405156304301638	0.07552844140910582	-0.005416569696367138	
0.06358902351548026	0.021771999781162087	-0.02992356705097056	0.053057575882994173	0.1569242210412087	
0.08832800171799236	-0.12156314291523616	0.1471927537048999	0.002146175288448498	0.12944414950115898	
-0.1308432919302799	0.25029594634110286	-0.12210288017755912	0.002517506863463771	-0.280997849030669	
0.28733266713680844	-0.22529252642727474	0.12364880094332353	0.1804226613370702	0.07987913455355691	
0.023861216265792407	0.07194532479669043	-0.04137960939435763	-0.0797734107078531	0.03338969717788544	
-0.058955041350325955	-0.048533300118051834	0.040570467627019186	0.06353606703574934	-0.07245442824164978	
0.1798489313134111	-0.11015752981405222	0.14451261919088165	0.041250056519362636	0.13917233433642745	
-0.07750044475488226	0.09436268266808429	-0.05321770695983731	-0.08443924662167158	-0.09171154458804967	
-0.10788582755083174	0.05589664024327288	0.014208503763629437	0.06273380254213742	-0.03295411919414184	
-0.12918601123858203	0.18887336628540338	-0.12060960781686715	-0.11346323876010916	-0.18093338844912799	
-0.1328180902919518	0.03324738657972205	-0.13348018706773868	-0.05016014955810092	-0.13816607259977093	
-0.00763110625973182	0.04989219748302696	-0.017477454176167175	0.10909513134412424	0.042351453297622646	
-0.086854907013582	0.13255586354778198	-0.03540800658118725	-0.06862395508293788	-0.03069218919005611	
0.054220617378735084	-0.06452677471819021	0.028532674100618226	0.07105029824894057	0.014301518757682806	
-0.001341061831448496	-0.011909936389090036	-0.0410313439246189	-0.04120240015003747	0.016458149927764367	
-0.20813609022661797	0.2078716819845733	-0.24437593365736607	-0.0675259772778766	-0.34681841147095643	
0.1435122485754534	-0.0928501048085844	0.08172878613650436	0.08271928996451394	0.011832505249555059	
-0.18919311190336038	0.06360926952166167	0.006758657832078569	-0.07554695596744862	-0.06644139235227461	
-0.1608731352923906	0.05231805423529383	-0.15807106696391973	0.00046042109343490145	-0.08551512226599438	
-0.09559153005714713	0.04397854833733043	-0.08807024133210585	-0.1148652773837337	-0.18469046496286945	
0.0712172201347824	-0.11136698226050605	0.010374463511995901	0.08142462192801263	0.15650217415558076	
0.004855083707286471	0.0494406599812262	-0.07812710647685044	-0.06918429353183798	-0.02292145494920676	
-0.051642722077509126	0.05773380140894397	-0.12553906802555853	-0.07881535324552016	-0.16648666800215925	
0.03741607516383608	-0.12415198978629216	0.04949817602614897	0.12410370979754275	0.16505249511564685	
-0.10008252164764357	0.09738094663035582	-0.15147447536221617	-0.03627662446239997	-0.14297104265064725	
0.2801679257235297	-0.15385807724461936	0.22548902668798407	0.022290977593358505	0.2612837050513379	
0.17852591787680935	0.02053865228367617	0.10811200305658115	-0.013401216203431793	0.11788766069147733	
0.24638012424310765	-0.21276957818737766	0.2170126546567055	0.13320855638305204	0.3602224533528815	
0.21898120701120638	-0.13921861820224413	0.2228702159286247	-0.012155204023469793	0.2732380644880214	
-0.2157450030753314	0.05250830128636824	-0.1317599884351912	-0.13438337453489135	-0.1369180376478148	
-0.23858863759699747	0.08206888620834424	-0.21739406602055591	-0.030231299829512958	-0.13625310908011315	
-0.16179149675469637	0.038177775616646675	-0.06466203233087986	-0.0966465098598804	-0.07819285844153495	
0.10494668183229489	-0.07347861244262623	-0.0032819766979509516	0.08230745112633003	0.07952629582664136	
0.06208004564250725	-0.11487886195789473	0.07354825133707761	0.051711950544222895	0.20790364797019045	
-0.2580702008419112	0.261975825864558	-0.20098501445498898	-0.024139869173257847	-0.2962718498770121	
0.049024163671384166	-0.009707957368033126	0.007609228549615798	0.12700810102398366	0.15969419222199724	
-1.37998402979744	1.7249604351692918	-1.2494310252592495	-0.6559041077239932	-1.7004727481326796	
0.7207025576923903	
