TESTRUNID EPOCH: 54 L_PCC: 0.8921553338323767 L_ERR: 0.010558532729212818 T_PCC: 0.6676604547332774 T_ERR: 0.026578201979299613
180 LAYER: 1
5 LAYER: 2
1 LAYER: 3
54 :ILEARN
0.07025801139235291	-0.024360025773815294	0.006942418054208117	0.04428310409008666	0.045754798375795075	
-0.03615932346193002	-0.09323338790829548	0.01817970450391966	0.03369872696991214	0.04550049011351447	
0.05842516219748417	-0.011326566527685837	0.02693322909262588	0.15955875153742838	0.0016076341708080835	
-0.01742615289370188	0.05952605879058678	-0.06018899481367262	-0.10487193399244608	-0.15221301886903468	
0.038929908660508404	0.11379273658090522	-0.06479457070590097	0.01899736158951259	0.021590259400955675	
0.09974624680550642	-0.086920875923778	-0.07757869514695177	-0.033986669136457065	0.08900775060069689	
-0.1463066779018393	0.07227279512063073	0.001158333521860452	-0.04854723551404485	-0.0811485320922177	
0.05500112270846694	-0.025888649893075804	0.16889716712851413	-0.0035958289529485687	0.16173514655723537	
0.16874532379983753	-0.010206344748956365	0.033409680369791354	0.1462727380543551	0.023180250398598494	
-0.08894214709251033	0.1391237016795237	-0.1478584760948013	-0.14278137080584435	-0.19160258589408966	
-0.30309534183492237	0.2101130716800866	-0.3321371712160284	-0.2518020642727702	-0.30209950701271093	
-0.04187027372307061	-0.014698283035618777	-0.01366901376016752	0.07792520559194298	0.0834188154866685	
-0.2325784742673586	0.12284942659057037	-0.18635086785521549	-0.18244183934004446	-0.3202051703236472	
-0.15513748332517346	0.1662732793038197	-0.2162027476398252	-0.08721242640175256	-0.21876250859993276	
0.11815141239818959	-0.09471515972751915	-0.03858014489225214	0.10238618376683627	0.012055773413886185	
0.013208325072607477	0.028098284185338766	0.07001035547300025	0.13924744659292707	0.15320467286398076	
0.08996083817557543	0.01590291398625799	0.06750934366213397	-0.013992076405844238	-0.03253661138570095	
0.03133476223334815	0.02454523397063646	0.003308038304137349	-0.05116426105821953	-0.07682635394778656	
-0.11026738877369544	0.11070383382354865	-0.06419371020910873	-0.029754691797662724	-0.07008812541988738	
-0.0774880338353332	0.09074931015890318	-0.016427097365238185	-0.14716855578965896	-0.019630894254347265	
-0.05872868799397867	0.03225851660876013	0.033697052625732936	-0.06372308156312845	0.027378234934477837	
0.020248432605784253	-0.08931293200370283	0.06456796706348047	0.035422988184167434	0.0690169552329797	
-0.10393225567624088	-0.03945963091357205	0.026143715242972935	-9.105591425517017e-05	-0.16165519569381281	
-0.03733582553559938	0.1286308873662667	-0.036615381654387394	-0.052774484040951704	-0.22083607474486935	
-0.0738716555188467	-0.10054448563662204	-0.08867460074635147	-0.028048508167319644	0.07144030345832435	
-0.016704912973236893	0.027078746020733662	0.03357068184325937	-0.09794991134702946	-0.08796890675134997	
-0.03481118010642404	0.13870098006841183	-0.061390838668559405	-0.1524302473335635	-0.029580128191341728	
-0.12233945325398378	0.12351768225455857	-0.125289737075481	-0.003976857953269176	-0.07760543262634038	
-0.022120313491434628	-0.04347960974579472	-0.14032607323252333	-0.10922542988140348	-0.1585164868489382	
0.016214040757164972	-0.12194427149316592	0.15046056010071002	0.1148019875995964	0.024444035677790774	
0.07125098857252103	-0.029978518805135867	0.19976963484816815	0.11473730815198246	0.16507704919667904	
0.006496551120292371	-0.026205082106295272	-0.04374312444966301	0.049458789243147054	-0.0038091275964489335	
0.08559403572430724	-0.12230131564407035	0.19459396473043583	0.22384997601500892	0.12703298927531192	
-0.014484228215358282	-0.1403112954510853	0.08365960141337521	0.11038714850760814	0.10774463590110475	
-0.34577511990939996	0.3380854711330203	-0.33332220516154304	-0.35975551383044213	-0.38973158084615916	
0.026692569035461952	0.05086390759806479	-0.0819584039396631	-0.10995762299922739	-0.06736003702522583	
0.06473007777117797	-0.09430276065018274	0.09503673082427384	-0.04188527110499701	0.008888802262581364	
0.07199191927406137	-0.05989798101631088	0.02159103081959457	0.017954480072778212	0.0681346429886017	
-0.014660323897617508	-0.10530248952989806	0.07461596376637103	0.09047183750896887	0.10690067013699575	
0.17214439968601827	-0.15574124660673522	0.04085712805339717	0.11433494089555098	0.19607348260172622	
0.07910839145773024	0.012642267135934157	0.08349918779804401	0.0038452762663030637	-0.058392015688395284	
0.03809283800283037	-0.025728033974806306	0.05606352166780682	0.1279322857366346	0.15031018730435583	
0.0019377131054643562	0.08198157981737224	-0.05644403016093746	-0.05712804677508048	-0.04482590337576053	
0.03854102642527902	-0.10079931898309442	0.09811343775500043	0.10218411271241916	-0.07192419216427914	
-0.07095574154300446	-0.05832794409629627	-0.06132987893729319	0.06274881724206048	-0.04018382145849568	
0.07713592686893349	0.03730997263499118	0.05682656301537372	0.05224308858025812	0.04877027242983306	
0.019133755382029553	-0.0025767151671714232	0.08058122108131921	-0.013199435054137204	0.01574284929044589	
-0.012412434982583015	-0.05984459946923196	-0.026055192086703104	-0.05036246509805208	-0.0009962246080503715	
-0.0412169627819166	0.08268115072230821	0.0017010214597473804	-0.07121102794034943	0.05545511836072688	
-0.02885988647101708	-0.033045384717543036	-0.09781965686823559	-0.02671415394958458	-0.02020235214499253	
-0.1172429276255443	0.11259318186413338	-0.06131584148387081	0.06942691963522207	-0.02141684108922282	
0.06076581833853883	0.019130546476952948	0.016400769487397722	-0.04641118177711232	0.009405938449096214	
-0.005564874274469954	0.12334449575091996	-0.026185852782033787	-0.026062855041818756	-0.026619668180519918	
-0.0684221783886412	0.05643053053395543	-0.05470922200371836	-0.048065782068609016	-0.05305398874202692	
-0.1819773020356002	0.13440447478480577	-0.1820654691629361	-0.17821208001383787	-0.18952249856590186	
-0.0010445242068630339	-0.028744332452338175	-0.061429097835991195	-0.07181998394342042	0.012349724769745765	
0.06360118278713814	0.08609791108667961	0.006452543367914878	-0.06133856210007557	-0.0689793452756762	
-0.0021627663067311335	0.07333334528513676	-0.03952879228371768	-0.05919302663296088	-0.0792552869412294	
-0.06843432793365063	0.10969455413096671	-0.07256634874199853	-0.07377387613305925	-0.1253108726206013	
-0.12879761969793568	0.017246231020620124	-0.14865575745113113	0.04185785287403019	-0.15181342511204432	
0.03556896782136718	0.10384030083110679	0.00281601128609743	-0.025665737339516055	-0.12344985824989067	
-0.004954013218235084	-0.022281472401294057	-0.04586140104201519	0.022731479317523166	-0.07146292484896552	
0.1258022012547151	0.03089422148755692	-0.0032834503719664536	-0.02382025008235755	-0.0037933549886289128	
0.0008569633527792535	0.03844512258561577	-0.06501937338309097	-0.03261876880009088	0.05974610810801159	
-0.012066121862932827	0.0055577247715904565	-0.05712379883977765	-0.08218785971677389	0.018454161047301194	
0.03536289205975279	-0.12178069426918112	0.08878219005498601	0.061656714426157416	0.08545045846567394	
-0.1289861786586271	0.11684300724984353	-0.13219795466376907	-0.062413827627373554	-0.05938361998463845	
-0.08923180429350036	-0.01323394832901123	0.05022825636393479	0.07343821229904579	-0.021266394596134566	
0.12841258164366076	0.041983693853327377	0.12908623832471122	0.1339705602128479	-0.018250495239982553	
-0.03644076045114303	0.08602377015527098	-0.06150240303189599	-0.015718692642510357	-0.17346174455326108	
0.03964367314082129	0.03973230674006156	-0.06958844290043438	-0.07947695328280083	0.008764244665869409	
-0.018297337420431267	0.05310685664425034	0.011573660656786808	0.07889311982167774	0.0913100716471022	
-0.019438697635368117	-0.11338866400147347	0.10785568713136617	0.018564858154927377	0.13427785065474343	
-0.006743172967647971	0.14404639970981217	-0.05269437077861607	-0.04653422852746339	-0.1553241249383458	
-0.14894366686483174	0.03426745841940751	-0.2310567566938683	-0.0501541648680127	-0.2886038447716805	
-0.004615505026880416	0.04310623155584073	0.06951820775517827	0.070965339177149	-0.04421200152748033	
-0.05164341514021919	0.04248148986595867	0.051774155578519304	-0.09387718806036899	-0.11606847044963568	
-0.013556234438972926	0.034373885679690734	0.016913991245270238	-0.06567656624074356	0.016304655356990706	
-0.03900353645341119	0.051539683076391965	-0.025481634933041394	-0.08077163681402703	0.02808725297048604	
-0.02068469302008128	0.047502194984234886	-0.0582556235946293	-0.09942823435685545	-0.10800046810184331	
-0.003544729542287111	0.16219193474886473	-0.2155197326870594	-0.05142239169764928	-0.1630798491458278	
0.18517317682446258	-0.1175604415989598	0.04077953967461978	0.00144579858271264	0.09747279202284666	
-0.010078754269735929	-0.009675893722491308	0.12830943752076737	0.10756187509635913	0.11955460247525854	
0.03550503799309841	0.03700425343591074	0.04345762223811519	0.13369769433614487	0.0760700583329956	
-0.06383941401578433	-0.14051817209805997	-0.09567739088591513	-0.09417698660573876	0.00865736755879208	
-0.08809364259671484	-0.034561271017433934	-0.01121225402760278	-0.026878999814083426	-0.0208578110996046	
0.07160936402191373	-0.05825262815502599	0.06664750982592536	0.0775444776027303	0.14070416442469835	
-0.1363188642275263	0.20927888870212719	-0.24542505826887093	-0.06225316641954721	-0.2718447945314781	
0.021296834174008884	-0.0625920260763101	-0.02717886017229596	-0.09634236861323808	0.044245823134143894	
0.013477647737283474	0.0978849473799912	0.011866172877256973	-0.1377455211749246	-0.15579245341104303	
-0.15099486747237198	0.08621857138361182	-0.03575574782812346	0.008887974682288904	-0.08093644950661122	
0.13139507166120198	0.03056415435368028	0.059670324639685135	0.03457764813671968	0.029205978010352865	
-0.137933938385823	0.11088744056221231	-0.15826287812336232	-0.10563738183410878	-0.03074743468971133	
-0.0695938220743358	0.09959044621172415	-0.06922798717941564	-0.014006162737519387	-0.05646548089906192	
-0.03154531831895232	0.12731900797451753	-0.16091227087663323	-0.11833839143537672	-0.13012603065096984	
-0.10758290524227557	0.08396591752251337	0.045386314490129726	-0.10571823112528612	-0.041797387993602345	
-0.05548414093732624	0.10381402714418697	-0.0250970661202094	0.012620476765806275	-0.05478272846228308	
-0.02415144980373008	0.011593743621421314	-0.17921224886943649	-0.020100371679147678	-0.12283148666232771	
0.003500376065761795	0.08527683935466857	-0.013389704971087229	-0.036361546217505036	-0.0206666269526232	
0.02995349413086105	0.1203493550900206	0.008950134701968395	0.025599615134040552	-0.12680709091347883	
-0.09601242478225579	-0.04076275401322739	-0.05846775967633938	-0.07422859061437626	-0.0017283455655543096	
0.05589014983591839	-0.007429194605949558	0.02461491043716924	0.12023229071333076	0.05170784495502722	
0.05997929369410483	-0.08130076668849262	-0.023530028548735777	-0.02587932131677085	0.09219626781687565	
-0.06143038603525198	0.05430908513903684	-0.12870139664415917	-0.05885704662627325	-0.010631413088692684	
-0.00022594142643122818	0.09251021067274348	0.005921213538766138	0.0195476222754935	-0.07483540857107568	
-0.09596181710122267	-0.09133700896275597	-0.08099769696345979	-0.0053102273283336075	-0.03704020709512768	
0.09554296458946085	-0.07388038345989086	0.09669293056352374	0.04758988137851956	0.05866641672927737	
-0.024176408358731423	0.05749899355715814	-0.07038736576303073	-0.14981834601739258	-0.11215369674835758	
0.013701429692602386	0.024417476788582262	0.013959195766805656	-0.0007269064015219269	-0.05042390545438943	
-0.04722990493866286	0.022522991236637202	0.019703776682427444	0.14905493107202783	-0.00390126245410197	
-0.01558827656529171	-0.0009819658739646437	0.057625954210536436	0.011549544195253027	-0.06154079944792327	
0.011909221256798101	-0.05372059943445618	0.09451871565050274	0.1131265963001905	-0.006590220483376788	
-0.00459482866043904	-0.08554320160871957	0.1900901670730347	-0.0066324325173608605	0.1576147191738793	
-0.014707959844384956	0.05994507901455307	-0.01121668042995328	-0.03018690477521496	-0.173898376867965	
-0.14405314013580184	0.21474761922877064	-0.1305465015912464	-0.10984014503292103	-0.22798543778797964	
-0.014512641728981233	-0.01172986063423149	-0.025981891512052005	0.00793811292042198	-0.07789270228493385	
0.08969469684814485	-0.06639552347536236	0.06993026287040251	-0.017749318637082956	0.07974666886357837	
-0.05932215570407655	0.10975914270779605	-0.10482407044726309	-0.10731169841240822	-0.026261397939797676	
-0.07275299702867834	0.09264756031102957	-0.0017234612343621802	-0.09397819266887157	-0.09864264274548995	
-0.01238720399995372	-0.0931611616055556	0.027188450990774687	-0.04481826855781975	-0.027524169872598214	
-0.04012287571585164	0.13980308277978293	-0.1722190245729435	-0.1298125679241164	-0.1692224871959415	
0.14612497091778456	-0.02601134082590875	0.08761004256668016	0.03394509172937277	0.14618719121070675	
-0.03919096524076254	0.08262686980386708	0.025205041376590607	-0.00128292526337961	-0.09897603349837185	
0.076931153249916	-0.0850092492868352	-0.0821856522738723	-0.008037918068380478	-0.0191117023759206	
-0.11710037558726989	0.10765891761577596	-0.13403631637007593	-0.023366570561522755	-0.04447149747679733	
-0.09812211470854759	0.05317242476647314	-0.011485808196452526	-0.017803237033496438	-0.06467171087235905	
-0.033984414734168245	0.023640967145650196	0.09340220805334071	-0.0028151379075741557	0.06785952232489546	
-0.09698605342088995	0.0734944086727561	-0.07671756936866732	-0.0230355698411858	-0.05327269120614898	
-0.07043184385482652	0.05610049308978871	-0.01563569087858695	0.030908457272225815	0.002053946318820348	
-0.14540490660112293	0.029534045207914677	-0.18543647838202665	-0.08211313275651541	-0.1881573792777029	
-0.06005433331183128	-0.028181869167118637	-0.00023865131043629358	-0.12765267905666697	0.014626744302894077	
-0.07363207052517629	0.021366339044441716	-0.1079106451666689	0.05525277271402938	-0.09091898082459805	
-0.03298046601819776	0.10277919387241072	-0.11903100200993698	-0.04704724362630199	-0.15957982394226955	
0.11778208643191845	0.0010132997250914036	0.0027014804662251757	0.12579894547925946	-0.03004446610658907	
-0.04390391332983952	0.12184577430679372	-0.1614185229665239	-0.06243873271096274	-0.13047411106592605	
0.05687143131424156	-0.007783022824476631	-0.1343201613532676	0.06005954474282696	0.015482577886188764	
0.008589001885022193	0.04741031040080029	0.01114934110609725	0.02556031368374346	-0.08458889455363922	
0.029338787549081098	0.1078000504660838	-0.03803017590531126	-0.08764706181094938	-0.0541501618000276	
-0.02374212690888343	-0.01247231813507257	0.1683360981586904	0.013899185284069384	0.015865262028585635	
-0.11981402770029624	0.038055403988369055	-0.008067062987650517	-0.06539146226121519	-0.16325368916180988	
-0.06553851761091066	-0.06733136710024286	0.05501535710371369	-0.02738928348253085	0.00016569893740735582	
-0.021119855762459814	0.06443038078986885	-0.02899192204722868	-0.026929923032329325	0.03925761326702225	
-0.08203861284273256	0.0015617612430935124	-0.061057939930848494	0.005333447952617813	0.04903374568004302	
-0.013418832676605714	0.05685526354019557	-0.01215082967809654	0.04001166157753574	-0.07250234448340777	
-0.034109683508264856	0.09316496828849001	-0.0006450832267806804	0.015613387700218207	-0.052689109150487405	
0.0040943799445161515	0.05425371391381313	-0.07082035675100247	0.029192998791599166	0.11736416222365474	
0.05520238928833232	-0.11430411307199839	0.13943322384234033	0.01551155659126575	0.1262157503592772	
-0.04032215365440393	0.12348452316996252	-0.02977797646304849	0.0264318266142812	-0.16266992657904653	
0.11397600182632363	-0.10770879604101609	-0.014856421305938039	0.11264327175702221	-0.054387744884281206	
0.023196107564933094	0.12405825282475855	-0.07782071826026161	-0.11581126387572926	-0.042329292268715804	
0.006500247552473906	-0.07298609353092271	0.07850166399027987	0.0736159734031373	-0.011035227761677788	
0.08956477918770392	-0.05324543120003496	0.07286084839930776	0.0038204906401038186	0.0477411504175609	
-0.042000682585520414	0.07045223119791279	-0.02586066574704365	-0.07589353541107885	-0.048975016090339725	
-0.06183473551479088	0.03385356519273542	0.0226299874142559	0.08329169172832365	0.019299923081478543	
0.005674677077529476	0.0884219084433564	-0.013213245923644009	-0.06178578010941263	-0.08432012238714526	
-0.08265374455569738	-0.03948736928846601	-0.06390111595756304	-0.02633071297265527	-0.06578696085237021	
-0.04235224389811382	0.11393175966192252	-0.06639203980836199	0.0657605488095867	-0.01913170558403071	
-0.0478911179943717	0.12868031867220808	-0.06276112087057473	-0.08486310471157053	-0.017601966391101752	
0.028414734508038848	-0.05940007358828503	-0.004358536445040346	0.077271130633592	0.006220196451887554	
0.022332891014601373	0.005301408393634892	-0.047738399923511095	-0.06255264003760677	-0.023224759322169546	
0.028652095255786734	-0.017302136521875535	-0.05196747230903942	0.028686321462325522	-0.08326572781929334	
0.20653199530711008	-0.14836077272423392	0.17444311813590052	0.17386036185604936	0.11052095881492088	
-0.08910196087900699	-0.015642770392963714	0.08077081548650768	-0.020414330294958764	0.05034923732944627	
-0.05041733553026856	-0.0385254015957429	-0.07311493544451712	0.05911191586983485	0.030402155067317527	
-0.019532979691894697	0.009410901265689364	-0.04509541535709423	-0.11358036070793202	-0.11584927569400272	
0.0769348731017633	-0.12537030004993888	0.04647274253168636	0.13730115710303806	0.18220388668828771	
0.09573792832294245	-0.03193252393782482	0.020750415910784453	0.01257863366425839	0.08864575873370632	
0.07509235279513894	-0.057385502533782794	-0.02688888930437198	-0.013686539564222404	-0.03312165802064839	
0.07067376391355466	-0.16572594533868498	0.1191807679107772	0.2261754709307171	0.2503907721928721	
-0.24080602897861894	0.23314352902154825	-0.35967756678054064	-0.24756430954856085	-0.34653921130800175	
0.0813913362931346	0.007208077765196673	0.06637677033971082	-0.07207645626975062	0.014575257754456141	
0.17625867745972693	0.03096656195839848	0.1210973312167102	0.01465680142284638	0.1270795214520932	
0.02505424424651984	-0.03254299311304189	0.03348884317511058	0.031064557830764474	0.11323414657014681	
0.07353499299922446	-0.010281414276800805	0.10034799457218103	-0.05587259465154416	0.11906278629646105	
-0.12513701624377163	-0.01616894944156534	-0.08302983987233996	-0.11674447131203823	-0.05342027010223849	
-0.052200167297262255	-0.07399752596796569	-0.04909349610757416	0.08596998821749907	0.07538219518770005	
-0.016018142517810273	-0.06809637766944449	0.05886775942367158	-0.021142044170508707	0.06754688914768603	
0.04783331060451671	-0.043652044136860586	-0.03518113038659006	0.08309947105107242	0.013892785863560228	
0.061607428658727474	-0.14044184198798762	0.11475108935658214	0.1315514078680526	0.28055169161685	
-0.24190144318141657	0.25648249928856093	-0.2610787791105143	-0.15359799177364725	-0.3123334506584161	
0.02158737641172988	0.0015610586785129118	0.03071287574702726	0.16868466532786555	0.16818533137433092	
-0.8825327719018846	1.288127706392979	-1.1652463168594545	-0.9488594728114668	-1.4242482733617257	
0.2968040703387944	
