TESTRUNID EPOCH: 55 L_PCC: 0.8879054923616164 L_ERR: 0.010841364746060502 T_PCC: 0.7178543813807289 T_ERR: 0.02380753702984945
180 LAYER: 1
5 LAYER: 2
1 LAYER: 3
55 :ILEARN
0.04872995930116631	-0.009790507641465274	-0.023194952884326228	0.0344385087274906	0.011021145515792311	
-0.03559313951777337	-0.09510404842298982	0.028258061698912623	0.04233180112574061	0.06139245181968257	
0.021402629097832682	0.0372766880134372	-0.016392584737664917	0.11597327417670378	-0.05977289659588361	
0.004682382098972378	0.057726690226785546	-0.023114849555385744	-0.10929743999204766	-0.12351137197334768	
0.028461347348339043	0.13227673759346684	-0.07737577543528668	-0.007583029335027779	0.013215763726967112	
0.10682867044952406	-0.09287221598377392	-0.06852682961750449	-0.021155627362861584	0.10015668159011241	
-0.14652294803372368	0.08805301614465487	0.00870400960038692	-0.08262780828079745	-0.08027841403305948	
0.022985925960465996	0.007231322411229096	0.13238929958998064	-0.029183662105662922	0.11183705905465346	
0.15868024162978905	0.009539862287774715	0.0220737728539218	0.13065219422513533	-0.0010893949554536206	
-0.042238730014421695	0.07884469758433857	-0.09343292540282704	-0.09282427186902806	-0.11948509286988891	
-0.3007283863534141	0.2112961651351167	-0.3172814827767734	-0.28768874776883213	-0.28477843745952397	
-0.042110828258418546	-0.017067158467697786	-0.007373895651169246	0.08604227070186603	0.09701281161527539	
-0.19412547678996703	0.08633915921454324	-0.13359306438540994	-0.17234630934117423	-0.266697322212343	
-0.17494678448362963	0.2074020105977855	-0.23024045613835295	-0.1589223630350252	-0.25140065970679093	
0.14701903858997223	-0.12516676974119972	-0.00020103878548563547	0.13318084225410273	0.05106750669444073	
-0.035822975337472134	0.08439171184648737	0.011699806798154602	0.09065119627255246	0.07939029294717496	
0.05680328482611664	0.04822668849238703	0.035513086691529985	-0.04828733512308611	-0.06897476544662672	
-0.013044132462091209	0.07871929156574463	-0.03838546127148022	-0.09936906903725135	-0.1350018986221038	
-0.10410067342931245	0.1151925628523655	-0.05431145965096836	-0.03681598912613681	-0.06841881070924419	
-0.03250432252690787	0.02680951255414058	0.032737965097160364	-0.08654770049920472	0.05182654009791073	
-0.05715132507533315	0.03306633368265696	0.039592718608169174	-0.07066615484282411	0.029127715659074353	
0.014548968822145203	-0.0778391711768382	0.06094876746780829	0.017827043718209507	0.0635943761683211	
-0.09862844723429288	-0.04172501315711596	0.037306329455190954	-0.0037942912652297006	-0.14811786275384567	
-0.036802413318734	0.13459173076753214	-0.02716498653168801	-0.06656561659993533	-0.2154363815664807	
-0.04107518057512474	-0.1496732895182636	-0.0406339430997532	0.015707713866159653	0.13897399920159498	
-0.025985184443022457	0.04412102451432468	0.021855947124755387	-0.11882880979413642	-0.10313619713858463	
-0.04214964942204828	0.15295461198019006	-0.06625375873978656	-0.17276713824607653	-0.039561438742009486	
-0.1262362400030397	0.13791004389831907	-0.12135978580337294	-0.02732488648036618	-0.08037551716584178	
-0.029610931796048692	-0.026437847280107014	-0.14647292931643047	-0.13271289116545773	-0.16843812681394307	
0.016818668408220536	-0.12452858189806017	0.15089224979868368	0.11743932248721194	0.029186829950540186	
0.056429284922676924	-0.017427633260989048	0.17407737780258647	0.10176490836378728	0.14195154593033102	
0.003932862172345933	-0.017517843883186675	-0.04315245481659194	0.03701858618216262	-0.00659968713230562	
0.06393152947638732	-0.09505978958532256	0.15437914664151262	0.19798160714336882	0.08929427594764666	
-0.016887675937815663	-0.1365208658364036	0.08182678710070299	0.10284943507103284	0.10783350686583927	
-0.36420914167789176	0.37451164850418295	-0.34770925689732995	-0.39643742654483116	-0.42746040016132314	
0.042435307666145866	0.03222244494116642	-0.0613747577486163	-0.09385923997197292	-0.040538437899092346	
0.07060097822787388	-0.11169479356074345	0.09888856029557629	-0.025229464918208686	0.02270034264669224	
0.05749094443168289	-0.03465429823744575	0.008358669694453206	-0.016184261820147358	0.04931518687175319	
-0.0186318472945743	-0.09537878206930063	0.07162275352286543	0.07654173669889783	0.1029194318184497	
0.17881777980939145	-0.16755848168676718	0.050059881859228654	0.1260862665393787	0.21153441908422585	
0.07377860573570581	0.016591823890404117	0.0762851515303033	-0.0010172436531632402	-0.05221531138804314	
0.004493769984405952	0.03167605443154032	-0.004061159366979607	0.0746811869590843	0.054733182556546564	
0.03515739480313477	0.047872191428772706	-0.012252342552141273	-0.0029140357748550605	-0.0010427108780261837	
0.054252352370575935	-0.10924488692540227	0.11806691503721757	0.11299108086936761	-0.06124343718270566	
-0.05916545759682408	-0.08466961532202356	-0.039171068314485316	0.09029476138578205	-0.010340258154650691	
0.11060823482099791	0.0029783010768024984	0.09412744392832179	0.09011875540773794	0.09216980004553152	
0.05880052827318364	-0.041664815958557685	0.11877594855112784	0.025447248641584173	0.04952393253782629	
-0.01868505954822956	-0.046998916588743056	-0.028497044823237994	-0.06985081229487396	-0.012594858617527491	
0.012227988086604434	0.04558404237285388	0.07038213221530835	-0.006307027309226905	0.10305476577570609	
-0.05272594496971956	-0.017331962430806314	-0.10279526142691811	-0.05994253499951848	-0.007132551114202186	
-0.12983285087530994	0.10964377916886225	-0.05386338936108774	0.05788112947287271	-0.006922840097346636	
0.04897535867282147	0.0498801783838889	-0.00908562761029268	-0.07637231288971724	-0.03191425618916089	
0.010760343465785346	0.09248748822099266	0.017398451588059118	-0.0008681361999970595	0.03441461465029095	
-0.0546109530215111	0.051908003747483056	-0.028548281951046448	-0.03786310373260586	-0.04523817148441546	
-0.10000011693285031	0.07280038633311527	-0.07520761437502411	-0.13168692571762036	-0.05456897467467295	
0.040976201332200216	-0.06892097329360813	-0.00994417092758756	-0.025677055432543807	0.07286317365096417	
0.06953385051545899	0.07447134204553298	0.02327259201363868	-0.04946164225157504	-0.04620816188235371	
-0.05159604895473216	0.12843170693205805	-0.08972594874815538	-0.11494502700380796	-0.12835316031202232	
-0.03240468975668787	0.10142850366131513	-0.018797465381480638	-0.041953054915293914	-0.09238943901699197	
-0.15145422457806068	0.03132115238855339	-0.15769086009646793	0.011868709960883909	-0.1420780158616957	
0.04939347147363872	0.09483518151126331	0.0165730169946453	-0.024374295267766855	-0.09412051580602865	
-0.02018140871838039	-0.0007080954272260341	-0.06744589367914952	-0.009717021551562047	-0.08709374523000077	
0.12485568317251262	0.04662119929028698	-0.0021173344425070933	-0.025488958716473126	-0.002659784562313239	
-0.0064295108388351	0.0743018605573376	-0.07802673352191422	-0.07265105377146056	0.044228956114033435	
0.04282556894417706	-0.03885394947081224	1.0071179095769016e-05	-0.037224324647078956	0.0549597972858408	
0.01522366462689462	-0.11174147681535697	0.04883488881895381	0.04479255793094629	0.064986864498336	
-0.13979311001323166	0.1463958121567763	-0.1518252932727431	-0.11723543886515037	-0.08113724851432706	
-0.04186885622614205	-0.059180792391815985	0.11839162617635585	0.12355556410339107	0.07361500068245329	
0.06656447657615214	0.09982516681617304	0.04951172781338829	0.0736443222831234	-0.08886807179464987	
-0.024024835347635404	0.0639633917042087	-0.028560550695278023	0.009663810503642936	-0.15416356803131823	
-0.02761844187329348	0.10606835485816146	-0.14175248955051836	-0.13859282340133483	-0.09432883843681308	
-0.019831500085797864	0.0531763909257457	0.004140408995230901	0.0682671500673826	0.10223418033572167	
-0.06097717794303273	-0.08188968267561528	0.062026114343241935	-0.0013329904345085	0.07441798204139977	
-0.06325022545438357	0.2018095686169268	-0.10538141123723041	-0.11463519224675002	-0.23595524646355626	
-0.07772138715951697	-0.03854272640708148	-0.14016933121131703	0.003930926166840737	-0.15163308842176146	
-0.03908696566720937	0.09195006222709348	0.013253286971025699	0.017879208502540465	-0.08523522781912685	
-0.10172676952035885	0.10887076991767188	-0.013335458100769491	-0.17124869280531485	-0.1875805051388318	
-0.11174866061549518	0.12343989672753901	-0.09247935793113983	-0.16843217496145568	-0.11706095106594769	
-0.08769034627093529	0.09375635351355013	-0.07672575059788808	-0.12928774799539355	-0.03665220640777389	
0.006024024303305057	0.01674981289703464	-0.012404024233567831	-0.07235536753438165	-0.07371529487177539	
0.015863520730606345	0.14067210600712435	-0.17593498656886816	-0.054227135318409905	-0.11566484473787308	
0.04928981671367088	0.0072144938811204064	-0.11943658613378459	-0.11980396004214054	-0.08416398654565427	
0.012526126359115519	-0.0547557745106671	0.1575260824047612	0.14144192850034787	0.15561249702845592	
0.04019244459595975	0.022643581211955494	0.0365000290477388	0.12479641620736372	0.06723002418991852	
-0.09987688493575213	-0.09331422311484246	-0.12837769669071167	-0.11617329485758882	-0.03913547188110822	
-0.11126283430795551	-0.02336207867091337	-0.028983160397488286	-0.05441974009929599	-0.032188619052606095	
0.0834940488311871	-0.08617779799264393	0.07329046645642823	0.10634796583316329	0.16132526740794578	
-0.12526076361912702	0.1897801771205907	-0.21249814507927922	-0.07970960852927983	-0.22559227429147088	
0.008081185412006395	-0.05227396693100663	-0.04307870146071132	-0.11802000502214749	0.03854269730764924	
0.06980681557967398	0.059743970679733735	0.09269582458514199	-0.09755107988353195	-0.081635107524195	
-0.11116363183250097	0.06810684506952959	0.024850206434178672	0.032431852967562125	-0.033925225876397326	
0.040252310254275475	0.10831679770930012	-0.047846815395984434	-0.052761266744408473	-0.09315352657120868	
-0.0854296729943445	0.0652925185233274	-0.07595878025323828	-0.05204712241809237	0.05537703440974371	
-0.034245651545877887	0.09078041890566307	-0.034827821448217035	0.017027344492381597	-0.019845887281915886	
0.029766440850861227	0.06309949441968658	-0.0832904644765889	-0.0803711197441796	-0.02243655506294685	
-0.14427982370564932	0.11317025462733028	0.010897403017356446	-0.16025991000347514	-0.07797869494456473	
-0.04763401989915045	0.09325852360272813	-0.005432427277406387	0.013388291661107516	-0.03332635253757057	
-0.005026284232707878	0.0047434072926447425	-0.14953355503623447	-0.013436827863421336	-0.08952185818034009	
0.013629308837432597	0.08680412502145717	-0.007851094351756866	-0.030588380523694905	-0.00899434891984	
0.0634512599606563	0.10059141994362901	0.0630847828321711	0.04536552848051314	-0.07890709927868035	
-0.13684086439139853	0.011578774343311393	-0.11411730859093165	-0.14979066715253772	-0.08604193362624908	
0.08048767876980029	-0.03427728964649095	0.05252092761337846	0.15568446780891176	0.07371034819761488	
0.05725892699289868	-0.08992742101313789	-0.017851070096524112	0.0014007071014590872	0.0875919741247942	
-0.048844409909910076	0.051636931702382635	-0.10122804747141415	-0.05399963273532438	0.009181346477093977	
-0.061465666199857404	0.16435082505762494	-0.056601772606897895	-0.08357895896089311	-0.17790096774312442	
-0.03495933119179733	-0.15301559905542594	-0.006026782762404918	0.05837912459163528	0.04975415920614076	
0.14884755178570816	-0.116610286946953	0.16342036590815961	0.10463142600082774	0.11589045766482288	
-0.08577666083648139	0.09671904940908062	-0.13445238675331417	-0.20084803783066488	-0.1713502606679635	
0.03529913472926844	0.003984612363233192	0.03930210579084294	0.029067808738015125	-0.03610938576304067	
-0.0332594264654764	0.00494311394470619	0.030397649928208145	0.16418855972234442	0.0334546096498306	
-0.0641792675000833	0.06022301919494818	-0.008598579762228328	-0.05915152394913878	-0.12657294702692298	
0.053182497968192154	-0.09694801894216598	0.1463256579148141	0.16454404077661441	0.04171326183492341	
-0.02886913661821702	-0.06622723734330968	0.14664729116048755	-0.023864384318818155	0.12534038403078118	
0.020066676602844887	0.0436927414031377	0.027426214546474252	-0.013850133038596923	-0.1363649632111418	
-0.10965601079372223	0.20041679855229474	-0.0657610992790382	-0.11083102301386617	-0.16402899365347726	
-0.03460567960868742	0.007838983340245142	-0.04110762367493631	-0.032046497390572734	-0.11610241792899349	
0.04510091297121981	-0.01700081081669654	0.02165604656431187	-0.07968127629522528	0.010376465849004955	
-0.020852099801101066	0.08010241328960761	-0.05737227929044256	-0.07734093261218045	0.02632668851427453	
0.023228619659542437	0.00014301643906391287	0.1080783620765784	0.004633477879315989	0.022317140203702797	
0.0001699879247244971	-0.1104393527232429	0.03766675225799812	-0.034804671583158	0.0017294097031679845	
0.018544065480459032	0.08455333392452909	-0.09982554243998593	-0.08259875391080153	-0.09291191515489418	
0.14022034608321335	-0.03396173003932736	0.07307719253402083	0.03814897388921948	0.14291487246201778	
0.025551792690250045	0.03236685590037277	0.08677965151220617	0.04138182561613938	-0.026884141645758898	
0.06094427591355719	-0.05063684104423519	-0.10696198946354789	-0.053151140656682715	-0.06752739425625191	
-0.05861953363330275	0.04864652441525285	-0.04931764997393792	0.03235296007524208	0.05192524386618288	
-0.10087137108597405	0.05725671100771602	-0.025025664617337816	-0.03107111016334073	-0.06424376295645634	
-0.05157880948994444	0.026327385463094943	0.06371921084174868	-0.015626440147990278	0.04842117662477839	
-0.06860336730611626	0.05182878303450703	-0.04046478526724551	-0.003284502630355593	-0.034221159818857136	
-0.11895518143910198	0.11430854508962739	-0.09294379685538254	-0.048672810470210624	-0.09073305470078888	
-0.12903573564852142	0.03192688281484878	-0.15320028847405323	-0.08417185932892839	-0.14510516442740226	
-0.0702502201757932	-0.008615672169441793	-0.0012777950344645384	-0.14726025441210838	0.021096745576090942	
-0.059382153680906276	-0.0011574786900110366	-0.09421150528588243	0.06454024582949706	-0.06281394795897499	
-0.01746600293714433	0.09209468638799609	-0.0998633972648842	-0.03793138084080625	-0.11671934946416919	
0.06511084596681695	0.03903552802102538	-0.054360651389078585	0.09370237455760798	-0.08764481007283731	
-0.03243844576557579	0.10610610434699273	-0.1389088388693362	-0.08176306923287041	-0.11676715714557986	
0.11014147648307314	-0.05724177719680746	-0.07208308347324352	0.09301749154651545	0.0798154353679003	
0.07127785353080149	-0.018541742595965985	0.09257921182843028	0.07670849789024388	0.007045177772821833	
-0.0038092146168456757	0.13148871858745703	-0.058853855981074635	-0.09319342401592284	-0.06718860352774986	
-0.07302661012549991	0.017192723443985626	0.10606096815629763	-0.006565631248022641	-0.04614617780461387	
-0.08969835332807878	0.020547497109476058	0.04002235232586245	-0.04609857078739142	-0.101239100283849	
-0.0651630025728526	-0.0715788439478676	0.052179511456600575	-0.016666148864816134	0.00809293297382829	
-0.027167943805306592	0.10384858157102952	-0.036527562125948494	-0.06582406289705416	-0.006229495488209851	
-0.05116125585150715	-0.021309837662145815	-0.01801760521458304	0.0366757699795388	0.09407464358943012	
0.021710168472681764	0.022419446598833975	0.03545918754489848	0.08420096123673887	-0.01645910958215261	
-0.08877015732287659	0.16147087284211026	-0.06380800583787093	-0.056070648987192453	-0.1288933619309938	
-0.01778121783629683	0.08758306122443273	-0.10129771189834585	-0.0014379477723236507	0.07814794947818259	
0.05140479155670432	-0.10626342019012007	0.1298582117524117	0.017050193818183585	0.11314900877152846	
-0.02159526719151143	0.11891248931366834	0.0007712513841914967	0.038730037471178466	-0.14247456918066384	
0.1870712123024396	-0.1791893408611934	0.06238543730540114	0.19304548514563036	0.01865509383141941	
0.02634128937980025	0.09728903738625479	-0.06184677223486685	-0.10789956594588239	0.0005110721877516897	
-0.004398015339098222	-0.08347429528176985	0.07797494510928236	0.0740576513522512	0.005218539754282121	
0.052334580000088525	0.007684692015433219	0.025194377700096627	-0.04277917454073054	-0.025113187979975197	
-0.06239971405504227	0.07619896775890406	-0.04360587560078502	-0.08016701392666695	-0.059061525088572576	
-0.06617981334248513	0.03441304697509729	0.012154893335460193	0.05678824396142778	-0.006003047774249793	
-0.023108758824768934	0.1114993667585967	-0.04501292016868575	-0.08712105835321189	-0.09451911958089493	
-0.1050786849940904	0.00523271136475241	-0.0987443222962908	-0.07472645999855619	-0.11195007351027063	
-0.020229182442497787	0.08504122699459409	-0.035896646935529596	0.087066145517748	0.02849098451658339	
-0.05937566977180956	0.15056848491937538	-0.06776361714537539	-0.11865203984703365	-0.03790402200519979	
0.04757034629876225	-0.07899977147002017	0.009122697646897944	0.08555938806599352	0.004811940096856254	
0.02466523109446815	-0.015218577331679486	-0.03614043446183881	-0.059997773503354626	0.012576863179938653	
0.06869014722550539	-0.05010223275950721	-0.0036399660664817	0.053916481062830174	-0.03326242771451075	
0.21927268805866182	-0.1648104342414594	0.18278860219778603	0.20182036519032737	0.12836784508218968	
-0.06381809677096813	-0.03402499094181635	0.11343850294841142	-0.0016754938898832028	0.0858367670949355	
-0.03432608703007548	-0.04612494012681781	-0.049865589628101926	0.06736835872405351	0.056431349288058076	
-4.18060098994943e-05	-0.006752436860509882	-0.015461020302742882	-0.10766754744650933	-0.08441819352704125	
0.0903309868416397	-0.14244971796885317	0.05217669463701676	0.16667344030256662	0.20312044302364837	
0.10842595765957616	-0.046176034345305636	0.03305982539920948	0.03073650514682314	0.1088700524228541	
0.08303224746472847	-0.05866625482461244	-0.011904370132461477	-0.01868001791281586	-0.019233061693699056	
0.07649710491924451	-0.1841186190187757	0.11881481744692438	0.25791100550543156	0.26040846584956057	
-0.20253919497135536	0.20549462796135687	-0.30258150327273065	-0.23414891462628248	-0.2924684383880948	
0.07895588836903025	-0.009450184409762908	0.05415949091947705	-0.05066718286365032	0.023466523678235027	
0.2090149656402488	0.0016362406002015393	0.15793192242487689	0.05643252099041916	0.17223657256549868	
0.05057837061985829	-0.07978117838158287	0.04884741213407986	0.08328043962072892	0.1566077151613588	
0.020202226774742284	0.025282644484442254	0.04737653971246849	-0.09834210047260246	0.05080748136348887	
-0.10523024834930102	-0.025076473041951954	-0.05111909270441914	-0.11387479750800075	-0.023882186895198533	
-0.02890597350849452	-0.0945009464500227	-0.023110367436136987	0.10747744389740026	0.10672733091304823	
-0.004540244488433601	-0.07531622226298423	0.06972348559467259	-0.013919328274909402	0.08358770801730601	
-0.07511625388726884	0.0911209696618576	-0.17668416762846728	-0.0616717755844264	-0.15420990273562002	
0.03292505521855223	-0.12506014362895942	0.07436323367214716	0.12989432782329277	0.23662882075554564	
-0.19863077648887734	0.22804313774386423	-0.20157272200103682	-0.1399587699462544	-0.2553740362386135	
0.025807386561867148	-0.015130139621783528	0.01984823078078122	0.2008810520782882	0.1633214715082955	
-0.8575637769762879	1.3389092537172445	-1.0548632799278446	-1.1443840376114949	-1.3485964593124644	
0.2449639745086735	
