TESTRUNID EPOCH: 83 L_PCC: 0.9224696057586788 L_ERR: 0.007352064468105736 T_PCC: 0.7473423105821623 T_ERR: 0.020495124305799528
180 LAYER: 1
5 LAYER: 2
1 LAYER: 3
83 :ILEARN
0.08717004332613322	-0.05000567940907097	0.00043119143053239547	0.06307156737369826	0.057954854920248086	
-0.030134028116910756	-0.09259640465631779	0.0297351705791338	0.05116775832071112	0.06855006091466812	
0.02970059479815343	0.026615176078922994	-0.01073971850732539	0.14154842222322397	-0.03969627675575468	
-0.1452645372577415	0.22245363190627582	-0.15025785310487358	-0.22353561412361564	-0.27964654854964094	
0.07347557530186032	0.08700454423696523	-0.021264141829614565	0.060928549836941764	0.08061271855319181	
0.020072825726731656	0.003365026653484934	-0.1461764626527352	-0.10169656232736395	-0.001879023942960713	
-0.21826508302221415	0.17373880160346047	-0.03935605981949499	-0.1193189925194414	-0.14731884886315524	
0.004538278430529164	0.023021676787084194	0.1110142348270712	-0.04604494943903713	0.09108330190468104	
0.10452185693131871	0.06869623084640916	-0.02895859045392347	0.09146354642053607	-0.07050935429747623	
-0.07292158085302992	0.12071022143779207	-0.12173727392684211	-0.13566058856560156	-0.15881323178192455	
-0.4218209775532485	0.34641949299960134	-0.37141048201790455	-0.3696548585126613	-0.41585635609086075	
-0.012602473956083148	-0.050502527648963104	0.014104907487346436	0.11651748220784158	0.14036632067204957	
-0.30795022679250367	0.20786969198523295	-0.19407350506665866	-0.25717446703715074	-0.39740381800834584	
-0.17197169955864952	0.21061454184862088	-0.18993191150178146	-0.11818933858826583	-0.24351544144949266	
0.21998225959328535	-0.2179455967320193	0.04811616111016583	0.19984522190528176	0.1449787227206002	
0.008558932482063963	0.028466133947700915	0.0559202905355197	0.14796623480502644	0.14430839909004275	
0.09300664062257168	0.007514712928220124	0.07497118542549444	-0.005432401113176085	-0.021522034181667513	
0.036338116540315844	0.017140270955150576	0.024250359909134673	-0.072187389330738	-0.07683171343321968	
-0.11618822588958913	0.13235854820159607	-0.06332104963844354	-0.04345637120001268	-0.09038368697531617	
-0.028339606098487097	0.03445354778844667	0.020942895434048082	-0.10488527623029809	0.05163457485927507	
-0.046004946364786345	0.02927579824598158	0.057650893862495674	-0.057627067545731034	0.042469420801281646	
-0.022169190825093082	-0.02922904453411651	0.03440898028724467	-0.01617608404858996	0.0167389953881398	
-0.11708779061368119	-0.015407339320403647	0.03187014319568665	-0.016452690409147288	-0.16851179525156412	
-0.05923578468643413	0.16598230844634068	-0.033205907217160185	-0.07492132311446659	-0.23293882444916655	
-0.02551695177332906	-0.17821900552391742	-0.018418430547763476	0.03618087161190578	0.16739266202289352	
-0.04902791208637121	0.07483370518502988	0.004673552093690999	-0.1378495790527788	-0.13086334104125222	
-0.06975891969250132	0.19140340103468692	-0.0849195821298917	-0.192992422425184	-0.07004454307314069	
-0.13958234237426476	0.15883839553380955	-0.1174750805733418	-0.025418141043418392	-0.08567283641092331	
-0.06029942462805534	0.011649132510189505	-0.16658653577204416	-0.15426669578454777	-0.20113576260545235	
0.018587101122098007	-0.12989996835188952	0.15357216840660398	0.11449454303536517	0.029731137517583488	
0.05594341235959542	-0.01780992064687185	0.16825508675129477	0.08951284914386774	0.1309042092092379	
-0.027824975401479296	0.021538975334775914	-0.0669210249280773	0.010716058159577506	-0.04359558129847881	
0.054886949779469424	-0.08416647809546683	0.1375542507881897	0.1762540898183838	0.06554304049022158	
-0.03477708268345244	-0.12008564961716699	0.0687080174014779	0.08520221475205092	0.08533013298367607	
-0.3840430866577662	0.4014714223597843	-0.36384407242364675	-0.38505565429641037	-0.42295067500632944	
0.05094925625954054	0.02899909674584237	-0.044619321930114274	-0.08788129143518532	-0.03604628292064955	
0.06643214654573283	-0.09330699558987132	0.09506355761733702	-0.04497821818079448	-0.0004891819138016929	
0.01901181140722794	0.01358119819212033	-0.017415954393216124	-0.045592001344022824	0.007233759363876527	
-0.04011060131009333	-0.07120928786894827	0.056925163568778935	0.05820244393299259	0.07768117394421402	
0.187196450639301	-0.1765159345313065	0.0595767386758521	0.12709990947762204	0.21723955138999057	
0.04658259310455993	0.06189871980482279	0.03977218203614268	-0.017766737601631066	-0.0883942481312962	
0.02978718635961422	0.02633087648823277	0.023426367981586666	0.07358257748440783	0.056606268084975694	
0.0029581170357058243	0.11008757727606641	-0.06104272548648664	-0.07553030544976445	-0.07308784491544289	
0.043185504371083004	-0.05723181108752554	0.09737487217937399	0.0836954087616815	-0.0928507786856414	
-0.05657190512656303	-0.1757876787525679	-0.007288740933354964	0.12363533617914582	0.022208499516467795	
0.050130588883740175	0.08954222299753098	0.03387857593193083	0.009363519756620782	-0.0035669944357288193	
0.08329656043098047	-0.05195443861922321	0.13580813965997407	0.018918041180667262	0.051905728100437885	
0.029236656909529268	-0.10524498330408835	0.00862617787495591	-0.007877553149878064	0.060261012715597126	
-0.016947151220065595	0.09352107697198855	0.012969735643019913	-0.0806378498217937	0.04536989470239118	
-0.11378324298366603	0.08190055365777747	-0.14771279107356844	-0.10224315484079115	-0.07587701238202588	
-0.16583581373229458	0.15145723229634636	-0.07944963500281604	0.03044103166145399	-0.03761349373613633	
0.07881064572385318	0.03726951183388093	0.03475730367069485	-0.04310400736066346	-0.007830908927331405	
-0.09917276464722094	0.2242063134260858	-0.08442516256942013	-0.11344205975942158	-0.10019379981702001	
-0.0501586647002483	0.039991502432692554	-0.029080068140831045	-0.04874006397848154	-0.02896884339611726	
-0.18278434834700424	0.14261659730507587	-0.11619735546770953	-0.1467557736543784	-0.11532670459714073	
0.019512368784285184	-0.039728590434284936	-0.03074009737118556	-0.048592603613156815	0.03279988422122661	
0.04942441914901645	0.10364589650323648	0.008473897603825548	-0.06876844865076122	-0.08312992667927957	
-0.14549832151289527	0.24133028363943354	-0.16650868584266768	-0.19463132662599414	-0.21594740567448556	
-0.07255684834100481	0.16567365120698616	-0.07953977592065054	-0.1214438225571055	-0.15357083654034873	
-0.20608985902229193	0.12262133789412326	-0.19968325992225638	-0.03155752062496613	-0.21426305543944224	
0.08189406596219337	0.05015242317428631	0.05952637640734585	0.0404762541925624	-0.03569101180598585	
-0.07312672161512739	0.0474923065581618	-0.09277037497849078	-0.03597595343206675	-0.13538076171868157	
0.10987882165845785	0.02747170734022954	-0.012577024363796655	-0.026799198793616294	0.012678350883365955	
-0.008668337552535505	0.05137622965059825	-0.06941436646346526	-0.04705348893922292	0.07683324542545379	
0.02175495573588548	-0.0024896708195723764	-0.0444237348280575	-0.06765307778012675	-0.0017541160994966588	
-0.006065422851705877	-0.12552408470422544	0.056353149079569405	0.04648394299209365	0.0533298851250718	
-0.10727920117928767	0.10181152296512792	-0.09426170870937378	-0.043393189491087204	-0.016386323596505877	
-0.08020370836667211	-0.04397867765727284	0.09000356501750298	0.10798619093363682	0.046065502193169225	
0.045787802486955215	0.10293063786925252	0.04187825436600863	0.07889763159794744	-0.09029500052529153	
-0.05723671697461645	0.12106191603005369	-0.055291704582062264	-0.04014516458674967	-0.18972427688418136	
0.043403769825869194	0.037381184234343896	-0.06809663330930998	-0.09822444654957502	-0.013333396652982712	
-0.07690243847223072	0.10162928186488387	-0.02762486142717074	0.040878765679671344	0.046517429892064775	
-0.019129005117040545	-0.12479910246403901	0.10511723259698844	0.019091422173427443	0.12280785976876768	
-0.04653468426037202	0.21541409187928887	-0.08543374883784849	-0.10861956296534236	-0.23151961289129894	
-0.14712081388592996	0.06717980154215612	-0.20021211061582975	-0.04480922411309462	-0.24167662259055075	
0.009502075452262865	0.0087376729789011	0.08619712590121004	0.09652977259933267	0.001708279018088937	
-0.04106293526071275	0.04341208703450872	0.07400319872959299	-0.08636540894569296	-0.08190097931898564	
-0.05953355986554162	0.067719973784789	-0.02059959164254545	-0.10216361927886448	-0.04220696869925373	
-0.10502462572103173	0.12193431369751598	-0.08866618945414702	-0.1419781765354591	-0.05601409310440967	
-0.013395972645860508	0.05690505901145354	-0.021089225892180954	-0.09722132385410433	-0.08510100238610935	
0.05771362171274362	0.12794725651967132	-0.12688679748007378	0.0015571968581221652	-0.0663366074492352	
0.1989468148241122	-0.13018456508299509	0.014843704494052912	0.00016935691997513688	0.09572580257822956	
-0.012274936672735494	-0.013705471786458583	0.11669989909026643	0.09435244303465645	0.07489798062959903	
-0.028105737524731143	0.11331409514844909	-0.03011036217615154	0.044860157343976005	-0.05747859702677714	
-0.025194854007891114	-0.1510665335118485	-0.05705609606927426	-0.06635227741545811	0.05212176053969173	
-0.08478025873471398	-0.008765082299451117	0.001535459876340328	-0.033537688297347074	-0.021438316832718286	
0.1022819902665521	-0.08309890283773286	0.0732322006428883	0.09342282041839377	0.15004344618204787	
-0.09788400298244732	0.19749006731785357	-0.1372379025123709	-0.01737015047337485	-0.21377462710181466	
0.023263949446764794	-0.040636908588835265	-0.02654517005089119	-0.11107204975475891	0.045328766879980206	
-0.019498308582289365	0.1173807972789753	-0.0034548930187160857	-0.16115969322253937	-0.14719132790163308	
-0.17794384620771964	0.10475757212750535	-0.029608623048748957	-0.0029391839851360077	-0.06561199573872259	
0.14929882799479677	0.023943481509063825	0.052364236071758	0.04266017821519118	0.027172659144528263	
-0.11624589048090384	0.07650241579368813	-0.11713053223273391	-0.07400896122711641	0.037811339765237525	
-0.0657600930886294	0.07831413734065129	-0.05429950571901882	0.0010776587799861328	-0.007780388924524904	
-0.08520276468370959	0.18261305886648602	-0.1727417854637719	-0.14775742356911803	-0.1579106342102879	
-0.06518580694265858	0.0660999206246431	0.09597491986186076	-0.07352673569509481	-0.003808996183588336	
0.007030191599335477	0.03555524970400803	0.042605824565134835	0.07408233433574318	0.024791721729928617	
-0.02568902161950575	0.018837134560159792	-0.14874380647967086	-0.022572792587860345	-0.09809629788055814	
0.03453688056623879	0.044471894262641434	0.010361168709802963	-0.01299085354411718	0.03621123888948176	
0.029643766105268046	0.11195877140631004	0.017033339590058108	0.027628115430741354	-0.08622994010166095	
-0.1652424439702747	0.06292734154218063	-0.14347381645079738	-0.16470153929824535	-0.10847295605229572	
0.10610397342217866	-0.044386002804852116	0.04701259696462642	0.15592515089971037	0.0898210269930168	
0.1241963681504819	-0.13630016927624972	0.003274088975838319	0.007210409886385357	0.15190033143568754	
-0.04263991788553016	0.0544093502862379	-0.08826354462657701	-0.055479700588174044	0.03351068080542723	
-0.07847732977635802	0.18153964832617187	-0.03947498432221917	-0.05837172751963657	-0.16258929935278035	
-0.04625559389549103	-0.14874156611210568	-0.044065279799882125	0.04945877371788865	0.04498947024293649	
0.12340781693047022	-0.08824546133735521	0.1201003866609088	0.06446043910966623	0.09215871894407421	
-0.061084487552460494	0.13085291629259077	-0.10963518179230637	-0.2211140607693555	-0.16273571585792046	
0.04463559216679066	0.005317058059288518	0.032008443201233194	0.018373016507543305	-0.024904816260610422	
-0.0889270151352649	0.01892208461846849	-0.01870421468668877	0.14874231774422303	-0.023243176603489842	
-0.09763260360676516	0.04032651234508457	-0.004366180629136585	-0.0250169356127449	-0.13315909857601968	
0.06925470478080452	-0.09858757150730318	0.13033440065593804	0.15352504105715878	0.044248469573868694	
-0.07724593620293513	-0.0784928275040478	0.09835196133672433	-0.025160893049527844	0.09451137175908543	
0.0024021090510254355	0.049620717619711735	0.039769867410636844	-0.008403858380585705	-0.15504705286987755	
-0.16177177773966123	0.2643392495356049	-0.09501242913730835	-0.1354391317266659	-0.21087508294552001	
0.05044717918806646	-0.06261119813008861	0.025323853112688574	0.04422832637454013	-0.009641091638752607	
0.13313468788207808	-0.11724340056224963	0.09560166977736709	0.01977490535627471	0.12612458498953813	
-0.09040507314934322	0.15513177786134433	-0.11489665141359061	-0.1295724988011241	-0.05263917274364991	
-0.07343587993949617	0.10799503436170929	0.013459490301557861	-0.0877899127894122	-0.1017496805892861	
-0.05862651036915242	-0.07848073588414213	-0.022579303556111145	-0.05832510901004772	-0.06001480919046859	
0.020937561624907095	0.06988782459364934	-0.09750519408851507	-0.07518465727324437	-0.08194112714971212	
0.14428767528331957	-0.04900662208676377	0.05632667410658088	0.029974909943685592	0.14268504024602272	
-0.012049275819009938	0.057378836037777436	0.03669608468261623	-0.001085940073046481	-0.059517415349436775	
0.05889217584780987	-0.06530526328582822	-0.09192921784497844	-0.03399169539405881	-0.03830575859094871	
-0.15858967149621703	0.17326542099144457	-0.14860485299672332	-0.07250339966371967	-0.07912302376145335	
-0.106241737801545	0.05136822467043781	-0.026780762600964854	-0.029376903507243757	-0.05108167069058425	
-0.09920343132857105	0.07459952007500255	0.02355087719429177	-0.06326897370594824	-0.008339425465008286	
0.004396055896142509	-0.04448669316475328	0.014272355401831156	0.0643156143367469	0.07499340356850667	
-0.11391660933681116	0.07187549105556534	-0.08622251476950343	-0.03428938281526993	-0.06297340161709147	
-0.14993118116476845	0.06515411608542056	-0.1479357979554439	-0.07324771555436198	-0.16691020869403783	
-0.09643565383645569	0.02252847256205258	-0.001578270195449977	-0.13287410546493633	5.817219366383834e-05	
-0.08013925228249022	0.010691528367975479	-0.12113002982956349	0.045827024743735206	-0.08417414837785774	
-0.06233022103580395	0.14055605215774092	-0.13786083915932193	-0.054763927053380866	-0.15708014431802697	
0.040301215953533545	0.058715864040827716	-0.07643412309298227	0.06134615082657296	-0.1274036253055839	
-0.06220684685402351	0.1550489599024065	-0.138019581690173	-0.08179617150285835	-0.13345564346592587	
0.07337347762049903	-0.03294783518104116	-0.11423735976587696	0.0743060536295874	0.05295569871819593	
0.02676393008408464	0.02258789557225747	0.048297465951532136	0.04829288499512977	-0.039999470828051636	
-0.00026303810433136483	0.14064679410738073	-0.05012223770089593	-0.13134390850325325	-0.0674659456746251	
-0.007304459642043683	-0.09039422657313706	0.15654550637300194	0.018715524551731935	0.02678981650215808	
-0.11176776682841316	0.05728547625510101	0.03685615908262348	-0.049009984003296064	-0.13507487962727255	
-0.0661001240696305	-0.12927722039325984	0.0759334717341187	0.013621958993981565	0.03915600889135572	
-0.14946615750606737	0.23782903013821244	-0.13502804980297195	-0.16691418675639735	-0.13442375553664213	
-0.04767520615479413	-0.03811064375448581	0.0019470818872608128	0.05205651914437058	0.1048882346435596	
0.07039890147297993	-0.04708608076463044	0.09351750841423298	0.14159428803973872	0.04952833879490923	
-0.022089607372691684	0.04993274764539922	0.03839543415308654	0.023974723086030828	-0.027576042362561757	
0.07482254208429266	-0.03310177488567166	-0.0029628486023755185	0.0939689994754474	0.20373699785708135	
0.1036297816788286	-0.1842597900692216	0.19116753049712643	0.06971964848087056	0.18186200700145422	
-0.1114195042853385	0.18083315967519553	-0.06114756961327983	-0.02085695806800646	-0.21749648671445898	
0.1311857106634365	-0.11687617328496928	-0.0009413021961451407	0.111328483987311	-0.051340645178453444	
0.06497540957481332	0.08270091970929476	-0.04238319912983445	-0.08113127905599501	0.036909717923186036	
0.036524215362802724	-0.10231949827314331	0.09169196902573017	0.08806851559785026	0.03713950199925894	
0.0970320954042727	-0.06877393921869156	0.08603231972126608	0.011997047696550963	0.04661979683088528	
0.027195889582511287	-0.005304976542337996	0.01090087995004382	-0.036459049254937564	0.03186407611140606	
-0.1176148719829912	0.14048303475285942	-0.060906310069000484	-0.019344810200234284	-0.08971588175448285	
0.0425377498844845	0.014686322863796706	0.040775463864377706	0.022530870534781405	0.007414185025356007	
-0.14214828466420865	0.02584566334207382	-0.10548325636170319	-0.07605588251482084	-0.12920796869621562	
-0.044887373456606816	0.11387072309026632	-0.0444048782048398	0.07512858591416653	0.0016448012985412444	
-0.03788806828897053	0.17937224129958435	-0.0530696562426524	-0.12038217346015805	-0.03316516630548971	
0.05117530170344488	-0.04246463949328704	-0.016348791806059432	0.05724687303101755	-0.00691642071837984	
0.015539635222675194	0.018581495072069104	-0.05044928317066323	-0.06930724207605743	-0.0028579008277603317	
0.09502462126477906	-0.08090374486507465	0.03086943134743933	0.0703390698188413	0.0005424925439034761	
0.24059747488215472	-0.17615091260163773	0.18418944258811576	0.2005915375250063	0.13080297200590965	
-0.07275164680953175	-0.015639039055950234	0.1072594386843429	-0.02055589497124467	0.06963468301611615	
-0.06162934578049405	-0.01175801593958966	-0.0723742787775799	0.037433372260169955	0.021882084900654426	
-0.01188565296985299	0.0021112242731492355	-0.00969866016004759	-0.11360359147194786	-0.08936369184242776	
0.07765068084476655	-0.12657902552909933	0.02483299848725971	0.1385454685025668	0.1748206050360325	
0.12029858643177778	-0.05396504227399076	0.0345923083103687	0.030709365130852633	0.11071675126872488	
0.07202508242690975	-0.04127027339839643	-0.01723122377488701	-0.02684240271190933	-0.030119012413536615	
0.05196251156206458	-0.13723025852798848	0.06620051282891369	0.20405529208551254	0.1917502639205058	
-0.2610672121030643	0.2547749076720335	-0.3108449025930289	-0.2713417469452256	-0.3255135051690603	
-0.02351541949109546	0.07011298305884675	-0.03368093292030266	-0.1389904750069843	-0.08326874423829302	
0.21948240692771281	-0.0028427503075082092	0.15751515780010453	0.04779572712260243	0.17162110498230423	
-0.031365898712416504	-0.011323551577966481	-0.021437530239136648	-0.0019321617362281487	0.06606953942682256	
-0.011026054162443693	0.07651764185807237	0.006113963290569042	-0.12072808512145775	-0.004192257321782899	
-0.11585386922773407	-0.007805118525520612	-0.04949104019473464	-0.12246462842161841	-0.031275551113385515	
-0.012450210854997977	-0.1097114092652545	-0.012285449135053562	0.10865626910171884	0.11584056023596373	
0.005431319309509155	-0.09400687435140878	0.0813364676434175	-0.00935335334406273	0.09661729227665179	
-0.0020692812945158775	0.03423707868492722	-0.1280565784750871	0.05242442662135533	-0.057119996692462746	
0.027415639096301684	-0.08250396025388837	0.026881836758236875	0.09358450856317511	0.17572003518891072	
-0.20236864534675783	0.2215815523420284	-0.16376641819031754	-0.13147422374060003	-0.23026335235174997	
0.07034979467883243	-0.06843907122103778	0.036825275895177534	0.2192829457995555	0.19584087899738217	
-1.1528329261914314	1.733430713829144	-1.1020923726637022	-1.1853384099765027	-1.517764477170813	
0.3699883559304399	
