TESTRUNID EPOCH: 96 L_PCC: 0.9220464610849238 L_ERR: 0.0074957871433833844 T_PCC: 0.7117723601543646 T_ERR: 0.022510057626470695
180 LAYER: 1
5 LAYER: 2
1 LAYER: 3
96 :ILEARN
0.09706910621654853	-0.05428956564437107	0.025328742943328195	0.06766350275020992	0.05501964273883071	
-0.06251713690292303	-0.06857927921546708	-0.00048613312458334963	0.03365806826621743	0.04381251498223975	
0.003960858470885286	0.04750466188878431	-0.02547116282181105	0.12782304978919437	-0.04630001317079219	
-0.15800919358846058	0.20813752677965228	-0.16700579522360734	-0.209981291076563	-0.25288036320197627	
-0.004726006723575074	0.16903260153812374	-0.08028467706397119	-0.014376999008701742	-0.031243258584873427	
0.013710052313314219	-0.008484402777948466	-0.16645610485359946	-0.09892860595929787	0.01477996275876859	
-0.29951603458024834	0.2446707960443059	-0.12658727118087626	-0.17703014634019718	-0.21104408702405025	
0.010496619380477856	0.008717096430621074	0.1146210051680661	-0.02674491546033407	0.12288940333544135	
0.09934718788941041	0.05719961493700742	-0.04123283248556359	0.10911762181252695	-0.02847478633838568	
0.018910681544716996	0.037716176471819254	-0.024949819568722272	-0.08076920701008597	-0.12109326571322501	
-0.3539256665539437	0.27717505971238726	-0.3522028034005265	-0.3100218602485284	-0.3686589060599081	
-0.07121648475293482	0.002658155646814155	-0.033741819173317464	0.07454707571764409	0.08010794464575395	
-0.2379993866531563	0.1425514572542397	-0.16645561452411597	-0.2090326052456509	-0.3523335802948034	
-0.20465227011026532	0.23688281996219446	-0.25643867229102985	-0.13569109666020282	-0.2460036836117482	
0.2268114631507757	-0.22736685905037166	0.06449314831454661	0.20393127943917613	0.1750100852600686	
-0.028572654920554184	0.06896545073863719	0.024861685223327972	0.12452613044771843	0.12364037814807768	
0.06750761759874326	0.04593080853724957	0.053722686095915476	-0.025515291602461396	-0.04908004753813709	
-0.0015736653103262462	0.057955441365022446	-0.029849938562084604	-0.09281274927180924	-0.09438172148238272	
-0.11571101011411394	0.12390679398920693	-0.07074560773364647	-0.03699428379431493	-0.06312838837570595	
0.03536035306016778	-0.012059117044729045	0.10972675561435892	-0.08238584922284707	0.043756128143068694	
-0.04766734918433789	0.016049196546049062	0.06277656504530477	-0.03803168818146738	0.06237118403757232	
-0.0010083244574532145	-0.06505852065187721	0.05347990541029357	0.020927965041512304	0.059587957878005464	
-0.11611340927423328	-0.028716369712570296	0.029853830217386954	-0.005342994598459577	-0.1575713876658549	
-0.07314434832571177	0.16419010503640988	-0.051154459443710304	-0.08444864137760884	-0.24667752329016282	
-0.049022843868186936	-0.12517613410365133	-0.048271343074544955	0.013580505600061271	0.13337326147039674	
-0.039738617383744096	0.052127133271516336	0.01549461013538598	-0.12062595119701126	-0.10984218126714411	
-0.06961991062117474	0.17427604180607686	-0.0844476389994381	-0.1843059646203054	-0.06083422830463957	
-0.16639897410251603	0.17607043675808975	-0.1439470151068422	-0.039739355152374346	-0.10779923522261757	
-0.05672690615617536	-0.004978751373675331	-0.1640354630393271	-0.1409906978590068	-0.18669782535673823	
0.05941572413313323	-0.16654112548712913	0.18970779655354858	0.16521399615606044	0.08817787103858338	
0.10352323408987714	-0.053148439292242784	0.21242487119039039	0.14886876235588006	0.20249760393623895	
-0.01635816655220203	-0.0034611014925290057	-0.05526247565122132	0.030820307432283787	-0.019795732293889916	
0.10695566161739462	-0.1366580321570943	0.19249592921387884	0.24183343695910323	0.14606100701596347	
-0.006644078235584106	-0.14286279995990678	0.08926383389256225	0.12397344923622497	0.12959895885414416	
-0.4659372076812218	0.44895829426653205	-0.43978109669704907	-0.5069294489135725	-0.5643890272497878	
0.04962861141987134	0.021811643302467643	-0.04728552297343055	-0.07999180254277877	-0.026885130757982052	
0.08748564478678379	-0.12460103786459616	0.11116860324087356	-0.017584553251747684	0.03338007656431954	
0.03711268262609905	-0.01728806980949811	-0.003131440862024801	-0.010584842509908404	0.045602400941674136	
-0.01911351488398005	-0.09754055687259476	0.07442202447900718	0.09130485295519168	0.11524193255709132	
0.222298905594658	-0.20955294628946086	0.090999760397229	0.1747548440790445	0.2711663651511154	
0.13844133445953496	-0.05681791409017433	0.16613424760479809	0.03358161376078676	-0.025214296090373244	
0.026145268300451732	0.005487553625385144	0.02426059900023426	0.0758544645187428	0.07772336994936037	
0.04481097710247445	0.0528836492350488	-0.005594222286438605	-0.007066742885627977	0.00471349627953523	
0.08871262616033918	-0.15637546302197947	0.18226183741260948	0.14768999215265075	-0.012471884492771344	
-0.12353018952419131	0.03365523676901975	-0.13413663312619462	-0.003977312597426806	-0.1292505624982385	
0.13747598057802668	-0.048209422586838406	0.1322747676518732	0.09333087012610383	0.1211895801775443	
0.06752659593221386	-0.07590882037063645	0.15211937652861712	-0.0020437248141782537	0.034454380689761546	
0.03758150477928212	-0.11031575328375465	0.03871518916834269	0.015017232450816854	0.07952804991458506	
-0.04468028496080198	0.09059371501884464	-0.020486119106414864	-0.08282706387865704	0.03833530951674705	
-0.019035532382794318	-0.05237787605906993	-0.06425748550528801	0.005852168813668527	0.04895358969753841	
-0.15713160280873995	0.14602518381648538	-0.08986488960675891	0.050548077511682755	-0.03337085313260225	
0.06147893259192489	0.02497171791569482	0.0361598854520199	-0.0716345516498411	-0.02303459670049494	
-0.027765538056159413	0.12780532700540906	-0.03133384109480905	-0.021848969415842016	0.005222291654716824	
-0.13815817081367593	0.14105847062238805	-0.16263343007222958	-0.11930139584428959	-0.1271193860320816	
-0.15909152763289358	0.1004027995246152	-0.07989885618729842	-0.1530257408313902	-0.10032906094025255	
-0.006918106939510293	0.0029305337281590725	-0.04819251655775335	-0.08391719395851227	-0.016943176921251246	
0.04430172005048112	0.12443488245673333	0.004890579936432542	-0.07839540680965465	-0.10334301075919018	
-0.12488136375673758	0.17451775854032656	-0.16485006621381462	-0.13148087943973344	-0.14651026913749007	
0.019503101996610303	0.025439697176242036	-0.022617763069546	-0.007064312744988184	0.007921094415337953	
-0.10447213697022406	-0.013359606627413393	-0.10334042343501294	0.07491069757280161	-0.08856415806804714	
0.03929828107643925	0.10923386496025361	0.04745586574965163	-0.07675601174155953	-0.17656347963078134	
-0.015508305332573179	-0.03350843162284959	-0.05413998187816391	0.02518265171242118	-0.0786982982363956	
0.09919663932094097	0.04702909188634031	-0.0289639650688458	-0.0527953870000167	-0.017181646205462087	
-0.052149191170813104	0.10328980844371426	-0.1200846563720487	-0.0889446440415504	0.02540353950666683	
0.00014085908439088953	0.01183322284694703	-0.07461495537568726	-0.08745110073228103	0.008978555384985576	
-0.01418827605819603	-0.06858599773317951	0.01645937245340559	0.009450597295054698	0.01680863689351668	
-0.18658396929578172	0.1853172352354599	-0.18530511733319893	-0.12291327325330814	-0.10951493068200306	
-0.08230994442422143	-0.03619513475712862	0.1098678756201968	0.06593586939245619	0.005923810163642909	
0.05624539453666862	0.09466344470066221	0.048530706746068936	0.1096664919050061	-0.05550793243087153	
-0.056339525480506594	0.1065152045853853	-0.06717980393219788	-0.0264590780520366	-0.19860639070135766	
0.020380718989879625	0.056828208389937455	-0.10152391636735061	-0.1014427543061613	-0.03162166228028062	
-0.01712000336343355	0.03275623391290387	0.020687013408587675	0.08309726068275301	0.1042399955061491	
-0.05534061037180147	-0.0854349177438543	0.05632217390149148	-0.01936794635862224	0.06724349635987972	
-0.002072887812083912	0.13207615945396578	-0.040872716618747744	-0.008603309008633542	-0.11528724736294428	
-0.16338998987191997	0.10517116295350852	-0.1919680397308977	-0.07787448839681019	-0.2605275362519475	
-0.024692745844346546	0.06316893486579228	0.06231068424450505	0.027982210972901593	-0.07704838989618329	
-0.1114179917640788	0.11649169877652597	0.014011779544631238	-0.15178156997369888	-0.18502091238411997	
-0.07487621087183437	0.09723203045171258	-0.04288641978711604	-0.09581509751169122	-0.058242798411733424	
-0.08891744687605142	0.10112351654916284	-0.07999355461531324	-0.0922666371024205	-0.014418119622439876	
-0.05245551943663082	0.08747676873603084	-0.07143431338638316	-0.13006262214065217	-0.15929776959698985	
-0.043559190335812834	0.20743815975493626	-0.21763025557350588	-0.08741754535160218	-0.18961823279126422	
0.1641697457276021	-0.1114276872970643	-0.014485861066676486	0.017111490958463968	0.12781130972933782	
0.027242255442412447	-0.06396314070131441	0.148356173723792	0.14197333264841155	0.1671845679495287	
-0.014586766530818958	0.07792506446064305	-0.02000127775402266	0.09150814085312911	0.014739542960795386	
-0.07272224395992764	-0.10862261210291767	-0.10126170838194015	-0.13980054672297262	-0.03835740295540128	
-0.1340421562608952	0.011229080397950607	-0.041835476224401945	-0.025595210196518635	-0.004091280819951676	
0.06559609632033396	-0.05823862702798751	0.04700183127524446	0.10970160831016215	0.16901983259383124	
-0.16547752903790608	0.24727906003850147	-0.2435322356281888	-0.08700296870419666	-0.26861864747705283	
-0.047190592550445734	0.029027712263851882	-0.10195949684818781	-0.13500829199242548	0.006900176133707401	
0.00890523059125305	0.09674150828158536	0.04888094940722044	-0.17858576994870554	-0.19992849468764629	
-0.1346797144612036	0.08584883987434505	0.02154777970320327	0.021434040464288952	-0.06302147612656585	
0.11713965570297034	0.029201984211805893	0.024214799077465723	0.05712431752203129	0.05214068728234684	
-0.13999153920771856	0.1245752436340319	-0.12689832630521675	-0.10882321369199897	-0.028837596470299914	
-0.0031141778160120805	0.040508712868312126	0.005049265477549515	0.039411778061768994	0.018196459536509727	
-0.08025552741097512	0.16798690666823798	-0.18570561877474007	-0.1214831123188587	-0.12298665211878937	
-0.16978064395678433	0.1576289531318279	-0.014775378848837502	-0.16350149845847536	-0.09729117656235808	
-0.04901040615996669	0.09266406477745276	-0.01677712201934604	0.004326290228633665	-0.038687262964380256	
0.008826544545950046	-0.019890107460992835	-0.12599389251811197	0.028254226061156594	-0.0384635087670544	
0.043301803686924836	0.04574313435228717	0.023619093553017147	0.004622050510056253	0.04484451685137916	
0.00030663658441069773	0.15027900392270868	0.014048733094172499	-0.03657763871446486	-0.1925029730045465	
-0.15305012486266828	0.02674342328733586	-0.12531418797875507	-0.15206793667236676	-0.09914429644084294	
0.046299132712976865	0.017363695858013176	-0.0026635620103045285	0.11634294265362394	0.018454204727851257	
0.16107762743669157	-0.18640643308713284	0.045220104949157076	0.039721169441547376	0.18622367958198602	
0.039670620883262404	-0.05211297994371902	-0.033394872365019125	0.05570534931961924	0.15905704275486546	
-0.08482728183650332	0.18269147538239422	-0.04514450954179142	-0.06505946616295528	-0.2144803070249583	
-0.17422721808290204	0.015265394351588227	-0.17414825302730713	-0.09628157301978069	-0.1701513316420275	
0.08317071598512644	-0.05551985479076258	0.07609300189881724	0.0449335159761223	0.05020287183860472	
-0.11694509026587004	0.16113451629433448	-0.15425835811720667	-0.23750189474153752	-0.2303171221067913	
0.04980410551946074	0.002172982728450202	0.04145642073941593	0.029563571656795316	-0.02964879096525102	
-0.0446348720389266	-0.004514300942127208	0.021009982442694492	0.13620457133304414	0.006579712578851472	
-0.1913404298984826	0.18566512192982412	-0.11252877498369628	-0.1598098256951419	-0.28312101536798245	
-0.005869813443821802	-0.017835056848119264	0.060804076762377056	0.09528089616708331	-0.05192375927707152	
-0.060905305978463	-0.02749125201158466	0.11532676187268745	-0.11569850893206904	0.005529965376424314	
-0.04859511794330634	0.10432376012860432	-0.005990202473156703	-0.03550359691667349	-0.18108319337531514	
-0.08246391070434263	0.16193782857179678	-0.025524527192092018	-0.04716281151453687	-0.08062717821339684	
-0.018168056756005652	0.004141236618141113	-0.031153920313386204	-0.014624943830395568	-0.10669253479083314	
0.04283057411902573	-0.010221460013689633	0.010308031570312291	-0.0763825830270134	0.014748892361766007	
-0.0695591122439871	0.13238459598186836	-0.09479237547604179	-0.12830763654834648	-0.025392218946118764	
-0.0022890758689324657	0.02403694207024947	0.08890770706670013	-0.014537051988450244	-0.0017777627634264106	
0.0033445634580073847	-0.14041835909705694	0.04287257844045048	-0.0422582244062556	0.002642666415561523	
0.015474269835984076	0.08355492514580441	-0.09793552858026214	-0.08022873832911906	-0.07912945295494488	
0.21324627254481396	-0.08568268292002533	0.13234387961213856	0.1136300478231698	0.2141997783808281	
-0.052870702931536104	0.09741528386844597	0.018860505224121225	-0.0032627320001510198	-0.10151188461463352	
0.02751933801803213	-0.04984638632304006	-0.11376026432578953	-0.01380860893170009	-0.03254019652892996	
-0.2116908483234265	0.2282145757700728	-0.21575523897618526	-0.12449406327369127	-0.1618756680952015	
-0.04250683515047489	-0.008203939508100529	0.06348907145331317	0.05957418183640992	0.01660772978869467	
-0.06756936058669932	0.033609394263352264	0.06456974803404257	0.011421004491200896	0.05511254209475735	
-0.0576636985208546	0.03304987554476663	-0.032993629598952814	0.020546734242809863	-0.00132050590084789	
-0.1647434392384437	0.16101796035351645	-0.1513763201529005	-0.06224454249738811	-0.14384180709925437	
-0.1222645518634179	0.020166790337312095	-0.11748332232179809	-0.09042923432451688	-0.15126778732163965	
-0.09763551274319827	0.03470743577432252	-0.007823928581557232	-0.18590106005780707	-0.056906444179899325	
-0.05203241327712688	0.001937723991338086	-0.08161604321614728	0.09721310280337415	-0.04866520293866267	
-0.00011556106108101037	0.08067688308993844	-0.05164640083634965	-0.061727946904636954	-0.17624368597668905	
-0.0140203258204339	0.14931140867991075	-0.16386004505459467	-0.005082899879776877	-0.2050794360693752	
-0.09363445797797587	0.1446674437336709	-0.18607373175936892	-0.10757026691341234	-0.1309954202663247	
0.08951896659860466	-0.0367767258686369	-0.09820317335499867	0.10653561060845834	0.07307254713898483	
0.10111265033749878	-0.04906469338468543	0.10793735892094386	0.11322002768084524	0.03424983386751408	
0.12828002288519477	-0.013397289960771113	0.06893648930319848	-0.0015303888534132957	0.08803350014544023	
-0.047629624640306394	0.020257049796861278	0.08747010481694896	-0.031279125880064845	-0.03938312025302334	
-0.0497177570722126	-0.024888892994470124	0.09699918848698293	-0.025161651345341096	-0.06638523027908558	
-0.11649836686340327	-0.0019553946037690157	-0.009750930009137652	-0.06793604998686188	-0.05276322881027796	
-0.14313023112251178	0.2050287763816869	-0.13201269253216424	-0.11062360588571421	-0.08107618786231507	
-0.04880742003402167	-0.02193547371086884	-0.0174197615384109	0.053182995421390024	0.12806300747369292	
4.724246187685041e-05	0.05230284036145945	0.006654352525390836	0.09374436489166121	-0.004941715110747047	
0.04276466124771408	0.011380305733452745	0.07541239716524584	0.0828891701695442	0.051319150853738754	
-0.039062143496289156	0.10363453754867764	-0.10332240533341698	0.007848862508949804	0.0932870364369195	
0.008903284900640551	-0.06850101275528035	0.08895076050313519	8.495805876485204e-05	0.10156443305901096	
-0.07154243137922067	0.172197051735718	-0.05593817800569526	0.0022803739232467096	-0.1622092151247686	
0.13900963480399406	-0.13218815718940274	0.008571673154559173	0.14846757994928583	0.0031478596472719503	
0.03770371927173194	0.11418367672426798	-0.048497506050002887	-0.14200997478078795	-0.0790084836974268	
-0.0012495221837300757	-0.060483513397037725	0.06583950616201978	0.03376667737947048	-0.060131526781576704	
0.06728736427347576	-0.045607968245105095	0.06944721632908388	0.010169719611138368	0.04559098962044663	
-0.020728316409575853	0.052743346877288884	-0.018638740155547166	-0.10151623118380088	-0.07089294129104305	
-0.10482765825211374	0.09949957978543984	-0.043374303552562686	-0.004502714106996026	-0.09589329099039022	
0.00550506225435544	0.04652688996802339	0.0019785528663873496	-0.00951423401826312	0.0018330287021894862	
-0.15727948588092702	0.06859466895096546	-0.15038840933732808	-0.07755937079152818	-0.12629744320672484	
-0.053326748765911695	0.1459553254099728	-0.06864974096172559	0.08097276136903339	-0.0036577654786986826	
-0.027102151712709438	0.09265540865247032	-0.0032581051574170784	-0.08202707378616186	0.020584611881185492	
0.04708998268294118	-0.07170963910323191	-0.0028700543265285563	0.07282684102713366	0.00028505149361275216	
0.006719380483954652	0.03231087158385547	-0.05033645354093484	-0.10006787267126142	-0.07698737311888797	
0.07890361489734424	-0.07343697658994836	0.021281212544848993	0.06054925285446321	-0.026274452425813912	
0.22911467771306948	-0.16584976468567894	0.17094623645431903	0.18682303700894198	0.11244090106929504	
-0.10391026418127584	0.009380748674251132	0.06952378752963118	-0.037060516350603985	0.03681114241090359	
-0.07933058266088498	-0.0029338562196669594	-0.09347567287669838	0.026211851835603393	-0.00202033341529277	
0.0021066362498134905	-0.020239389584214677	0.003424777787226945	-0.09015350077694474	-0.06620394549903333	
0.07296826298901904	-0.11230169043240561	0.014733369906465638	0.1279107699071482	0.15247977407453392	
0.118177477284892	-0.05084554527906635	0.03426830021127306	0.027542406516936884	0.10098150458287158	
0.054495847535896834	-0.027627917500444715	-0.03479166603654011	-0.0389195084394881	-0.0597035131182167	
0.07834532407658712	-0.16241980079065502	0.09154867659148093	0.2286201329846679	0.21777904120918187	
-0.2489922269596585	0.22890038450055614	-0.3187052494391093	-0.23181540965261554	-0.2802284978857331	
0.07526368640219368	-0.004138040867068075	0.05581788535051989	-0.06380405670765714	0.0034878143621575506	
0.19172227071055703	0.027559720004541256	0.12436368458175662	0.025001228601666287	0.13345843236647728	
0.03762497163075284	-0.04987189223125967	0.02519646737260092	0.06353000239411594	0.1288453612579906	
0.05125586877161627	0.01770614070414904	0.0736626487589767	-0.059594868364694326	0.08138541442054871	
-0.14497454326892162	0.011815379891048472	-0.08312918105413247	-0.13618914694266787	-0.06000051837382875	
-0.03244588843114093	-0.09274340123994834	-0.028044490921068747	0.09253918195478657	0.08618174302269482	
-0.01793680586375006	-0.07204249395304928	0.06072257879973941	-0.031094253073037127	0.06722583816986336	
-0.07059464380445452	0.10239211241710876	-0.18236302598459755	-0.02996638298009362	-0.13061811435125795	
0.0627772943189939	-0.13339739969167208	0.06994082994143104	0.12772163262538705	0.23935319533266394	
-0.2058099977651742	0.19901895048476562	-0.17742164245964703	-0.10792392377923825	-0.1942229368821549	
0.07588769029786561	-0.059491100077174036	0.05123882184780563	0.20976386838278044	0.19199760987812578	
-1.205448379320212	1.7431214033157592	-1.231504551101035	-1.2256301379240646	-1.5899289867627693	
0.5171783069753082	
