TESTRUNID EPOCH: 56 L_PCC: 0.8877808934400757 L_ERR: 0.011086660417447294 T_PCC: 0.7696164093217646 T_ERR: 0.018654444442506076
180 LAYER: 1
5 LAYER: 2
1 LAYER: 3
56 :ILEARN
0.07774075435033281	-0.029461043493625664	-0.002046537760827588	0.05251155531362665	0.03762676995695198	
-0.05465725021684048	-0.07841363292371999	0.005169518362888491	0.022853872044227612	0.037150186493406144	
0.028542729265370364	0.018376988052809337	-0.00558583019908504	0.13135929606149022	-0.04453100716809732	
-0.07068818208623494	0.10243656777763582	-0.08454077828391011	-0.15378517296643207	-0.1852221946682395	
0.03330870525005506	0.12154838114027362	-0.05254147148734829	0.020931933668776125	0.023778144317296454	
0.039285689707919784	-0.0375277005092392	-0.1363041235883254	-0.09079917346866984	0.024770318869424667	
-0.21150075274716537	0.1270658095593423	-0.037953109246286386	-0.11127895394836108	-0.12720676776401815	
0.006616902469536638	0.01435152681863347	0.10890825883310778	-0.04958673675948403	0.08997161403955356	
0.10892415872498616	0.043701841095873814	-0.028265416525746937	0.09082981103756148	-0.05012943467792531	
-0.021492059394275505	0.0821998105185213	-0.0671625140979205	-0.07632888384340729	-0.11489700653653862	
-0.3105977201862516	0.21534578371948113	-0.2984822947993196	-0.25750005388622055	-0.288549061507397	
-0.06002719308196798	-0.004108708666617117	-0.02968268181362881	0.06553219702214257	0.07478493823473942	
-0.2216054679113274	0.10853838537420964	-0.13762431546684076	-0.17287346306013168	-0.2999602457816816	
-0.18780056588078994	0.19799710652577948	-0.21594291534630145	-0.11919234653579136	-0.2299584721999224	
0.17831529982727204	-0.16056489984304648	0.01397609018766268	0.14969126966147592	0.09278743553687238	
-0.012289318747726385	0.05087708334050231	0.0344939233221446	0.11900926253507862	0.11849374002311865	
0.08223582621416776	0.026377148279683318	0.06217565258248787	-0.017808175534688313	-0.03639823105225788	
-0.00890626400768992	0.05721417261677485	-0.02244211350057291	-0.09392668529950059	-0.1148906446178005	
-0.1319852815555681	0.1338147767803841	-0.07500261658734246	-0.05177446658795048	-0.0898434695174004	
-0.008891650892729178	0.03686637502075121	0.05522102769808192	-0.07863551402042615	0.05087356633972316	
-0.04797567471628151	0.015471614608763583	0.06283813520393962	-0.039727398663707676	0.05972503725942353	
0.003463067630935539	-0.07295481224703008	0.058532698855084685	0.019587180622589982	0.05651470807314801	
-0.11299672179249425	-0.03458724059701919	0.03332968328336321	-0.005662082367155761	-0.15897356880153388	
-0.05974581388200832	0.14523563654271693	-0.03839206479851992	-0.07344292505502013	-0.23274315063105386	
-0.043824404016343715	-0.13488051642055723	-0.04123926557005559	0.012639616251122757	0.12973441043243608	
-0.0374074708103215	0.048822520913375474	0.01763320744230996	-0.12071544662507235	-0.11031036858696462	
-0.06194214338767604	0.1635342472224191	-0.0771594226228183	-0.17939537885616724	-0.054613841516780275	
-0.13970407864474751	0.13675147927641404	-0.11797232119356166	-0.015585455892959541	-0.07808627638837651	
-0.046542694052903545	-0.019909794740836057	-0.15381151397626955	-0.13471972027880613	-0.1796929234594176	
0.05036073069482198	-0.15647555983729233	0.18366088053459453	0.15216374142433187	0.06836999756723362	
0.09614536181727758	-0.04535924628910727	0.20768624857170184	0.1358018141633348	0.18249139081987684	
-0.011978455585583402	-0.009607272775921162	-0.05129183123943265	0.03223872773396625	-0.018095052586988007	
0.09208595783598011	-0.11795665640533678	0.18014333566334925	0.2229138267829476	0.11888322032312307	
-0.002822853346458245	-0.15067989443625546	0.09527043458942194	0.1217979950078521	0.12380229004221988	
-0.4426617917344693	0.4252107976946443	-0.4224335093968317	-0.4705697271360498	-0.5107585641796277	
0.039155663847910895	0.035432483587029266	-0.057674503736327765	-0.09179720999793499	-0.04181500842723375	
0.06630174933993159	-0.09656364767153117	0.09102445842535171	-0.04045407046750246	0.0040651176522548856	
0.05224558124563483	-0.040752884547198345	0.013290263547878042	-0.002212356924862324	0.053574345800431494	
-0.014868724520552065	-0.10535476950298356	0.08009989106286218	0.09081222156658797	0.11247613349025304	
0.2101956883964967	-0.19556571642304288	0.0818502177320355	0.15868419932935426	0.24796533550670205	
0.08731036030895195	0.007411567748843424	0.09915317801339005	0.01843762092844138	-0.0422811046831423	
0.025621234503028823	0.0029056238952646007	0.02184433561030482	0.09442990169498151	0.08611690429234585	
0.05017271949894727	0.03981036854008832	0.0004292091641752405	-0.00421111632147461	0.008029292819392981	
0.09069746917922175	-0.16310680803808214	0.17918543674649906	0.15238125054378374	-0.004690043743705219	
-0.1180528951048869	0.020165488815170596	-0.12962474163022794	0.0051153450714459085	-0.11509066502387678	
0.10688610002670627	-0.0009022017693355427	0.09549865232154028	0.08108246081293516	0.08846887642999342	
0.034735541921867216	-0.026610069737682786	0.10574369889438134	-0.01153874840684738	0.019481064016265755	
0.026171142894362547	-0.10300353548364904	0.029386853323631286	-0.0007805434890637123	0.06392055269400963	
-0.03698776544407528	0.07797732120167884	-0.00362903252706179	-0.0709554453293634	0.046493660981993944	
-0.02225982666076565	-0.04887678263279161	-0.06341208095541423	-0.007458016445806958	0.033689746041385346	
-0.14593043362268113	0.13300245513326797	-0.07420780487011068	0.050380727999595885	-0.03277832235698608	
0.06999512884817276	0.017850586777690754	0.03231735884560613	-0.04449750445422398	0.0029993567130153077	
-0.009513049627496193	0.11078383989207821	-0.0089227485719873	-0.013031259935402453	0.012353655906525094	
-0.11984355017226347	0.11107384529412861	-0.12304475498074594	-0.11518596693511898	-0.12128183294856414	
-0.1350615188763566	0.07103218263565401	-0.06983321218297606	-0.12336777289209244	-0.07193759917993293	
0.019900575517606447	-0.040002351707939705	-0.02487979328100538	-0.04602332650124762	0.03342740259926624	
0.05905806269076564	0.1006952314738338	0.017486385903483708	-0.06074388931858996	-0.07831771082183639	
-0.07041332507077404	0.11760525299413047	-0.1019890276445024	-0.10567617713823528	-0.11741673748893874	
0.006194182237388766	0.041408575173475765	-0.01380421719389547	-0.015852440568523078	-0.01897592756545777	
-0.11898571636659709	0.0039938971243849925	-0.1172292543628307	0.061006876133092774	-0.10520165475433539	
0.029699994282924143	0.11512989637775131	0.015948038059637525	-0.04018268942339753	-0.1305887733992967	
-0.03179175442044838	-0.005169463547460418	-0.06995141601562799	-0.0008673067541120273	-0.09671101469348489	
0.0948218950653421	0.060924140023827116	-0.034730880491490035	-0.06656119658221207	-0.040336712563067666	
-0.03210996177364238	0.08115470588887963	-0.09083752600110355	-0.08328749326573859	0.023577410532211934	
0.009513396123615027	-0.008403201609113852	-0.06407646386744503	-0.08863071373675016	0.022292435064576382	
-0.02790421055681073	-0.04476743111202385	0.004467862942777033	-0.01061925267331987	-0.009599593399417685	
-0.1612369649828826	0.15076129161738563	-0.15171053486539268	-0.10369655481276965	-0.09212493564952641	
-0.06847385442158312	-0.055371540641573534	0.1156619497136002	0.09571557534870043	0.03814582412738153	
0.07578880928975487	0.08459835715806194	0.06557940512712562	0.0973440723793471	-0.06429684142425127	
-0.04806806861337337	0.094905255620957	-0.06301947380547016	-0.009507971534299112	-0.18527436927693242	
0.0019010316953418887	0.08020152738274566	-0.11507536635298302	-0.10247373125728246	-0.0512835326547429	
-0.037734820708967054	0.06697367396772771	-0.003885728143292801	0.0562361861638917	0.07687578618064778	
-0.07519464955953387	-0.05467078177217777	0.03682770432280988	-0.024574247562455465	0.04693222268009963	
-0.0002213908554294466	0.12362635681299074	-0.03644525246459391	-0.01571623935986367	-0.12377329271487415	
-0.1033154327836576	0.01108998195074406	-0.13658744855809413	-0.027110677390933795	-0.19909607551144748	
-0.02857855995702942	0.07427062531896866	0.04440149834444542	0.028778502805042704	-0.07272732004619983	
-0.07232804773203579	0.06886795811262014	0.04266768031246572	-0.12072084681479127	-0.1363634022807399	
-0.06659124295517607	0.08062955620277919	-0.03330606817700488	-0.09432246161927783	-0.04715475737622752	
-0.06540073074260376	0.06932470845328138	-0.05619246639668629	-0.08586534760644236	0.0057000456791394686	
-0.027318426018119592	0.05241177763959035	-0.05285086696829931	-0.0941293910918785	-0.11528188751752226	
-0.007387050837742754	0.1562503230578978	-0.18746126261033183	-0.054158874804858724	-0.14238880347531005	
0.16819946178915893	-0.11537805800978945	0.007426705416050652	0.004910823533040572	0.09242208995688597	
0.0008388994118406966	-0.024028441870010703	0.11961431092299904	0.10265738279330458	0.1210033941739986	
-0.0015918423451490409	0.06717415288029728	-0.00982798265483924	0.07986153788513661	0.009000546595276689	
-0.08262999306136415	-0.09147169478826228	-0.11388829699327226	-0.13032706615071946	-0.04579903462983663	
-0.07647003032760653	-0.06855407021218733	0.028408830695732065	0.0008288432644375917	0.03993863322713835	
0.07699098855594282	-0.07095422257351906	0.06431863361622954	0.09086846265650556	0.15193591300139334	
-0.13137292856887922	0.20466154485492785	-0.21857501031883417	-0.06634410260441492	-0.23821550497499946	
0.014424568813427411	-0.056654634543759214	-0.029333772636326864	-0.10275549887426107	0.05565449426569491	
-0.010932864953341562	0.10990524170882826	0.02031460067269087	-0.15934991847613583	-0.17555308964515418	
-0.12819862920369063	0.06343867346620037	0.02695407811486522	0.0405740578744244	-0.03600314000378439	
0.12077714659453491	0.025197309961078163	0.03990377984597068	0.04027181475405762	0.031922116301223685	
-0.13211835617515544	0.10057550461032347	-0.11882939129639392	-0.09143245328792915	-0.0009829312448841306	
-0.022281963948492987	0.06453042839548111	-0.015867895001238783	0.03169665607382917	-0.0005560826297517849	
-0.0408464319787239	0.11751218801543559	-0.14145226292173238	-0.11258058839616499	-0.09062134468547585	
-0.11839328711111048	0.08745885256963946	0.0379765541782651	-0.12836310419682528	-0.048874588589936	
-0.0487066217978202	0.08579653843653855	-0.014087618216354111	0.007807915872671172	-0.04291415394360762	
0.01449420945223275	-0.029887733757632134	-0.11598167635909018	0.02412678090249187	-0.04699559792158891	
0.03864378018335767	0.052528850370571624	0.023166404830289873	-0.0004849868433481144	0.0318107705368727	
-0.002785922227671142	0.140992050062617	0.004376855324466275	-0.0052797185955704646	-0.15802254243965783	
-0.13615307038869637	-0.0009719137122110697	-0.10458177886851129	-0.134159918313902	-0.07806156369706681	
0.04853823221541309	0.017008965509644754	0.0013961473161373153	0.1073049377137829	0.02046078517297456	
0.12226920282077401	-0.12517827356752995	0.015469013871894274	0.031843622492988055	0.14816982720617394	
0.04171433288717188	-0.038274085184084504	-0.02741431079375863	0.051732487611130445	0.14429029055158962	
-0.05627713429040543	0.13639020690669104	-0.02007666003165076	-0.03275947410294119	-0.1682473882688681	
-0.1502621931588376	-0.012252208773806846	-0.14856718094112578	-0.07618913714486056	-0.12724461664345166	
0.0963968940732265	-0.0638829550674564	0.09047294133552654	0.04775107013194607	0.05535739428072448	
-0.07404623901247566	0.10899683725370256	-0.10666561255907345	-0.19421567606260268	-0.1813789992566873	
0.0335000433165277	0.02236572600103094	0.0275576992109176	0.01585880184135218	-0.0432308334936321	
-0.07921831219840134	0.0371230758578041	-0.0192734371121827	0.11238560337056003	-0.03032034728287528	
-0.14830317550040703	0.12154126134825671	-0.07873739586494402	-0.11720565928343468	-0.2182447236268692	
0.008952485603445947	-0.033428433682160016	0.07935552266735774	0.10020768159619577	-0.031623579316113905	
-0.10662110820873315	0.024960571019794126	0.052990368473938766	-0.12134383487090006	0.0029381844175066945	
-0.029611355955897246	0.060619825257034174	0.01241191134175678	-0.029757073597585535	-0.1661831011937143	
-0.06202025801465142	0.13022558594199105	-0.0012647529438151765	-0.036550676162306714	-0.06467123288545969	
0.001588695083661572	-0.024000961756247684	-0.006058781932438506	0.011401949384713134	-0.07339797789198274	
0.06013420205508347	-0.036895273352821285	0.032520531675194045	-0.0579505561325347	0.03313180563987442	
-0.08751148807995691	0.14058799419919452	-0.1129015421388828	-0.14127292936822325	-0.05174077425926475	
-0.026880682544852014	0.04712212848111525	0.06305740559927503	-0.046463072225063955	-0.03455288527380169	
-0.03455223250024426	-0.09265601970076	0.0003214306111171834	-0.07326766557936716	-0.04551642322628452	
0.004639455886276292	0.08993276735661744	-0.10922048678888825	-0.0862484272862039	-0.0946031618216896	
0.20048291502523521	-0.06818646093219592	0.12168922693618599	0.09113341274866599	0.20213310991890196	
-0.02374096525565909	0.07513445804263072	0.04350127473708195	0.01084887298598453	-0.07639522436464107	
0.05266445243337133	-0.061476455808524955	-0.09137457333320143	-0.019022719713191513	-0.03549701151397716	
-0.1801237177120256	0.17573354614690465	-0.18255824006142587	-0.09475122471197028	-0.12100969097774397	
-0.04266591395982096	-0.005313488736691853	0.06486190743092142	0.057296129109727825	0.028089386140493656	
-0.06119764050891464	0.03700094363382371	0.07091822283090714	-0.0031605672871638612	0.046821945795430434	
-0.0659405928006238	0.04551832313758651	-0.04044176612110297	0.0029180737039418026	-0.02607738160548039	
-0.1532187025485698	0.146142888407348	-0.12627888855157543	-0.06139503378881387	-0.1336306358131309	
-0.12511499572119403	0.00881220112318658	-0.12929649214114564	-0.06449904471682012	-0.12652057914899006	
-0.0870418060094562	0.003209315755472151	-0.006213382975681917	-0.15390548307761154	-0.005407005252912166	
-0.03438002392631126	-0.020532535989130872	-0.061589937508586205	0.1038033882699419	-0.02842528104371298	
-0.030153420385302308	0.10243670617513674	-0.09779550502948363	-0.04433333908855161	-0.14311877769734951	
0.019683950906343284	0.10032982779376173	-0.12301756672931008	0.025610851102807218	-0.16514031407074672	
-0.08015565258087798	0.130382906925627	-0.1672996864075831	-0.09598071062507961	-0.14082647972743295	
0.10496651873341445	-0.05140011430744492	-0.08412855564607676	0.1060654425202612	0.0863491449306693	
0.09097544303070251	-0.033942760539153606	0.09338462100674684	0.10424106465406453	0.032349958777910685	
0.10948775970589196	0.008202487620980982	0.054998218844749674	-0.0020000099654197134	0.06970756768877472	
-0.06014184715717085	0.03617794877939707	0.08846441631727645	-0.03306815365984853	-0.05546886661420332	
-0.07335853573739994	-0.007106427511479925	0.06594194936722916	-0.02261458561564874	-0.07338823005733172	
-0.10155629853570967	-0.01902032659792887	0.00023290921323070675	-0.06173721492023684	-0.0434145729373277	
-0.08482880660520285	0.13707275761889257	-0.07565297562700715	-0.08407540709178338	-0.04226987935012923	
-0.05321640466687362	-0.010572432199552121	-0.021275842415799644	0.03476304535562865	0.09677535745258654	
0.011182747556341742	0.0419684340569123	0.02141218239026257	0.0741392726468075	-0.02849443795111585	
0.007246807253584848	0.05637422583936583	0.03664686618328056	0.059070962484457534	0.009714704656737712	
-0.026022531794091117	0.09298589281769834	-0.09409544770039939	0.003106773716142435	0.07961756898780926	
0.0206479468211629	-0.07632513310229459	0.10015979506784592	-0.014634071015648623	0.08057025381001662	
-0.03963391702621945	0.13580524056056903	-0.021632995825115044	0.019755051617109852	-0.15467141216222496	
0.1363628799731385	-0.11725440261175589	0.008109447736324054	0.1298591456862978	-0.033478746696175773	
0.016143214125062606	0.125326737787193	-0.0775506189328814	-0.12256398128670458	-0.04587296564082627	
-0.021421330251862745	-0.04612253449247086	0.04721459254046236	0.045187883205761385	-0.058055380807585766	
0.060753544099971975	-0.018261521006680933	0.04872351907492095	-0.019709564969980796	0.01112577363745373	
-0.06748255113372457	0.10521133374496335	-0.062291374530420524	-0.10791836484785468	-0.1021696532130536	
-0.08361967646159624	0.0528375843237762	-0.008134097505329181	0.04334572253837859	-0.041233615011659376	
0.012300625351401771	0.05471786976264128	0.012657390862361928	-0.040428677535699044	-0.016774070030502724	
-0.10234531966518719	-0.0013120568316267885	-0.09076375015549557	-0.046093398932008464	-0.08489676023823403	
-0.017205813212501704	0.09330146757756842	-0.02661765094874326	0.10541653520937287	0.03424851380651009	
-0.038378336544917284	0.09322118640779187	-0.008504170175274335	-0.07623420242924869	0.009012750138951732	
0.03790523280936746	-0.06436649355893302	-0.0014758281415167657	0.07603527538840539	-0.0047498362578801264	
0.008262228022690584	0.01463686101782091	-0.055144981359248564	-0.07140593382913056	-0.028990277343102125	
0.0618707170234067	-0.049433359373353074	0.0030641969758660255	0.055118791086861844	-0.040467364481954	
0.20724190832916473	-0.1381218051040732	0.14753279654367876	0.16147098065928558	0.08506197179300479	
-0.09393328175496175	-0.006538540053031285	0.08283114130498223	-0.03226014741754489	0.042133718304609866	
-0.07800920638583218	-0.007236863994638685	-0.09213954508975178	0.025910797531701477	-0.003150448634457113	
-0.0015258153318653683	-0.01629664273543812	-0.0024574740334647794	-0.09316398826172777	-0.07544697162908863	
0.061893272753471916	-0.09729117491386331	0.0008275075001765466	0.11482235771658011	0.14141650720109109	
0.10232293958843802	-0.03111031070864416	0.01545585194860524	0.010488998287358518	0.08337316697230497	
0.06331029465265389	-0.04213982568303864	-0.026433726214861213	-0.031032389187861255	-0.04665049280941212	
0.057237999296870005	-0.13707642821520238	0.07091336595074943	0.19723979114612625	0.196478171665852	
-0.2142382977248105	0.1842530467885375	-0.27843263349953673	-0.198249136210104	-0.25870735210688317	
0.05679032645478027	0.02418020385445301	0.022546544305333288	-0.07629467551916862	-0.006764927136942018	
0.18764028358867804	0.030652535407799785	0.12038476579101953	0.019524646441626124	0.12803179158266187	
0.040513057311736926	-0.05025268510520326	0.020269197972057174	0.061290635764882535	0.13243738191213292	
0.06710336324979711	-0.009227732837040438	0.0915960592294536	-0.05991046437339365	0.10615746417504814	
-0.12857209104703762	-0.01303841698464492	-0.06387700967187834	-0.12302060292681483	-0.04669532040880037	
-0.048201573574884145	-0.0727378916663537	-0.04522961219508994	0.07939691973947582	0.06917004399565538	
-0.02920660735061639	-0.05623019431834961	0.04742260874188757	-0.03868435244877117	0.05036230238134507	
-0.020850084327760022	0.03466117175557783	-0.12353477980990463	0.004557106180729227	-0.0787306474144015	
0.038278853440500284	-0.10234136079933938	0.05495392708275431	0.08752264607502516	0.20791411395353865	
-0.19719972672459224	0.19142311183221514	-0.1626255678636139	-0.09597573077335866	-0.20856718176949832	
0.04529321337729255	-0.014315557025281615	0.019575909309146416	0.18808842198784934	0.1674941028186184	
-1.0230334065556397	1.360012716533442	-1.0370761304949783	-1.0609473826278057	-1.3679142860230133	
0.3092783445390963	
