TESTRUNID EPOCH: 99 L_PCC: 0.9345784137481279 L_ERR: 0.004195335074086703 T_PCC: 0.6752519268116844 T_ERR: 0.014276020299272288
180 LAYER: 1
5 LAYER: 2
1 LAYER: 3
99 :ILEARN
-0.1067985871793207	0.019176662109589564	-0.19368710764767166	-0.08752319524790696	-0.15306231841952342	
-0.31214503435880125	-0.12296938657465568	-0.2899565565066708	-0.17247069841787122	-0.24016638615516356	
0.026305673146299263	0.06126278627871365	-0.011384949667964826	0.10563278302570309	-0.051923164986952694	
0.029278789192436653	0.006838787593735091	0.014579680999018999	-0.055694469155229485	-0.06016146424888086	
-0.0044401597427032695	0.09333688211754869	-0.11163078717334826	0.021408470108814203	0.01685916339448611	
0.011136905372686046	-0.09139248066562858	-0.16304307081781627	-0.09914601477315771	0.005009723801998319	
-0.1434339605331628	-0.015732644686548385	0.022508720779783054	-0.015765775105379742	-0.02459442577280063	
-0.026845204395700904	0.05763366542759629	0.10169526636372091	-0.08432706967856446	0.07286476324605178	
0.06752787135937656	0.05859771698447584	-0.0702607096974228	0.054376085267870335	-0.09825958180323714	
-0.0009340547921524629	0.08307270252472691	-0.05317992485020407	-0.024699653204081913	-0.06508879480862495	
-0.10315459619547133	0.045121760914840374	-0.0795824636615994	-0.03200918085220891	-0.006804407088504432	
-0.1717241410855542	0.0010342009879927346	-0.16637645368125759	-0.03207035003136754	-0.05662916833804502	
-0.0812870381682073	-0.013301074493714888	0.02646487956483741	-0.0069705344948182875	-0.0887401655879441	
0.0187435919182666	0.05229725832853294	0.014495374250453432	0.12131134842850035	0.04822811823353437	
0.1044396831840683	-0.03696654124849609	-0.028615908879705648	0.10944074491983621	0.015560380037292775	
-0.12862411094438997	0.07259627284008643	-0.08404265135162386	0.015524608145948514	-0.013400043312401794	
0.004748425355575131	0.0014061986490409202	-0.02517327631344232	-0.07128387341499436	-0.11399843776398318	
0.03696511446323407	-0.006801595784092403	0.05545764740719021	0.02767189195642566	-0.006148863496758376	
-0.08677959551915042	0.09099405498265921	-0.014677032563350895	0.024931825917347224	-0.002945111195984553	
-0.10240702155309267	0.05710071011112364	-0.06209186836675884	-0.12498542767185551	-0.02877125078170831	
0.011834475387547526	0.04272340719779546	0.12594734781411882	0.019312238601470598	0.12643723743423582	
-0.10167633167484302	-0.11565109239296498	-0.04293250271059911	-0.021432330085936212	-0.02094298925642464	
-0.07074006643952135	-0.04408457268375542	0.07690630965573424	0.06235043633962546	-0.08900719926926479	
0.1066566338498836	0.10546459918170552	0.1446306647961458	0.10434473216574777	-0.02224437918116373	
-0.12709924760409616	-0.07700065832942508	-0.13167117832550707	-0.043215466259977145	0.0471248753271712	
-0.019172520963194075	0.023939243813637868	0.04050736722499812	-0.07791081966056604	-0.07363605865525688	
0.0191139020022881	0.11888200824253825	0.012779070443680198	-0.07689487013274242	0.06189821547623043	
-0.08525889664619091	0.08610239131230593	-0.05776558913043041	0.0830177781318128	0.020678648885843906	
-0.2539085327429669	-0.1561855497958735	-0.3566797949353788	-0.2372809297885092	-0.3445874760017385	
-0.06883563193433835	-0.04536390732622833	0.04450517773856513	0.023835836461311252	-0.0869589695481523	
-0.018464846300952607	0.11859576060067403	0.07479593315572076	-0.015158211742176997	0.017146925993254816	
0.03127803147428737	-0.038611103992210676	-0.000556641946072523	0.1045952911003609	0.05202667711204435	
-0.052022019258752154	0.0027131513167030904	0.008669181636032277	0.06696491339716062	-0.06663023771677334	
-0.4934943022452942	-0.25437120838631255	-0.41541778001830587	-0.24854766891402305	-0.3617106419371344	
0.0951627824718491	0.1629234687270847	0.1566498505041953	0.06644708344321937	0.13165915206886264	
0.08245857089441722	0.06745911149023227	-0.006440216689721629	-0.04429086346889264	0.009983424414917723	
0.1304440400974799	-0.006421596404098838	0.16283019456229014	-0.004402504724570928	0.05781009211872209	
-0.24507830830797023	-0.1679201816799736	-0.2906431607472639	-0.18673991296881093	-0.21028243398051288	
-0.6277044731573279	-0.3200598850175986	-0.5363616885997685	-0.3396270403355843	-0.47891672750420355	
0.0973112415252813	-0.08512289147959325	-0.045522545600397306	0.03831364899606497	0.10112000815811821	
0.16472680564013023	0.045524267382640246	0.16604989652151464	0.08333342538427482	0.04641105783545381	
-0.01231041079606362	0.0386589721123877	-0.005532802254793881	0.10456290486242174	0.08353685671289547	
-0.01699075189312498	0.10975988280894024	-0.06743116901626399	-0.053843565953914665	-0.057094530689710765	
-0.018000447567307513	-0.06696270703793851	0.0636991415207328	0.09144592387375759	-0.09165901283296003	
-0.031427656057227284	-0.0036063595831790202	-0.04372264865337806	0.09858102812251955	-0.0049501416177430545	
-0.02943097131448686	-0.009047174110696006	-0.04851681755122249	0.0030864550152260133	-0.03122399712685607	
-0.04452008325168201	0.022074960960837695	0.016798996195015594	-0.039426319636905446	-0.02707456491777608	
0.07601238508738278	-0.05868164509687729	0.07895642089324596	0.04114605413327547	0.11706127106738944	
-0.12223903870414114	0.05793068122507232	-0.07767098139160265	-0.09993330859280271	-0.013111260426448935	
-0.08894848303715908	-0.12080116549014895	-0.13787765956744205	-0.03675601238665548	-0.02646108440885182	
-0.3406611722414898	0.01884258044809462	-0.28473039867634303	-0.06259075977595968	-0.20653082230864553	
0.05542706666903005	0.03453018443567617	0.012289258123332472	-0.02419176409831859	0.015472544914974776	
-0.15859657424123888	-0.0055177985987616245	-0.17156867938690346	-0.10233781089011744	-0.12387318798530983	
-0.11893841560904488	-0.004526527432816371	-0.10942886655332347	-0.08016023750925567	-0.0998375092974661	
-0.06685793913587676	-0.01980813300671567	0.006920916138064535	-0.02102483202851251	0.038686397352369055	
0.08452771003004135	-0.032900668095740326	0.04075021700211206	0.009558532107409572	0.10736314027286675	
0.06463213434721268	0.08816397013755102	0.022463408681769773	-0.046296394488701174	-0.06085712496594356	
-0.006091682712126775	-0.018347641243079256	-0.02918278400212728	-0.03185330193285639	-0.03837835864142452	
-0.08920149666058745	0.004103889404020647	-0.09037578123124548	-0.06605882353395781	-0.11373457695254946	
-0.14400993543390003	-0.03696969198093103	-0.14764408061543924	0.06063904837847552	-0.12363099518169689	
0.10262595736925151	0.09857086135959232	0.0714914177978491	0.046958656038746334	-0.026219487111446244	
0.07639966292521734	0.004308507218829615	0.026164913851884228	0.074850335935318	0.03126784104644777	
0.017897656342476198	0.06925310278421755	-0.0941618929168235	-0.10237536591416802	-0.08788117850284272	
0.07771791116130637	0.09007424950345155	0.028936373241229368	0.01730302941095062	0.15655657520569405	
-0.12043066564330963	0.01724480378516291	-0.15393956065218126	-0.12611905084036446	-0.09541662247130411	
0.04512694846910827	-0.046531489138508256	0.07443306252352729	0.046272854395872025	0.0761080881279919	
0.028117150696402707	0.09668704559231657	0.046703570822013214	0.07763345573448889	0.15168324362531355	
-0.11440686477985677	-0.024711585663936046	0.05616456256597537	0.07535162198528317	-0.0032672862684013032	
0.0592422301540353	0.09284112355129698	0.06013074659219126	0.07177364041538727	-0.08112365896369235	
-0.019807019031052187	0.049408136268298486	-0.042397425626615	0.055159921164333804	-0.12771445570549836	
0.0042647319299940626	0.05534285882213129	-0.11233947192504201	-0.053994883816063925	-0.016420869647649505	
0.006335379996855237	0.07863433988161088	0.02299831589537287	0.08113949653767073	0.13060560651080014	
-0.06376700860257606	-0.06429362745933127	0.04824717170368906	0.011455782537275137	0.07974639913564661	
-0.007503560603913959	0.09578027903248261	-0.02539603272533993	-0.0014714158901486325	-0.10038827127892627	
-0.30570298922270567	-0.16534172695678032	-0.36303582348561936	-0.14055331376502495	-0.3750461394496887	
0.0011341100421764603	0.08856761019480842	0.06641449731005492	0.061307907005084816	-0.02486984316462412	
-0.02528311303139668	0.0208404672281069	0.08171340357422553	-0.06240568319046231	-0.05452984061673958	
-0.11042136916801572	0.022418965553729	-0.06954476448670305	-0.11212479058893889	-0.06944901899433985	
-0.04097127471001078	0.056883580576995	-0.01659693282816025	-0.07821804560268225	0.044907332722010786	
0.0664340728679358	-0.0032533545902719264	0.033503726533733215	0.02449027311230217	0.015580583364040957	
0.007232667793520057	0.04693795471108797	-0.17660990229742626	-0.002648305689904272	-0.074459888763962	
0.23454575457702403	0.009516587999500569	0.09125808103576524	0.029541179421868794	0.12954049996452724	
-0.08318629893725532	0.015510143849030444	0.03244532068152097	0.024853699442229787	0.021841828891478395	
-0.07687117103236212	0.05959835931201227	-0.08281313034533935	0.03512018951614887	-0.037673245430008655	
-0.17159845283359396	-0.0917001945058718	-0.20486737909249975	-0.12637256567217223	-0.09792573457284552	
-0.0705898839549892	-0.07846418631231271	0.05166144911941354	-0.006135816322282731	0.04669737092016479	
-0.010284427980232765	0.0024664920203144366	-0.013753087464141344	0.004897795620883842	0.0559340390190419	
-0.02907643776788488	0.08697790370107053	-0.11252550200028082	0.05517955835499153	-0.09046750235536334	
0.036230334781466186	-0.08154340866658714	0.014689971205499417	-0.08157957698780885	0.09763223401925943	
-0.028135274856575816	0.04156916254996395	-0.022377955309261163	-0.12250978224857215	-0.16138286480639613	
-0.10270747430460359	0.030667920570138688	0.04469478734077365	0.0890760740920083	0.008022647038802335	
0.05167243773421205	0.10183887660777471	-0.02883641963074271	-0.02734739487141754	-0.05715615058975534	
-0.13099532982728737	0.05825376438822496	-0.12153269091524754	-0.07325401394646106	0.007624986990813611	
-0.08013652505714502	0.10293510261600762	-0.07660551584534046	0.00487140621543617	-0.05007561082805833	
-0.186170329174262	-0.09667945564193633	-0.27553230916264954	-0.16256099895554266	-0.1867381554600065	
-0.11236825101729803	0.041844157382744704	0.05015759925318834	-0.10557026752376232	-0.020963579286975568	
-0.04811194543274802	0.07280304855189672	-0.005276634967015744	0.03278725468058955	-0.026701912884564756	
0.04911706246232237	-0.002471842830571908	-0.06817921208439597	0.05945823942406278	-0.0019710007764910304	
0.04409376485764612	0.11067835280666596	0.035796124825095414	-0.011017349238323102	0.02987948626426088	
0.02148093230779716	0.08241033393926006	0.008694773541068802	0.059368954742870315	-0.10248579591235427	
-0.07314816279863888	-0.04494621078969542	-0.024091901031669884	-0.06130578622237834	0.03407091942499662	
-0.001868705615001972	0.07934514274812611	-0.050862246475521226	0.05988117959635254	-0.04181333691925061	
-0.04836022127714495	-0.03671747225582305	-0.14522923493727496	-0.08494717492838057	-0.02747165863114523	
0.008899856980678147	0.03332951209586629	-0.04074767278090344	0.04213538775806427	0.10273064673044416	
-0.20862419514268493	-0.054821818767848	-0.1664685425863099	-0.08010423922672968	-0.21086328983115027	
-0.11861351727410173	-0.08655825181657374	-0.11760268713274752	-0.015562947591238293	-0.056201032029775194	
0.06640290145107619	-0.06049638007885158	0.07227531187708722	0.05101488770398851	0.0331232796214967	
0.10730924917947782	0.08586295251572211	0.0937655347876244	-0.02828551779602349	0.06143826841102182	
-0.133669403627525	0.020495274467059493	-0.13522760908411743	-0.06835408657596422	-0.18985059232412435	
-0.09460232337788933	0.06147965396305996	-0.06736184356103471	0.1020051708622929	-0.07136261927344546	
-0.0475806465763991	0.010820640291642253	-0.0024495951825009095	-0.003966275633758267	-0.09547898610385348	
-0.07421649296960225	0.0018468511478155014	0.0005798361795156506	0.0426486330347791	-0.10931795437292496	
-0.07059419563766646	0.01604011703410032	0.055835447625906996	-0.07480460912242813	0.04876971311408295	
0.009077380446104117	-0.01807318129298561	0.031032968438346027	0.020393426316682367	-0.11823276746572071	
-0.1358067772060175	0.06112857555005021	-0.0387634990400243	-0.03566710456516168	-0.09659686900687464	
-0.09261496093733196	-0.0785561969765984	-0.08775718335909516	-0.03636760246028608	-0.11617590138734495	
-0.06084037274834041	-0.10756016703773941	-0.09466905355315276	-0.14032482662439558	-0.07763631760147349	
-0.005236273766424578	0.06980743902190792	-0.05003594881010709	-0.0333062751866012	0.055872557510859525	
-0.001259410554054796	0.059644192928858475	0.06924742226811934	-0.02414713699415756	-0.021611625255032435	
-0.07359025039964788	-0.0702980175415301	-0.0667723242039994	-0.10606730053816305	-0.10788065698216315	
0.007927275054571184	0.06516484908033275	-0.10000230031702129	-0.07014978290901645	-0.07755051852790766	
0.06035529051701109	0.047048429374666655	-0.01123024497095116	-0.03875888814055071	0.04279696637515493	
-0.039652664896148666	0.06754100102408962	0.008746534292278355	-0.02195105071965657	-0.1093517723778291	
-0.034240007666982084	-0.1063570317899306	-0.2042846149096033	-0.0843915687873066	-0.14592644707717697	
-0.10299929520726168	0.06461342461128028	-0.09987678812856025	0.03444775772785745	0.02240028604507646	
-0.13386516817602018	-0.00425476244410073	-0.01868628375173393	-0.01834552700867633	-0.059539118480205704	
-0.1949222532370269	0.0021960106598283347	-0.07138104353253631	-0.09648256799321903	-0.0864655885362166	
-0.08911183320018624	0.05897961574380807	-0.045956923495598344	-0.04457405454398198	-0.04923753067347453	
-0.25832220186602006	0.017348419765518874	-0.227545317878498	-0.10181385261723415	-0.18216357548214132	
-0.041651292250010415	-0.013200981682443906	-0.06026638788643092	0.0487979559060899	-0.006753497145252678	
-0.08487276235433028	-0.06514746628705753	-0.006480029731673377	-0.08516365672341372	0.052232793082865825	
-0.009736271248668946	0.03373574963989387	-0.028958181824681895	0.09303830968169069	-0.018051968391342658	
-0.04315378773036014	0.05281937181763808	-0.12102738002511965	-0.002100306711359509	-0.09586497591812224	
-0.01758528594754454	0.04178338990235532	-0.15357148380498167	0.05708378137349544	-0.15948870087303355	
0.1096213033927065	0.03671611830548431	0.0196435638437744	0.07770649709834547	0.07045982627399083	
0.08917519556375071	-0.04756898230906575	-0.09868722687968956	0.08134192337965059	0.06870895680102837	
0.04459617072422868	0.01495315863683711	0.04475315650090295	0.06815921561125658	-0.016570272807378005	
-0.027750179949036658	0.05505390892789124	-0.04802534450962268	-0.03867188446700956	-0.028134490143416194	
-0.1824877099984195	0.03894199351333497	-0.01869610596785691	-0.08705497724008049	-0.15578350390663132	
-0.05076888246834411	-0.0006620859792460553	0.07757811996263066	0.04094848969348706	-0.020604845481246872	
-0.061750528899967246	-0.03028690872274664	0.03188408869531773	-0.025302253256201085	-0.007127643858230001	
0.055123727845387084	0.10757562239632193	0.06494517529278854	0.023210483168154397	0.10687597905402538	
-0.12323800479383416	-0.0352622381104652	-0.10317653899832971	-0.03423335294013673	-0.0035822334234089956	
-0.13203897185129237	0.025438695076302437	-0.12437371510376834	-0.03436932651641627	-0.17893002858522408	
-0.07424887691681796	0.08271664726302062	-0.04261516721663701	0.03148343470379343	-0.05925702440765307	
0.0037173392055783318	0.08412459806753733	-0.07079986401887876	0.02332826767865648	0.09460088387351649	
0.02509897925186835	-0.03377561929579044	0.09528645212051083	-0.017528761531383566	0.08253939015477653	
-0.07198777503244087	0.06346051564074792	-0.07732126095512808	0.0071964257181421016	-0.22599164893651286	
-0.011656523970670721	-0.10836525312474186	-0.1349377366107227	0.02765213576432834	-0.18761682682076375	
0.012845683387266413	0.07081361528817004	-0.06903800318139085	-0.06534226071340084	0.021138459392154637	
-0.02670163926570526	-0.05908479319295435	0.0662786188614704	0.09096354522848636	-0.005590277382671447	
0.09876692024930708	0.010879006652346868	0.07709977973743973	0.007989580812838988	0.032582467256695995	
-0.07061742505622286	0.10444859556281966	-0.04708749254341174	-0.0714574628055573	-0.07000390627453178	
-0.16545687326917627	0.04210185025002311	-0.07872713153278746	0.04389700706906529	-0.05027875810801865	
0.051113647905529545	0.061286638484610925	0.05282092946196585	-7.752575304820265e-05	0.026973295878088666	
-0.08037620030348087	-0.039772359860675184	-0.07160077575467538	-0.03353387455190979	-0.08036845448970546	
-0.003299456788772656	0.09941503744469746	-0.01035307981873921	0.10622584901798314	0.04569260919694681	
-0.06161298804325817	0.08552980991536001	-0.041651095984770105	-0.04725047442172021	0.017318280574849514	
-0.09137193654908382	-0.04336045050965421	-0.13233112407234235	0.0030789942244766892	-0.11616509507972528	
0.04053938823487359	-0.03539104627345787	-0.01577312541104961	-0.0043431503649626465	0.06069769189411259	
0.19982431290569597	-0.005083025844402457	0.14295044572629256	0.17362587732921222	0.10310465243901826	
0.21711589867090664	0.0075062640323494	0.15714136850935329	0.12333501785342757	0.06565566657019455	
0.00967950878650874	0.04203987326502863	0.1967227317640079	0.05314655936491199	0.15279722709822244	
0.002114408446893954	0.02181413806777901	-0.0037043752015784373	0.1109415611392991	0.10174029494970277	
0.023109470935738806	-0.02867055202539718	0.019853332409784152	-0.040161497260709104	-0.024834179974235083	
0.13852700185261171	0.03385191356864357	0.08058294999710963	0.13721736762877576	0.1914241049987178	
0.11020740124513358	0.0740271874877326	0.02197056952692452	-0.0030511041847677456	0.08494055890837406	
0.07807484816684311	-0.027448637238515556	-0.00825768913594943	0.015949072926380887	0.0025675988011002312	
-0.05427711127319314	-0.01799040134920079	-0.03739919765201549	0.07550608994595703	0.062464594603325894	
-0.07409002254813452	0.00533647674149816	-0.13020503760662328	-0.02462306472871395	-0.0970472160710732	
-0.15533294363772263	-0.042904804931937816	-0.2055074989482552	-0.21273136292887423	-0.20788996929069703	
0.31652640911062846	0.1665279377138308	0.25273216952509453	0.07110878787966887	0.23094572751050169	
-0.07358962547022307	-0.03633019386033929	-0.1009861062134015	-0.03138605559641501	-0.007830293075861167	
-0.3825290674196505	-0.13519204016360992	-0.3690954161733292	-0.3745970473051016	-0.30704619072782535	
-0.040862031848530926	-0.014574724259524538	0.03136083324099196	-0.023415212916935775	0.06874046508518347	
0.00885727607299121	0.007554437561694714	0.01517702756993146	0.11627840707259168	0.12817472413340347	
0.02270232981270736	-0.036822017262710026	0.1008187918938342	0.005865542635900963	0.10643343137705949	
-0.15961399169186638	-0.03292784181479394	-0.2640642300722224	-0.06552972189581928	-0.18584463530055428	
-0.14845974244916801	-0.05456088011741781	-0.12744746248655303	-0.08971855444270145	-0.015755950390816516	
0.023052185359893947	0.07675125899773848	0.06503367633385564	0.12065475500923849	0.013625160378409771	
0.07625144352440266	0.06986709337901365	0.04739160506653056	0.12325878621882952	0.1298827811281448	
-1.2570358148768639	-0.28990909334709747	-1.2529208589017204	-0.6352226535051175	-1.0895228706850328	
1.4862011172856444	
