TESTRUNID EPOCH: 65 L_PCC: 0.888744652140189 L_ERR: 0.007284513026891537 T_PCC: 0.5883281645462709 T_ERR: 0.017912962147298164
180 LAYER: 1
5 LAYER: 2
1 LAYER: 3
65 :ILEARN
-0.16010883805313775	0.026846469751247323	-0.25847027988951127	-0.1369045411991975	-0.208898784272869	
-0.2194644806290551	-0.06949548827231017	-0.17755413241589277	-0.12076449106245347	-0.13552871352663387	
0.013741837363999641	0.041770314819053043	-0.03240348301159553	0.09857436847739136	-0.07055175637386617	
0.1338781923886061	-0.004881652058670257	0.11335302896760366	-0.001357348147145918	0.02508122929376703	
-0.009362197535760192	0.09372781125644947	-0.11924032736357625	0.0024208664925191503	0.011939682625926503	
0.0364396942269457	-0.08445414906863437	-0.13651375657729986	-0.0913746173135566	0.03237660310334125	
-0.05877169607693208	-0.011528978247905854	0.10777526143213409	0.020448523382271756	0.051925942017488236	
-0.08184495337801374	0.035113001963095435	0.01079653076743441	-0.11273768762009831	0.009598060130952933	
0.005991939358551308	0.044514111031795575	-0.14194149196637357	0.007346431840101533	-0.15610864012682338	
-0.009926149895658432	0.08417032360945946	-0.049465624290717373	-0.038195591099989025	-0.06918284110812765	
-0.0899621183082332	0.0428766003618546	-0.05798485574627113	-0.03408252939088172	0.010112347049236697	
-0.13222508724970933	0.015254790694585381	-0.11711953448390955	-0.012842409252691749	-0.01077880549065128	
-0.10257420351661739	-0.015275462527298807	0.0095713511356407	-0.025821014255656735	-0.10420276006299575	
-0.07748631101384541	0.030298788188165067	-0.08549151482799343	0.04978202810443896	-0.03976123025230735	
0.0946558513005083	-0.06507970244418576	-0.050459147916091796	0.08620578773752198	-0.0013831198243187837	
-0.15834119055437468	0.0780760224789992	-0.12348260857330952	-0.010392968349059749	-0.04288730144095664	
0.027709904675682004	0.021436855457131164	-0.0001460063646141457	-0.06501217483657042	-0.09159937330978624	
0.018746644922399584	-0.014580053202031706	0.03999145303034776	0.015583085932054704	-0.018705053031133043	
-0.24415424182460868	0.07319993216039805	-0.18174521325935142	-0.08126158088313541	-0.14797440924720462	
-0.09528778196046987	0.07681445384152075	-0.039587948840721573	-0.13033480768604871	-0.015987461688339026	
-0.0016408552210705055	0.02196489325620245	0.11330346505314684	0.015374263793791535	0.11955136332801827	
-0.07888997238428397	-0.10270274696191384	-0.026958989824932143	-0.019430210042908787	0.0049513860739586095	
-0.06953038711504093	-0.06134025893263929	0.07724514383607395	0.06093718855745867	-0.084224914490756	
0.04303584920502602	0.06570470941941045	0.07428500687243533	0.06747500317574673	-0.07372077445912363	
-0.10775584214627448	-0.08463016045324333	-0.10854882999795097	-0.04232563528095368	0.066752369486004	
0.009465315051429593	0.017693426637438125	0.07047103771744483	-0.05770534942625678	-0.03875624478453454	
-0.009694478900833671	0.1001892681647184	-0.018217627947642926	-0.09630833320155681	0.03946189721382602	
-0.05256334159912942	0.0736710437355737	-0.029785964289576496	0.09615823303658243	0.05209934479974037	
-0.15228282483020783	-0.09967771020415005	-0.265552202374909	-0.1949332479154214	-0.25114635103798816	
-0.016449407028170146	-0.046464692061683945	0.10958160833633443	0.05144092107726249	-0.03984415640698454	
-0.0160627253565448	0.09765052776851531	0.08931327639072226	-0.02390065344869098	0.0152153405874961	
0.036033722132994266	-0.0509486856432218	0.0011289913040172172	0.10689638696763186	0.06264650386701212	
0.0618102368527102	0.0053744966107349785	0.14592613700870277	0.1321329794256838	0.034598387591377094	
-0.37679054135553525	-0.14534503746670627	-0.30783694858875355	-0.22131340908419092	-0.2677915099106927	
0.0830083296798472	0.12852217736428545	0.14202562648924666	0.08800095866160161	0.12521390254170217	
0.037393793383893904	0.04843039304580245	-0.05784091530478839	-0.06745544662056553	-0.02418241983602477	
0.012311707060974108	-0.04415983006728619	0.038161535854792004	-0.07102375465021403	-0.045994300930585486	
-0.1779388186579507	-0.10142483250580764	-0.23294720053339332	-0.1775841907495886	-0.15120322828183563	
-0.4514438969824887	-0.16606322142520252	-0.3849848856811366	-0.26989928642568667	-0.3183277417123842	
0.11903985590156295	-0.08802871072176051	-0.01550414271571231	0.051319839640611015	0.12381958766696213	
0.12730219129207204	0.017416647574904753	0.12857864042268127	0.06175267644575048	0.016885273764053552	
0.024098075773202426	0.030713586357437036	0.03905324483528077	0.10912219723198459	0.11164274048566915	
0.03846816955222459	0.1059616446627053	0.0038900669894203523	-0.020217781010802863	-0.007592304317401577	
0.1124423587581277	-0.07334730445757359	0.21545099619325878	0.161475512831685	0.01790990940621217	
-0.07855533747082152	-0.03032761924302297	-0.09647498750290642	0.06089723562129631	-0.04627729592444844	
0.00048519675507148474	0.01150147889463275	-0.021261927173770675	0.006089209912822806	-0.007141192527275138	
0.015718571881490204	0.01872007204095647	0.08789583893793756	-0.016794534448177943	0.020506090408418613	
-0.010190274743649188	-0.09189193663360504	-0.007958987997003722	-0.01149136829619082	0.05491729418319845	
-0.09100674355678093	0.07488599524049218	-0.04245037606631346	-0.09749261750370267	0.0058482312288983245	
-0.007901931019224286	-0.09500964847268745	-0.06016586187926751	0.005413717965190807	0.04131750995644299	
-0.20576460829067683	0.08049404073298133	-0.16010601515843376	0.004111177877511331	-0.09309041204112958	
0.06636504770460055	0.021352043347916138	0.030753793864366614	-0.0385330633504078	0.022603890565840952	
-0.08241720855790947	0.05329904424900588	-0.10633275707737974	-0.06775067827876077	-0.06108943229962021	
-0.09720603970534858	0.02075382904216482	-0.09631699396795812	-0.07316070000069014	-0.08814712444429626	
-0.18030164396064555	-0.03736816247992581	-0.12928579192161074	-0.08770134885733921	-0.045569665887910414	
0.09506035087222148	-0.05191081206561037	0.05226465418919211	0.018047083181753524	0.12123492489323019	
0.11977984106853992	0.08695734220639913	0.07941386572369616	-0.009568346224525869	-0.00736912238755404	
-0.02869849131716939	-0.0034068889445753214	-0.05808707592438659	-0.049301741517675204	-0.049939863266339035	
-0.0657875195125317	0.03855067321389751	-0.07236972405937052	-0.060987629188456204	-0.10291280457218913	
-0.07495257281532967	-0.025333221810832245	-0.07992939817902352	0.09873356979214955	-0.06501257481810756	
0.07123056055281922	0.07805443131680828	0.04476741699216116	0.024485512178761843	-0.05701114168737982	
0.01682723642087553	-0.027123805390056824	-0.039328985099919604	0.027996984392177196	-0.02619961721500722	
0.06984167560916407	0.0819611775507122	-0.06017482930770307	-0.08602510746035484	-0.05920047126340706	
0.06318331199964908	0.058072437227907434	0.005850235218690369	-0.006224917683532972	0.13294000629647232	
-0.12506341170216648	0.018761481924197125	-0.16293291204201435	-0.14432790538080734	-0.09889685666803516	
0.016771318272006987	-0.06825142414424791	0.041048849489150815	0.012260518665877542	0.04032894963690265	
0.019138680545625304	0.06422692125977501	0.037806413816739444	0.06357569515591423	0.1353560116525486	
-0.1338638619156083	-0.03423864591536324	0.026758269169130315	0.049016660910675275	-0.02418453380972687	
0.07650958729832102	0.09025390650696587	0.06279533254619056	0.07001701272496785	-0.0741918297524415	
0.00800471039622003	0.04925310460849778	0.0019402702554850175	0.07302674213686841	-0.09750496241092495	
-0.019835071792430527	0.050428295593084906	-0.12861307049253998	-0.06634524264034658	-0.028929427913607173	
-0.029084894076488777	0.0595913943273483	-0.013154028825931538	0.049028158735080755	0.09550149867264938	
-0.07745647177415807	-0.06845922949031961	0.03937281351137994	0.0036461734492086364	0.0699125763028301	
-0.0297711335756391	0.09795523554702593	-0.057524233939131406	-0.011752625097488062	-0.1144890372747611	
-0.06493760988631962	-0.10233069810113964	-0.1064001185348413	0.0039647025843735145	-0.14749019529771967	
-0.06984728217810914	0.06599079382603298	-0.016107978994744136	0.006003975786341004	-0.0966532620872568	
-0.03426764310492718	0.01533547031866529	0.07247750356977233	-0.07035879106748497	-0.06787724823984238	
-0.07728659486534105	0.04642730051195499	-0.048710073893968926	-0.09958798328187489	-0.03701901183750141	
-0.02847738861713713	0.05961272473195715	-0.01710040759266606	-0.07270340826396737	0.053282275361545506	
0.08058949319679026	-0.013289043345286355	0.06585175492662089	0.03384797981720342	0.031783413146092385	
0.13560914859624879	0.07159672584398927	-0.05013475018955016	0.08173749986725443	0.031955362208866835	
0.17784307905586133	-0.047126673441867245	0.038896787589369985	-0.016041221025580015	0.07470793603197975	
-0.15327363234024202	0.018273135258601924	-0.04828840899080417	-0.011696364139331153	-0.03459828547911795	
0.011722488330757742	0.0771700113531165	0.02144822160719016	0.100285094798634	0.0509256884398093	
-0.1367689624671473	-0.08074986505538408	-0.1771345842382575	-0.11346878634233294	-0.06920246930470933	
-0.08288304052399474	-0.09253756531508603	0.0365257487370264	-0.02193948612699109	0.040185284979323534	
0.022246453802267398	-0.003754729174501433	0.02509138644769468	0.023421539439129894	0.08658762409905035	
-0.018429669288557392	0.08946520050802027	-0.09543791188915868	0.0685440048909879	-0.07332591737866065	
-0.001168407852529375	-0.0969819410275756	-0.031754301082334443	-0.10919464534462466	0.06660739391200005	
0.04364202572438573	0.06115203495477021	0.04862032161287067	-0.08752764462267658	-0.10434440419556806	
-0.08452486495078478	0.02879825523810526	0.06519652060191743	0.09255180263542148	0.023210208373730667	
0.10949061201287051	0.08945846224063202	0.039219650938828496	-0.0029070697191803	-0.009906780739999193	
-0.13381427944370225	0.061893339386352865	-0.131324942206089	-0.08239630618432184	0.007499048277489223	
-0.11179022174987757	0.09392202150158689	-0.12217535074850998	-0.03163571390245209	-0.08253715880882594	
-0.09674310810359814	-0.04063552599865269	-0.19735669889914942	-0.1242467599080804	-0.10086878689656405	
-0.07493363763329282	0.048555195166522756	0.08201544115122868	-0.07588204974729972	0.014359996872929399	
-0.0242993022900861	0.07476062101196095	0.013641968508301162	0.04988026569840632	-0.006213417413681811	
-0.013150009247793202	-0.042612968150656315	-0.14741433084276218	-0.009078539493527462	-0.05109787650513714	
0.00700962679000016	0.08417755618550611	-0.016682269659040946	-0.0453976528348657	-0.006874004774878475	
0.09105001953806904	0.09234928093236361	0.0773763787802259	0.09618594639741017	-0.05037719451115769	
-0.034563116127555533	-0.04656084009845078	0.01721186434391709	-0.031360500302634244	0.061671162567871515	
-0.03933237351875345	0.06682112320550394	-0.08464122579879214	0.03380174754224973	-0.0728494395348036	
0.07573915608251239	-0.019569911613121462	-0.01924239528798174	-0.007305773512098457	0.08568803403627344	
0.08328834487913678	0.019259396891928	0.03408802664640887	0.07955500909400985	0.17180582198254835	
-0.04379799458562559	0.015724098644792735	-0.031176049965815023	0.006888959113385826	-0.08493146842276944	
-0.08689313014801653	-0.08268938028256265	-0.08754216969575235	0.0032252205876135043	-0.027144065299846407	
0.08905849394208572	-0.06264271727584184	0.09052049423420634	0.05950304535232415	0.05482091096346133	
0.16902192266648416	0.056931026397870135	0.1582455037868874	0.012124249518170645	0.11162498018539102	
-0.1403581911421904	0.03711708998741698	-0.15533567798654993	-0.07929296996990168	-0.1883188206589597	
-0.11726102533622655	0.04959871619638196	-0.07288818166817339	0.07923702807859673	-0.08414819406178818	
-0.06774003354467734	0.0006602659622646215	-0.009391643715464717	-0.033701963241404925	-0.10648343324846282	
-0.02694402540236552	0.006411405883882896	0.050733380926053735	0.06908658637063446	-0.06824695294427366	
-0.10669754650502009	0.0012637492232134798	0.030837040468330832	-0.1045538616597897	0.02233401419663602	
-0.09661704561158306	-0.027388077583867482	-0.07776125403638941	-0.04862170494125504	-0.2026120620897889	
-0.11381165618275076	0.07471412602572938	-0.028508048330017757	-0.028093326027719995	-0.07406638897297435	
0.048725060804676285	-0.04110239955169184	0.052119099374703	0.05171368137234608	0.0020669869592876183	
0.03143880490119779	-0.06481033099236885	0.0006392970822081935	-0.08483964276679225	0.005922425008806362	
-0.09843803378742809	0.049910965949235796	-0.14774431449513092	-0.0944560238951491	-0.0220772810179793	
-0.1631422427345736	0.03145737146514796	-0.10244919731586903	-0.1194922396506021	-0.1611302832535831	
-0.0962047589593074	-0.07454040570074351	-0.07765987311630189	-0.12751939434067022	-0.12582744824343778	
0.039972643651570446	0.06550962256575064	-0.06619715301165281	-0.04306580940858931	-0.05124935054426453	
0.02289997099329553	0.03422901361242749	-0.0545201710360453	-0.07636801740608239	0.01328777733284102	
-0.10263833360841054	0.06794653125269792	-0.059935577776405104	-0.07491610872764715	-0.1566230709719945	
0.000960744585757019	-0.08034978562278228	-0.15738362061960207	-0.0776376447923389	-0.10213874379306803	
-0.10848134724189029	0.05112173974934986	-0.1052172167963891	0.01961673144240976	0.02054357997579676	
-0.10658498164456938	0.007837452350746434	0.0031842413622474213	-0.011368765027010914	-0.027409902468351358	
-0.13925062140728212	0.031579894099344676	-0.009987151585418238	-0.08091195581076054	-0.026209517002592775	
-0.14911748781655737	0.06666600844392528	-0.12913932926008595	-0.05982856617125466	-0.10539548138849515	
-0.21631392236574948	0.05114676594207117	-0.1951392922539201	-0.11439568497172081	-0.1330613181233462	
0.042552445140202635	-0.03394454322480507	0.042748291505066906	0.09755256358431823	0.059069215358750655	
0.0069835807806094006	-0.06139804738874179	0.09311642696260783	-0.03820103684292037	0.13240115623823384	
-0.11249427219966136	0.00303924865227016	-0.13721556819761965	0.024483917677853094	-0.10701308259297765	
0.04039939956666012	0.05881559150018054	-0.03633271109183881	0.03811573634910608	-0.02626882297718458	
0.009808285404612588	0.04918183193469427	-0.12777230592162467	0.055917436588016775	-0.13329941260932793	
0.07796205368031921	0.014643997031295724	-0.00939958197566354	0.06368775188824376	0.04694498160742934	
0.02563182800229806	-0.052839990440605465	-0.1759849336881327	0.04436651562103897	0.014025615744324173	
0.04630365837637005	0.007925219585750837	0.047961599140187515	0.07021624870250308	-0.01321080422481706	
0.0402227625022624	0.05893235885368254	0.0017080481858417242	-0.01419228509112286	0.0260535958724119	
-0.12267716992029411	0.05137634773918901	0.038891484799798516	-0.07299034041293662	-0.10241588132216839	
0.05659075937367754	-0.01580762014488173	0.20389461826591437	0.10380185447052671	0.06465039189526142	
-0.09023300712389205	-0.04006652407551831	0.0035069214534654745	-0.05088079718921407	-0.029788319127177297	
-0.07135946490543398	0.06340668930895284	-0.07366621833152316	-0.0569637810787828	-0.011715265435109243	
-0.14743330804965765	-0.02541531956077679	-0.13008384948945878	-0.05782044455233406	-0.02198725012232726	
-0.11810051633835451	0.03900983803020638	-0.10232220890215447	-0.04644853494438599	-0.1613436971000576	
-0.08507908070090094	0.083629280772877	-0.058452352970782766	0.009567271913309026	-0.06523478302700426	
-0.017473380908955467	0.06630340113643016	-0.09470352805523206	0.006303585409000441	0.07635758481230945	
-0.012954270382954134	-0.06388721673441053	0.06787469881462117	-0.05060466001818541	0.045000804996204215	
0.005491625677860389	0.08168394512771146	0.008582993755924223	0.043662188493188765	-0.1468033737677223	
0.07396406641075427	-0.08664109401485347	-0.059860287125835965	0.07698865709084297	-0.1213145451913121	
0.06990532363176406	0.08414435029960825	-0.01785003840399363	-0.03268291325850708	0.07189412258064824	
0.039632917748736916	-0.05729994831833558	0.12245017514050388	0.1246947897858406	0.04829893451435413	
-0.03462844664185848	-0.024671587739722327	-0.06970948371109902	-0.07760257645768294	-0.08821865846452694	
0.012983920023152563	0.10701101967778362	0.02674636792902901	-0.023487218756978186	0.0008037817652175505	
-0.06534142417695118	0.05695589293385258	0.029172325470391957	0.10291592247490096	0.03789069765991906	
0.022935613047472592	0.04506996918373447	0.023081014193214254	-0.028574649818726303	0.004700815024704506	
-0.19490935318846025	-0.05180288212023187	-0.19709951783359198	-0.12101839473117655	-0.17706520588814825	
-0.1412986692058748	0.08201114284609562	-0.1661789571963795	0.0037786276964564118	-0.081534096379545	
0.00771591737609154	0.08520893557713628	0.0372968338746147	-0.0031241064422312817	0.08604322412081178	
0.009789057310583323	-0.02023918632795914	-0.018622086087586028	0.06952271398670086	-0.0220344735955981	
0.05251451252264723	-0.031147108495887362	-0.008467698095459955	0.0011654051108944555	0.07094204700002171	
0.21272018627377584	-0.03743501228831998	0.1588893253465193	0.1840095032102087	0.1145213063248407	
0.16586622078114754	-0.01937934747362136	0.11044815717610858	0.10901478024073578	0.02654952909837556	
0.02485319491684697	0.01312784257827628	0.21662801112438615	0.07189332221200406	0.17069664896779516	
0.014184911191756801	-0.0038134478211819633	0.009199700133996343	0.12026059035719545	0.11637245365678152	
0.09358734004924917	-0.0369922510961576	0.09113037130535606	-0.007207040780299642	0.03022012965613903	
0.08029725628508677	-0.002361636953654493	0.02584645472723113	0.11466242492616519	0.14695682852891354	
0.0884283098650541	0.052337140673784456	0.0029145265683535814	-0.00707135040643112	0.07022693681102647	
0.10759051685281962	-0.04312685725841473	0.02135453022187938	0.029805700277883252	0.03368036493754304	
-0.0672376958152538	-0.025218436966305716	-0.04974458437688795	0.07786659700433267	0.05821891996414707	
-0.021570170588842297	0.011456907830039734	-0.07731412184360023	-0.01360180285796256	-0.05800740756836145	
-0.14911724230424078	-0.0005585860637946535	-0.21556754090093921	-0.24392871150201542	-0.21546232372318241	
0.24445724644795477	0.12605874082292648	0.19022455751079023	0.049608728434904915	0.17131615630031274	
-0.07243534845769715	-0.021855881184498736	-0.10770397934895619	-0.04841107182683599	-0.012597581045391167	
-0.28778215906715765	-0.04593844300009035	-0.2816009917748525	-0.33843027447278756	-0.225807899483297	
-0.013393932089183715	-0.03581141067891295	0.06320449976698093	-0.0055147002243281515	0.09757003014260862	
0.03036261741531892	-0.015165603364501073	0.03808248319396602	0.13925098381945203	0.1477415770575754	
0.0456259192619818	-0.04771523113463915	0.12244436758830894	0.02317877586590348	0.124144250801297	
-0.2289858639042641	-0.02858421185223866	-0.3366627956404315	-0.11753649268494862	-0.22626434188181055	
-0.1569746129308728	-0.042876276303113005	-0.13635572702657356	-0.0870930101011723	-0.011911300100447194	
0.05437398155711069	0.05799894418973788	0.09905482463016183	0.1282279801846451	0.03709014501124925	
0.022891982842898083	0.07408491542361559	-0.0037809047003315647	0.11458464822414557	0.07871453291233094	
-1.093137221173945	0.07329300597399345	-1.1799262410734692	-0.6837007815152274	-0.9100301468364081	
0.8603875760773613	
