TESTRUNID EPOCH: 99 L_PCC: 0.9074489220635072 L_ERR: 0.00569381654142001 T_PCC: 0.7712694976438625 T_ERR: 0.012066034480388106
180 LAYER: 1
5 LAYER: 2
1 LAYER: 3
99 :ILEARN
-0.199268953831631	0.02396070917906089	-0.2836496064846195	-0.15437660415721147	-0.26231654215174127	
-0.2836412712415893	-0.08065075567681132	-0.24521992846005627	-0.17288809580673417	-0.23497569467676038	
0.04484692977831682	0.05364365197221095	0.0038885899549495873	0.12248019134345689	-0.03031941130866216	
0.16457619168484988	0.012935511964003697	0.1435467916196502	0.028521500749689923	0.07282858309879593	
-0.01997005837969878	0.09863029750717107	-0.12401961839795574	0.003227449174735383	-0.021332632328187662	
0.052439027989899335	-0.07806470040391943	-0.11955828904428505	-0.07676269609713009	0.03212974405613006	
-0.03568694406818488	-0.00014455548021573882	0.12949965572711206	0.041230392254588175	0.06984373844204261	
-0.07909777770159243	0.03556974582070669	0.03927472584161181	-0.10888172060718732	0.031968983952370834	
0.02179517954988457	0.04835748130443615	-0.11881037158558017	0.024143911347035932	-0.15304532052958097	
-0.07400938803418917	0.07903335666756969	-0.11772385131414066	-0.07920935787643299	-0.1567699362742384	
-0.10560048130759424	0.046504559708012025	-0.07733695786335697	-0.038515308164424944	-0.026751801766004592	
-0.15154007885000126	0.01647344124658838	-0.13557263718580273	-0.02703140894982867	-0.04511288088428471	
-0.1140265357439273	-0.013840910244989124	-0.004442978823698836	-0.02947007719366988	-0.13714615092336055	
-0.06084222702048676	0.030598530393086427	-0.0668315506286995	0.07011505941601515	-0.03966792813549518	
0.09978721720292776	-0.05582028082538853	-0.04595738838724555	0.09122861713590001	-0.00035611325269095586	
-0.11985439233123821	0.08471249806896348	-0.07949436545129357	0.022589035318497246	-0.010357793058036958	
0.026619382627565833	0.02199970559492951	-0.002237674335616672	-0.06339918124666681	-0.10542482550599998	
0.040203553499688384	-0.012246916567755894	0.06164888299502133	0.03226633747498314	-0.013339094439755552	
-0.24757121454384953	0.06332306713522678	-0.17727549340046644	-0.07431710416922951	-0.1728744144468825	
-0.1730257145820068	0.06617886203092826	-0.12135995008881391	-0.18276262469526183	-0.12335119484949567	
0.004983326461371077	0.030488154396816042	0.12037031982734876	0.01830325345339997	0.12209474418279606	
-0.07162166574926217	-0.10092824610148372	-0.010899757595560874	-0.012351338164155425	-0.007620391724897107	
-0.08019028814260543	-0.05527208732820835	0.07652114595255308	0.05407938574953653	-0.10488103609606857	
0.145284462176855	0.08733138018369385	0.1867146573434623	0.12847083497254802	0.019210963568904088	
-0.14753384393665378	-0.08277110548362182	-0.14982368025800538	-0.06442594866773861	0.008544010939439678	
0.03470896934771104	0.023553986349953655	0.09553078513195742	-0.05101908280251858	-0.02240655534071049	
0.06245414845902579	0.11113739501799155	0.05697399074345915	-0.05980180138378707	0.09844863559495826	
-0.08896316213088859	0.08173175151453005	-0.057445085775373037	0.07402713675282353	0.00222551569029614	
-0.17080960424091726	-0.10670967038715	-0.2693176092624866	-0.19692284470341137	-0.28450952146553077	
-0.07515386559573588	-0.05073603074778866	0.03579418450146738	0.018096815509166562	-0.09573812736661012	
-0.036421485362021035	0.09299277157143085	0.048611341842119925	-0.03609800712159813	-0.007051927023729343	
0.05969900559705126	-0.042375782343947975	0.03000202850440431	0.11746244202560403	0.07399471809833019	
-0.04975709199900181	-0.01003165160232259	0.007989600591006597	0.056204355808880384	-0.07511149585333236	
-0.45223331665997096	-0.17355462690386356	-0.3753722454285386	-0.2443865736788155	-0.3684261915533489	
0.03955547308640636	0.13701906710626102	0.10744767878259147	0.042996497200069685	0.08841974520482646	
0.04811343901067418	0.05450785830651716	-0.03966998977111394	-0.06168762989675663	-0.027666755289089302	
-0.0030796444992702934	-0.04587035076921305	0.02674613650714646	-0.08272799920056452	-0.07537720643973367	
-0.20476718821684523	-0.11205909078588948	-0.24850983440927052	-0.17667342918578077	-0.20133518789760496	
-0.4458289185978397	-0.18655432065740218	-0.3508040579221156	-0.23266210726917758	-0.32435615377168525	
0.08402188631013158	-0.08900268515129388	-0.0606261146027607	0.03293286263771856	0.09148656037210723	
0.13679045945359541	0.027302275636739863	0.1353618338672827	0.0798649438591269	0.032586902019647965	
0.01180757790828527	0.03194594900798152	0.025258882338174086	0.09947903119429614	0.09704386270137848	
-0.04364899675683545	0.10333451922107456	-0.09297816482494008	-0.07164229644951428	-0.08343471026478098	
-0.07241000377159919	-0.08390505500662421	0.009433011322899448	0.05176798347006905	-0.17457142412683935	
0.025155238149490448	-0.010865454328356682	0.01799032483637922	0.1357186574388614	0.05538693873510058	
-0.02058845803459794	0.0029517907269919256	-0.03234862589404351	-0.009513047630609821	-0.04123041196177238	
-0.020711178244562596	0.01848049745298929	0.046382528748351845	-0.03435600304348748	-0.020397168477677134	
-0.001202763807733568	-0.0845145911675307	0.0004616492449883271	0.00482324699016576	0.058068663896610674	
-0.08173029598428658	0.0788030290820549	-0.02940396694740923	-0.09513407433894862	0.0165202694369877	
-0.034074361083303396	-0.099057509206746	-0.07870475060322447	-0.01845686347641806	0.004281368563085156	
-0.21399066957061796	0.0678777185890518	-0.15471088593790774	-0.02235299681675492	-0.12576896701541757	
0.02325657714309754	0.015320919050067315	-0.015812090218854158	-0.0639167851741035	-0.027966008157092694	
-0.08761844865864947	0.04087748597723571	-0.09517273805733482	-0.08658299484808046	-0.083826625171455	
-0.007882512402739818	0.0396356190357712	0.009725685321057663	-0.021446893100992126	-0.0002885888561344719	
-0.182655726352312	-0.03318761166283673	-0.12852995437968223	-0.058301589805877164	-0.07530918853781034	
0.08625793839888081	-0.044089677539509216	0.03560190012527346	0.02305980200644214	0.12102270943650206	
0.11773402087110944	0.09081981866586836	0.07208047709416815	-0.006860955587914007	-0.00283224823410757	
-0.03934109219890501	0.0019741092434529765	-0.05490392218328621	-0.06384646764170966	-0.08422973266418628	
-0.037801841530839805	0.05237316454874914	-0.028071546301904192	-0.03960912302085394	-0.07122257670900611	
-0.08216340194356787	-0.023215333801653616	-0.08223166441051445	0.09261792050660789	-0.07492016356190828	
0.08163996078312663	0.0819844282668963	0.05613572399642321	0.03160728340600202	-0.050253452729446646	
0.0950101349638064	-0.01305514541518837	0.04743333495357482	0.08095446025486433	0.07983528087626796	
-0.050110167453394173	0.06166147105182291	-0.16039421957239594	-0.17000907106460444	-0.18637556510324851	
-0.011705862981934505	0.050319718475173074	-0.06249866852373555	-0.05947641680875731	0.03986329123832457	
-0.1948530861886856	0.007631291677526545	-0.22580263929611297	-0.1944144192704102	-0.20601560482895198	
0.008751613522880205	-0.07025417800201939	0.03727365283651546	0.006407468043026977	0.03224822077312818	
-0.01616773027273266	0.06447514711623996	0.0014656451609516771	0.03781426946525296	0.10288828658420955	
-0.12350397520383645	-0.029359126996789713	0.05082155815571903	0.06146695331771969	-0.02804125453276151	
0.029691607456020532	0.08548800813022064	0.024125441832495546	0.04197766603053125	-0.12051887737778412	
-0.0627268625405147	0.04451348785230356	-0.08065912902006381	0.02471317127324308	-0.1937115109434548	
-0.043259960492797456	0.04808111608703201	-0.15968846404155707	-0.0848028427861382	-0.08168344707883837	
-0.02659220167449561	0.0595883937059464	-0.007695901568863775	0.04627608605037623	0.10692613482817968	
-0.11698820463416974	-0.07200718752067616	-0.005013777928005552	-0.02202640600264638	0.014881047371001325	
-0.05464264596493041	0.1044865414234655	-0.07821726016608177	-0.01797356021287661	-0.1431569207295469	
-0.07752806518806273	-0.10784930932790833	-0.14421985064944073	-0.0072448879927518315	-0.18424173429096555	
-0.06945382681604417	0.061848090833698285	0.0011822741821870225	0.002308808512983569	-0.10052164458471066	
-0.04547243672035065	0.010074777896329327	0.0684223817239271	-0.08935674474642966	-0.08146343061013986	
0.005359158908326051	0.07867269462584109	0.05389248022823117	-0.023920932414953106	0.06948093975831035	
-0.0399821852223139	0.06651428056439301	-0.024153626123540356	-0.069211341103364	0.05606472903794288	
0.045305595522052995	-0.013019281472799599	0.02026448799541511	0.008003591409563969	-0.018268560399445934	
-0.010341609967063157	0.05751409403771324	-0.19354409124542227	-0.014996256987715421	-0.11929989120713802	
0.2692410258477724	-0.029897445974856145	0.12653078442766932	0.048523137761490996	0.17429787615435047	
-0.2100489823434062	0.011986649173316384	-0.09270964092171984	-0.04246631176485834	-0.11511582682773587	
-0.033481876116527295	0.07292227614703356	-0.040016452111517664	0.05482173025686931	-0.01003788414337522	
-0.22115807876142554	-0.08578942387466675	-0.2514991786235653	-0.16509734697747186	-0.17697155888183674	
0.01982077090948338	-0.07525834999757876	0.1422312789694018	0.05025377331233909	0.13525052836730497	
0.01605666970742324	0.002078195653039089	0.011076892846283819	0.018109296548074957	0.07000652187214441	
-0.07700196161968952	0.08195340805812945	-0.15984136198532636	0.025330664084801058	-0.15073541900859122	
0.02840840279452541	-0.08646014008016958	0.002447706130419477	-0.08184345636228395	0.08792245846815543	
0.03632654128248917	0.06266492949205109	0.04978622536420378	-0.08703344041806309	-0.10937424865995006	
-0.058094685959116134	0.036582541567215354	0.09839600264362015	0.11180594917276637	0.05760948009494792	
0.10813721312548118	0.09587714448594571	0.028097096351237017	1.1214032279885645e-05	-0.017444931321152282	
-0.0590068686671302	0.0740714560762617	-0.04171629034443153	-0.022413387246571926	0.09012955515111978	
-0.11264635838515878	0.09993979639997783	-0.11241278187053964	-0.023851705053388517	-0.08515182932078119	
-0.03986204912333419	-0.028028474659083754	-0.13611515071492514	-0.07204124895151061	-0.07674780415798653	
-0.1395451641963739	0.04315091793383548	0.017229009924843608	-0.1201002662318321	-0.06323377314910743	
-0.047604416292252434	0.07502760394729904	-0.0049338989441937205	0.03620410538807456	-0.033083961227381165	
-0.043448700727899775	-0.03883860145422555	-0.1599225838372417	-0.021536995722325432	-0.09666796910978359	
0.07332597185850931	0.09722316213325655	0.05838703949598042	0.004179486571487308	0.06598340592201524	
0.0699296807806684	0.09195893359428221	0.063667904365244	0.0856636574464148	-0.06647024382818556	
-0.0474022778556841	-0.04403203894312459	0.001159920156935264	-0.04385499934963105	0.056930650850998174	
-0.0007444972604576136	0.08065363123410715	-0.041243203119061385	0.05298853926529636	-0.03859390245842445	
0.06350176819443223	-0.008338061475948219	-0.03362766801793608	-0.014898242091361917	0.0795930754059938	
0.07854304447929743	0.03809462579228391	0.023811030911623215	0.0888160323890845	0.17365089777251005	
-0.2382735335851749	-0.02225969518949587	-0.1911791499897071	-0.1268115897425194	-0.2908507850670498	
0.004194428948595332	-0.05733352632406305	0.01278131134719113	0.0692371384018467	0.08269702903925219	
0.13721007172724528	-0.04586667683106682	0.14253164094929538	0.0964831599558662	0.10612445024545555	
0.174678490266503	0.07972628707753196	0.15855438727778204	0.022011159077251412	0.14251607830451313	
-0.02655179142705589	0.0569172879329816	-0.027657970040089845	0.0014220390280049865	-0.09114681783600298	
-0.1665860553045973	0.030557661539707896	-0.1329768763368892	0.03840609782644848	-0.16645179506115723	
-0.10797076235892471	-0.015234571426451337	-0.05555567025712403	-0.06424079955370737	-0.1786468438921506	
0.02192711029668212	0.023063403119419307	0.1018297616712966	0.10106807918001641	-0.011348849233744832	
-0.06493572388433021	3.62675849771773e-05	0.0702880637123674	-0.08032891560471182	0.04807586927812377	
-0.1571013735427917	-0.04694865834929536	-0.13506592225746147	-0.08734151818625964	-0.3022815770168291	
-0.013261440867095034	0.09905254664173217	0.06319350579899784	0.05701550459795414	0.023540162336445458	
-0.06594763399874744	-0.046572386312961206	-0.06514188273651302	-0.01915057229729491	-0.10464025647420894	
-0.0448038389970797	-0.07740142867556705	-0.07840854960969056	-0.13735642097287884	-0.07858803021584103	
-0.021733038906377095	0.07091098056693798	-0.05218448152269079	-0.03599815693443048	0.04125177306284088	
-0.14551618226024937	0.0289503568273263	-0.07337670670011427	-0.10526147982617476	-0.1686154667323391	
-0.16610347022447347	-0.09683540486433886	-0.15293543526635667	-0.18386167559989655	-0.22705051024733455	
0.006109245193347419	0.06544170204737547	-0.11126797484935659	-0.0569405463845588	-0.08598698462984537	
0.056923855642928005	0.03624653719173405	-0.018246867751466153	-0.04726353119915678	0.0274127458264149	
-0.04425002223777337	0.06198618527584341	0.001086859762675744	-0.0558766754640129	-0.11955316600887134	
0.0002455006474267413	-0.0981211851115154	-0.1692153272577461	-0.10321412817405713	-0.14092775485935158	
-0.08783666678283525	0.0636350377339844	-0.08567798889984356	0.04197340139754029	0.01826397790043849	
-0.10890556043305073	-0.001730824296283554	-0.0031973093264422952	-0.010952447794250263	-0.04700864055752853	
-0.19289210978829982	0.01508853723221844	-0.07268301520223011	-0.12109846350854134	-0.1159649745690507	
-0.1333679757175341	0.06227043358443734	-0.08876566830708771	-0.058537789741630666	-0.07430459788209505	
-0.2487845913401395	0.02777507574641924	-0.2225781667374728	-0.14016631488921286	-0.19673441187319707	
-0.014408255276860073	-0.017523620939505345	-0.02598582808355889	0.07262977940806441	0.004771069407705186	
0.008009002816701787	-0.044176191363216724	0.09180069906325021	-0.023925170382307487	0.12541724575613444	
-0.07108146353843972	0.002797593122603517	-0.09570342378897641	0.05479926373405886	-0.08397712139177545	
0.027325735903418087	0.06969549891284335	-0.05326441284012525	0.043280432284925695	-0.04384295633137904	
0.028711151831695644	0.06605214562634257	-0.09619218952563212	0.08110728760491047	-0.11808363253190517	
0.03740466809647102	0.01556259822677482	-0.05941471615474729	0.04022272584517732	0.0010813005402185538	
0.055237492535177166	-0.05677836142703418	-0.14391731920596346	0.06540033753226793	0.03225815696720641	
0.028489032214544952	0.00969970521322734	0.0245899671233849	0.06192892568101821	-0.03911244572320154	
-0.009176834218649831	0.06564787220271416	-0.02877955658769818	-0.03593068908733247	-0.017863047178964628	
-0.13660342961997232	0.05378202258049652	0.030915333920954628	-0.073317184966603	-0.11857930581979934	
-0.037172528666618423	-0.005027886004324029	0.09522134376634982	0.056660243837874914	-0.028239534600220943	
-0.09553098519217165	-0.038220481196664186	0.0012706310745137352	-0.059733901083436465	-0.03818819766814415	
-0.04100087394858989	0.06058509723326873	-0.03598001136893563	-0.03660656459604466	-0.002102683252604024	
-0.12825436586178132	-0.029981042688404506	-0.10795171282998675	-0.043257296466402084	-0.0279869135715909	
-0.08626437046541509	0.0406685504595055	-0.07760474925477083	-0.016644466775184264	-0.16057368896897245	
-0.09913471599415864	0.08383066627316112	-0.06998774361487788	-0.0024099109213290334	-0.10090385604858122	
-0.06624908513235607	0.055053873968703544	-0.1426093527954894	-0.02479503948847617	0.010674038118450413	
-0.05852713090407926	-0.07660025557182971	0.008480350241111382	-0.08529273942210785	-0.029421114592663968	
0.031116668436611056	0.10469513235447248	0.04978064816868567	0.0846720984622124	-0.09325219005647976	
-0.02185573854465071	-0.10733427433339784	-0.13955066971975327	0.010937796555682453	-0.2264550197665159	
0.059291167668622476	0.08708017748050106	-0.03444446519831022	-0.050433536355598156	0.049576068717725234	
0.04532998167029643	-0.051765113761912535	0.12299279481576444	0.12385035172611385	0.0487908247138816	
-0.05370167850114393	-0.034084806580478945	-0.07922848956271568	-0.08357420584476516	-0.13352106175788767	
0.011812645027259478	0.10814236457766616	0.019689071124424334	-0.031132293997515093	-0.00047806956719547794	
-0.11879118450929964	0.05665474428931044	-0.028565336812110768	0.0642610785900673	-0.028708799716812165	
-0.0003170121580412768	0.047444996086997294	0.003079076047208907	-0.03877010708643907	-0.03665502674325161	
-0.15499502610824506	-0.0510823074896459	-0.15020386521179224	-0.08983427705428852	-0.1583823074469455	
-0.08561522947478437	0.0799252418408605	-0.10639492294735811	0.03630512761054517	-0.05407507932096289	
-0.08739872125788399	0.08276698572839508	-0.05392166234186352	-0.06399066445453018	-0.01394083122862192	
-0.05746613455787308	-0.03066598048329704	-0.08968056947438904	0.01691412872536612	-0.10124771021196369	
0.044015578680429455	-0.031219190807836448	-0.02435076818862416	-0.020516446837885446	0.049276636462410275	
0.24992448718094593	-0.021749691293447997	0.19340976752482059	0.20667036532207503	0.16130301926979984	
0.17751884005306906	-0.007464963612846133	0.11513445081584998	0.1041874528728756	0.039550163193591156	
0.03736001421124524	0.028840632075518638	0.22237350858189517	0.07176795109904095	0.18892635527972831	
0.024702224276297712	0.012171124375696752	0.017193773955103575	0.11983566142083785	0.12049019585412314	
0.07369187948583472	-0.028738087122634096	0.06719606865326469	-0.013128558435441326	0.011170204130149157	
0.11561400143727675	0.012172192146862448	0.05356271062948471	0.12696111671401936	0.18466119817554588	
0.061512003231891585	0.059253890203184494	-0.02897808747570493	-0.033778470694633835	0.03693619185109973	
0.09445352121628953	-0.03211529894127431	0.008341823907539087	0.01851428000531065	0.011262004957451477	
-0.03358510077576535	-0.015441418974238343	-0.021293252452512946	0.09428847048555096	0.09323084559420097	
0.035912785332323074	0.015578382396971745	-0.015206222995475359	0.03791748559212933	-0.004550695493997496	
-0.13936116154139788	-0.011266868371558934	-0.1884403478166016	-0.22436087823315895	-0.24073918109676418	
0.25486319074774194	0.14017349442724084	0.18728925598874901	0.03878704967414863	0.18809553377043323	
-0.023738875644534113	-0.02162523248517191	-0.05137146942818513	-0.008921028353646502	0.02175284047545661	
-0.44095445627513924	-0.08490758384915098	-0.42236106107772475	-0.4263333927830324	-0.4070788138305225	
-0.025745673870974876	-0.024068429380884056	0.047605435046450144	-0.018093433499462862	0.0800352325983838	
0.019434475864251444	-0.003934729095105078	0.02384036656805203	0.12334215318676658	0.14570103807222404	
0.02567182002311935	-0.04366568094251772	0.10439519598997296	0.0047886007156234325	0.10744766075692011	
-0.2675900865625878	-0.04417631078689994	-0.3637002321621818	-0.1362414684848553	-0.2850250370678192	
-0.06310938443662024	-0.04124955495994334	-0.04148315050734799	-0.02246388190985933	0.09674118016272924	
0.14554669105123147	0.0712051635921568	0.1924818058614451	0.20016523992896224	0.13661131631451628	
0.059851371550972046	0.0656661568487966	0.027195939187623443	0.13236714450375636	0.1491492726414828	
-1.1604672405177288	0.017538112587122998	-1.165292161844204	-0.7118001791856264	-1.2206297730010314	
1.344985142855292	
