TESTRUNID EPOCH: 99 L_PCC: 0.892542835866867 L_ERR: 0.006545117412081327 T_PCC: 0.8775358169674099 T_ERR: 0.008125339408395845
180 LAYER: 1
5 LAYER: 2
1 LAYER: 3
99 :ILEARN
-0.27833761157525994	-0.01865376277848358	-0.373854110344001	-0.1986572337117953	-0.3185442037887701	
-0.2948635188928695	-0.1040148452751614	-0.2821833476640585	-0.1717678885246824	-0.2332795123816667	
0.037772170986013466	0.05883890680239963	-0.00780580696522163	0.1096113879151349	-0.04369354048622109	
0.1630365020266313	0.028114225190231802	0.14026657075867446	0.013595104447867684	0.05824195406340018	
-0.045975483812916405	0.09522749564008298	-0.14790276562784482	-0.001445745220221203	-0.026548120339700013	
0.04840567834764218	-0.07996131664577008	-0.13459487090969174	-0.08630317688790529	0.030048111367797704	
-0.06691320717720738	0.000874251631226692	0.08869875459424591	0.016363608752528284	0.03565102494659005	
-0.1147722987375371	0.02140473305671484	0.004919130084516962	-0.13654703780182736	0.007417790922521211	
0.020926078349362325	0.046555952250957745	-0.13305979322204853	0.022532635024888493	-0.14977297357874939	
-0.020987740301337585	0.09401011999193606	-0.04879497589423662	-0.02516872197542821	-0.08077799093491837	
-0.07842323695517146	0.06359364681624004	-0.039705162885716384	-0.009230119332593718	0.01637665756438458	
-0.17237156891136576	0.0052059997221734575	-0.17462959514190296	-0.04074519577921432	-0.06369456294675513	
-0.09755922504523526	-0.007593958684874731	0.020321913735848594	-0.011177462769701057	-0.10465872618213795	
-0.0437404407017481	0.043456217534802284	-0.046492322165741576	0.09244341808823436	-0.013721611387873209	
0.03345098340182879	-0.05983940434791356	-0.11474510875420917	0.05630741397137109	-0.06324684280439351	
-0.1713593833341381	0.06756134678782894	-0.1346330389897832	-0.014408587133397948	-0.06131696828991627	
0.025679485007844848	0.02278830652074099	-0.0033741401031852697	-0.05763798254843987	-0.10432396667989494	
0.04239604934718477	-0.007030411588133231	0.06509258011288295	0.03132636123931341	-0.011124668712580707	
-0.19159743647078453	0.068509168526447	-0.12951414641251296	-0.03217284070271021	-0.10918015008753137	
-0.12798349467060513	0.07109185086968513	-0.06389005246339752	-0.13130792081269377	-0.05275495221454293	
-0.0033723296883327518	0.03188846751034689	0.11197709640119019	0.0068895559323510465	0.11184796709410982	
-0.08856600341186358	-0.11186874449578461	-0.031315097392596546	-0.019945316135536875	-0.016784212751187844	
-0.032065831837102265	-0.04192589130939427	0.1166774391665895	0.08222739168753979	-0.05804192347345263	
0.13415654239523397	0.10428580000487793	0.17049107414439735	0.12039082645036554	0.0030753615097038754	
-0.13828725266410782	-0.07669723953274858	-0.13832244593002319	-0.05094465874063755	0.036193965648484	
0.00515692305841065	0.01803487105709627	0.06392628321628034	-0.07732538125217954	-0.060422147918019954	
0.050835806279672394	0.12104133670412753	0.04100392235827571	-0.06681579256910576	0.08159858435583192	
-0.09089677690659088	0.08578657625607482	-0.06192851780658405	0.08030692286096064	0.011494619859188364	
-0.17360976824547183	-0.12632794251190843	-0.27753707649023784	-0.19228567446744252	-0.2817787379989886	
-0.061115071993826736	-0.04808815273695517	0.06204927951233646	0.019376751112972677	-0.07585271190833827	
-0.07536285654808347	0.09524550768686622	0.026077110951831056	-0.06210415532938123	-0.03239690467342384	
0.04395036392279797	-0.04174619765443061	0.009904470951685652	0.10574715484287206	0.05738761286465736	
-0.053862482999545915	-0.014450486324971722	0.020194767520122135	0.040339768523188074	-0.0780667327727426	
-0.44994645562294255	-0.19937539704963494	-0.3710140596814526	-0.20749277619696116	-0.32658278632219173	
0.0007751968101679298	0.13460110727663793	0.05018038808561168	0.016267900637282073	0.0381835669181936	
0.05526755703700809	0.056218620525208936	-0.03712601358440542	-0.05634015541905682	-0.01452562061298456	
0.011938493500778432	-0.048411881400796705	0.03894053649871571	-0.07558315061557007	-0.050169812463570246	
-0.23564602090493342	-0.14349153055148647	-0.28040583916157746	-0.18072167932440883	-0.21192319857621053	
-0.48883190684940847	-0.2506298571290624	-0.3986316149166077	-0.24977337332227895	-0.35816828527511924	
0.10170793786731014	-0.09054575312188394	-0.03360995854063977	0.03235977233577632	0.11022557225013398	
0.17456897039266514	0.04464890223169368	0.1856993778980948	0.09708350514679262	0.07038252389242439	
-0.024572886252872017	0.029609619580044058	-0.0062299199754760025	0.0820081963297202	0.061534977507966764	
0.026338093653467485	0.11738018134169674	-0.015475342238269234	-0.030725502059442814	-0.009698901377809818	
0.015677707937206624	-0.06560766688121011	0.0978394439702538	0.1074842724334605	-0.062136123869380194	
0.024441149128652084	0.011000818681326177	0.023812518005850946	0.13668704533831658	0.05530721654769969	
-0.021157584555241873	-0.006949357758962659	-0.0328338676293979	-0.005209177655091485	-0.040742951669917614	
-0.01695984565366372	0.020580717593495813	0.051145166114016274	-0.03440382874677137	-0.014414716534888874	
0.015162929751425379	-0.08147324458413065	0.026802453372974835	0.009005259546799002	0.08442293645454377	
-0.055126722133905855	0.07350834151391201	-0.012732452251227286	-0.08561443419227263	0.02056510418653412	
-0.0351414711976143	-0.08731723057232882	-0.08982714582943274	0.0027916398423167817	0.020269991322547094	
-0.24634060504191826	0.06693071810166365	-0.1974024040078327	-0.013169536489546616	-0.13554138326073303	
0.0057979898150186645	0.009340576820389357	-0.018803129153795718	-0.06996980194011011	-0.03384177672500285	
-0.04894330298689554	0.04927021560975984	-0.0674700971492574	-0.03967681925499738	-0.039980542143278654	
-0.04352250713174298	0.030765578944371763	-0.04925362730893817	-0.04605481008836595	-0.05826762704614795	
-0.2440646890917613	-0.0683882617831106	-0.17239393611747816	-0.10420592444981525	-0.11495941118495884	
0.1589334328472939	-0.022874970822445332	0.12971702110982922	0.06011965214118593	0.19507841035602574	
0.14699801970721743	0.10651548447990364	0.11500617273803591	0.014120787855337522	0.03420835012874075	
-0.026194578697810156	-0.009274746747774324	-0.056355740157328534	-0.05081657937082113	-0.07972662550224487	
0.02087984843571286	0.04851874859880052	0.004846531847893783	-0.01396618151179777	-0.05016222850331854	
-0.07465344109129429	-0.005019669996856624	-0.07993606688924658	0.1126812434871958	-0.057024146376048634	
0.07551044840529583	0.08672167874381445	0.04723445836323558	0.03160732515529799	-0.04811464194238635	
0.017846180999107505	-0.01745315442511702	-0.017600359466957535	0.020563443955013982	-0.027868822076176785	
0.0500386317064558	0.0785828795958492	-0.06818206841957988	-0.10322547419891262	-0.08193090968426671	
0.11242965326441398	0.08776098437241356	0.05905091937971026	0.02542972397524341	0.1807559409101017	
-0.06960382432977559	0.03807220182023493	-0.11058991758814841	-0.08440835890513784	-0.03993195637880376	
-0.033376014621952714	-0.08229850557546789	-0.003640787118396036	-0.024575328018643292	-0.009973355064552878	
0.03701317697295745	0.08599165170099084	0.06056027625284448	0.07079099676047795	0.15609190217848826	
-0.15364191501675756	-0.032456245538951496	0.016538843437393536	0.045401819523029435	-0.04485439921543039	
0.07383040294126143	0.09995214709628714	0.07184205237463864	0.06924115752972457	-0.08394569180654401	
-0.07423517375581233	0.04148384690926372	-0.10506519705112448	0.025429551556575506	-0.1868197637609605	
-0.1052084503776793	0.027528483195920876	-0.23455346901448326	-0.12001579658711577	-0.12933149252016307	
-0.10958440640124159	0.04172964709121376	-0.08605392352671447	-0.00553903154815764	0.024777260507869863	
-0.1653731308838924	-0.08996289243461972	-0.06317645478003996	-0.05343679501294172	-0.028033208862394448	
0.002715879833530689	0.11159728113466752	-0.024733341759273556	0.011722693783985983	-0.1018476139714453	
-0.1781005064778507	-0.11545124905975775	-0.21624983725751853	-0.039409592764688896	-0.23520356446998275	
-0.06452764470283814	0.059615437960407296	-0.00609586660119935	0.008303161665724684	-0.09046458383430629	
-0.04636046896438015	0.006335739432389242	0.05808561945195351	-0.0865589413762986	-0.08146062302749028	
-0.09719730521919757	0.03266271875620656	-0.049393633082560555	-0.11094584725520537	-0.06439085123089563	
0.019670286598941558	0.0847383726565577	0.03672298074531787	-0.0422726252628451	0.08449595201157961	
0.0459168225128478	-0.006937587291388332	0.009638616795486596	0.013823187098137	-0.008545614624889999	
-0.01824066322576519	0.05258617993901612	-0.20475202966744166	-0.007976228342199541	-0.10238786239157263	
0.2818237510690188	-0.0035007722241326158	0.13409154907104054	0.04220391887926564	0.17987350527900672	
-0.18561079144342157	-0.010720246584920021	-0.05093964316156923	-0.012043391716693063	-0.0572196166034244	
-0.10555365562894527	0.046400513431829625	-0.09891169271445192	0.020224471254468978	-0.05841718167279652	
-0.16435450184181188	-0.07472861919294134	-0.1965518480627072	-0.11722565859888275	-0.10445530911325845	
-0.12674304614678253	-0.10203058757182053	-0.004188804629056938	-0.0449651095107566	0.0006232370333235176	
-0.011143769593069593	-0.0035728790939008282	-0.009683946838976595	0.002427131219368596	0.05616444939107878	
-0.10278508028078023	0.06655247865503072	-0.17246125502111423	0.02377765355830334	-0.1390511522874484	
0.03969207489571293	-0.08639241840367058	0.01990474174680266	-0.07890626622777057	0.10206691705399197	
-0.0020835797667252687	0.0680692788224732	-0.0016150283074240807	-0.10851669588655034	-0.162088670503991	
-0.10769541919774475	0.040805837286334405	0.03234754630449864	0.07549183216127071	-0.016154165244383893	
0.07388365716238185	0.09272016835031861	-0.0091448651081305	-0.02711266163893127	-0.03714650146034514	
-0.1707418374409836	0.05856798694598032	-0.16816304758133804	-0.10030390434598735	-0.04275042577877675	
0.03719957003788434	0.14374420678795136	0.03130253017823611	0.0628759832963231	0.033071543938659895	
-0.11051719983898799	-0.05809756507362349	-0.20160227830453928	-0.10509692384458073	-0.1176356196285862	
-0.12786509701108834	0.037043227648876804	0.03088231162641788	-0.10850304257718739	-0.03559636497630182	
-0.04453503187984822	0.07736650748224386	-0.005210509432190234	0.040650637644499305	-0.027101557007947783	
-0.10274928176634246	-0.04725054790666853	-0.2224174553022736	-0.043968909947443416	-0.13017510454116296	
0.11510213167777912	0.124898957111692	0.09870637001130379	0.021238005831315437	0.08461986101501305	
0.04927986065473819	0.10621560190957166	0.02994354264988936	0.07663894235860537	-0.0989957442517443	
-0.06225632301987885	-0.03541194137362091	-0.014237635071016629	-0.048504596393516626	0.04378285589358065	
-0.0069764071836920065	0.07292864155040742	-0.05623224585718432	0.05020721951529518	-0.04905452638539936	
0.05599415277440707	-0.005404315291782519	-0.04478727633531456	-0.017952591707633744	0.06570234293031095	
0.08920488855482399	0.0491396178859464	0.032016867151267926	0.08772245882284749	0.17494360993766403	
-0.12620019501626115	-0.012914103879957237	-0.07136457460546482	-0.028007277386965908	-0.13280041009852378	
-0.051456830572175	-0.07934267148815435	-0.05556749646273209	0.022452953353812078	0.012229775564083027	
0.1202528903994555	-0.04979421275489258	0.12550500953472954	0.08201085498600072	0.08465132676166559	
0.12968191755452552	0.09427597885139205	0.11512501635057476	-0.006950393989149954	0.08475398948379474	
-0.13396272192150294	0.02737656654925885	-0.1375691314880544	-0.06899732205878595	-0.19443941989038652	
-0.1478533464523282	0.04372161627883052	-0.12074390559618517	0.06561986059111048	-0.12145000864949022	
-0.10029349120762542	-0.009525089914969692	-0.05554892652788179	-0.04540104202968691	-0.14290247501601996	
-0.007863885333225917	0.013840090328446492	0.06322810557738695	0.07515451856308124	-0.05087198095993671	
-0.10755697930356847	-0.002933255959666748	0.0198100549735189	-0.10240017764205422	0.017611499597825517	
-0.07937895773126241	-0.029385215357008245	-0.041868697303171366	-0.018239725409708047	-0.1988269337872823	
-0.06469422786689916	0.09111984477069546	0.03707303649745487	0.004495686673975147	-0.04051416087900444	
0.007797375767280886	-0.03093902349818788	0.00796942842298856	0.03620865397664581	-0.029124038478465925	
-0.010892193314015329	-0.07165462533549266	-0.04552479351166053	-0.09596308646338741	-0.031728507915351055	
-0.1795010511776879	0.02776345329600044	-0.22874565355735868	-0.12794837762611894	-0.1110111018339475	
-0.1401269249042835	0.02362898238613048	-0.0711174746325756	-0.09328200387428327	-0.1528726280646086	
-0.13843145761059877	-0.08544998483385843	-0.13453407927621208	-0.14590752474836083	-0.170204451924763	
-0.0329415477601509	0.059342328136244356	-0.1442853619346775	-0.09025117796720682	-0.12587841637674452	
0.06568512272720263	0.04919464267150208	-0.009917924689412608	-0.02587945071443058	0.05383008863295975	
-0.10420382166872472	0.04018857347484421	-0.07133057199126681	-0.07851703730945062	-0.1723981785395656	
-0.008387897528340467	-0.11169264798712493	-0.19235473917253512	-0.10481656952563312	-0.14382071043935057	
-0.11693376380960378	0.0661521624328926	-0.11585306576350789	0.029287080059201224	0.0018601129134413602	
-0.031641901857778106	0.0214797692409526	0.08033532860719597	0.05810783674294778	0.05317508597216048	
-0.08584860206765987	0.033951126100432064	0.02776012274486197	-0.03941578305779052	0.000670630276194169	
-0.20425863894322963	0.03739266310265889	-0.16414442444765798	-0.11091354002466763	-0.1520621621737531	
-0.21709947810234023	0.03421879859458346	-0.19462498703708556	-0.06406683408002631	-0.11958397174059873	
-0.018551745100593462	-0.007380959686250417	-0.0181969522962259	0.0618664655433002	0.006335958839794015	
-0.028701176573815344	-0.040908223582056986	0.062423657039576294	-0.044790179631521224	0.10337073382703274	
-0.051111508187597514	0.017461929039983864	-0.0719711664418178	0.07672026260562344	-0.052001453169894955	
0.04230190249967014	0.08076041381430542	-0.02496316126871105	0.059483436958749185	-0.010259793289752676	
0.03685570601565362	0.06942279314440915	-0.0936665295886624	0.09556197322863405	-0.10470143237230838	
0.0344204442796426	0.015808025621049316	-0.05350574577970361	0.033386627735819095	0.001394682211607311	
0.007189859377819216	-0.06754431921102474	-0.20029264499105814	0.03839360103499163	-0.010764939300798032	
0.007857466107698935	0.00712960151414273	0.0006035947723927799	0.04927840928646731	-0.05559352128686953	
0.044075506287671165	0.07895389725636597	0.028272871349820188	0.008299538004837043	0.04904723654604873	
-0.09918483382083843	0.06338301657596725	0.06602916508490417	-0.0330300094088789	-0.06748368664412506	
-0.029216530015939258	0.00661472311273096	0.11133644489532817	0.05412261394872705	-0.01449692390484369	
-0.0868823213048813	-0.04060368687132545	0.005717834839723906	-0.05133193410883295	-0.03412293713869308	
-0.0768796396920853	0.07073661514680389	-0.0758645382261881	-0.04638150009617791	-0.01795108046658661	
-0.08912380978143168	-0.009968269737750833	-0.050572142859049055	0.004284647405208069	0.03254357092814333	
-0.06312056203473265	0.06228664100976977	-0.03579432716166423	0.0023514414063725833	-0.13661245751571957	
-0.12207516080067585	0.07389078025290031	-0.09005927460015072	-0.0053713692874508175	-0.10240235825244116	
-0.0012299971355196348	0.08489715474208434	-0.07236218624677926	0.03291238446515522	0.09685039778362822	
-0.03697560551075903	-0.05134463903734851	0.03329083191779716	-0.05568548252759354	0.014432028496120238	
-0.058554539844400594	0.06759817441641966	-0.05789394889603849	0.011985651219242782	-0.21704744147172506	
-0.03808317703060709	-0.10880962037604497	-0.15089892223084167	0.021004088941364255	-0.20563793236366995	
0.07436862364234739	0.08926812935007568	-0.011486383358791328	-0.035856025307767755	0.07805027399370952	
0.040968234131447075	-0.044796354888607975	0.12720428821230392	0.1232252084936906	0.05655859140674235	
-0.04689143868055905	-0.027225620923935212	-0.07659302411609219	-0.0645064879356547	-0.10173796408537691	
0.020907068930308102	0.12091597649450536	0.041022504358096894	-0.021823640867300993	0.02114811373305335	
-0.17216852295825658	0.0380690262052189	-0.09437135973628899	0.0410978321514397	-0.049454460300990065	
-0.014188661730789127	0.04825101809274306	-0.014675062158254646	-0.042904164331813106	-0.03955632197800462	
-0.1720772421614419	-0.058656019563428564	-0.16303652740180755	-0.09303773732007603	-0.1672224034602584	
-0.08190612896685093	0.08329409887618942	-0.09983521917375718	0.048521844364633075	-0.04093397421095622	
0.035255760551247066	0.1083214169341125	0.057438876697836795	0.02055115892754286	0.11541251490578781	
-0.06297253494781749	-0.03596430147126258	-0.101401124261883	0.024071263417494194	-0.08204741968169585	
0.060936725674707204	-0.029099623912540982	-0.0011567852877680466	-0.004526410521340367	0.07607556097784099	
0.2236769920782449	-0.002956259937951629	0.16796458479404644	0.1915326293604767	0.128847261294527	
0.20103957188954338	0.0009949575241133964	0.14045745529672654	0.11351924005045037	0.05512496820585322	
0.039867834776980915	0.0454513299987232	0.23140942252970417	0.07198714452639428	0.18823456671894137	
0.030009684658920024	0.029245156664302108	0.027266542125635673	0.12824067688717367	0.13099251998610795	
0.019168434210108977	-0.026779656168227386	0.013054434165806568	-0.045185473037560334	-0.038123574820170036	
0.1430493268787806	0.03053040822905083	0.08516649810796882	0.1438117625620105	0.20475473814982964	
0.0894663132305647	0.06869374462688609	0.0019558368085832644	-0.0153685259283956	0.06746023990986705	
0.07044994443081576	-0.029013657977182302	-0.01299688873284632	0.00938112044838213	-0.003692124037520043	
-0.014564110815777956	-0.01563898021019816	0.008531710837132287	0.0954930096003665	0.10182708966184575	
0.022932185612620993	0.03630925353828913	-0.03322742532539894	0.03823548182201293	-0.01115740786148942	
-0.15788515941571982	-0.024495189570196904	-0.21911464580141402	-0.21734920618181236	-0.23512972659484027	
0.2855664089917484	0.15485009444680414	0.2196207997899435	0.05167458242441002	0.20944345587193328	
-0.035874340214614255	-0.018656307450995974	-0.06879242908773947	-0.006838547150951375	0.017520713880141512	
-0.4109959488846475	-0.13490494142410453	-0.3924058037605851	-0.40820576828833677	-0.3576384304382844	
-0.022835257726785303	-0.00963793579244232	0.05396767516915715	-0.011781300706144741	0.0890552755448796	
0.01604141174584494	0.005721996747494912	0.025777048287204275	0.119320495170878	0.13792938305104555	
0.03173913944302189	-0.03250306977251226	0.1115200085813063	0.0130336636985178	0.11503420463931154	
-0.27553165772945487	-0.0710037888156148	-0.369300417506138	-0.13430583980897945	-0.2776912387014586	
-0.026009307425132296	-0.04126880278336453	0.009523078723824296	-0.019234192330190678	0.10428314823913612	
0.13058399089388698	0.10419163409066912	0.17546161346800407	0.19401198046454518	0.11685516711205296	
0.08585278937856995	0.0634787272658976	0.053707715811496165	0.13264587122297972	0.14650732880486653	
-1.1961954489425826	-0.19174405633553798	-1.2353252621862	-0.6387382423647108	-1.0901234837963172	
1.294572848739171	
