TESTRUNID EPOCH: 25 L_PCC: 0.771408846629612 L_ERR: 0.017195116386009936 T_PCC: 0.36280271830586003 T_ERR: 0.022853345251078645
180 LAYER: 1
5 LAYER: 2
1 LAYER: 3
25 :ILEARN
-0.05502560272427275	0.02898843735769555	-0.14354694922441266	-0.06634986377686117	-0.11318323905836102	
-0.13337764028346552	-0.07789725395360005	-0.0883140836830856	-0.0573825168746859	-0.0493842080677415	
-0.016879230913860024	0.04079706005234571	-0.05915371652290938	0.07849968972297855	-0.09486299671248906	
0.03292646328358391	-0.010240183346006133	0.012500196822426219	-0.06556629798539061	-0.06035550784518149	
0.04476637919859233	0.0910743652373227	-0.05905791623553672	0.03294068570976578	0.05675473922929469	
0.056874178370044354	-0.08571919084253561	-0.11422507689069121	-0.07690066105226372	0.053403017140206004	
-0.08808965188135315	-0.013772395636503494	0.08262523671285998	0.006195117691754882	0.02937472798779607	
-0.06681739821246482	0.0320171658958948	0.041903015541711566	-0.11131542974926252	0.024527333244150015	
0.09076213329947219	0.053169452828982784	-0.049097553117672485	0.059267598223850526	-0.08388728652749673	
0.0017355311177480609	0.08250882357738676	-0.038984304275071324	-0.034294037795791626	-0.06669375210725312	
-0.07387888445773579	0.04419455388229691	-0.04088492565382835	-0.028599022004929118	0.018640573110083474	
-0.11181058045570597	0.010641301193301545	-0.0950262380786368	0.004104613619212703	0.01390740205151236	
-0.06412815977023235	-0.011592337842419398	0.049868379604402935	-0.004457380665442615	-0.07559673984187248	
0.03241647063678836	0.04451883688861604	0.027186530766557852	0.1117152673438369	0.04543118810173805	
0.08885212423544901	-0.06380193929116729	-0.06101381545700407	0.07511181971793872	-0.011545996219266611	
-0.09924012658972199	0.07694089639963092	-0.061467519569611904	0.030192549265998587	0.012661151247691224	
0.05902147956661157	0.017974908720187158	0.03030068529728536	-0.04190700908530202	-0.06434661296914153	
0.08280050718775098	-0.007733996128861747	0.0948518389515706	0.04305825533380941	0.030955809322838666	
-0.07623479911913877	0.09195820977171784	-0.008716315871129875	0.019978277565954536	-0.01328204103551305	
-0.060783315098259835	0.07232031565916465	-0.00531224955744373	-0.10769261245110462	0.008682583506652	
0.016412768637777082	0.028800472080050453	0.1319783763861986	0.013924006059048845	0.13384286470061485	
-0.007706603740049469	-0.1042224651863036	0.04999504176773095	0.021847220965396513	0.06601926569749886	
-0.039087719875981156	-0.05687836031468577	0.1129433492027074	0.06642288495431105	-0.06058322664310267	
0.09628801644110341	0.07574909926690684	0.13138642900521535	0.08551206749710535	-0.02986848121113351	
-0.0857273440096643	-0.08568291430400449	-0.08666158519448518	-0.03664429394146775	0.08182969993610324	
0.023690616819595108	0.020663865728936432	0.08463291233167619	-0.058680746558644116	-0.029210659186191926	
0.03174552551746938	0.10448115840525482	0.025909027921776462	-0.07927975684576445	0.0742124832319222	
-0.03260414275791693	0.0761466818170595	-0.00282912269044933	0.09730244377485146	0.06987889878558429	
-0.09635455373804157	-0.11209487699131591	-0.20288171729768864	-0.15045407220945883	-0.20076546837705853	
-0.0693903047926925	-0.05194155241777972	0.049783654321523034	0.015896921773753753	-0.09044703811295501	
-0.07576385391991868	0.09547447283048686	0.019816866632708915	-0.058163763268016574	-0.04296494567490217	
0.07112266058242614	-0.04679433388391751	0.03922963083531323	0.11786287453279852	0.09146661684169259	
-0.04898109188447528	-0.0031803035957710377	0.022333865003744055	0.05973241783812902	-0.06957272542121669	
-0.3118358817718109	-0.17377571766472058	-0.23523163190764348	-0.14127476983883533	-0.20443489173276344	
0.054388505711505865	0.137757679192891	0.11441927817754025	0.04973440545207571	0.10349877689063294	
0.10379930769314916	0.05954068411279136	0.012767798614782052	-0.03899047526138231	0.03188716790395995	
0.0939053621313402	-0.029051345903738805	0.1240077955775034	-0.03297234100419267	0.02302749201624564	
-0.0890283869700379	-0.11826155387412367	-0.13440453734523908	-0.10252391957431832	-0.06896210074447827	
-0.3234010838342489	-0.19722718002560335	-0.2436922909088864	-0.14918970829794875	-0.19781086955813296	
0.10468149018172286	-0.08969035003349732	-0.034279367949986685	0.03657315773535538	0.10733078160703302	
0.11140300240359936	0.02331000880216155	0.10697841739965297	0.047504004423201684	-0.00041878088731312353	
0.012217204490229859	0.03076786449398686	0.023406386220653382	0.10420460967810809	0.10055050953026128	
-0.0035117414788198116	0.1065084759700159	-0.04724330387379977	-0.04985244066233373	-0.049158578079810465	
0.027115057136087608	-0.07494037506400375	0.11716262445676265	0.09976910308530228	-0.06084529195663423	
-0.07122980787601997	-0.03114530836620425	-0.082353012176849	0.06304957895014857	-0.040580034919595276	
0.07237343023912242	0.014325505621177726	0.05823855322139438	0.06397447568575226	0.06825948515512638	
0.006611225014180558	0.021441343541683876	0.07409093882576161	-0.02213862905104791	0.017393181274989775	
0.049936526917376364	-0.07874707241822694	0.04967994560382152	0.018966594439066127	0.09425791960656221	
-0.04741848900853892	0.07702168505863369	0.0019219402069860292	-0.0623192543916585	0.04979398535720879	
-0.02500950605620226	-0.1101811952091032	-0.0703052548768588	-0.006612143634038903	0.028709791971942608	
-0.1865055626940628	0.05664123302304679	-0.12390963943070746	0.020897119586993116	-0.07328745607349159	
0.08456030850713603	0.027562172735126896	0.04468746889001358	-0.020701392182007745	0.038897746987791026	
-0.02601524978489723	0.03676333403340631	-0.03431114810909716	-0.0237402372089459	-0.007712618890689358	
-0.0797820715623351	0.010318329671588144	-0.06413512146059488	-0.061939296359430324	-0.06978464144460274	
-0.0030453624002847336	-0.019281986817158096	0.04907462513572012	0.010105803543280629	0.11171089899502472	
0.0493529301056872	-0.04941709381267194	0.0005716854124703793	-0.012467481589311094	0.07664968458035618	
0.06999172763028554	0.08168637863333292	0.025442954036527604	-0.04681373310925408	-0.05560568473225931	
0.042309838336347175	-0.006836644763783761	0.023518009050762477	-0.004486587451939502	0.013127447850540801	
-0.031456479376243095	0.034365727635846964	-0.028514207438478746	-0.03362728862123834	-0.06949447394671006	
-0.11776943365387271	-0.037804911272308395	-0.12042919373852823	0.06825762661495807	-0.10166842492493261	
0.07229939432574915	0.08181359282492168	0.046820783058543834	0.02420237750930558	-0.057091442519190454	
0.02251393320268993	-0.01653535472177439	-0.025353753278832377	0.044071307417979724	-0.00822158682446814	
0.07751185334470365	0.08222552771884248	-0.047437873583835166	-0.0775657753584621	-0.056912936057266536	
0.055390202184609896	0.06919709395850414	0.003683341188946936	-0.009320017056483072	0.12959088877306127	
-0.053182215297913955	0.016256062458318905	-0.09104074803450596	-0.09993781098907845	-0.03570305934395264	
0.028876877515282513	-0.05618040226068415	0.05954467344944943	0.033431778295375296	0.06308518503463423	
-0.012140897848279148	0.07436949145560826	0.007591178684783157	0.04718438313216081	0.11589676037574273	
-0.09962214314053185	-0.03233326455790838	0.06799917608890184	0.07061465795015251	0.004705841632478206	
0.07371032512812958	0.09231913354730825	0.06704993382853351	0.07533236663124503	-0.07624467305199388	
0.012097459324688692	0.04003451509308634	0.0010991870415807655	0.05679412935240616	-0.10736406210263652	
0.045421105094043734	0.04760106015671182	-0.061523394779325655	-0.04650579704722202	0.01836810406979157	
-0.010087087763156807	0.07013618198387503	0.011364914492117482	0.07387423513837489	0.11935475606507817	
-0.04725283635871838	-0.07111895470734686	0.07039347470529322	0.009597948959214673	0.08940268906976159	
0.0018377350813281502	0.09118073846257913	-0.021817692316354234	-0.00423967140385449	-0.0975273911907422	
-0.10475232160183287	-0.12029668830013929	-0.15245526769511614	-0.012915028141149953	-0.1797849334519954	
-0.01422018288555098	0.07892379821563579	0.052190876087224135	0.048908761518750996	-0.04695544847916498	
-0.008201132133821109	0.019918037670783473	0.10200793654512917	-0.05356004882842569	-0.0442055968060044	
-0.06381687635204765	0.03893779440280099	-0.03570852466615003	-0.09563244669867196	-0.02492256845681432	
-0.06776048086784661	0.054950766106277076	-0.052544306766912734	-0.09617431944157685	0.011578639137159326	
0.06479901808184281	-0.019773591482528843	0.04425341171690533	0.008382446120262552	0.007570896979273195	
0.06857149125706347	0.05508096913113908	-0.116833505710325	0.027534371532840114	-0.026791296719072592	
0.13541117792768834	-0.03604208351399065	-0.0018242534112420236	-0.04786580619232467	0.03129119323877334	
-0.07408130500296528	0.022049229171630286	0.054526994440851385	0.03517835331700452	0.045443577590607215	
-0.02533780888855031	0.06894779333289684	-0.016863522616971008	0.0651050009824447	0.021659585059015458	
-0.09508234898986986	-0.08818017204686705	-0.1252091989664683	-0.09514176311286131	-0.031004930940893655	
-0.07202153379603525	-0.09070393401179112	0.05458392971645657	-0.016682755658830463	0.05084273799259411	
-0.004020928227975329	-0.007067557696439353	-0.002214793752387017	-0.0007758189234871554	0.062355424300495246	
-0.00798059249972045	0.08753231394745836	-0.08427974337570113	0.06356129990203065	-0.06605659907634974	
0.03657995865776954	-0.09181947360521003	0.01883712787826014	-0.08788443195701756	0.09965410698575423	
0.050261630217219626	0.05230919177021677	0.05175518106240933	-0.08522769978170822	-0.0955232780857263	
-0.07347792423162641	0.02668852803308935	0.07136005309777958	0.09959610088509722	0.03584587972916114	
0.057741327435778145	0.08746091044490617	-0.0134198244549616	-0.04207219989868745	-0.05709282814495639	
-0.09124655632205667	0.06121314034462952	-0.08439529241287819	-0.05169174978322364	0.05118601232027854	
-0.04593371587706392	0.09916246356914656	-0.052127816573651065	0.012497659303246174	-0.036990211715084285	
-0.012443346970801718	-0.056944816131484596	-0.11167221353986528	-0.06351719931519549	-0.015736066183807036	
-0.09388002112838162	0.04357993055466194	0.0738095949683498	-0.09466899985422125	0.0018805522020034248	
-0.03760966539591232	0.07192696479017294	0.006210190636980556	0.03777194915123387	-0.013258499890561893	
0.045525763309025434	-0.0285542630730086	-0.07787875260850996	0.03696637930395131	-0.015430391862845092	
0.017960020621468363	0.0917970133646595	0.003319719977926745	-0.034098820432964166	-0.006642436003154679	
0.06549096119508563	0.08384803026588564	0.04842894063972168	0.07634197499716829	-0.07062409418916911	
-0.08226717634592903	-0.05224194833742308	-0.03697065984523618	-0.06372963937296884	0.021313731126315467	
0.002394909358188725	0.07378819210333089	-0.043287314110134034	0.05949652632473821	-0.032545164276125596	
0.01008792513312378	-0.027725292199662074	-0.09075640360848646	-0.05159179442391768	0.02906049478161729	
0.016875608593437074	0.016373855673094326	-0.042359889100121326	0.03395651384588975	0.11555998129548915	
-0.018737370760622044	-0.008292655479460438	0.012804627304158666	0.02733653372794144	-0.05445345963026766	
-0.1000323392871763	-0.08386772386244941	-0.09670673809536773	-0.011210654116781318	-0.035267430295210775	
0.09486803754975102	-0.06312357604809549	0.09518402209648125	0.05903147194473952	0.06307164654308779	
0.06483116698742544	0.05432829041909226	0.03749638888841376	-0.06343977006039657	0.010834277197274297	
-0.034032443633798204	0.0388559808432778	-0.03892788809501087	-0.022950553701646812	-0.10191649696026227	
-0.09893869220200131	0.050835124774674764	-0.04753356124468748	0.09353800898384317	-0.06478709943453828	
-0.03459091256296789	0.0038505483956566967	0.03769357706422128	-0.009675680351989261	-0.08165702023646602	
-0.03653453590491991	0.00440045492165689	0.036237930992178806	0.05972267042532811	-0.07339962571977877	
-0.09066278757939242	0.004961004842917431	0.058486388253689965	-0.09484115805819372	0.0348318284710885	
0.02163107211607667	-0.016094174798735848	0.057999073378151106	0.02030136533523803	-0.11308577158625706	
-0.04303433872019574	0.06496201979726947	0.02907732755657947	0.006937244895285922	-0.010202495989236534	
-0.014852139380319077	-0.053894240119525906	-0.017538661091522748	0.015483850067924519	-0.05618645276816503	
0.03273676670962046	-0.0755981923860199	0.005830067336746202	-0.07163740407416785	0.013782492355113885	
-0.01692679867161049	0.059425936410683965	-0.04513991681805292	-0.05481569323016239	0.045690325921865546	
-0.0337033080883348	0.048300702274643094	0.04816773542085836	-0.05003525722225458	-0.053391645705883985	
-0.06685220660687144	-0.07445894604941629	-0.0401962335224499	-0.10257298735109252	-0.09169155230512331	
0.024049266427943045	0.06105077523129585	-0.09157349966737677	-0.0600552972015123	-0.06711418257603533	
0.07667183457786277	0.04242648695674415	0.0023194422085319718	-0.038921555291824304	0.05862184882651092	
-0.022438988928105866	0.07681655040256041	0.02718830094640419	-0.013297666783991061	-0.08910637799797305	
0.06344328645161046	-0.08191384928421665	-0.09960631844177836	-0.03621793445307318	-0.05487124460505111	
-0.06614493203100577	0.053261661942574014	-0.05984829099904748	0.038182225439547135	0.054521718054168236	
-0.08171438217430994	0.010902253588231223	0.02453152701134004	0.010738194757859313	-0.0082775862999216	
-0.08183454440075515	0.031010356757022427	0.04232058829425441	-0.04162726989621249	0.013383517781744755	
-0.10538090677101729	0.06248686730972444	-0.07271383319047764	-0.032593927683991	-0.05452302036071891	
-0.13649918840979824	0.05555775115834315	-0.09093159503459913	-0.0355498066515091	-0.06246578338159591	
-0.04491106449154439	-0.04068663827974006	-0.05698855601543997	0.02847362848398821	-0.017342115642396794	
-0.01855605469292041	-0.06895442599750116	0.06561678180559874	-0.06518950121349681	0.10801801239582154	
-0.06830205912143054	0.01497210953987057	-0.09384655334146981	0.05764825783402271	-0.06742923422099184	
0.017796482579781503	0.055619154248122915	-0.05825828920792598	0.02247386476930865	-0.04398153644707398	
0.03830249739651466	0.04252613689344226	-0.08530796556014072	0.06908324236501907	-0.1109513462169061	
0.06807579613186668	0.01490397651870414	-0.025050116479929545	0.0535700173624246	0.037834660186965005	
0.09098653710883134	-0.046195806791443875	-0.10371268351438162	0.08321653529417239	0.06700549166127055	
0.058573500542527024	0.010682226615830483	0.05608032108017523	0.06872074593208768	-0.009866115672253303	
0.046661997994283395	0.05333970060402181	0.013832283705732515	-0.01656297781170762	0.029469553824802618	
-0.11982311766676124	0.04785181502747655	0.05191280153917962	-0.06426093059172544	-0.09965570364672995	
-0.032355672583749585	-0.022791672740333925	0.10003718762256153	0.03215358441156725	-0.01601455227263854	
-0.05087881472789476	-0.03200372551080748	0.04422554779161007	-0.017457366626055452	0.011045388012644507	
-0.0022812651750726254	0.07251004166024332	-0.004242457615100061	-0.024140030888856138	0.0429384716772739	
-0.09114481508764126	-0.022524621041915716	-0.07514443526867438	-0.0067936899657455255	0.034304199759016156	
-0.04737699930568595	0.04296802477374267	-0.04527080678275791	0.0014364878009843016	-0.11101670917186453	
-0.013968180474459146	0.0872524496917741	0.01802883151754613	0.060632346606665125	-2.3622277653622504e-05	
-0.0008231219767596874	0.06995036645127682	-0.08408348609342314	0.011172724008060658	0.08585994568168466	
0.01002308413263381	-0.05731450534894564	0.07625128936614338	-0.04844637047617085	0.04716117368475807	
-0.02168646614890293	0.07703825600340611	-0.01310304602572253	0.04557458191817785	-0.14064149385459737	
0.052543022820045186	-0.10086589229064111	-0.079663485859781	0.055222741051266476	-0.14109027976414132	
0.06942565595777703	0.07958525183483225	-0.010581844650002696	-0.03545145914404756	0.0676883605188726	
0.003677783587478599	-0.06433173329070138	0.09115746302850904	0.09439144330878306	0.009568774757586024	
0.07647600820542587	-0.01128969843203266	0.0444909995462798	-0.01679449339413017	0.005363179903802582	
-0.05211354355783384	0.1004067640758261	-0.03270440544535059	-0.06669436346833436	-0.0598867877884114	
-0.12222289654282607	0.038201944331280435	-0.02136651813605546	0.04935271371420215	-0.021361280617950847	
0.09191509164348068	0.056422708330501385	0.09345868707843541	0.011587066568799589	0.06510649304200852	
-0.07040243603578414	-0.03741487029763928	-0.06949828296314223	-0.024721690094490576	-0.060939805226874956	
-0.011487388961754512	0.0983828532847417	-0.027023126331303826	0.10202799534153793	0.03572681426362264	
-0.04454346699023648	0.0684906998897687	-0.005429207646979072	-0.055812114273534934	0.03515158368321092	
-0.04566332783784927	-0.03915439692138444	-0.07285714779545312	0.01937093899075466	-0.07829920425318534	
0.0752807050657003	-0.03085472424659777	0.02024613603599069	0.015894377654193794	0.08698434866954671	
0.1503615768058792	-0.032265708048928476	0.09400927110224792	0.13589112439530487	0.06197038576767403	
0.15633286438238408	-0.012060242634631473	0.10003411267958348	0.09698441961246386	0.020600675529379234	
-0.028620005225288667	0.016052662360490813	0.16027405186223492	0.027512291438102802	0.1252938918705766	
-0.003111728350090411	-0.00014457994907805412	-0.006712872870652549	0.09972583176610302	0.10259504645034599	
0.04115238566162537	-0.04374100201483266	0.03928704196653909	-0.047861608589320724	-0.013924695951969608	
0.06196954828167473	0.008562787786337418	0.006452828686495591	0.09822683838321983	0.13197327104492002	
0.08231531494996643	0.05751499686713933	-0.0024004935477563777	-0.018510845279779618	0.06529674268807516	
0.1088530839341319	-0.042906532459280916	0.02525945867696888	0.019949169970525316	0.03254883493948094	
-0.06417220466101753	-0.02594955433583664	-0.04476467693553022	0.07716949644410666	0.06339886902080832	
-0.053288676668785354	0.004855414178542679	-0.11344914632639778	-0.02980960238713868	-0.0832445138598408	
-0.01937193521334001	-0.0043902329278941625	-0.07323726823567733	-0.14584206741935224	-0.09918346386972207	
0.20935688580355694	0.13701377405680626	0.1508597683904947	0.020774216951235578	0.14396342702996234	
-0.020898293582519743	-0.021431105837139783	-0.05123724277616227	-0.007272802264758299	0.034796459202712696	
-0.1717679331274494	-0.07235749136632026	-0.15696913438446394	-0.25632312787397216	-0.12814940137957292	
-0.04412454566971942	-0.03581793644223895	0.030645823801489273	-0.03614758582912931	0.06987184551434338	
-0.02293515379319869	-0.01278211525772747	-0.016333197544660456	0.09579176665833987	0.10254095362553972	
0.01109276748325589	-0.04673466663258825	0.08702824916931935	-0.0035456424364949234	0.09520430697571747	
-0.0873493148285218	-0.02403818960382453	-0.18891264361309784	-0.029802847775166702	-0.11777748501683033	
-0.15714994830200235	-0.05318049355597974	-0.13522118862575216	-0.08455991199476608	-0.011641753116323112	
-0.02307596442944481	0.0556686577487927	0.014455060632555725	0.0781433600659797	-0.028431065534745833	
-0.030242624606432407	0.07927472032062258	-0.06256927798757388	0.09134851459803357	0.03519432066972077	
-0.6699607645911534	-0.2269780250661706	-0.6925101976019888	-0.39090933978568243	-0.6117259930404487	
-0.11202114962529867	
