TESTRUNID EPOCH: 98 L_PCC: 0.8249842529616683 L_ERR: 0.004875091140177446 T_PCC: 0.6543399421167053 T_ERR: 0.009118577793416936
180 LAYER: 1
5 LAYER: 2
1 LAYER: 3
98 :ILEARN
0.16834642389355328	0.07615813683565213	0.07893200990999495	0.07669971405610068	0.18250266241516402	
0.02471268112095836	-0.032449061614728145	0.10486767498340649	0.07445284660448244	0.2256970104028825	
-0.19004356293580782	0.04231380219860137	-0.20681032690289147	-0.0005190340579282149	-0.30211106873760446	
-0.21618117508224335	-0.02175742189568844	-0.2566464882174233	-0.18133568075586934	-0.36634317258206994	
0.1749730979294582	0.10578152906664438	0.056486573587373405	0.10033682334748013	0.19564670303511625	
0.09921298850223366	-0.06900018181801462	-0.0659808508250299	-0.02832239711061051	0.17925364755826462	
-0.4335502033247851	-0.03297369047078239	-0.2757058680747206	-0.1684995746666929	-0.4257587124484491	
0.08632883325916951	0.06699598215253436	0.22699419619056163	-0.007033595179215688	0.314998851915877	
-0.056409606581645184	0.03426048496810263	-0.14839575588444032	-0.023931290217320773	-0.20735874743285337	
0.09470805785722441	0.08954016944375567	0.0233032770088893	0.029987660361217562	-0.023907992769522154	
-0.04968807740601549	0.026632357315151452	-0.059574802291402	-0.021722449212265536	0.0019490786968653618	
0.1681933672369707	0.052353294962001924	0.2059820651516446	0.19400219937924637	0.48819879667675903	
-0.1368096109653854	-0.02619573360036649	-0.05486560543523834	-0.0474526453397883	-0.2113874728404002	
-0.29551846311823265	-0.03307991725415677	-0.31496020712487527	-0.11790661732399815	-0.4786273688567531	
0.0979315588938852	-0.05587390303188335	-0.0562324835900011	0.1030524987376917	0.044375166499526074	
-0.0715294069174276	0.10730585559266657	-0.020317952094121933	0.07020995784306586	0.047452791185875635	
-0.057088144667495976	0.03543372531951818	-0.08403612889055861	-0.0803131638083413	-0.29337160169813553	
-0.10390446707866834	-0.049119304031808884	-0.09738021933169483	-0.0769241485318556	-0.22306035920123937	
-0.13695485508853217	0.052346459995667484	-0.0327674606963812	-0.03182464127665496	-0.06306749910703315	
0.04171048936369239	0.09751751470159832	0.07834686288460953	-0.02316068965187835	0.056899547317377785	
-0.06323100899115844	-0.007146467925263697	0.024655332680031613	-0.06384574213273016	-0.09741005398829047	
0.1256466501026945	-0.06155631319333737	0.17701682816494274	0.10489665503743734	0.25360337374225356	
-0.08895637713263	-0.061851598264013964	0.03336791881015309	0.01674475863747856	-0.16181058699379994	
0.08726623240709347	0.07185730430544982	0.0863015645636242	0.07637623248348122	-0.047614441818102815	
-0.18633894787424168	-0.1117467732051399	-0.20362219723653455	-0.10107597871594534	-0.09358146158065919	
0.17688033183275004	0.048143697650469976	0.23329035204466714	0.02947216364652643	0.2084254842738543	
0.08801999737954597	0.12374785274553157	0.07368644594863666	-0.03465604185027415	0.15057723047217003	
-0.05880678742048978	0.07103829011275821	-0.03518218057047197	0.07873091586877312	-0.04352387136918303	
0.18952844531832538	-0.02635271343968961	0.11812998220885695	0.045729629509095295	0.21217037391308527	
-0.2743738627628139	-0.10133280139578744	-0.17602512847226212	-0.13130095782874476	-0.36569678951174883	
-0.13380684671753298	0.07575475103936397	-0.004886371437234754	-0.06725106843422107	-0.06490858184030113	
0.17538052802208365	-0.0318283312526479	0.12204132912551892	0.17130534409151707	0.24062224714293468	
-0.12215038086643273	-0.015641154237725906	-0.008411497142936713	0.030015967372925775	-0.13774825906705374	
-0.11329710014009053	-0.08520044073586627	0.03892162669488238	0.04748770781764698	0.10890416777521926	
-0.17868442117446134	0.09871564064262321	-0.15459913767230632	-0.04107803820101814	-0.1795890968203106	
0.0008903133507080639	0.03230371461426031	-0.12932498739967785	-0.13484095987597663	-0.1721426746470155	
-0.35166451716673197	-0.09194154336783525	-0.37802883741371945	-0.32147716195334314	-0.6486467739570498	
0.047694615925927226	-0.04530155986139368	0.042429961199498684	0.03586247461620119	0.1248199956427546	
0.059924628613985564	-0.06537461809140462	0.19329050298179476	0.12861735139377298	0.32563370932497016	
-0.17774042928893827	-0.14762556636238075	-0.3561916223393308	-0.17235475092762703	-0.3174507451962021	
-0.01170602453299987	0.008685359766154773	0.0037362563178483807	-0.01051191350838423	-0.23793685442200047	
0.1261643301630586	0.04983912725880797	0.15799924223787568	0.20417357852477896	0.2810932229108857	
-0.07643410488600193	0.10972183396377364	-0.0946196608424741	-0.0680669489579298	-0.1180809308970502	
-0.10602990406656855	-0.07692335589490014	-0.030981739896533415	0.03132713696346206	-0.22997582649772738	
-0.04590830493258896	-0.03123159484162872	-0.04997279060454032	0.08891264430865994	0.00558576761305407	
0.04858839371275428	0.030790777604935274	0.06936194121642301	0.08465979598533843	0.04978869075229063	
-0.03826013070381666	0.024305912928248314	0.04411004310308937	-0.028888270415513763	-0.021529928187163656	
-0.01641991269010515	-0.07548619275252708	-0.005162837807376974	0.017545198276695536	0.017511224374466873	
-0.12293815727390595	0.08363858014071003	0.008768833012627325	-0.04965589545354245	0.02402004459625084	
-0.03313240977724447	-0.11155105817911609	-0.09184311066516085	-0.04872236980277551	-0.017414723292470062	
-0.16620375540309232	0.07778628683957915	-0.08835461010291097	0.0289188991901764	-0.06850074911638815	
0.12367534966890045	0.03958634726413766	0.09346767117218716	0.02708869231360673	0.10662560639481586	
-0.09757292621511854	0.051597561911409955	-0.06489918957222131	-0.0629817514583646	-0.13462362508717965	
-0.07792847048638661	0.006419162317537686	-0.07224847077699825	-0.0712661335089717	-0.07631235440331642	
0.07008204611214375	-0.021578705370229125	0.045837327211333684	0.05049648128902231	0.20324271750190728	
0.01179894991738206	-0.04839920391560239	-0.01203164740683745	-0.011240729211825347	0.025557622470518626	
0.08689174273517893	0.08471645999369205	0.05524389873745117	-0.030514134022820796	-0.031161003534972965	
-0.18009607908266637	-0.021695248248885777	-0.1982268470495148	-0.08717496022403311	-0.3385609523932961	
-0.1067929579344637	0.03607085838911968	-0.07998024101373184	-0.057874793099301026	-0.18936171292224022	
-0.12659481738218015	-0.04174004313703823	-0.13102730104560104	0.0359544205030013	-0.14987098723848932	
-0.05515991743263839	0.07331149342523298	-0.07092110404407583	-0.014028564196980104	-0.1639873646705876	
0.07176163994593819	-0.012749660234378107	0.05016515829268633	0.0980048407405298	0.13113953745054563	
-0.03744805212240955	0.07825144128552941	-0.16989822662431203	-0.11804087280453379	-0.1881488835719672	
-0.06640456045216339	0.03304026707127405	-0.1708473348814247	-0.09199634751516064	-0.01782836206986067	
-0.1916705474244347	0.019222857993618888	-0.2255208862123906	-0.12816966251771844	-0.21436022269978947	
-0.04479131930853835	-0.061754208857601973	-0.024844178429661946	-0.001154749344609647	0.023240724201339075	
-0.24100355323150796	0.0421736975529052	-0.2523461406424005	-0.08494399867067613	-0.2206868019091125	
-0.07127739786076527	-0.03227975247659946	0.0815208343191119	0.09174233745270538	0.18137621737279813	
0.13983980601326826	0.09678559567642797	0.1341709020530306	0.12354288523990738	0.015724786782247816	
-0.0324363945291101	0.040966454479705025	-0.04309258444767875	0.045791332286546936	-0.2088010911238387	
0.06159791543957579	0.056716211919128685	-0.04594773389447465	-0.022931637212186946	-0.00955293970114936	
-0.02101225699777981	0.06771072152591365	0.01172257485705574	0.08177898424947193	0.1823470295583898	
-0.08724467667845398	-0.06278443345939946	0.04026378582993453	0.0030356961290111846	0.01110782778562344	
0.10724048999327886	0.10671367590202659	0.0842127499218829	0.06145281510456994	-0.10818351493979936	
-0.030245867674020512	-0.09971926559438928	-0.08376230496727574	0.008047504624728904	-0.10321323068256018	
-0.008304689916401709	0.07890516642952285	0.06519207251989743	0.08279562911218351	0.07482462051040556	
-0.002541463574372166	0.02432543895123588	0.1104196314353727	-0.026362627262027576	0.011210756073306866	
-0.060282175323634085	0.06731425243080677	-0.019596090525390665	-0.08274743975773828	-0.06905626954277581	
0.00822933505961827	0.06817914649340771	0.03179612090433566	-0.04746366553188476	0.04370615274815693	
-0.02333359675788933	-0.023870159704804998	-0.03735670662922242	-0.018410136508981604	-0.12009435192702941	
-0.016198888166232127	0.04689494083602834	-0.2301099739005044	-0.018282495267243442	-0.16295151791660525	
0.2081470959964048	-0.034229963820390966	0.057574159257629015	0.014453978000814298	0.1424491101506748	
-0.16512802982958316	0.028833075565932734	-0.03404322549733553	0.009364644751862217	-0.0707663828408019	
0.0307554784545189	0.08744271323345733	0.0753620234884275	0.1569461953473022	0.1562229165959333	
-0.08967040660452454	-0.08369164443936652	-0.16095581924989907	-0.0811459133502084	0.024814475902829314	
-0.09225460377717122	-0.0849838840015935	0.03205049692763024	-0.004003094765354662	-0.004649337406028714	
0.07487130306787046	0.010629344018629552	0.08565184053398371	0.09730704846605945	0.1964040893552876	
0.017724260079915524	0.08127924780657438	-0.07594390949824323	0.05549934673551341	-0.0187260619114091	
-0.011403322729302862	-0.08591980761634076	0.004470303464666334	-0.05015369622397251	-0.007659137784928405	
0.0017715542051726593	0.04636261882385463	-0.01722949554911232	-0.14062176090508638	-0.18617933917327745	
0.006260752525307294	0.029140073986689805	0.13916658629183215	0.1333153720344783	0.16022961747798034	
0.11927844708068208	0.09943768811322097	0.04266205067329487	0.018592505191326134	0.031751670155011215	
-0.06879495541790401	0.05898030721449482	-0.07400241480447099	-0.05818824173926685	0.07022496573239972	
-0.014693367230079116	0.10228363279788764	0.000565138972942336	0.04457354685662225	-0.04061617646309301	
-0.08780843940024345	-0.032918462565344295	-0.20081226051850942	-0.08176623130409937	-0.22212301155032235	
-0.18843940669752593	0.040161818571074245	-0.03574133203156062	-0.11974362254295148	-0.11390282730722974	
-0.13018152186674173	0.06530294942247863	-0.10426896114872818	0.006768067754153818	-0.09482030718235931	
-0.21535820005250794	-0.059751619559552445	-0.29767303253357247	-0.11579780114757594	-0.3652296001330631	
0.007746039065126249	0.08372196550652192	0.03800273649147587	-0.030861801591023544	-0.11730322235880168	
-0.033003974724350175	0.07085724250142035	-0.08010311599182653	-0.003210813531137966	-0.21825510722804106	
-0.17682027564106145	-0.057898172129296224	-0.12554689576545322	-0.10607756871538353	-0.08148482939584857	
0.06450976390333181	0.08478472725932898	0.005872639106326333	0.06798948131186862	0.01635212522637464	
-0.01046237720582228	-0.022723069495477657	-0.11107130861695416	-0.06640878409675245	0.013925305348181302	
0.046635359582367614	0.014515320373016513	-0.0438976053974403	0.03203509945622195	0.15832240393038116	
-0.017233367512948777	0.012052586808122143	0.003261339016313709	0.05302940328394909	-0.051491711547091076	
-0.10176038378293296	-0.07888132066074593	-0.11351075066895254	-0.038790091526337424	-0.028315000171200817	
0.10840102512493693	-0.05800090395854641	0.0747308926608886	0.04116577537971033	0.07382342777652776	
0.004614942629848085	0.04178904095192735	-0.01643447497698673	-0.09311112342341361	-0.11498045608101008	
0.024590452781822078	0.05141926393741412	0.01026635747749977	0.0044010629525063245	-0.038911130277441426	
-0.18016745041065022	0.04445820895414016	-0.11334552114977127	0.10231027353494633	-0.0885024400331522	
-0.07974588240349455	0.0023771720446530546	-0.010491484837289372	-0.009665533820971883	-0.1279891308350921	
0.03348609244217679	0.01514343838679082	0.09285982036053202	0.07899440530832791	0.022914050300870348	
-0.23692761738088788	-0.008859829068883527	-0.10823750790055386	-0.17433944288267464	-0.15492050843712435	
-0.09976317902388834	-0.01763107496993337	-0.04813185406482311	-0.01649963765542603	-0.37659892161878583	
-0.21815259207437668	0.04935202665975988	-0.17052607184216995	-0.09153901769004132	-0.2511358239928468	
-0.10648379716734205	-0.055390678622645066	-0.09904242430774853	-0.05164606611109221	-0.2095856113794132	
-0.08099517095183545	-0.06934185793195084	-0.08373048551985322	-0.13170375249988314	-0.1603511514606327	
0.017157007322651095	0.0727184800207538	0.007950559077517358	-0.02607946668746522	0.09263009176777791	
-0.08598294212732598	0.04737094732333249	0.001875503973583591	-0.06482008930013831	-0.16656966129400727	
-0.13475308698850436	-0.07678457116715118	-0.08844192270715887	-0.08918939985895724	-0.08421046550190214	
-0.029336469829581074	0.06493061416279504	-0.14026223539863633	-0.0692678894151874	-0.20103597109994525	
0.12481881707762073	0.0531095252860598	0.062471899894531016	0.00793457002045345	0.18002566589681213	
-0.035283791560081386	0.08524419330034105	0.031932699030180214	0.0027001012077095413	-0.02890220537569652	
0.046912828706850984	-0.06734021100750576	-0.11567160915755484	-0.031091345711023077	-0.047860722737171804	
-0.12778533248300677	0.047940530054431836	-0.12952740857083506	0.014174651721331637	-0.015934496606715223	
-0.08820347624082035	0.024626295120709088	0.03703919776277277	0.030306433085141523	0.01750850268736883	
-0.07687385620230282	0.046177352099702626	0.06703212269987485	-0.022359620913937815	0.04937080026765653	
-0.012339050534390422	0.08620187613503938	-0.00075088998157393	0.06303211041009586	0.08894570697663966	
-0.21962866130312356	0.06458589220597347	-0.10235540036139973	-0.05045049508249849	-0.07483878107892816	
-0.07518142656579951	-0.05993353859091359	-0.1273466440916449	-0.0070295524318891205	-0.17069266452915316	
0.0369500795590154	-0.08120600851820431	0.059474850484622546	-0.06455945937999034	0.11783847243015129	
-0.005243860991373587	0.02166877655644311	-0.0251733547871008	0.10382366194294951	0.08333133718446255	
0.006619775289540509	0.04253107491386979	-0.1189403107791181	-0.0018670973596791587	-0.1050532858874252	
-0.028172513853968385	0.03718082005481608	-0.1429129738495633	0.05100692764336137	-0.1599323311406885	
-0.1025214091509533	0.00018584040667137905	-0.17967392350490674	-0.04563440779067187	-0.1959709295694742	
0.06384870691470988	-0.04238505644930812	-0.1299224647342796	0.082476725668591	0.0638047199077439	
0.05527005035079699	0.002815194736608165	0.033745181475789345	0.05483153819545737	-0.0039306988845537304	
0.020642711357325476	0.06573132819940464	0.004146373123719073	0.0002906316403653087	0.0458756395374376	
-0.20391196340832365	0.05272983825741382	0.004255819651880592	-0.07983072686771137	-0.17710402794558475	
-0.06429260919841617	-0.03750045230353343	0.04305087214100448	0.0007713641642815112	-0.1906235635024953	
-0.0620718417510802	-0.04391350351884583	0.013231266929029928	-0.021258223475154846	0.049614598686859086	
-0.003856765256651707	0.07356554961114697	0.01922342293393253	-0.015616544714245301	0.13633248815768298	
-0.10855919834164533	-0.0043166447653979825	-0.08041683942262529	0.01702904936195914	0.037403235684932666	
-0.014614213406580024	0.05913200689008659	0.040085521598027245	0.07488309386201324	0.05845757462849295	
0.015998712403512815	0.09986568081961206	0.03132791314384705	0.09904895984959308	0.018769491804443005	
-0.05430473440000975	0.07097783004500904	-0.11928787889991133	0.010734884317899282	0.09951876173116636	
-0.11325146125606744	-0.05955417587307016	-0.01660708020116756	-0.0576539773741838	-0.04833943652154961	
-0.020004290245693085	0.08112435195174575	-0.06401902823126959	0.018547908210529016	-0.13438406293801666	
0.05103300295191066	-0.08455873904043187	-0.07026950339658526	0.06968653532348636	-0.1897835840780932	
0.12248247722563343	0.08300479682542106	0.023262449416065943	-0.004533338295949117	0.09858349386548708	
-0.030195471637186725	-0.06531347561553329	0.05415672432565078	0.08310289598515189	-0.09923269299867463	
0.06983825912907823	-0.007698434153228039	0.048031939014388826	-0.0018926619985113581	0.07687645905561308	
-0.16660669690490404	0.09267207779352965	-0.15295610156764294	-0.12331294424382723	-0.2807901206054807	
-0.1143953614624236	0.04204940949802003	-0.02225057750579496	0.03032217644037041	-0.24641853208218273	
-0.1514151790060591	0.03181642017935527	-0.14223868981962792	-0.0867214156296816	-0.21963735919108027	
-0.05780783351837729	-0.02867508964888629	-0.05708800097420575	0.010040162899087721	-0.018891757532842824	
0.05201987049720174	0.10912666749648507	0.032672133484056336	0.16895730972771794	0.13370896611506136	
0.0033198049155376886	0.062237761322403405	-0.0008674028050088968	-0.06125538945255766	0.008196021438426352	
0.05148458391320269	-0.03135435912503892	0.013209751840551783	0.03655302532803835	-0.11654841134046277	
0.15967237833477504	-0.027594529766006733	0.08184814727189955	0.06854933553007041	0.19782171469437984	
-0.07651974941327716	-0.07375778600001098	-0.13195475730568054	-0.0033856931883468524	-0.22206201557879623	
0.17367280524940024	-0.00804421096868932	0.08487194651901553	0.09810463256359578	0.05222066935035709	
-0.09871153648137981	0.003831425443669071	0.08307343634890746	-0.01159048965632715	0.03839292604573715	
-0.04680898495065195	-0.00773946675093792	-0.07073370545152075	0.08181862732851114	0.04456506683291442	
-0.001013920672396767	-0.05323833252572643	0.027132127512726444	-0.04302418522894714	-0.031169098679265587	
0.01024022702749143	-0.006579890527043138	-0.06630440205136495	0.06064531261724613	0.08416430747232881	
0.09516490026249023	0.0610142810278787	-0.015880440890588005	-0.007747343232338979	0.08397883874265809	
0.11146351181405076	-0.039836629682334444	0.021940997459256012	0.03808424984640409	0.05620595219209928	
0.020076966465424863	0.008778215226198014	0.031117894720964837	0.14330372160095484	0.1479762150592911	
-0.31635878410301177	-0.053542820849901064	-0.34703563986316227	-0.2002234935004434	-0.42049412283623955	
-0.13279467104125592	-0.024867038944024606	-0.1910309204036254	-0.2038841491172149	-0.2535724739171335	
0.22096377909039494	0.1270494562106087	0.13509609658008864	0.005237169938468743	0.17615620674906535	
-0.22842370973545775	-0.062032872794530874	-0.24539313164099638	-0.13194011465335742	-0.22433126159971814	
0.13429131526212193	0.02936307655152544	0.16077978180923472	-0.027758569763766353	0.18847895609651585	
-0.12576870274574645	-0.04604086095284616	-0.06163610645876936	-0.07785045589365197	-0.03680009438416764	
-0.17831764860128543	-0.030154790149571845	-0.1912531795251043	0.007514921792358849	-0.11438050375306087	
-0.19596058561930027	-0.07654309273195176	-0.13496533177961037	-0.12540471356690736	-0.18312860737839284	
0.11411675859182725	0.0499385918349519	0.0017341781405792436	0.12797716975139548	0.12641107957589975	
-0.046388213611744944	0.015604530690904178	-0.005161989021548949	0.007358396887063865	0.06092970414080786	
-0.3852949392804024	-0.016448914496825763	-0.32569325568647095	-0.15530378403007386	-0.490144467113789	
0.016004944553953654	0.07331751470929099	-0.003759099540240136	0.08471860703229131	0.09055121523780689	
-1.080568043230553	0.12241869511056432	-1.0176418797353641	-0.4832544529441529	-1.8511327764955239	
1.260653771921653	
