TESTRUNID EPOCH: 98 L_PCC: 0.8424693626581199 L_ERR: 0.00452436788508959 T_PCC: 0.592721130212082 T_ERR: 0.009666727185854334
180 LAYER: 1
5 LAYER: 2
1 LAYER: 3
98 :ILEARN
0.1000898375297618	0.05158012468848441	0.023198740657407627	0.04381780065973373	0.07889187427022515	
0.10369085376304406	-0.05192722117780425	0.16181295840290355	0.09017456969691488	0.2793709110366802	
-0.17790685892670302	0.04949274074569916	-0.23985386210958898	0.013606361695710566	-0.324529129177823	
-0.20097531270330046	-0.0038600276700671158	-0.2959065754607356	-0.16517017179363472	-0.42915655464400887	
0.1310274229374755	0.07048818135525466	0.015559408809673079	0.07670429883279942	0.15032332434233953	
0.016172806473576506	-0.060357248631599775	-0.19062086313660018	-0.07528004282618066	-0.01996774064507585	
-0.34573372602868413	0.011019714445705686	-0.25317945641435863	-0.11515936737669048	-0.402416254437669	
0.07097347397389099	0.03478608893567612	0.17458622695467438	-0.015305076231691694	0.20655410349437026	
-0.06491271640586256	0.04666830748837995	-0.2202849500254912	-0.02648225220953146	-0.2676256296408684	
0.04064070083591756	0.07045696257432486	0.002377848613117582	-0.015910350734183783	-0.032785477767876714	
-0.13136213126956103	0.016986377522477076	-0.13506831403625819	-0.07529442738096749	-0.0715159606819665	
0.17718492215179318	0.018991464951187746	0.2096557757696101	0.1702079057634751	0.4271925004555625	
-0.22696866741785743	-0.007694894293922075	-0.1673646246638195	-0.09540232602999042	-0.30119605363233576	
-0.25670442706834956	-0.014038214914889859	-0.256549119372826	-0.07544926346657183	-0.3611847124104125	
0.08739704548106243	-0.07305239748443391	-0.09372838205205374	0.09344827299333298	-0.03583855283148358	
-0.09220701222237535	0.096277538362167	-0.0611901753710626	0.063199637658048	-0.01513923452607294	
-0.10213458890906718	0.04503858700765749	-0.1629401357794865	-0.09637310703870781	-0.3617506564296736	
-0.1153846803880835	-0.044587151326348724	-0.1241981760330536	-0.04406976038208603	-0.23818744380970086	
-0.21499648773693122	0.053087274675844454	-0.10473255165213151	-0.06790347404811903	-0.15123040416569158	
0.019042848978786463	0.07839538867291493	0.08144004551584205	-0.05539391304170345	0.08246715382746567	
-0.06727656887588866	-0.03252592933223084	0.07817211760522315	-0.035416934046404135	0.01623818913691922	
0.10526626115943198	-0.07611203139333078	0.16204868427619035	0.10263600029853492	0.20635283636898213	
-0.16638890431415435	-0.05977066660216313	-0.03745018008814332	0.0033176514977569793	-0.25525064328702224	
0.05838418381066	0.05791990876728489	0.06609210410994455	0.06959201493141755	-0.08334275979382705	
-0.16953679181940912	-0.12491305381410965	-0.2059746911630714	-0.06427554718605809	-0.05286012450969333	
0.10899662748388408	0.029702907504188896	0.17669778369727465	-0.006226036616235345	0.11551064041260072	
0.12597422227143304	0.10493069293702077	0.12428945414693889	-0.013867874474667701	0.2100627017508863	
-0.1335189540368367	0.04658695340614792	-0.09803461428426723	0.05585090507940181	-0.10608929285042237	
0.21507355085849594	-0.052074504967454964	0.16008428052033605	0.05102619163562693	0.2260324154473446	
-0.27501273481073035	-0.08341794170276734	-0.2230655952846824	-0.13018762564472547	-0.41144225293427106	
-0.09288941750297475	0.07089097887988047	-0.020146082277655967	-0.06832492179301822	-0.07301066036834383	
0.12305502116384581	-0.04930980116483147	0.08471765071134761	0.14824491584486202	0.1741756392607679	
-0.23156980047836745	0.0025045810539372298	-0.19049642949794907	-0.03600003610220187	-0.3549043121769515	
-0.03448886683905584	-0.09764822393959072	0.07916038573550259	0.07401608111586289	0.12402547232318523	
-0.11353126481868894	0.10972599538336432	-0.10284128760723307	-0.04755856315212281	-0.11787060297048188	
-0.13266915554205183	0.042056436663253	-0.24289022715760777	-0.15852955354105572	-0.3022716940898165	
-0.31073705639226357	-0.04221850740848011	-0.34083336543194326	-0.25327537380898096	-0.578307055906346	
0.07902799796593889	-0.06663561840663004	0.04618724125547628	0.044484370484057	0.10551207981245116	
0.04600618299748876	-0.07765021317023216	0.17478063116913356	0.11682737532595737	0.25257547550255327	
-0.14414695015461848	-0.12350665094449846	-0.35219897937466477	-0.13541345196276697	-0.28123780854745917	
-0.003610462360761074	-0.002225648149545928	0.010559668514645655	-0.001752254512529272	-0.1917583854799872	
0.13886733520679165	0.009799590044138419	0.13701762097881132	0.18165040887419928	0.2682143758292019	
-0.07936326529086832	0.09763907218556943	-0.13621464292273341	-0.06997608767050569	-0.1313304485048936	
-0.08435066210126282	-0.07176136673454324	-0.02985723940116659	0.07082920984699563	-0.1864200286592503	
-0.03040417760632481	-0.05915762230874467	-0.046915708355558736	0.09191657911045242	-0.010261433550476734	
-0.018204596533067923	0.02718257248397804	-0.047633661662227995	0.038927287582303606	-0.07132433379045211	
-0.030056317511021315	0.019341352046743435	0.02104325866648417	-0.025550324363920365	-0.0433922227097547	
-0.13489767990558685	-0.0936533574294543	-0.15432916841998176	-0.036510824744078185	-0.17029013433108434	
-0.021884543068543538	0.06571430537359922	0.03536748416069443	-0.03300615195780632	0.10670193078626544	
0.011933070198827085	-0.11103060082033538	-0.018898176040678484	-0.00630802098714931	0.053435336065899015	
-0.2444435766988904	0.0954791750988163	-0.19386463123803394	0.001189871126704015	-0.2502382795238505	
0.09536325624288745	0.01843117277787678	0.038143889526706554	-0.00028690721292940895	0.041285463537307686	
-0.1618972604207362	0.07003997986269879	-0.16782625042655733	-0.09142028731840789	-0.2675554203296128	
-0.012394170266866683	0.014019590296134905	-0.008513928733804129	-0.04509875873999111	-0.03544152976266219	
0.09172778381605337	-0.037273885079107325	0.08263478862897985	0.05182881521807463	0.21764345467911705	
-0.018807097601290547	-0.06006465995740069	-0.068623723885918	-0.027794949957397404	-0.029088658044146606	
0.10346064250743678	0.07209177597384048	0.06039042673113689	-0.025523188260499385	-0.024468764996188642	
-0.15541964549217394	-0.01329188365599008	-0.21449205613275907	-0.10044528544217322	-0.2965976360267516	
-0.07696334968435206	0.04283624481277445	-0.07417004935343091	-0.060720261486870486	-0.1687413793511211	
-0.06264037299561266	-0.050972914409829005	-0.0408497288291115	0.08106987893287894	-0.04290365977924445	
0.04704585558583547	0.07953865276454787	-0.0004501535593401452	0.011840821144906295	-0.08736174563267399	
0.2231393425251786	-0.04758701453074231	0.1833834650167259	0.13557329667360796	0.26813392673324776	
-0.000603190026181036	0.09833898166016244	-0.21203365075100847	-0.12184075764038597	-0.2573893624291529	
-0.040633266392391315	0.03462483359584349	-0.22124906469587188	-0.11478968797430503	-0.07990089258350336	
-0.17252544957794094	0.027992818578350894	-0.2525097584007564	-0.11544846636259509	-0.274034888298912	
-0.0202625369121016	-0.06148344607463636	-0.07128308537955706	-0.014353997389390243	-0.05642965032829683	
-0.19222392471063957	0.0467423440452086	-0.2695178817813943	-0.08384533467213211	-0.22488974414868118	
0.07029218347762901	-0.026282124876776662	0.2038500137021557	0.14142816220019758	0.2505711527130596	
0.04835730525722669	0.08975717640452753	0.01946250330650817	0.06653140456429597	-0.18125580790545628	
-0.05386013105222133	0.031796470318674476	-0.055146596896924575	0.0653904928340123	-0.16682233196348195	
0.07225823183176852	0.02376331807736396	0.003878933881592634	0.00039208201083282555	0.08973286165277422	
0.057362522242783945	0.05753702379684646	0.04224615352393985	0.09199006736118075	0.20227839476357926	
-0.076628118069434	-0.0744319737742192	0.05199793367116716	0.0245328847711547	0.058567529711886473	
0.044389495045680016	0.06334325292996182	0.12779040193805724	0.07363025020892652	-0.06548688439404228	
-0.11832688666124251	-0.10570206928211778	-0.1914452986706893	-0.0347257917871999	-0.1855151576035854	
-0.026193373445923745	0.08395961702094341	-0.009579171817282397	0.03548085105546655	-0.09728122030698615	
0.030836537743212794	0.01264199027532403	0.12028297048087545	-0.03521838987117827	0.003271355670600438	
-0.13878612422707293	0.042548323540803804	-0.10356725317894563	-0.09837756845343956	-0.16781947693688004	
-0.0532359866422908	0.04427443982979745	0.01566248924106568	-0.054402901706476	0.0029203770672313976	
-0.020989388286117974	-0.028024962371570167	-0.04445069469053095	-0.00040795667895241405	-0.08533375712779831	
0.03572162291896935	0.0627754171081441	-0.16075136641308418	0.02464750148290125	-0.08812454183698247	
0.2729453458493586	-0.05994546274086015	0.13115210604082886	0.01996407525692613	0.21413638469817534	
-0.13034209881638376	0.03759137762143581	-0.03455626092381595	-0.0010013284673870153	-0.07661395759099421	
-0.014838769152354584	0.06708825964743913	-0.0455662667172866	0.0761243412074451	-0.03275297832342734	
-0.030384788932481383	-0.10732073671931378	-0.03483536523696961	-0.046575879192992865	0.1440070616418925	
-0.04779554557130979	-0.09636618081095369	0.06602227323546987	-0.0024288465765040764	0.015265465271635284	
0.06743663831072914	-0.01292294039406985	0.034829000715324895	0.047344060419196546	0.10002161320421744	
0.015267049335388267	0.0742731239235351	-0.10665323983492338	0.04677802902699631	-0.031038095381117355	
-0.029572164362258353	-0.10723902465841566	-0.051499815910648936	-0.104257074699845	-0.06294932574527043	
-0.012391050430584263	0.05198812014006089	0.0027342686883501523	-0.09722295749280856	-0.20331659999979093	
0.04321701091532023	0.0026773484467000875	0.20500283646193856	0.17326284637867193	0.21332771796313202	
0.1899864090517999	0.08122283401827447	0.11234526643156564	0.022063090414667683	0.10674017285447682	
-0.010510564927364545	0.045840902058496856	0.025552102041770757	-0.0008254664866188483	0.1620126617941269	
-0.16842722087973203	0.07732738781625761	-0.19513119216040087	-0.022781827269070833	-0.1924044807338417	
-0.005668491316653653	-0.026847612900308442	-0.13802024254326012	-0.032649410518265365	-0.11816377427501382	
-0.1297219151005379	0.05252828793979688	0.028917035072669437	-0.1044240643319244	-0.06042755894775009	
-0.02635661909424332	0.07764058337614263	0.015276938857791494	0.05558007442279953	0.0014266819416749676	
-0.16031962690531848	-0.06521991367896995	-0.3205801348084964	-0.06446899151416469	-0.291555294286144	
-0.08715491003937861	0.047452103844958016	-0.05926399196862678	-0.06717538348825795	-0.1465644119443889	
-0.014833302973186732	0.08407694946690483	-0.01463038317084148	0.05830907974658863	-0.1977809181218553	
-0.1123558249193461	-0.05443272494081386	-0.06736283398666794	-0.08050920202374942	-0.00828064811074227	
0.04453998677702757	0.05612709310223728	-0.04913504345943217	0.07654787790841215	0.018906385134230885	
-0.07644517090150897	-0.014636610056103524	-0.22913746926077735	-0.09843927885384361	-0.1280341719624031	
0.03063683932407553	0.005033682540428123	-0.09402255437068484	0.015626109954832358	0.0831363747026395	
-0.03243019513072807	0.010837665731398376	0.003953205147856754	0.04420267423615899	-0.09616089881981593	
-0.1524842326922846	-0.07916436771430652	-0.21745832649153998	-0.06160635777174325	-0.1417443623602669	
0.11361857896322872	-0.06843499633285448	0.05727925515561546	0.0517153352761535	0.054713623608401735	
0.06191301961571683	0.039517233090532906	0.02015606307644743	-0.08188184252922188	-0.052979319321760684	
-0.05657796001284835	0.04494264910603655	-0.13460215602083778	-0.032614571063845195	-0.13455585552926674	
-0.13825846676118222	0.03507980350414704	-0.07902887339469	0.09638064587169227	-0.08960601514248948	
-0.13072368577306617	-0.005280265125166595	-0.07649206032805968	-0.043349617514731334	-0.2267040207251195	
-0.011302098406888457	-0.00022241687091644835	0.011394136843790752	0.061504605599840716	-0.054569449418991674	
-0.24007200883421292	0.007525921857205685	-0.14171217973682915	-0.18143709826160873	-0.17505203084207266	
-0.006741368137870797	-0.04020748035168223	0.09526630096489927	0.05798301984936234	-0.15224385865846762	
-0.09468699215436978	0.07112472041063111	-0.059926251787118606	-0.01325613635489035	-0.10603804753073906	
-0.08687796831203284	-0.03971940802052949	-0.09868953226621804	-0.029140353191789432	-0.17437401751091508	
-0.10394972830266222	-0.0511355970935997	-0.1288636764696206	-0.1281831776029252	-0.19368061616618235	
-0.034565935858006665	0.04858297350067436	-0.05754218438946888	-0.03818222007333529	-0.013065040650932619	
-0.04140747189938019	0.03068973400972397	0.05401601436211914	-0.02746742717090678	-0.05815129404245049	
-0.08555176887740136	-0.08550351080962747	-0.04708425348482918	-0.08989771297085959	-0.08009799239736298	
-0.0614856139887321	0.058845838433689006	-0.2378352881338722	-0.09041123064305961	-0.20973008569451548	
0.19359982424465716	0.040781295670305716	0.08879210339661239	0.017490425955743447	0.19413762431473827	
-0.05683974763891785	0.08799205967303193	-0.05501971795489408	-0.026901875535362066	-0.1479374348245802	
0.1754293452369898	-0.07450184421722515	-0.03868504953477235	0.022611484831299163	0.058079876003805354	
-0.10868800085082936	0.028853451660866735	-0.1206612210150669	0.03851227811012717	-0.012456055345275514	
-0.07905099051261832	0.020279878950625056	-0.02591960560239978	0.011454869505912513	-0.05957673019332933	
0.02074547380976657	0.04118416914287115	0.11538807771984591	0.008499069053612139	0.11774054968993043	
-0.11695351687057032	0.06291033213185554	-0.1974311001143503	-0.030925894415600653	-0.147555995170573	
-0.147452277563908	0.08273617116682622	-0.10061767806426773	-0.05560467476278248	-0.09008926260930755	
-0.19760969430875341	-0.07310333187264219	-0.16611644975646417	-0.01574166062743885	-0.1951762835256185	
-0.0233063100885341	-0.10118977244827058	0.09593124626136944	-0.05326506546217377	0.13665265177216374	
0.03989833906980162	0.010495285978495285	-0.0310046968411302	0.09631802077090915	0.05490750111178427	
-0.09782303889125953	0.03642370752125776	-0.16344936232027546	-0.021747506203487182	-0.1650881887623215	
0.023901050690259485	0.04224667617038982	-0.03830350683319258	0.07706462201983146	-0.07915621428923356	
-0.08435056335658893	0.01151248882739304	-0.2051596553926389	-0.04659423822246699	-0.21992362239242544	
0.1214264320922217	-0.0500401650103839	-0.12540246156126558	0.10100483543402473	0.09414808980062882	
0.06184699033508256	-0.005681527855376902	0.04125630480799077	0.07246915253494803	0.004926575404404097	
0.09205348567532527	0.04426990855527324	0.02487940697270619	0.018423082246633464	0.06925504138600748	
-0.14920330830882356	0.0609403598216183	0.06590021653431466	-0.06207440606479976	-0.11632075686336416	
-0.168286575296733	-0.053963564970133965	0.009915007560419666	0.003233276871679632	-0.18377281760407152	
-0.09135087980537235	-0.033412676241524254	-0.025127659073719836	-0.03609985185078748	-0.0786987669634118	
0.036480835634699955	0.055830293776761165	0.020730291496015706	-0.019126204326641326	0.13054962552914853	
-0.02736540712015593	-0.007320457010957964	-0.0854265470026631	0.025999423174901733	0.036522001141054666	
0.135352418340095	0.03148381265166739	0.09422342914859624	0.10138128269476396	0.10495910036444142	
0.04518084946270199	0.07710062758543791	0.0685532824560323	0.11582714161772226	0.05274993813709941	
-0.013839580885069373	0.06819339991973482	-0.12616771176845404	0.0027444825839334037	0.04611001067428899	
-0.06789760881437855	-0.061563082619521196	-0.028425077510496034	-0.06431724891046804	-0.10937490403401295	
-0.0008974268647629582	0.09146012482081121	-0.1271439649122757	0.027471785743892738	-0.21574789801305133	
0.07489274595979671	-0.10166262577691727	-0.08611169523393232	0.06651119340320474	-0.16585412926749618	
0.10045789323806856	0.06260644723844834	0.07591044679356483	0.00941352939671588	0.17282647156730413	
-0.1434676128067255	-0.06543345803931631	-0.015766657558326524	0.05099832506165994	-0.1419500532705259	
0.09118355400790192	-0.017744877634079868	0.029556576525708134	-0.006680520483936654	0.027061136227514663	
-0.13796950270028482	0.09732516503283485	-0.09510505117176606	-0.09098809675962218	-0.1490012720573582	
-0.2583686950858413	0.024510639084894908	-0.08736275550961241	0.003867075301463213	-0.22386925645356884	
-0.09084339954230315	0.04232322917987024	-0.12932473416918325	-0.061551262763002955	-0.24968734665346207	
0.025788314685050714	-0.038464965397036185	-0.009770263040581142	0.02681661496380138	0.0337575731296038	
0.11999995248933118	0.0911488042204519	0.11553132071170517	0.1820972736188639	0.2237864958107384	
-0.020696656449982295	0.04541908280470456	0.0019449200238481124	-0.060267700150824555	0.018696006709809605	
-0.03988632530453965	-0.055235804408598155	-0.032080816628398345	0.015305368669695436	-0.08350304229359118	
0.15871424523810176	-0.05180935487154225	0.15651041145133116	0.0829958404200309	0.26602758383874736	
-0.08356689803462654	-0.06044371258930023	-0.17894755495234288	-0.0036639564835362474	-0.2740817078654664	
0.07286713324772923	-0.019874005879330463	-0.027998212295245736	0.061292493699098394	-0.11738398191560452	
-0.00881183085881703	-0.02420853783993806	0.1652978619535325	0.03595050160381062	0.16216398394740347	
0.028782019851371014	-0.04481021501427194	0.0007285262511302211	0.1225739557319449	0.1454697848288336	
0.10969905437664658	-0.07155944827589436	0.09691899642230109	-0.007795570170635459	0.09132143088291006	
0.05714477399722945	-0.022488001377725407	-0.008022937094416992	0.0971358935926144	0.14674807651943703	
0.08832923231663474	0.03825066686184673	-0.031247807883389947	-0.005324283147379237	0.05613722931256263	
0.12239472535176649	-0.0643799359426158	0.028846890721116406	0.04180680575147385	0.03573597470860552	
0.054583099405256914	-0.010216814765175743	0.06926174454259432	0.1688719981805722	0.17459191381554903	
-0.3235897677975984	-0.02551693049175703	-0.3880021076762402	-0.20823033399180368	-0.4430010301947361	
-0.09554296580331137	0.0018873193441750298	-0.13218044307701313	-0.17680456269281417	-0.2053051830439446	
0.11173158382571075	0.10864201479487845	0.03116103363162125	-0.031974795089762684	0.020644131313908413	
-0.10589082563827354	-0.034639904765548436	-0.10675755264242674	-0.058693237735135656	-0.056277437666724384	
0.11384845840440425	0.026871770482278574	0.15243047122298928	-0.045779657859970735	0.1458733339890812	
-0.08034966611639136	-0.0671738197773914	-0.03735510643899243	-0.05262113299521927	0.00457047040336283	
-0.03552794515424606	-0.044173383038842405	-0.05649769553735244	0.08561407904981383	0.09245239678988829	
-0.05391031248593184	-0.0780293651024443	-0.013134650576988592	-0.053165280001699795	0.02869835780650175	
0.1832088638758062	0.02824355382717239	0.0555342019462831	0.1547657044192667	0.20868180034663145	
-0.026568013231785162	0.02296548999567886	0.0012618791996351002	0.019997776450733674	0.06882595678931622	
-0.4123522600698159	0.021932075582123737	-0.42273833596464544	-0.1754731199071162	-0.5600483259166137	
-0.01917935642390978	0.10874030833640012	0.004292626286296004	0.07214694198156399	0.1051514793352073	
-1.0514932085149904	0.37774804447190147	-1.2056675969052881	-0.4196378835609638	-1.9275325205486198	
1.2717464956897646	
