TESTRUNID EPOCH: 92 L_PCC: 0.8350132954367048 L_ERR: 0.004731353015805811 T_PCC: 0.7116160096920484 T_ERR: 0.007270872513902105
180 LAYER: 1
5 LAYER: 2
1 LAYER: 3
92 :ILEARN
0.09877682539916982	0.05240075951523565	0.023104894319056286	0.04347603260834808	0.07574205571999675	
0.09832392653576019	-0.050725926422869834	0.1593571011997707	0.08937723826248553	0.2701987340363748	
-0.1736846307433026	0.048871518271451524	-0.23287123971325943	0.014765376416704333	-0.3198348865063371	
-0.19497747491352796	-0.004414664943213081	-0.2842973564200339	-0.16318640018388206	-0.4190837503966476	
0.1246520789366475	0.07507652560535312	0.011424780139578067	0.07431377372464408	0.13936675362116152	
0.020115946980765187	-0.06262503624904922	-0.1797166893635763	-0.07310884714208236	-0.00995688622925338	
-0.33440664417031646	0.007124437519810816	-0.23551959230129366	-0.11092384004317574	-0.3800228466850105	
0.06845314234748048	0.03696098522860171	0.17300708896045328	-0.016112001216719966	0.19976038174138366	
-0.0632927374600444	0.04614536291931723	-0.21395316450789495	-0.026462627983914182	-0.2662928566904155	
0.0402591173160239	0.07232928655220063	0.0028411031233195696	-0.015419746672803259	-0.03135778929957465	
-0.13349020902582376	0.01861024155751969	-0.133866439065336	-0.0756619004447492	-0.07073527254323111	
0.16611897501527859	0.022287449790718245	0.20087948690498533	0.1671698979501468	0.40962025395399737	
-0.2211897815252532	-0.010714162934925628	-0.15445176844256245	-0.09232326357014596	-0.28764861720475643	
-0.25006794897876283	-0.012860933687032169	-0.2577238974465481	-0.07577529711889411	-0.35180018630862425	
0.0866156984189332	-0.07095910696370372	-0.09137904280573461	0.09278505245151988	-0.03713274936437231	
-0.09024730983651003	0.09624105677841178	-0.057943845260390425	0.06317480330336757	-0.011766022024564438	
-0.09124652206752694	0.04208275888053324	-0.1489361763670783	-0.09348778859632585	-0.3409014990763368	
-0.10943663208248233	-0.044206188546177416	-0.12094926927150598	-0.04428949168424684	-0.2271602087129874	
-0.21457530879751777	0.05476140808594663	-0.10946350320422255	-0.06942489951345382	-0.15406203851592548	
0.01960949153379158	0.07962961051078345	0.08336961069632677	-0.054529961931806425	0.08561792332470429	
-0.07349151478883763	-0.026877688108583445	0.0629915796080922	-0.040244711669848644	0.005476896000755444	
0.10668456637743852	-0.07616454980282504	0.16407220577248416	0.10495273531046842	0.20375760213160907	
-0.16183389369900997	-0.06059669785524859	-0.03320784752114755	0.005956241558649721	-0.2512163025072048	
0.05927734167377495	0.05915509367354018	0.06781939440578862	0.07108433538038546	-0.08465651983359022	
-0.1697037798296128	-0.12192778515523849	-0.2040183488418714	-0.0664923323705808	-0.0500855282677884	
0.10940256712041124	0.029486108868129923	0.17521996869519466	-0.004091982320357855	0.10987776349350226	
0.12548819581970064	0.10619517004627324	0.12224175515760921	-0.01285330610178978	0.20519803779590715	
-0.13138850194458318	0.04901897229661247	-0.09893752785495785	0.05572624028524681	-0.10165908351214242	
0.2131972594588265	-0.051668026718847494	0.15418443219510783	0.0532815493340109	0.21306284049100263	
-0.27657487989706325	-0.08258923893185262	-0.218862160622478	-0.13233750245776887	-0.40862161424040794	
-0.09295603122220095	0.0720929342120627	-0.013528081290278885	-0.07016332828651453	-0.06729408625595582	
0.122300628541039	-0.04853872531874294	0.08312596289043692	0.14954350671012506	0.1684929954749751	
-0.2221791122975311	-0.0011610424864424889	-0.17762761854275716	-0.03342170583557887	-0.3373018374888826	
-0.03693105909384416	-0.09556291898264502	0.08129060349300908	0.07215320423298248	0.12161975856256421	
-0.1091440310325687	0.10878877721017167	-0.10027663647058763	-0.04470982425166223	-0.11122978394451442	
-0.1270906955950657	0.041156395507951075	-0.23785774203505353	-0.15678967788910708	-0.29490802672353894	
-0.2981217912532211	-0.046315540220216125	-0.324398117545184	-0.24955425876685855	-0.5553087023918087	
0.08011213966109845	-0.0646071206874997	0.048966288241186234	0.04454785039555265	0.10592983044938091	
0.044862288074407904	-0.07733992454303454	0.17363666885025988	0.11727101382446256	0.24525417651204884	
-0.14491809374430967	-0.12284548468872905	-0.3486686704377025	-0.1374344492730882	-0.2777894063750846	
-0.0013025742408841537	-0.0001715790493037669	0.008828629355587606	-0.002657680902145022	-0.1864427892796352	
0.13229437058477525	0.013392522069878206	0.13027339475448513	0.17937947472844648	0.2590094651182189	
-0.07826635339815777	0.09808250053753613	-0.1337689878536395	-0.06954075426783447	-0.1324137551849444	
-0.07988325707674862	-0.0735977255814588	-0.020117704933888595	0.0727545254628899	-0.18271442195544343	
-0.035586781120037686	-0.05461651031736056	-0.05183630521196358	0.08945507527962246	-0.016136050312361292	
-0.013432780243366922	0.025897297440428457	-0.04137472710319708	0.04082759043444027	-0.06537972672131959	
-0.0278079563850473	0.01903502615448419	0.02462611137442761	-0.024342755661080854	-0.04131963752565859	
-0.12691266317989297	-0.09321129091209063	-0.14503866347794647	-0.035037012190842744	-0.15869412346885337	
-0.02535306372824618	0.06815537473723952	0.0319839966884132	-0.0341860771094817	0.09725238043375724	
0.009183289990430702	-0.10911437574072466	-0.021634083498809905	-0.007220816978740368	0.050903417822703224	
-0.23789460022881617	0.09392362802385121	-0.18454355380944146	0.00372503417633297	-0.2345439396460864	
0.09553829018167585	0.019374717724723906	0.03858966518537101	-2.6268243231550196e-05	0.04184197304761911	
-0.15556558486423075	0.06825385793846553	-0.16073523598029468	-0.08896371818600562	-0.25372306180111176	
-0.01528872102213642	0.01522221849428611	-0.008945824015487495	-0.045732342419622166	-0.036155045729222055	
0.09052086952040622	-0.035844599095619795	0.08296046684934746	0.05153003188357766	0.21574051369745748	
-0.018028659023343618	-0.059179829305022094	-0.06816586621833687	-0.028039721260555987	-0.027864360577462558	
0.09940610497958731	0.07434555330519024	0.05502185333150537	-0.026935809093454784	-0.030351704075547475	
-0.15164682374087965	-0.01197479784098021	-0.20785802641148698	-0.09942811750170649	-0.28994737223797334	
-0.07520448910463748	0.04239070313115592	-0.07018863425645246	-0.06014220403549988	-0.1614393527216485	
-0.06722652691946877	-0.04787592431252322	-0.04675285980418308	0.07911748784768471	-0.04816785670191379	
0.04729144627864467	0.07945080023097682	0.004003064214418912	0.012551106836622857	-0.0853671339485009	
0.21192138581869158	-0.04228298900208653	0.17320794799713543	0.13217503029084976	0.25021138876983323	
0.003868073293993264	0.0961592459931329	-0.19976810663593775	-0.11981745469859907	-0.24522692827071535	
-0.04976917802227058	0.03589525418917678	-0.22120064845227602	-0.11744410623115327	-0.08972004808235963	
-0.16411583102646607	0.028091413460910725	-0.2407788010409351	-0.1129874495685205	-0.25602424986851996	
-0.020663075922774485	-0.06248433503244034	-0.06495487909132126	-0.013384147478823416	-0.053464027056507525	
-0.19145039685202045	0.04654228550395908	-0.2645796301713947	-0.08307833851238078	-0.21828344347188175	
0.0681858119748652	-0.02659694721859403	0.20915951508723327	0.1421407845466003	0.24653187485463665	
0.0512056312571111	0.0907093021847928	0.02153974416609518	0.06764684503991182	-0.1738710344884859	
-0.051403820497153946	0.033603420482355595	-0.052867350267329055	0.06522243419539411	-0.16424985643907572	
0.07020781108768821	0.028163279992455287	-0.0026701026535954748	-0.0015100693801818926	0.08206568350170498	
0.05241895130831007	0.05883871574672116	0.042473509287784095	0.09130486924382825	0.19601227218537579	
-0.07250730455891148	-0.07359617816451568	0.054988770036649044	0.025470433039772346	0.06365321399082277	
0.04535482454680338	0.07045433148490851	0.1130943574154246	0.07090143305291709	-0.06550891868879982	
-0.11921910757848851	-0.10676915409363769	-0.1879318845133236	-0.03445984640204844	-0.18952608410205754	
-0.024118909650838426	0.0827218752048491	-0.0012682954182059432	0.03659422981319036	-0.09051712217222	
0.027570791625542664	0.01400531665589338	0.11981663551548093	-0.0362603721905289	-0.0013614059898544744	
-0.13204495407855021	0.04340077313703339	-0.10009248606094837	-0.09648537240220045	-0.15790374153186043	
-0.05213625046082624	0.04825268062282453	0.007336394307061916	-0.055478128651286734	0.004407782397351082	
-0.01813483987363201	-0.026828547629159923	-0.04052808406192545	-0.00011294667241067507	-0.08102225996049024	
0.03936574445660888	0.06287267782717783	-0.15729432066781035	0.02598599838030997	-0.08280237433488702	
0.26721819029269844	-0.05642385131131761	0.12487664474116919	0.017851977403803464	0.20567439831461581	
-0.12822474533491904	0.036620042752936045	-0.03143941633858865	0.00032176907617307063	-0.07312528230955453	
-0.01777586612501051	0.06910272254613482	-0.04671771764990189	0.07560925983637344	-0.03524171902222901	
-0.03225618280335804	-0.10364049174610317	-0.04082611362177627	-0.04725449537410198	0.1311019772093055	
-0.04832269518438456	-0.09504420315793048	0.0640284733568049	-0.0028836300524211515	0.017523851629913514	
0.0640773070903618	-0.010695770289271473	0.03380841833803982	0.046272291131564114	0.09929336517387982	
0.01314570123861779	0.07545106936082897	-0.10856309563708988	0.046593877920071185	-0.035774599123045155	
-0.027751794636210962	-0.10542212040847045	-0.05008923472365254	-0.10548001148319108	-0.0544929846173952	
-0.010032269909128028	0.05331256706807624	0.006089142973548246	-0.09612710644902638	-0.20163051373350763	
0.03751150005557116	0.0068403111208744745	0.20027728559138247	0.17084207857866404	0.20212726282909382	
0.18526866610400064	0.08376279047724872	0.10633382485945624	0.020933559513642255	0.09838605300142866	
-0.015370188814314458	0.04916767958018295	0.019639437160698152	-0.0030336069980780246	0.15293277473079028	
-0.1648346166129879	0.07809517743829428	-0.18542938579591892	-0.023928965472768057	-0.18248504579603045	
-0.004058270508952889	-0.02593494607884482	-0.1350989188681191	-0.030552636662098905	-0.11347368220359264	
-0.1258520430044394	0.05209202936956301	0.031117086438612353	-0.10270041901689776	-0.05640461047899907	
-0.02479813383339899	0.0780406240223156	0.016544856168940587	0.056725482653028764	0.0017398820089383172	
-0.1585254074327955	-0.06510451551984452	-0.31287586814181984	-0.06749635837779108	-0.28155432503043215	
-0.09020204637617607	0.05184019303359163	-0.06531809510244119	-0.07223107760573373	-0.14790161776861466	
-0.011120639151992236	0.08506624661177424	-0.01091581322102659	0.05977373468656213	-0.19394895512952584	
-0.11206341731126931	-0.05487174986655332	-0.06617872150819007	-0.0798582849697658	-0.008768062022940478	
0.04112421176493403	0.05759314921127919	-0.0479091175638438	0.07486220134731203	0.015876602894419903	
-0.07133842695667066	-0.017593426425049914	-0.2190958017409379	-0.09648983484118488	-0.11615330486056984	
0.02741429366347619	0.00511752242387299	-0.0929403760729201	0.015325970267637292	0.08266254304552738	
-0.02943910702558646	0.011643216522051903	0.007187569383493865	0.045502686085178407	-0.09250790667233855	
-0.1532253996180038	-0.0805734808396528	-0.21358029837877493	-0.061500437867387396	-0.14005326677477134	
0.11257589820514573	-0.0685557997624274	0.05909965694173342	0.05167968332555206	0.05600964294545205	
0.061520836944252734	0.040464174655861294	0.020855105103782162	-0.08038614694047805	-0.053350825768410416	
-0.055926622850390566	0.04408845797459886	-0.12699393505359613	-0.03260107911511188	-0.13198446823344118	
-0.13915195775962189	0.03751618519666022	-0.07796397032857275	0.0951486134034049	-0.09272050082022704	
-0.12793543308153602	-0.004122670740444069	-0.07078225251882915	-0.04340705322635679	-0.22265843508990285	
-0.014044919845399122	4.208023628093323e-05	0.01285707537079525	0.06076032357210167	-0.05673918266055561	
-0.2354396974801468	0.005568558177115961	-0.13224434589345704	-0.17974265976170523	-0.1686926196819558	
-0.004223491550508842	-0.03493179410117013	0.09008625175233242	0.055624930240370955	-0.15139892168755711	
-0.092298225937308	0.0708599275180391	-0.057795746635490815	-0.0115471013294859	-0.10298660161647917	
-0.08622006559303928	-0.04156782677766331	-0.09651797631456603	-0.029123524128210846	-0.17292362834941838	
-0.0968796019876292	-0.054325768723328546	-0.12015336789188982	-0.12654905294149618	-0.1825425569920732	
-0.03204899540943326	0.05159311612397084	-0.05697404434594784	-0.03820660396343534	-0.01054247048976378	
-0.040544171520136923	0.0334120209810694	0.05247965513359986	-0.029056338309302442	-0.05758695103262209	
-0.08679970175463958	-0.08365884463738481	-0.04587503001885615	-0.09107832239591004	-0.08368175018963178	
-0.06065417877899665	0.0587333979369841	-0.232739991875879	-0.09119041492917727	-0.2035498882670903	
0.18804093590183857	0.04299365191353195	0.0878949838529919	0.016048717674947754	0.1881723649699438	
-0.05697912432141335	0.08741836688306431	-0.046889806961103134	-0.026471656887219662	-0.14325363536278907	
0.1695727314473498	-0.07286534197433446	-0.03545951949156709	0.021176819914596624	0.05225116009218408	
-0.10860629164053826	0.0319309310836236	-0.12063177341077733	0.03710325306311882	-0.012695891154859735	
-0.08281037293216406	0.021100352732387754	-0.022761730537890174	0.010706246315666778	-0.05897726452852083	
0.01581612055272645	0.04268408396877662	0.11624624578222086	0.007273209880017862	0.11317919821402418	
-0.12013897616504443	0.06413839089421453	-0.1906087816733377	-0.03125774769893968	-0.14393120224448383	
-0.14733248050927208	0.08081090758548853	-0.09477766190486558	-0.05428403176986408	-0.08833869749332088	
-0.1897791693922922	-0.07141002587532046	-0.16737138058970844	-0.015522629396103448	-0.18862068820073724	
-0.024388389496216075	-0.09731787573639573	0.0869169970076278	-0.054865914313389934	0.12590202331318934	
0.031173511605349983	0.012711719950295103	-0.03364266304558455	0.09401002223200758	0.045331763576964446	
-0.09443539404505183	0.037484006035644384	-0.1644663294934204	-0.021573176009391275	-0.16490003229448655	
0.029579915152835014	0.04217337684654342	-0.039322098302177325	0.07888972146552023	-0.07937085289574118	
-0.08255592370433767	0.010745218407638325	-0.1992651232325077	-0.04435751011693164	-0.2135443919003964	
0.11661378686741752	-0.048724465323705377	-0.12469675977346262	0.09895213494280912	0.09032495176007078	
0.060624193298179654	-0.004177106848065784	0.04049565683836094	0.07104888287394205	0.003239525949474369	
0.09245539352351954	0.04605939849403988	0.029065372119225014	0.018874042109227534	0.07204628346591063	
-0.14315068014917398	0.05951370868751581	0.07006846012058372	-0.06002073956275409	-0.1090300326860056	
-0.16007925727690114	-0.052095503097710966	0.009088915886767912	0.0029784945016737858	-0.17449004035598437	
-0.09083039414683704	-0.03331766770918888	-0.021413977828578363	-0.035771103566604075	-0.07521656064971992	
0.03223178531065791	0.05701974718096434	0.020391565974371566	-0.01975623912823035	0.12383475582493798	
-0.028933331595555774	-0.0065004996972999	-0.0806335015601205	0.026111256723857255	0.036559407537758326	
0.12454188406731072	0.03703699972954618	0.08900473762780362	0.09709656983494125	0.08826367937109332	
0.043857470282599544	0.0799982895019148	0.06774007682244547	0.11490503224154312	0.050438886538470395	
-0.01487736543184666	0.06833896701306269	-0.12292189421382935	0.003092383731749721	0.04700743434683458	
-0.06260751232231283	-0.06164378231138545	-0.019115746586284444	-0.06338051719228255	-0.09603264659912975	
-0.004439932601828865	0.09221885571659491	-0.11988904755478824	0.027531537289864214	-0.21536594802298584	
0.07225074181806766	-0.09982283571342208	-0.08599422826812689	0.06584549418475841	-0.16949431286823394	
0.09932899559919142	0.06552255663343079	0.07015135495321158	0.008765148759319132	0.1642941953691693	
-0.13346711668261896	-0.06687624802917838	-0.008737799340155615	0.054313362877860934	-0.13153316497642817	
0.08911925539711604	-0.016928950102448118	0.032589200096867964	-0.006970591767099654	0.025588367254842464	
-0.1335627998743886	0.09694913326293234	-0.09197189872998206	-0.08939879995697815	-0.14562343765299765	
-0.24963535544860072	0.024896344529772317	-0.0874177121066902	0.004717531958691551	-0.2124953061985999	
-0.08595841919793018	0.04284365233536682	-0.12177879721316971	-0.060670199504079654	-0.23687846743232313	
0.021105207469461807	-0.036591164484470785	-0.011471577984276511	0.02529926222313367	0.028588822236964625	
0.11582155403120484	0.09341680239061911	0.10944247265016878	0.1807054624647779	0.21624792112965258	
-0.023718960924190492	0.04710359840407627	-0.003416311021026668	-0.061686202710950856	0.016478585758502647	
-0.041919522432878255	-0.05356808387543422	-0.03854846710474144	0.013796712509251623	-0.08954204722248586	
0.15486242721188065	-0.04839093727564143	0.14824442318061665	0.0815478150883799	0.2539850228362994	
-0.07647696279386053	-0.0626067234887345	-0.167429998242775	-0.0011755355115472682	-0.2581684709215056	
0.07643769887713374	-0.020138547990958374	-0.020578364622525363	0.06331773165942788	-0.11221626043860995	
-0.015113211738370373	-0.02012069174029892	0.16136429519099366	0.03381778841708506	0.15188639858128608	
0.022344129073765834	-0.039659980258989286	-0.0028443023810726204	0.12020561463467579	0.13520346474645786	
0.10660559580771467	-0.06924801976530352	0.09810783170050513	-0.009482339608779387	0.08673269050654484	
0.05432657436087886	-0.020017159461428558	-0.010300421547231941	0.09626541595049896	0.13986328491707561	
0.08726330396481756	0.04020806757525765	-0.02906661823284629	-0.005679854400224616	0.05457157795476246	
0.12254589175879017	-0.06188299114651065	0.031240056753325477	0.04241431340220599	0.036533866735345054	
0.053499731788805995	-0.008374795938177458	0.06868110826159783	0.16925814767698522	0.17223705036226664	
-0.323257979073038	-0.025715752724409836	-0.3884564557144022	-0.20947228417568534	-0.440147268237724	
-0.0916340486767677	0.0015832701662676048	-0.12975176564140556	-0.17642517841005112	-0.19889683675727748	
0.11275470678995177	0.10945163090928818	0.03407065017784991	-0.031001276649421986	0.02000956522136997	
-0.10619495725161276	-0.033943012396706204	-0.10989443800260577	-0.059793404638059704	-0.05795905760359851	
0.11705424124099664	0.02631899837318728	0.15235342940018623	-0.044362595981881005	0.15190424155165994	
-0.08254989838253822	-0.06414261034235297	-0.03637228684164278	-0.053271841103604986	0.0017246113072838416	
-0.03876244588870254	-0.04218735385667811	-0.054887735677622486	0.0847105506754511	0.08964025606138669	
-0.05708276421089049	-0.07665107240122965	-0.011018493653931682	-0.054395812324228195	0.026148068174971	
0.1821264190042746	0.029939124288525683	0.0522063332449364	0.15479169832045983	0.20308550704079892	
-0.021977197770307128	0.02074770240877888	0.0030984431457065703	0.022707003563972834	0.07637039444043278	
-0.40782918477554675	0.019076643426155473	-0.4145659675456244	-0.17492997208586017	-0.5479754603551323	
-0.01753382278891351	0.10348587009534475	0.0011833052760847973	0.07316594512492154	0.10694841031573414	
-1.041116249807929	0.34148349357868873	-1.1877196918368258	-0.4285916367006795	-1.8798529241646966	
1.2005568936408046	
