TESTRUNID EPOCH: 98 L_PCC: 0.8353730098437778 L_ERR: 0.00465660346175977 T_PCC: 0.6107158680516127 T_ERR: 0.009783650530872717
180 LAYER: 1
5 LAYER: 2
1 LAYER: 3
98 :ILEARN
0.07018895258038368	0.05877866555402586	-0.010931723681333397	0.03188722087747272	0.054402196975923356	
0.1064700623865188	-0.03779753210099266	0.17692115533223393	0.09896160944040044	0.2967938753877086	
-0.13914200714474656	0.049205423672852674	-0.18990905357990573	-0.00947129523020831	-0.2803604997070239	
-0.29908848721188963	-0.016664697253388427	-0.3794351123601733	-0.2935218713542836	-0.566989987797955	
0.1307949352095955	0.08482239616042801	0.031056695122759517	0.09734783766467893	0.17291936401158498	
-0.0016051875893936473	-0.07148240412485383	-0.19381605597934998	-0.12374081903321106	-0.053491589531542476	
-0.417979073193064	-0.015842554763336774	-0.2937428201622681	-0.243004742884841	-0.5099361902052647	
0.08342904126247104	0.05116231769204521	0.20399041252338462	-0.0063025339222131625	0.25205210284972673	
0.07988845441885044	0.04458043072632243	-0.049490838285454156	0.04507194101280278	-0.09600743881019433	
0.05202963701321107	0.07101982358928186	0.0018729117773908616	0.029616169357005107	-0.0034384579093802705	
-0.1487234554314921	0.01709563792899556	-0.147986682765592	-0.06455109268055212	-0.1002186885037963	
0.21386388182403074	0.027087550172238514	0.24870674881688476	0.21051434368345365	0.508889429992944	
-0.20416932488945486	-0.021777776962200398	-0.12992354576389542	-0.0880294301354383	-0.2740383426736857	
-0.19048750008943685	-0.0086108817279001	-0.1760241106124212	-0.03414884740325866	-0.3073919687326001	
0.06374949547248653	-0.06949855639867675	-0.10415909075387214	0.06292682138138338	-0.05656686657958853	
-0.12279024050426353	0.10718656661609301	-0.0843434893161876	0.023519779171852773	-0.046887690039208466	
-0.11129838762948491	0.04394162556393226	-0.1527242761937826	-0.13924142917347795	-0.35607196504194716	
-0.09771292884260549	-0.05191388657468304	-0.0787124882389137	-0.07110970076624873	-0.2311297939125215	
-0.17615206877609155	0.06608714417812009	-0.08465930902620648	-0.048335251872034676	-0.16757955984310016	
-0.013506164084671105	0.08097823722321332	0.036095789740642016	-0.04557644756036614	0.04925699444405035	
-0.15622754869595548	-0.021296418287957385	-0.027617518651193572	-0.10137233587276569	-0.14070768978531778	
0.11167371255501339	-0.07374273074324145	0.15988248409040284	0.10038855137577017	0.24117139933757428	
-0.1594924711134576	-0.06645363138314832	-0.022121727539182505	-0.02450401232738368	-0.23450520899154104	
0.0451599683989564	0.06013623800567357	0.07373223212160394	0.04815634106176811	-0.08650567921936449	
-0.15551895210764619	-0.12523494981331845	-0.17319560876323573	-0.06678013136755753	-0.0423748570485055	
0.03823156771064698	0.03688232453041402	0.10213886340954638	-0.0416384630997591	0.02422016195270359	
0.08732471212540016	0.11311063737982129	0.08355413776394052	-0.03414480341798079	0.16348249389338823	
-0.14684942625192954	0.04862705123941904	-0.09959232201369292	0.016461345433012985	-0.12475160833807394	
0.23142738389677692	-0.039477805594441334	0.14481545665651224	0.09046195419171996	0.2591906149329864	
-0.2805836950078896	-0.09306859479803506	-0.19732475639205993	-0.13858280751786062	-0.41608172808313515	
-0.1881511793098502	0.06868588138756077	-0.09695636530322	-0.10873709696527974	-0.18645833834638592	
0.11669762666565792	-0.04490307935718644	0.08184146157072315	0.14655688732368952	0.18098875026489605	
-0.3075246763325206	-0.013756135571416805	-0.25371903282026453	-0.09765570994888682	-0.4506338790601546	
0.03334571772989114	-0.08678103901524144	0.1257634717086871	0.12622338406108952	0.223998427359181	
-0.10958729342578871	0.11400042267488178	-0.061229658035896556	-0.0599226195969527	-0.1210266309131752	
-0.18066210305300986	0.03383502114554689	-0.28683696460168634	-0.24424096642932694	-0.37442529005798897	
-0.35880111035270984	-0.06858720965049986	-0.37943884793234567	-0.36168010525429883	-0.6349045240567468	
0.06944385317278298	-0.055873740670437586	0.029227856871344687	0.03153334212139046	0.09127909506975077	
0.10699469597738892	-0.06703904981923146	0.20236245383303073	0.16450463509124924	0.32023575397080184	
-0.17839384684960022	-0.13390989416345936	-0.36270547226661043	-0.17803395297675964	-0.3395513814001365	
0.050219374028344595	0.015585352885534415	0.08807075245839682	0.02131961075183699	-0.10762948381059673	
0.12701966527796835	0.026779662524141542	0.14189041284183992	0.1944151758914536	0.2488144828743986	
-0.0019157867344174384	0.09888265445537708	-0.0436681230540391	-0.05406903883855077	-0.01850120798542509	
-0.05827789797898627	-0.09015323546248903	-0.013784033338596898	-0.0010733081306485174	-0.15991264913670747	
-0.0861765533124488	-0.03996203179085649	-0.08391025710456258	0.06880544824050527	-0.07213782968077771	
-0.0020539004068820125	0.024037820593346682	-0.0191623495125419	0.023144486335593507	-0.07288352330372805	
-0.06662101845770857	0.013161609227448318	-0.009490663956956592	-0.08706910073542144	-0.0936332797179277	
0.0031266689975550637	-0.08455618099503229	0.017514996306387406	0.010414624139487625	0.042958643742728106	
-0.08679011375982794	0.07325509169647079	-0.012526921844384378	-0.06868101604489693	-0.012845636580977397	
0.028795582461523292	-0.10294955499908279	-0.002970410552628538	0.040951065143648074	0.10809194265845676	
-0.21903995007553298	0.08874256877932687	-0.1529520321144678	0.017185348842212043	-0.16970238075493344	
0.10298954905008839	0.028937906788269057	0.059238200828197564	-0.003117536051734704	0.038840379949539185	
-0.06862234536174916	0.06499905393450027	-0.058192479928747015	-0.02883264725675769	-0.11192595883830317	
-0.08830828624603884	0.00886482018955666	-0.0746161122500991	-0.05845406787477474	-0.1132805568493116	
0.019778173736948637	-0.036020060535341514	0.014747444423088604	-0.0062448716881484435	0.0868913320204743	
0.06532537422286147	-0.05448982311213641	0.027335826089344203	0.0007385761168982645	0.10092690669891996	
0.09488638792388315	0.0830430070556944	0.058041064229359195	-0.029043987562750763	-0.020484109727434356	
-0.16075548054971645	-0.02543298943037561	-0.1812082946572663	-0.09648897062514954	-0.31841513581978226	
-0.08783775156155482	0.03449629534220106	-0.0699513568892143	-0.05318181170620289	-0.17353165073589388	
-0.048259726255057755	-0.03745770446995571	-0.02308813856818054	0.13092083910497612	0.011620826402314101	
-0.003898176882923727	0.08513440358987136	-0.04070708327813956	-0.00671658994293473	-0.16921768414684965	
0.10151227533350653	-0.03772520277555956	0.0638901052156808	0.10580082603958058	0.10121797565577959	
0.017252138251702215	0.08564952842393364	-0.1455148202762674	-0.1143306148454791	-0.2280454919432856	
-0.02891991073093608	0.03146831117750747	-0.14986688953675747	-0.09456238981696441	-0.061590589849353505	
-0.051551084761136165	0.021955136945385208	-0.08409298710039387	-0.06760709907408466	-0.07463536071398674	
-0.0067607971156987	-0.07224791482793719	-0.008231305001273496	-0.0018927508900887123	-0.00829005873748342	
-0.15565115204486477	0.041337609691541356	-0.18951384972215315	-0.06549562392483822	-0.19489142454713004	
-0.07368547034049898	-0.025124803125818964	0.047792243504096374	0.07776930727875081	0.02360735946126092	
0.1062330493247439	0.08223913701922368	0.09219105584619311	0.0994580469483062	-0.07838251449901334	
-0.08598083257109111	0.04717978517099496	-0.08212183792875552	0.018541447369330718	-0.2040130943872576	
0.06701016097012279	0.04312982404613965	-0.010058323375676446	-0.016738625910322068	0.08857634999401709	
-0.01441225935666498	0.055100677559341935	-0.0030376918779785023	0.07340265566280234	0.10368214810228217	
-0.09925613040862799	-0.06470009726690523	0.03394943756028104	-0.010354864633405993	0.0412274842282908	
0.0519045194620719	0.08431791081851543	0.07027237086455788	0.05466396660952759	-0.06396921268529746	
-0.08679686453817119	-0.11577553002458893	-0.11316937213823693	-0.011726630514764535	-0.09843693676476867	
0.07502136942412971	0.07419857948567997	0.13648338985213485	0.11809977282451183	0.07131865179129541	
0.06289826121389604	0.019253754805244196	0.18489385451409	0.006378131486893608	0.05356198622543438	
-0.0677194777668897	0.04532561536321079	-0.04539360087715717	-0.09172183289794673	-0.06166294569933716	
-0.03770114295433999	0.05368196539024729	-0.005493991546143524	-0.06106264237144292	0.022995960488484252	
-0.012017947532365875	-0.015168566138962128	-0.0210047446728091	-0.013810625032957062	-0.06604431805077444	
0.04932010557040671	0.05946868325354303	-0.16348621379824405	0.007450808631478287	-0.07681915398317266	
0.18931682494540944	-0.05128289594963852	0.05437836669101895	-0.005150926936116195	0.11492517541258886	
-0.11581770371073936	0.03827035555630886	-0.009191923512688611	0.0017495803353081176	-0.09516334857938469	
0.049459081526991626	0.07258745597637864	0.05147668105232589	0.11689318063635738	0.07683665554172821	
-0.02453744722195841	-0.09174268137211151	-0.0808397283614252	-0.041279648507375914	0.0990243078282155	
0.04404617745124682	-0.09744347228552273	0.187547258833549	0.05614272132814745	0.1992619037028638	
0.10648708913317505	-0.008672695113012982	0.1091996341229226	0.07740256607329032	0.2039609330106414	
0.032405980345001535	0.07186456666954699	-0.05570965730200136	0.07941618672110248	-0.01831333897118783	
-0.09848095292866993	-0.1029718610834979	-0.104938590032136	-0.1532815590939869	-0.17913238247259047	
0.03475798758292352	0.05159963078847642	0.02020689572100362	-0.10002973893095933	-0.0945084517804872	
-0.003810668382905175	0.011119562102591993	0.14606018062652665	0.1516206167051315	0.20327518542973647	
0.16372511664758568	0.08838565583932768	0.0966689399517532	0.030140241192722933	0.09189338255897059	
-0.04057217307083303	0.05055053796247506	-0.02218834703795863	-0.025494627628297514	0.16124090334920999	
-0.19935710302055165	0.07163426876614087	-0.18012946745014763	-0.0552655772125468	-0.2143534691468412	
0.004218281346436502	-0.02567435936448413	-0.11542120528830259	-0.06284014943729604	-0.10758818845986709	
-0.16165628624070078	0.04837109688313658	-0.021496531636911162	-0.14667022018079318	-0.1470125465010235	
-0.11028774042789198	0.07613534326933902	-0.1001761521670324	-0.015716797540874867	-0.14704476467600833	
-0.17145483966786967	-0.06862140614510497	-0.23754530025453588	-0.07879002209236194	-0.3122398528920582	
-0.060083927416297	0.04750651477006243	-0.008804014440389335	-0.06368763425460891	-0.09063898606986594	
0.014780867529668801	0.08327145722968676	-0.028844658200141766	0.03394650296523253	-0.13015017294764278	
-0.1404853402685717	-0.055493909273596556	-0.10844276831602308	-0.10534411064091231	-0.05986929312346894	
-0.05164459972572965	0.07621142917617932	-0.0894846701151905	0.0019471794076982574	-0.13598523918592204	
-0.0676558682425841	-0.012455111565652752	-0.17511464742793856	-0.0899250654298253	-0.06900073679142439	
0.11257487908004225	0.011268817557209793	0.03561102988377619	0.09349793993363337	0.268008024066255	
0.04915025738821585	0.00589181060379369	0.06857247968904555	0.07934738384985239	-0.0034008313083118244	
-0.019370153213916042	-0.07648042023618133	-0.02161726997223211	0.018060535574614286	0.060571675768114654	
0.1554943596192771	-0.05974680093473783	0.15305641559371588	0.08442292295588427	0.14326595402293232	
0.06876658061351296	0.032966303652051346	0.027618541787800353	-0.05103505726403506	0.04616998147413539	
-0.11538107687864173	0.05177697814437864	-0.1244089588369377	-0.06050341960661778	-0.20153143394162495	
-0.09986786156741587	0.03573799093914662	-0.060440082260810046	0.11305864025093752	-0.05777944145260625	
-0.06093665799180857	-0.003213243856152974	0.0011771710253781565	-0.021328108142937258	-0.1517957438047579	
0.02036210137374136	0.006461611918498147	0.09189178095896601	0.07779485836057934	0.00806602004979698	
-0.19037439048484028	0.0021155085630211535	-0.07448992376131736	-0.16452913884232068	-0.1434275127865673	
-0.0773542553230475	-0.030878081936472106	0.008689824164916342	-0.010701783807072242	-0.28288826353474594	
-0.1949286751379953	0.050766555803771006	-0.16159201495406564	-0.10712725070289057	-0.2598227642690105	
-0.09233641165483351	-0.04262602941780433	-0.10447938446015917	-0.052074266423159155	-0.19787246498258995	
-0.04582014711876563	-0.061040626983942886	-0.07143480880900312	-0.14062678317163033	-0.1236484316254584	
0.03284963976028778	0.05719893508856315	0.028083884715605523	-0.007736340141823127	0.08282085442176543	
-0.0855888613362162	0.04083313463196753	0.018880054792029987	-0.061930723828769664	-0.13918982401491606	
-0.08068403058109223	-0.08250869804488643	-0.06889624064803224	-0.0992462545081773	-0.1108920460001128	
-0.11437313178951612	0.058884383884848956	-0.24635411064720059	-0.15315008349177123	-0.29762002413295585	
0.2029990291072438	0.04772172547019531	0.12446987199364283	0.04693988920123461	0.2011025316100924	
0.06268974891152923	0.08691681220209184	0.1301148172631386	0.04827695377586667	0.04943288404909082	
0.09866561999493219	-0.06915894477625846	-0.06263698109447373	-0.028377728397173896	-0.01899508866281729	
-0.17167295970651714	0.04172207530628996	-0.16688256388067513	-0.008783403254860824	-0.05312572612875671	
-0.08115333571742245	0.020979270831662154	0.013018256833315983	0.0014541481519197712	-0.058152280755809804	
-0.05265863340694303	0.045712522116838544	0.06761406338859566	-0.03698678403780915	0.008137586054042094	
-0.0954795381317865	0.062049816631916006	-0.08365267299679044	-0.01572386079532247	-0.08476522432074873	
-0.13442663169189134	0.07628977905831678	-0.057745244693368745	-0.024840905256259125	-0.05438086762480657	
-0.09155387552783888	-0.06483661324190523	-0.10044359361794776	0.02023428832891292	-0.06914333358371041	
-0.014108467487347072	-0.08831917271904047	0.0454611609664789	-0.05122695056130515	0.1059407500117376	
-0.003078890109699944	0.020162106833590508	-0.044796206294998524	0.08278323785937518	-0.019092452193130945	
-0.012386524016447466	0.03959690777484941	-0.10860847495998059	0.01266633940668972	-0.09693954311128046	
-0.0576622578769042	0.0401480153921272	-0.19154441869311573	0.04670321345561869	-0.2471257251357273	
-0.020734722064333	0.003006160371059621	-0.11785321219176681	-0.03764875103377149	-0.11578719576802247	
0.07633160349601921	-0.04755558089822689	-0.11860904616218293	0.07498558629221315	0.04616432339231615	
0.06989579445489708	-0.0007568958107755829	0.07330524858311248	0.0895395845645934	0.02727353911603041	
0.0026006601693749722	0.035828415394976776	-0.05349192854594472	-0.03137669565903779	-0.04705007482669824	
-0.15743135406450517	0.053717015851054276	0.028887539758856978	-0.054788258162053405	-0.14489438347674283	
-0.05081888925913864	-0.04595338419018546	0.10051952665598601	0.04519548204089987	-0.023189098736262303	
-0.17392804647109944	-0.04787033773165739	-0.10367621893826556	-0.12086809143929395	-0.14866862175149245	
0.00836668459235373	0.06232214843104705	0.011124657261713902	-0.0078739305608425	0.060271169380899596	
-0.12465042223714055	-0.006045538744857773	-0.12868838725689505	-0.03325089296604577	-0.09137280162221109	
0.09685906553372188	0.04273223419673704	0.10603645989024425	0.11373039480430314	0.0998388354859173	
-0.04763250646747211	0.07524069993035527	-0.03141961744339653	0.04243405896975646	-0.06356792975685834	
-0.09472808273750702	0.06793501082331337	-0.18505185938777827	-0.04881882101071566	-0.07781676118246983	
-0.01940316104222165	-0.06984520408274039	0.042282898294674465	-0.0451002206420965	0.008766563545334316	
-0.013666855093454503	0.09169797350211695	-0.03171865906408966	0.038447615945566255	-0.1645872237508964	
0.015286500350783038	-0.09617683821406511	-0.12295540972135388	0.03714452904813475	-0.24749614899890013	
0.046100039615761645	0.0645890485669729	-0.04669570216967374	-0.05504797192358698	0.0582661520911026	
-0.1277293525082976	-0.07339171503595446	-0.049281154924446395	0.019312123636313645	-0.16585066619550293	
-0.028776117007779083	-0.010069759912317733	-0.06850075585271935	-0.07903120927625769	-0.1805552818060555	
-0.21071734819472585	0.08843140414555144	-0.21040731329968035	-0.17615506896852043	-0.31382956575382503	
-0.1802560251683064	0.025657260504350313	-0.05010583428871406	0.022380038786422227	-0.11062935820000125	
-0.03528612138704435	0.04532838042726455	-0.038332124838972345	-0.07192562624680567	-0.14807768462623266	
-0.11729537885683586	-0.03522382817164991	-0.131969548661209	-0.06000841373710811	-0.1569351595335725	
0.07759796507548748	0.09351573215065534	0.050800445378550683	0.16233403909136132	0.17965856843152472	
0.009262128759298618	0.06011264077907947	0.05049835141002748	-0.016624991036037966	0.06794316286482698	
-0.09898060235754315	-0.048458120186156896	-0.11293378042060366	-0.01723201681863456	-0.15725277876827498	
0.10319471571538649	-0.05052706700129239	0.031045507383155035	0.029305979246677848	0.172248872089796	
-0.0769654044140584	-0.07039860127284828	-0.1663392765689079	-0.026945152907288973	-0.2786354952251186	
0.10957088669068703	-0.020383295380739044	0.03692925516823514	0.06216025283564454	-0.05307362342552115	
-0.04734664780660139	-0.013255736766001454	0.13538973743723298	0.011330367513698383	0.09040738843612073	
0.00981386426857646	-0.032273816916829255	-0.006304451257699285	0.11132148693338303	0.10728013781263913	
0.09667635013649391	-0.06895973560062195	0.08933189730871499	0.0024107317751118247	0.07358735409969634	
-0.0233378290860778	-0.020027975714612407	-0.08721729781219151	0.03708027929189985	0.025185985469834256	
0.04372045303888961	0.04407146800142062	-0.06066585638909958	-0.0424836315235579	-0.01248493133493034	
0.0661216562174592	-0.05957843759565766	-0.018103855969983366	0.002289511165055121	-0.048947290714561255	
0.0026793544640802405	-0.004991104622745457	0.0343079550725869	0.13127973388532185	0.14068772184571304	
-0.2844782545406613	-0.0323121220492899	-0.35261935906092323	-0.19897182210891196	-0.3841829241193604	
-0.15966023863491582	-0.01366610824437247	-0.21685541507744321	-0.22657706524647842	-0.26681546464569844	
0.13058592248920523	0.11075255739570822	0.062206974651741284	-0.039977226319785404	0.027566306096651134	
-0.28661385722490185	-0.0451255555432939	-0.31538962385035546	-0.18864821940972631	-0.3013362081477444	
0.1307184014256302	0.03497956948899785	0.18168268990325853	-0.021412684207100394	0.22543886723640186	
-0.09759402634869865	-0.05969747753998681	-0.03579532058239851	-0.07189461553308564	-0.027838002984976663	
-0.07880824866144849	-0.04024323451849722	-0.10149378332360191	0.049052130013336394	-0.005268903774392102	
-0.05263772457269555	-0.07638097261474049	-0.0008094951367314262	-0.05309216783454147	0.0048224976591358035	
0.1492013383366716	0.046445824232542836	0.06603668573331153	0.1480688990619247	0.18186393574370288	
-0.0002566754212569699	0.028265324541466595	0.05314383179538548	0.03001773969675588	0.16949769449994986	
-0.34209913435025185	0.009958992560163658	-0.3391286485479203	-0.16043378306771702	-0.4612227734269706	
-0.008221251427531065	0.09803228609767906	-0.02470938875577816	0.08822029143379717	0.09779914788760104	
-0.9961529562267287	0.31316690288292837	-1.078451641018341	-0.6072211847641046	-1.909732363167366	
1.3229037594787283	
