TESTRUNID EPOCH: 81 L_PCC: 0.8313125130829684 L_ERR: 0.004818788811539394 T_PCC: 0.6309610141201846 T_ERR: 0.009512087642336768
180 LAYER: 1
5 LAYER: 2
1 LAYER: 3
81 :ILEARN
0.1000494377076022	0.05705722553498632	0.01776490890580758	0.04135513926364471	0.06420496399198873	
0.1571434461849809	-0.049797189395236405	0.2103727391655843	0.13110901695438001	0.35177965054587107	
-0.10597374671642125	0.04503401294113739	-0.1359848270681232	0.04729910434279998	-0.23899260800255986	
-0.21120001013589973	-0.0101465349358292	-0.23612451233870155	-0.1781111119944762	-0.4667266494741996	
0.015852206670517614	0.09329621812414163	-0.0817862811829172	0.03516441594489055	-0.0198606027264131	
0.005247397272070602	-0.070228043252365	-0.1464267261362739	-0.08094668319561468	-0.03073736602664069	
-0.41397182179551456	-0.004537507961365885	-0.23269529985666437	-0.16104110499736948	-0.504505522161602	
0.10711580946496654	0.049389479289119284	0.2115864998785104	0.0038481404666199696	0.2535020640212415	
-0.05106678623394389	0.04303961735448036	-0.17232717052730287	-0.03323622485021433	-0.2713849134908679	
0.015725911158380207	0.06958670976268698	-0.020396083339831537	-0.015575263022300286	-0.038975365867094575	
-0.1550688506869038	0.013652824338073116	-0.13054979176462458	-0.08145829489788767	-0.05946926052686243	
0.13725390580740782	0.03034469276165227	0.1669761839931465	0.1692942852776809	0.3822872883653353	
-0.21031435678262905	-0.02788384635120332	-0.09667802844077762	-0.08573675687992412	-0.2423148887739882	
-0.24444604234384987	-0.008493936575422868	-0.2700320550667012	-0.09292662465191448	-0.3382886953821968	
0.06996829985283341	-0.06658646152410884	-0.07490680811796	0.0851079408959547	-0.057960498216589086	
-0.04835606637114966	0.09995659135950717	-0.005093354324271593	0.07877885560671702	0.04324682037313574	
-0.03193397397209913	0.03463839737960587	-0.04814838523832633	-0.07453851855835435	-0.24741099629416732	
-0.09472105906322377	-0.04005486156598993	-0.0777082134252821	-0.05265509421153569	-0.210337891761372	
-0.21535878903996936	0.06206849035875086	-0.1500251947413425	-0.0870317690404943	-0.1984810114556466	
-0.018647651543284523	0.07828246011951952	0.04822147854013102	-0.061909981182583354	0.042088375628484144	
-0.18970628257994024	-0.008102981590655966	-0.08445751287778804	-0.1172741473665806	-0.17224096933618435	
0.11956411998451387	-0.07495987660724637	0.17349250521746132	0.11153691749659236	0.23532060230037216	
-0.13409549182895067	-0.064148683060478	0.010576660926284244	0.008544483264967227	-0.2110557382409475	
0.042321745015501636	0.060717102642380956	0.06699375584008718	0.0596678114860815	-0.1118128414974519	
-0.11061076910799555	-0.11274113370287422	-0.1285802686654823	-0.057966977820755675	0.02038786579752876	
0.13905420480610148	0.029854337063621648	0.18872794267208418	0.009017109254205102	0.1628483479579363	
0.08977027001563949	0.11048311317177245	0.07831373502244209	-0.030674200923941165	0.1516565849130102	
-0.10884151909784891	0.05283551880453694	-0.0824335956368006	0.0635274325123136	-0.04933681290312612	
0.2258020237597957	-0.04462607916744587	0.12624674133663844	0.07310243355036622	0.24407247276947275	
-0.2811674287495901	-0.08565889979530374	-0.16068802438465152	-0.13347523358355062	-0.41330687115650266	
-0.11767087624463894	0.07151631369619078	-0.003026926012889201	-0.07675027593026408	-0.09572957152016483	
0.13137629993774033	-0.046564046822101524	0.08603415874322756	0.151760789528252	0.18207089342286145	
-0.13444497224528634	-0.017042120690996414	-0.04614059929925402	0.00742816612558333	-0.20032812366725938	
-0.10218715809895887	-0.09084591134154019	0.03640874066013313	0.05762219721205826	0.05557853418221585	
-0.13269642821197708	0.10486320566302224	-0.08481184932816797	-0.0422162054259317	-0.1747102048736829	
-0.1559333391663487	0.037312575210423075	-0.25088713784576155	-0.20167431700762617	-0.35010522558161933	
-0.3333261961044544	-0.06055934872573969	-0.2979781169263809	-0.2919592421614075	-0.6258364045858874	
0.057147980054634624	-0.06200771293284115	0.04662647067761489	0.04550032916577889	0.10088219844223577	
0.04910637874736161	-0.07544730234139456	0.16861135012430487	0.13419401242490736	0.2762439135809649	
-0.1720544349393906	-0.12465531100505718	-0.32024732921948157	-0.15970960043500962	-0.3236810761207185	
-0.04072105007096525	0.014095269272997963	-0.03534483781418729	-0.03796829754519073	-0.23930450401784148	
0.17101092680156704	0.02349076754792106	0.16934315053985918	0.19602284438913978	0.30554041994083503	
-0.025889185637829208	0.09366037424193491	-0.07373108874484652	-0.07230799080608653	-0.08756554039509899	
-0.10055969711283495	-0.09036316970004793	-0.025386741875769076	0.00858934443288025	-0.2756389732537425	
-0.0720659063595271	-0.04113881340772793	-0.08233694654756121	0.07317917079453475	-0.05015190204310334	
-0.0015857066920769674	0.02054031083443956	-0.001996726729093951	0.02726324216299887	-0.07172828017989878	
-0.05806775945147291	0.009961674412758801	0.007884967094837587	-0.0717704757004595	-0.0945422871328968	
0.006899932674033055	-0.09012839584887057	0.01912513049930945	0.013826499349945596	0.0013478742423214687	
-0.06448029722181041	0.07250620874790538	-0.010482485893024838	-0.062314326447948654	0.0047616160155137316	
-0.05555709457786104	-0.10362810743827701	-0.0845907937804871	-0.017453403849015853	0.030240357534537816	
-0.26147159024529143	0.08524433037636855	-0.17273678564054504	0.0018404338689187259	-0.20655951955711893	
0.13190107975774223	0.023839665933772562	0.0895643117981335	0.0067283165623667675	0.08683123431966702	
-0.11411362933334303	0.06226834763063554	-0.0866898366596675	-0.05896262375305837	-0.13361704317120807	
-0.056978228737299165	0.0201483046108442	-0.04433784179598199	-0.02208552378638771	-0.048533284623877015	
0.08166001531282432	-0.031535213567537024	0.12188739047757385	0.056746980797349016	0.24299253705902285	
0.044287158932791594	-0.05348597644005619	-0.002395224466022936	-0.017738389751489097	0.046924758128425975	
0.09480660064305808	0.08051299036522234	0.05637813567957733	-0.03356391170104731	-0.023583222136051685	
-0.179043609093125	-0.0029211659292876207	-0.17488216892504985	-0.0605640398902703	-0.37848085562969774	
-0.08196296580408634	0.045405716034210085	-0.06875553886404484	-0.03242352630919985	-0.15974253281639306	
-0.12682577656719965	-0.038220727647134384	-0.1136402128507621	0.06674028830890351	-0.06672126150532515	
0.03295369413607765	0.07288545001836377	0.026416391305311145	0.02396905372278512	-0.0902272532792687	
0.0666756277077078	-0.02723089386442891	0.017468935889685764	0.08351507241554644	0.020640080007156645	
0.10753816820192785	0.0871818736832324	-0.029029927786597638	-0.0617602654749656	-0.067618522801626	
0.029330347152695897	0.04132455519532187	-0.04768302628969958	-0.054926810404631383	0.049590074215106986	
-0.14680572416849924	0.02061071865247497	-0.16205583075812155	-0.09847552016320718	-0.19415705508026534	
0.023585851388267416	-0.07202340013704918	0.05485206632555496	0.018337427751971384	0.03971833689467109	
-0.19568765004257796	0.042979934602813887	-0.1908753646979133	-0.07871685830048421	-0.23666149652190446	
-0.014277001421573633	-0.03634609528755104	0.13414773984955203	0.09665936494436445	0.1516450464041019	
0.1597593528213161	0.08585695052303735	0.14237760130364613	0.12033845835380401	0.011881861781526046	
-0.03216887261221228	0.041770242628198784	-0.025430708638948456	0.07178986196480475	-0.12287229597170327	
0.04724099364963829	0.044387468002539864	-0.04483544942669366	-0.009919987759033876	0.07040694748431268	
-0.007955080735120173	0.05797177062128241	0.016703204596381676	0.07624874758745322	0.09448644647570209	
-0.04290374273629761	-0.07067036878600425	0.0883453771268723	0.03770287792962521	0.13174831753765615	
-0.018147566982015792	0.09865083081834827	-0.0453515802510453	0.01736524994271038	-0.1336177633931852	
-0.07288669543808832	-0.11052832113480608	-0.09719862650780835	-0.01807747980271028	-0.19482112735456994	
0.044047200660935384	0.07551905012903604	0.117102070330467	0.08643344398581226	0.02666814109435499	
0.027216268503077363	0.021145002145223912	0.14701679076655558	-0.01724674702819752	-0.009531079561208423	
-0.10327107577921152	0.042276613029161	-0.07823938792297677	-0.09096935924582225	-0.10863387552571492	
-0.015067668127979274	0.06162799328029742	-0.00607426189688488	-0.048180883947410755	0.07807603432869688	
0.007797814797151253	-0.02223101053161974	0.005785938830551202	0.01673734638477278	-0.039853026286665226	
0.040119993339443154	0.0577586186337072	-0.13363531473793172	0.021955426314350743	-0.08563416875682119	
0.20498545331201537	-0.05049163720471052	0.05692625021935392	0.003138101377640302	0.13269805674886845	
-0.10114218137906486	0.03746911324026179	0.02665108349598959	0.03504997859260089	-0.030947231994472954	
-0.012473051408761404	0.08195242578524983	-0.026303866298059263	0.09730256678125634	-0.054927177471279155	
-0.11333440022929998	-0.09809482210870012	-0.12480733304476427	-0.07368631085344082	0.026120127029126576	
-0.021686947447178747	-0.09136265157449144	0.09595497308647229	0.02214461616469415	0.05896380191670176	
0.11109565391021317	-0.004996690591302461	0.09632439689887332	0.08853101702687231	0.18244304783311982	
-0.003620174058293352	0.07641029774680705	-0.09381072583169837	0.04092927454261524	-0.049500403745763276	
-0.041540680331166334	-0.09007448586835329	-0.04420575504691895	-0.08857436783980739	-0.0556916873879485	
-0.013595158440489696	0.04594463250204662	-0.0021619845743418744	-0.12711695229831407	-0.21378137466954222	
-0.045032185738907944	0.012613650989988949	0.10682488515572404	0.11677616199333457	0.09129317647684838	
0.16080636033761322	0.08767622348216796	0.07393516443460617	0.02005829851107397	0.0595837239608847	
-0.07734081795866574	0.05179885247064406	-0.05929800473349964	-0.04810235965161889	0.07817541103800595	
-0.123862847356892	0.08550588204588715	-0.09497403161837638	-0.0026154761483370248	-0.07857116202320034	
0.08401530448903298	-0.01846727159475123	-0.04114984865636932	0.0007690356761222553	0.009408471507438747	
-0.16535921595668268	0.05188474713684521	0.0014952058447729112	-0.11533901990017663	-0.13809515844425932	
-0.0917775063385449	0.07442825449028281	-0.04800139213224	0.0221044518392943	-0.10083720691584527	
-0.14899405892864706	-0.06187808900690445	-0.2272899376929917	-0.048892773401734556	-0.25813048456347126	
-0.07006566813938314	0.07601872442510031	-0.05583357940918216	-0.0542362990227032	-0.09902852650784728	
-0.030237993392756644	0.07530298862988707	-0.037422530216342176	0.02345962892078446	-0.23369528786360766	
-0.04881086967410966	-0.06241081825951322	0.011607929299088719	-0.03049884213419627	0.1281858240672681	
0.07529900772336044	0.06685454569800099	0.023820177096365858	0.10167639702480373	0.07281724511756793	
-0.0041104941259481895	-0.028069147076647465	-0.09099042314813632	-0.03736822289726027	0.013868851898044201	
0.03988704600056514	0.002816321156865807	-0.03213935726233416	0.05438084445527606	0.12431385725314878	
0.01384574649035582	0.011137725057438442	0.05821899529106602	0.07594946916831632	-0.025981358279453665	
-0.11647643571728382	-0.08639002442200586	-0.12482002542394412	-0.015334488056432317	-0.07986651429043003	
0.13417246677408254	-0.06862242458776437	0.1151405025580496	0.08190085888077162	0.09864993786240767	
-0.014585362085377989	0.03369301978106566	-0.007516297026439597	-0.08353536607972627	-0.11452357655475734	
-0.06936600790471127	0.04127535342945641	-0.06394076615669188	-0.016178050913485002	-0.14089745142444776	
-0.12228013547757266	0.045617923634050456	-0.08301145766228443	0.08024734154134729	-0.09235947127378567	
-0.11965200018384275	0.0030666886480770076	-0.05786520167151458	-0.06067484523166296	-0.23550422754089173	
0.03579626302762254	0.0003801386473797049	0.10256051609632182	0.10534276323819941	0.03435777525437749	
-0.23104287231371937	0.0029179359761577466	-0.10248858799515084	-0.19002222256459234	-0.20315776697172214	
-0.02015724899206347	-0.009604751421636113	0.024178670320493856	0.006105848882369032	-0.20246085557994672	
-0.21652220591139631	0.05368296937090305	-0.14958597161799897	-0.08624114624465068	-0.2729789578575909	
-0.06417907747698627	-0.047591217572801714	-0.030141649187176135	0.009953244051113736	-0.10055613836923896	
-0.013139615006977948	-0.06157025346629805	-0.015986442784642188	-0.08049574019198456	-0.035087497477751216	
0.04923033233556858	0.06230224144900524	0.02092983180878221	-0.0023413943695822785	0.10193131926575652	
0.003607550572321749	0.04634424584351931	0.08609717948216693	-0.020070158786307274	0.004448291488955142	
-0.043976006378592926	-0.07771160900814346	-0.02240377063018008	-0.08527130630116928	-0.028211909337241842	
-0.07622233268620672	0.06833231371824519	-0.186084749949605	-0.09393188417331862	-0.2325396749519708	
0.1957002902869405	0.046413839089936085	0.12324786720254763	0.03316498660786039	0.2270669607586432	
0.029243239168026295	0.08317169633086904	0.1018218760147945	0.017664804671293697	-0.003782448990389768	
0.06501261011262723	-0.06900249328173404	-0.07515284214618935	-0.03186663994241295	-0.10874533174295872	
-0.12167834339866879	0.04352753731645447	-0.11200680771641262	0.021986981127243354	0.011059885473650223	
-0.06350129055282991	0.015904552774798176	0.05375209442198673	0.024858835517532023	0.0003060501761253842	
-0.09818924620475777	0.0453026017387873	0.04368519933857775	-0.04597485471566926	-0.05123178415325658	
-0.07510997171795437	0.0698536147234663	-0.056801929216308715	0.007917407408361296	-0.04299922430636704	
-0.14046197262533427	0.07223390330087967	-0.06630146993649666	-0.03459585395569353	-0.0713626936857557	
-0.09890385630577934	-0.0668222756241886	-0.11779586342363806	0.010125172292239346	-0.08611159216863008	
-0.0480653439567746	-0.0908315287419193	0.009707598655321004	-0.09242092456474758	0.0439215701542024	
0.06252771516080477	0.016691351931378953	0.04129917406133625	0.13469221884925667	0.1270576952397991	
-0.06412368045412434	0.03584371512199115	-0.1584229035348854	-0.02785279513353703	-0.16508438957863364	
0.012132660426023754	0.03351894150622148	-0.11637978390740643	0.062201238560246265	-0.13482356957543848	
-0.023948494313172256	0.012519264806343985	-0.09974706980148783	0.01782863725187946	-0.11705426174141428	
0.19210398270207993	-0.04146722162282614	-0.005586622890621015	0.1357606447919545	0.22465431303716224	
0.16804026896491733	0.0024608438929414685	0.15153217105128397	0.1131484058823764	0.16094216622748228	
0.0027339282669634063	0.03528807094086679	-0.0366014235196338	-0.01875691731957166	-0.04485485465793301	
-0.09784131421202308	0.04525014232338102	0.0874384981507847	-0.03700356287571674	-0.03639875834363271	
-0.07838345680028312	-0.0434124839891125	0.051421160447774214	0.02195809728481901	-0.06978994104005674	
-0.1390182261070842	-0.03743512452395014	-0.05215172513089003	-0.06769181837044867	-0.13036808687794274	
-0.06937689449050255	0.05898894611972748	-0.052378223941525394	-0.06162621433671165	-0.025617329344259303	
0.0022310048678097646	-0.007910502316928246	0.006226021345886838	0.04809908400798697	0.07165891480165358	
0.08651405171119701	0.05187030104010069	0.07862368190298961	0.07219527235811622	0.007092275093136178	
0.019437961982233812	0.08641698790272238	0.040315003889033134	0.10054693949129545	0.024119136042258443	
0.007890781888369313	0.06342832182719661	-0.08475155810672433	0.027280764909796487	0.07574117585158106	
-0.033743085225790254	-0.06747548812757669	0.030564644815556746	-0.056225757264251296	-0.04761779681094041	
-0.020556740515892714	0.09125786456168629	-0.026084555003574903	0.03212063890863638	-0.2049531872502337	
0.039295423130121784	-0.09569757117126594	-0.08641247517634057	0.06548301447986142	-0.20144002871844194	
0.09247168949936437	0.0658973966203788	0.006303128028087546	-0.008010963921460976	0.14319376644442441	
-0.09557129432501307	-0.07604349567346326	-0.003607481963313088	0.05988275296509167	-0.08176950893504205	
0.043836115350426155	-0.01794655724042375	0.019791452068425537	-0.027365908865517888	-0.05528147629471641	
-0.13102057509891135	0.08831980443921747	-0.12099375928054151	-0.10140622512314812	-0.16382049286107628	
-0.2188712009514941	0.03249445106002687	-0.08899363483367873	0.02507571216694365	-0.13391629640661973	
-0.04358109532059747	0.0451654312976029	-0.034640319393461634	-0.03599805256278121	-0.19560883286642675	
0.00933911882868207	-0.030001028551097687	-0.007250999872842446	0.023640112705131423	-0.00661211114474293	
0.08609211848800892	0.10195430097798516	0.04886531291708703	0.16647799256782625	0.14962781469677475	
-0.040337463792265875	0.06161354776904773	-0.000651254610027523	-0.04107245566282443	0.012033775947529647	
-0.11180458890075894	-0.04232005114098986	-0.11847544325109852	-0.007183117782013334	-0.17389060703287954	
0.11905520030231075	-0.04630060277907275	0.050586395581585855	0.049916743816967285	0.1928324685354082	
-0.1175479697277105	-0.07373359177152723	-0.17404235444964544	-0.029246570455749337	-0.32651674138222014	
0.17151276626225564	-0.021979315930450428	0.10226430335456789	0.10836855594468729	0.042131361750409546	
-0.04283685692552712	-0.011497196620009874	0.13094486629489827	0.016819805861513847	0.09671500648696861	
0.01324983806036325	-0.02902939616352909	-0.00830857625737459	0.11367496571239476	0.10921198928535031	
0.019713043799592773	-0.07240210817308966	0.023539970556736466	-0.05448040754632934	-0.02390782086706641	
0.07298308463571175	-0.013923706799004343	0.0019020625116657744	0.10154153300620594	0.16327707967347568	
0.09061903123745921	0.043402537019746674	-0.004541020576306853	-0.005875478508807367	0.06292849561543483	
0.08320102057561053	-0.059516556720317984	-0.0045164021330794165	0.021893523324449625	-0.039681370330290094	
0.10326631216510808	0.0033956773259998896	0.11686574109519568	0.1944243872017485	0.25076987176888105	
-0.329490698688569	-0.02801694159146506	-0.37402923253231335	-0.20612369579268341	-0.42469264713901395	
-0.08425163697659457	-0.0010851837004996747	-0.12452184011684946	-0.1686892066919026	-0.16321221282589501	
0.1797163875866045	0.1099492500027149	0.1050965463979563	-0.006992806310436515	0.11678059549073379	
-0.14983567136073422	-0.03129429600488736	-0.16961286080285737	-0.07815018858738992	-0.1061150471124101	
0.12702332488237844	0.03973169086235735	0.16871145537054136	-0.027700887952947503	0.1768822616013061	
-0.09336505422042742	-0.05878833919265184	-0.025679169290749666	-0.058395670537823775	-0.02301317761834713	
-0.10354862036273034	-0.04085073788134661	-0.11762332996518231	0.044115139905185466	-0.037799076890539456	
-0.08754057409616298	-0.07777192160449029	-0.021086972940247105	-0.07068276786534299	-0.03002577919775619	
0.12147245882251319	0.046551814365515025	0.040599627929965056	0.1376915571336804	0.10508780691469204	
0.06524853605708393	0.03339180833268617	0.10415626670666266	0.07240258296287856	0.22206181329897567	
-0.4133499223652884	0.0062081580384356246	-0.36183473684095563	-0.17214571200074388	-0.5243958456914114	
0.012007486307555966	0.09325090260845567	-0.024853948578077184	0.08015309301117109	0.13631729224828237	
-1.0556580990151048	0.2585183733435687	-0.9396373770866878	-0.4930141972695718	-1.9184385499718066	
1.1048095573119652	
