TESTRUNID EPOCH: 28 L_PCC: 0.8663513848649562 L_ERR: 0.006325728752046866 T_PCC: 0.787044397492749 T_ERR: 0.009845531921749048
180 LAYER: 1
5 LAYER: 2
1 LAYER: 3
28 :ILEARN
-0.047636592654005445	0.08689485077429983	-0.12236524885246074	-0.07318599500599163	-0.11451823954108388	
-0.2554581104484747	0.1102015031286395	-0.28117011789874596	-0.2422945533937884	-0.2562128563452204	
0.012782090444348877	0.009054429011351478	-0.026806303241144618	0.07882828824057465	-0.0845535525288061	
0.20036713615491722	-0.19447427314069393	0.2214062494405362	0.08633247573185177	0.1088617636301143	
0.0783891036828244	0.060258472147859926	-0.024746370115246746	0.04795927691661175	0.09325483121998075	
0.11820831553873343	-0.12755049666322665	-0.051558593414826666	-0.027013657980810058	0.1124992763703887	
-0.014880075567595739	-0.07892675289565926	0.17515439801892427	0.06588470325990853	0.10060765648523826	
-0.09138408852042927	0.07820927234400582	-0.014840873091178656	-0.17305799890846116	-0.05334227986070834	
0.05891179956094875	0.06439418904592982	-0.08515379104510197	0.0053965146287787554	-0.11360299744009363	
-0.03884976865623251	0.07903285976989187	-0.07792376541273173	-0.05521725027678319	-0.08651262190914291	
-0.15147987231514887	0.05277245573935438	-0.14440408320285064	-0.09540168632105718	-0.06579002739651968	
-0.1795563940887819	0.11154043884583706	-0.2002015911927402	-0.10148785924123045	-0.10212651989983917	
-0.12308068343770771	0.0032096752800313618	-0.026931375018113306	-0.0516082109518019	-0.126207571616074	
-0.05769892472993034	0.0590403251259044	-0.08980424273594778	0.029495436741902414	-0.05607026703268709	
0.16789507644894824	-0.18009054764216564	0.03531022396862504	0.15522036588994476	0.06396289503341125	
-0.051681238104125074	0.07067937505322915	-0.004821782119206211	0.059160089095424535	0.05069326243190695	
0.12013396409624826	-0.020988618010813767	0.10416254978187293	0.014409360116694707	0.004096777277470156	
0.0076972759602868725	0.039582602262250785	-0.027637229467474895	-0.04619082677575584	-0.08229662743031502	
-0.08837846239458436	0.08627738457035448	-0.02645739545287092	0.011191028741322245	-0.01869713029456214	
-0.06795900597406479	0.07496186991584593	0.0017428239188811004	-0.09840453704261733	0.028013075176101788	
-0.06595803787119485	0.02972371568708996	0.026974531011820232	-0.06868979716678193	0.026537826465632092	
0.1240283267841602	-0.1457518824438763	0.19750309091508184	0.13444503317947373	0.2061824606506931	
-0.004222724607205679	-0.13154206147558833	0.15441322668195873	0.10410992199917417	-0.020792082392399925	
0.03288830295303175	0.016087528921529877	0.05965493276976225	0.027295782777778086	-0.1067577135641663	
-0.01962749862796934	-0.14369750183911242	-0.02605503844607417	0.015058012815924055	0.14127672137699293	
0.06481817834073081	-0.02697323916768008	0.13653923710012164	-0.013324839796726546	0.02239691425647925	
0.03247136102927634	0.06581290209125576	0.02771928732950386	-0.07901921620099066	0.07165987367880873	
-0.0812699177789511	0.045936134222731115	-0.06694629847865925	0.03618382373131713	-0.00328953829863986	
0.09787313173186549	-0.13739911562713164	0.014576374466327124	0.014253612002297193	0.00981688989136081	
-0.08914137463201648	0.003766808864210562	-0.007518395938185579	-0.028264934523433163	-0.141284939988471	
0.011686621404177278	0.09248440352729652	0.09467296667157664	0.014536548750637614	0.04552180025197054	
0.08000331286630734	-0.09437754949599787	0.054343051874285925	0.12958875647393067	0.10160338062033375	
0.026583723750102203	0.009325530601851843	0.09186323677898353	0.125212581073348	0.008779032139928608	
-0.0048355412531486145	-0.11171198474067477	0.07994973290381605	0.09285878838709173	0.10282614323865044	
-0.5720396172910032	0.28164177378054855	-0.5776220793675182	-0.5419987982129066	-0.6202688557618669	
0.11772505738459217	-0.027823979379433234	0.03852347798069107	-0.006218454323656291	0.0587440600996771	
0.1037965718871558	-0.11002080666212126	0.1416077580216309	-0.0007234224161570728	0.047764211428815935	
0.08289476947159738	-0.06346032765419668	0.024896813980952583	0.004270372724201334	0.0790631564179281	
0.03797069224745532	-0.1144314831896536	0.13258393911638738	0.12753537880529223	0.1698662641365699	
0.08446005719810325	-0.0418780544023303	-0.09138364792153479	-0.006092230232372997	0.05696220024900787	
-0.0530209657112192	0.10053386128722053	-0.09721537752786398	-0.13369452556399733	-0.1835829390642147	
-0.2295680771572093	0.1864751586534619	-0.2739425711455252	-0.15736445664803364	-0.23451800699519637	
0.04734378992544331	0.02872057379244445	0.011887617689034428	0.002287350532950372	0.0006736351226490243	
0.08677368945744436	-0.16366738897593727	0.1961287720195465	0.17485176465893687	0.009773956868491472	
-0.10769528909872281	-0.010190389535568906	-0.1626202228684449	-0.024169316611461798	-0.11093187757999583	
0.09665800150272984	-0.03278134603740058	0.09901769328108159	0.10127379745327127	0.105855886931902	
0.009429578732678336	-0.031942289669967885	0.0922729133270423	0.004606705961164987	0.03675096212049428	
-0.015539244486368644	-0.09040141089049084	-0.04830205535806421	-0.05255276454261763	0.0080110026329284	
-0.026418927675884652	0.05902445258449918	0.016219192291606867	-0.03002673005486107	0.0609019353730218	
0.035745193975760585	-0.09951057554576212	-0.012125345996553911	0.0043522115499334876	0.06584053815818526	
-0.04915950185580501	0.04157841669341562	0.026632068403942125	0.12308630539954961	0.05589809499085717	
-0.03347278269070442	0.06336736547034048	-0.08593249166185325	-0.1328215672656252	-0.10563278876078844	
0.07828557510810112	0.03599636129794774	0.07936908602474087	0.05239512768440122	0.09297124911252075	
0.02753134497839403	-0.015966915273479924	0.05949890103393832	0.03949433722299693	0.03672035242504937	
-0.012103383730999555	-0.0772850965648639	0.03415031029091689	0.01330917111744967	0.12726215269963356	
0.007956950349732686	-0.06460074662490409	-0.04829656362656834	-0.05002828521712483	0.03615136241898084	
0.11344731274800618	0.0263476051946945	0.06976031120699248	-0.015209268403192411	-0.011761461131013203	
0.0398087474023996	-0.011909294700656638	0.011631660965885889	-0.01393200920131853	0.011608013234985016	
0.0029231279348245283	0.0599841693241988	0.012432353010861897	0.00042111648386976194	-0.034045947553934364	
-0.12914677909815173	0.0077769154242535695	-0.14956485586877563	0.004791343251338095	-0.14710009227564969	
0.018272310635882427	0.08681170358931153	-0.02580364765975463	-0.04664175900580774	-0.12878960231552347	
-0.07834264681227998	0.011863043966715274	-0.15001511446705687	-0.07488277945640577	-0.15382237153850084	
0.0904683069604899	0.05534878470780242	-0.050146952549764146	-0.08762695655644899	-0.05309658011832496	
0.007792802598161914	0.03692434944295044	-0.05779265877439123	-0.056168375984507475	0.07786325324220973	
-0.0307848721703361	-0.004573582486186105	-0.08126844217830094	-0.087676170042709	-0.01786772249054609	
-0.06031329432049074	-0.028052707539986812	-0.05069583269662304	-0.05907917257521408	-0.039611056490618815	
-0.048348478963547575	0.009667487912490924	-0.022103025209852405	0.0318798013536684	0.09434922221136133	
-0.11728153292873786	-0.0013181463811448762	0.014689221282395375	0.0006505907170884337	-0.034873985540152995	
0.0010264972304696726	0.1248010075170324	-0.022704424909779523	-0.014561374568210939	-0.16095471758821367	
0.03654851520694865	0.006922147463715666	0.011073372408664293	0.0733612952367528	-0.13308138168820136	
0.00576624163860827	0.06605734876628767	-0.1308275371281411	-0.08595021675010951	-0.06738389997952393	
-0.10096264973991047	0.10787936279243347	-0.10061318712728148	-0.036472925602655824	-0.0068755949768118454	
-0.08482417299493981	-0.056466667694358215	0.010169248694556534	-0.031128086091364093	0.013600047199639656	
0.02405264477322677	0.06707814464373156	-0.006774411358891016	0.0115929581358513	-0.09173769710975051	
-0.10489899121757519	-0.04866989180667035	-0.13367517778161594	-0.03614403960285875	-0.14738303795151697	
-0.085359936101026	0.09100298753430518	-0.04114048117922587	-0.03589865842034548	-0.11124286535496189	
-0.04956850743918008	0.0035134557602074954	0.05447794931393727	-0.08620105158561774	-0.07136730182342449	
-0.109572024857696	0.10077208035915337	-0.11211440594000062	-0.16733520241090494	-0.11007758479975817	
-0.09307751931073456	0.07414053953382739	-0.09259665144353987	-0.1347270571208942	-0.03768391563561843	
0.0768852194207472	-0.06424086272860155	0.04645885546131912	0.02001758620963904	-0.018418203054957408	
0.032939518928214416	0.0942239653843644	-0.17440003928742723	-0.026827131693922472	-0.08838948593790498	
-0.048946771297352344	0.06924595114589163	-0.23331650626509198	-0.21904105733645207	-0.2008396099839622	
-0.10401020337038806	0.054791870609658164	0.001164983183964796	-0.004509584236398934	0.007299139299832046	
-0.0058312113509917	0.03581853777871429	-0.006556874277459565	0.08074558769260577	0.03871651294994191	
-0.04977945089503089	-0.16313328920616965	-0.07402912534201295	-0.054425899850906054	0.027341487539822993	
-0.020229148179135147	-0.17479085574342146	0.11516072822139488	0.044914174547640635	0.11445107403012246	
0.01367122868552559	-0.044729638052525306	0.004746277689066232	0.01329402819751321	0.07600968531171086	
-0.000999710919643676	0.044948739859231944	-0.08799530831848276	0.06295080966381857	-0.059904317757028196	
-0.04121233016853808	-0.040287244117294736	-0.08059342010064485	-0.17653260097089946	-0.021740606379768664	
0.0457501600422781	0.08257009549243507	0.024208061978476712	-0.12883848844334678	-0.13102731127628287	
-0.04521538241080619	-0.002589887243536521	0.08598740557254	0.10178131226079157	0.03133873418577566	
-0.021695337153059265	0.13342477293893432	-0.11205650935705744	-0.10904380649740196	-0.15588160941693552	
-0.0949645620303521	0.0740460284881325	-0.11483655353787436	-0.08508826181560175	0.010078286255941078	
-0.053431555188838464	0.09837166541186948	-0.06289664378763946	-0.02557818252995503	-0.0710560441891207	
0.0028006920685429994	0.006894399338919901	-0.10012486782034904	-0.08572803463601328	-0.037858158747928285	
-0.13103700371726898	0.06355390044109653	0.01648761759659679	-0.13466934763286134	-0.04838988609661822	
-0.03371210701112541	0.064786428511723	5.699570720922481e-06	0.03852540931209097	-0.01895191075903302	
0.05131312118041637	-0.08321798708545802	-0.07024361356421202	0.025864558031565718	-0.021796477077941655	
-0.04688374270451201	0.12322068730931617	-0.06469243232688121	-0.1106153538316107	-0.09768749744772205	
0.026167448916807296	0.13491784118394679	-0.020724168747959886	0.003633968254722559	-0.14191319673118286	
-0.026418446060006973	-0.12193728604803687	0.039891927008966786	0.0006785163746317352	0.0883872667915319	
-0.1561669574584794	0.1688970861564458	-0.23250448509657262	-0.13415763761590682	-0.22898881294558251	
-0.04662420531531747	0.018013520311730973	-0.141499172263343	-0.103321028786701	-0.050672417426709776	
-0.032700347712580374	-0.0005200839609071281	-0.08087909654920708	0.000962384786069231	0.07029480719147722	
0.05674824859434157	-0.003478488419401345	0.07650750492069106	0.0697704276278524	-0.0030703392999078347	
-0.06402027621758827	-0.1446195310986789	-0.024237936502176177	0.030890104824923326	0.03447489404220755	
0.10249046620148919	-0.11532850542158073	0.12686058705846143	0.0706025519424591	0.10199517581141812	
-0.00593099166415894	0.06729135382391403	-0.02278562046969956	-0.1161305880771735	-0.0844303106457377	
-0.009881747366664966	0.04518439526743951	-0.012254381374583047	-0.008749748293803193	-0.08562446837538355	
-0.07764381103698174	0.02205002241457636	-0.06181350649274361	0.09107458322264209	-0.07867217233485826	
-0.046618816343837265	-0.005354934028213652	-0.013517984271131496	-0.048911934425983274	-0.13896693165318427	
-0.07524180440794533	0.0056811710238608756	0.012933662927613577	0.014724940752227788	-0.10041189881808424	
-0.11122753487898317	0.010784671411441765	0.0012767947620485835	-0.1397800073511558	-0.02645919347264151	
0.054540098662586536	-0.023107215126717925	0.05399481326596716	0.020872741108630546	-0.12079962747283299	
-0.042355144904074354	0.08268139081224278	0.019271558502528468	-0.007702619370818339	-0.0033915454319948554	
-0.027635387948420156	-0.009737563183087657	-0.026935378832115917	-0.010323628988186088	-0.08551669312778257	
-0.06337903877125689	0.058728500201516876	-0.12389200629810534	-0.2071361250647463	-0.13115088381475615	
0.0023652853918139523	0.041711367612185725	-0.04589554848484808	-0.06642148778595733	0.041110401509993844	
0.03992180243436583	-0.012472077419424675	0.11769276635147402	0.014383623007929317	0.006939484212121547	
-0.05419453718980984	-0.08523734877433926	-0.0630364162232071	-0.11863726605386521	-0.11122587256976202	
0.004032988311775224	0.07377312926163629	-0.11727201773530078	-0.08922601369789354	-0.11436978100554819	
0.031043653012583734	0.0775377396442381	-0.08524078790555853	-0.12075563445477441	-0.04080196086426067	
-0.045056406264583286	0.09085643590053381	0.004182732415069632	-0.03604559615427848	-0.09517282683930244	
0.1322456626000065	-0.14495276682775302	-0.002461212341749742	0.043254875337882435	0.03398106763437973	
-0.1489580562430647	0.0761769557023753	-0.16278522502514647	-0.06051861136988803	-0.0614653272136294	
-0.04729055474151543	0.0001802134386276136	0.056078095633517455	0.04362747841253987	0.02207766200460917	
-0.03962879716194054	0.01941886284394533	0.0896036182980884	-0.012635078303945816	0.049955299450952576	
-0.1451084630753605	0.10198807277632199	-0.13796664843240766	-0.07483364352982115	-0.1342147715464547	
-0.09663432361436908	0.0893297640274913	-0.07402821177313461	-0.020568576406372645	-0.03981841783914778	
-0.09193209832711131	-0.04983750593708099	-0.11663528847344787	-0.0346669292908155	-0.0728468331716541	
-0.08781398337584626	-0.03415278854703249	-0.02858414083269118	-0.15579357592601875	0.004522473521837631	
-0.08439705777933708	0.016106237279494225	-0.12846278275781314	0.02673859410070611	-0.11261690825801292	
-0.035187959201783754	0.08503936147960824	-0.13391924748379924	-0.04861249300934962	-0.11728783046372304	
0.05277299557733769	0.05949025109970751	-0.08758905546587752	0.05958360688395674	-0.09973978357063863	
0.11199285897472402	-0.045648984157919965	0.03240765576952583	0.09773018489878131	0.08909727250563461	
0.03278413763750788	-0.008912897183471827	-0.16108534871095082	0.028741165049232544	-0.0030331597328014646	
-0.03908433200005771	0.05911776816062309	-0.04815552982895659	-0.02995532294192879	-0.12191423835892813	
0.02980620458932591	0.0748537460142446	-0.03849821168253386	-0.06162523583521951	-0.01970937716145524	
-0.05225815677963968	0.030757427218445776	0.11064970229967303	-0.011055154751436983	-0.027058447004947615	
-0.08613612737746551	-0.026216121680030673	0.03479745758379798	-0.04028721216961405	-0.0861242637482131	
-0.18484896050021543	0.05057568573556861	-0.12914762719416797	-0.1665933139870886	-0.14695813412643968	
-0.023444507953400442	0.0739573027944853	-0.02621838854985975	-0.05615018314887288	0.012956326679449513	
0.03314754597704147	-0.10372183006092654	0.07390875364094801	0.10226021389519613	0.17256120477259598	
0.018981754337382424	0.020644160158621614	0.024866239507329146	0.045613864141136745	-0.06547253357486603	
-0.06250923580847667	0.10917302972084804	-0.06688429562933847	-0.027343072080533687	-0.07264775274288192	
-0.010970191990588183	0.07546926684698266	-0.0843596873612403	0.0005226559281233522	0.07051511830851119	
0.010709819489847122	-0.06719200630781455	0.08037271723982807	-0.05560202148777307	0.033902349712976336	
0.029418213562697033	0.06466089026682677	0.03109115719045187	0.07081263898967072	-0.08874734231294276	
0.1451135042710638	-0.12758974147486624	0.01572506392482539	0.12164033164127855	-0.06149838200835382	
0.03637497778659582	0.05475450996715914	-0.04388043462705169	-0.058998676580085084	0.0291456114738758	
-0.025810551549251343	-0.08397577197811815	0.0531758232079812	0.06716280763381285	-0.02459560515169629	
0.09215545871734314	-0.04183733018400763	0.07712499055325836	-0.004322669070361754	0.031676984081164095	
-0.07777431556648853	0.07779060149848095	-0.052786305070978604	-0.07504573419921441	-0.08412771535649771	
-0.09356162716666283	0.03318350341231724	-0.01314820045971226	0.04995075189122368	-0.016004852272149667	
-0.10702745620681162	0.16393264983122321	-0.15562092593281113	-0.19183647340052595	-0.20544873624157264	
-0.19235059186680367	0.08601621701789744	-0.23562880592335686	-0.19006008304977462	-0.22087818984027457	
-0.12053491955479728	0.18370640781972736	-0.17019462802959662	-0.03535235871941261	-0.10266987941628274	
-0.04783279615381961	0.07100177349817614	-0.03889974972640136	-0.08159505774993188	-0.006116773198130817	
0.05262604282986936	-0.09686105538027609	0.0339242326281171	0.10670833198100324	0.01670906562374463	
0.004340763403499964	-0.024290322776204902	-0.0623095763239726	-0.052732225580901314	0.0018657596794458512	
0.0745943672645369	-0.07254319599033432	0.014985074288108377	0.06884555050550305	-0.026595596209835953	
0.13921840630500823	-0.06408039684572166	0.0851447849475305	0.09155228029978674	0.012270977980084093	
-0.0474521777585244	-0.06230296735271946	0.14377684976569824	0.01256633769713132	0.10036670126536368	
-0.04560654038880737	-0.06261547340443428	-0.06566013638530653	0.05216419018223061	0.04128318418059864	
-0.020996942231299137	-0.027897885874660515	-0.06223146386137606	-0.1362144916514876	-0.12469938693974997	
-0.021996363083686007	-0.02133289973271316	-0.07867533472840794	0.030420504135495442	0.047929178600673084	
0.011116510952154853	0.05426560696606466	-0.08884752695933447	-0.09208428250545866	-0.02636985848220129	
0.05385518400225275	-0.05612402183110699	-0.04491107758718755	-0.04908204644840631	-0.04605238432261576	
-0.0025324464062349934	-0.05627470522208924	0.04160317166414701	0.1408111677831913	0.14414466035616658	
-0.052391792304581755	-0.014979637493140078	-0.12481604400472293	-0.04455362337181003	-0.11745330189946175	
-0.1641625090515448	0.1802894995675366	-0.27969200135453054	-0.3347994507224484	-0.3154767694310852	
0.17219759973519166	0.05304680571416525	0.11718237420159996	0.005340102788285792	0.11434595507586595	
-0.16517709213236823	0.10853663628295589	-0.2196504585909749	-0.1745070229836931	-0.16111867064886617	
-0.0047296210582145875	0.0799525719924519	0.018685065268597322	-0.13832158582495052	0.028440994047337406	
-0.06702087178135858	-0.09012355718243227	-0.0017621532078319442	-0.06780538502005418	0.02529658605661533	
-0.07380209421373418	-0.058235015361183834	-0.07220812364814251	0.05177679811008974	0.04581673380760525	
-0.05572411030973288	-0.05478212232462091	-0.0008074286823815684	-0.07482771202011682	0.00792752430758058	
-0.00678150057541687	0.026235005542736754	-0.08629769040202372	0.035709780255687336	0.0076597426305095246	
0.13430616339516016	-0.1357887638288564	0.23977756023153055	0.22414959594352504	0.3748737623676247	
-0.019700740298514548	-0.012978405685250724	0.012080255113011555	0.07928407604656386	-0.043690148562204545	
0.03343506246196504	0.05976384505911434	0.05046712975452859	0.20574188869440022	0.16681739784992972	
-0.881707690573135	1.1602331390745362	-1.192448587460234	-1.0453060487222847	-1.2193918409586566	
0.40393936727130236	
