TESTRUNID EPOCH: 54 L_PCC: 0.8937150074335253 L_ERR: 0.0051114742168198455 T_PCC: 0.8242205974298092 T_ERR: 0.00819536840602231
180 LAYER: 1
5 LAYER: 2
1 LAYER: 3
54 :ILEARN
-0.10943850407691144	0.16193831259750374	-0.19517884087743048	-0.13799893943348937	-0.16970630346756155	
-0.31013763636739305	0.1780763551632195	-0.356166906269877	-0.3101589253481899	-0.26162905309219425	
0.02857459852312806	0.05099215424555272	-0.041966867682127595	0.0668425490636433	-0.03805489175381146	
0.27756551602537605	-0.22086965039779993	0.28953883093861504	0.16396210433556735	0.24447588464338582	
0.043407723044676695	0.08070701280415613	-0.048585474756843224	0.015022119991967462	0.03038351600851651	
0.12039360993423595	-0.11735308560139643	-0.060782728741783386	-0.015344263202558134	0.18351065602261424	
-0.02111351712752852	-0.034615173074997924	0.15986865554010393	0.0586324794823279	0.1359506604717837	
-0.12848258654285433	0.16276951110875265	-0.08097587577114103	-0.23657031005735735	-0.07211840173514844	
0.050654720301073666	0.08811642551917945	-0.09927046754002049	-0.008229919298537218	-0.0876889468900607	
-0.024130447252978388	-0.006863605442715898	-0.028285577494321788	-0.009244741504521203	-0.11283417929523111	
-0.22319754553317003	0.06964680538326827	-0.2209342719941697	-0.15742740326328886	-0.1593138980015335	
-0.19364219849032538	0.15319746088620573	-0.22766450724106307	-0.12188215634379787	-0.06415275232208029	
-0.14471733135900144	-0.02597731496131941	-0.05401064115302961	-0.06311713457451035	-0.14101744952202547	
-0.07676996567646861	0.028617372935832736	-0.09085658519358356	0.0191870685497669	-0.16670371454149724	
0.21944979892343064	-0.23521348956961263	0.10225967070465425	0.22572592534144248	0.14712106042187384	
-0.1086104881234747	0.1809576042900574	-0.09752193821853888	-0.026285684345587326	-0.011640431380105249	
0.122146689000183	-0.02189902732144366	0.1078106023448671	0.013823209991410013	0.009244652723081776	
0.05350089523006535	-0.05565217959914953	0.04084354803086431	0.023635814719357558	-0.05006996283462715	
-0.03817372009583911	-0.009605297344952652	0.054521429805537334	0.09053184125997271	-0.010539307350014527	
-0.05201269713114338	-0.009758994638691875	0.06273417475275168	-0.04801409096051631	0.002892069393071643	
-0.1141280311627549	0.07490926555700436	-0.040034901978123906	-0.12574730702087664	-0.04027622142656121	
0.106645817256582	-0.1027455175140451	0.19000272886330796	0.11561445155234308	0.1925117624511008	
-0.06125389863528713	-0.07062019261553923	0.09191877897549706	0.04464714324653996	-0.0972086004630311	
0.03166605703227447	0.007562709461875701	0.07119780138733157	0.03882934295230574	-0.11600277005664086	
-0.049889661114996264	-0.13047270305049374	-0.06452768112049141	-0.011960030013919506	0.1258956994786355	
0.08732310875458595	-0.04035582762964855	0.17408597985413526	0.017662852301858243	0.0513146325609213	
0.05042639969511169	0.05751974066262921	0.05865656180488449	-0.04867109160924482	0.09357874832148476	
-0.09818814656366112	0.041179798718780886	-0.07996530662444068	0.018195132472973833	-0.037918881768881724	
0.08614969325733918	-0.10321158003620781	0.012615253628839052	0.00650559411339703	-0.010346503770583378	
-0.13751711881066134	0.0556600733919699	-0.08398385445083478	-0.09456048970639448	-0.17566389350614217	
0.04246331038293867	0.06691955391806625	0.11962091415956591	0.038058817605446084	0.10277628073387944	
0.08146384802250035	-0.09111698463388326	0.06728969888714444	0.13734448028094368	0.10193721056037686	
0.020442379109118194	0.03168104727433906	0.06947567284837675	0.10435105604389455	0.014270268484472796	
0.019398342753064787	-0.12484134330387181	0.10658775256061896	0.12080964731700244	0.15155075648775151	
-0.5758386855954725	0.22189932639972237	-0.5690741100875423	-0.5170562226562111	-0.6731616561302074	
0.13016590183102128	-0.051105461291876667	0.06051975268424058	0.01713056458175142	0.06463702777825105	
0.07955053855469392	-0.09196118892791476	0.10983896151115596	-0.022110613988779487	0.011585916488325904	
0.07551588866921849	-0.049957023189843276	0.018610936881018923	-0.0017522033382237167	0.08130961972960978	
0.04204731389059108	-0.0976203295856218	0.1401028654441307	0.13174077144612512	0.18807461861234195	
0.01648009307634416	0.034277327990192376	-0.1918312237091405	-0.09418972320207608	-0.0004040971254849796	
-0.09279853267031052	0.13836406266572268	-0.1201913109630677	-0.20011651757590757	-0.28810046237647235	
-0.30658798587015756	0.31021520860877494	-0.39095209866857183	-0.2752859305014484	-0.3186852744597107	
0.04737676442257504	4.0538413975861095e-05	0.021993437419543675	0.02441970094422408	-0.03721621582026954	
0.042380127051800026	-0.10698822082501569	0.14745906600729086	0.13674633557353957	-0.0699523754772833	
0.0024171306400717486	-0.14321515143746236	-0.005850171118989042	0.1371444358001388	-0.019424903723210603	
0.048181865588488186	-0.002349835558228713	0.025248857593910733	0.046034119914061186	0.04045043169191383	
-0.003233958120075655	-0.017262406069966086	0.06165116676840542	-0.008736447491078764	0.002667944413085466	
0.04011146202836308	-0.16012283825820753	0.07096658171847173	0.024111117705003467	0.04579238608901071	
-0.06651295638153969	0.09007054250347574	-0.035919965050689034	-0.06235746327218592	-0.0013996778630216875	
0.0030404899103247144	-0.07776743051895281	-0.0796360928400021	-0.0625934328606287	0.029938695890517706	
-0.0548265718363783	0.03882971283934477	-0.010606391957424376	0.10924281759902404	0.08270039161714703	
0.008703747114354534	0.010280463691678985	-0.031263537911315066	-0.10073423588277569	-0.07413381026338368	
0.021683285618727288	0.07850101429287583	-0.02664647262727526	-0.023953719040630417	0.04844758629942568	
0.0718882825329487	-0.062425041778661046	0.09282477523964718	0.11210987600286001	0.1394043904512366	
-0.09704575413526884	-0.05649838379743876	-0.012221795901465621	-0.06434223850543067	0.0165111707724624	
-0.04518995066247202	-0.008247417204474708	-0.1061465906629211	-0.1044357559160178	-0.06404917413314815	
0.03646671475034384	0.09920101144665135	-0.042278368441799635	-0.1007092174960071	-0.12087903251760776	
0.0010515252902037616	0.007112091812961628	-0.05491903302443529	-0.03188827727533163	0.04842493445168774	
-0.048098013242438065	0.12238741194385873	-0.07526344265230714	-0.058832941752042955	-0.08391868719420667	
-0.1869531813545498	0.06932406748401133	-0.2483690942273855	-0.09756442552392222	-0.22622451073390445	
-0.006813159334871485	0.06851243605319376	0.0010549580262165245	-0.05719880223681772	-0.18316993987715904	
-0.04872437697441192	-0.004413101008782595	-0.11073267124073781	-0.0465558945720104	-0.12611722367898773	
0.06856719801096826	0.10653208530066459	-0.10510166868199582	-0.13705524015291976	-0.06885224379489817	
0.04805214970706537	0.04655036869310668	-0.04453344330293275	-0.04072512483678808	0.15333915199728626	
-0.01990184092449652	-0.06698473677852086	-0.024520507075227002	-0.0542590092981603	-0.012844114689779973	
-0.006960118316060053	-0.07736431111665835	0.005655926017177804	-0.00015890088156652967	0.04115026576069414	
0.014811067941231972	-0.06060875739473108	0.05104709935036434	0.10301645423016417	0.18063101085852146	
-0.12104487396867136	0.02245897593766434	-0.003557306488133238	-0.05918380786383704	-0.04164455048644659	
0.01573794622501228	0.14324446995682213	-0.014550829577289036	-0.005952705852594476	-0.14517911859040109	
-0.04613477772905242	0.0271950025653984	-0.04638030141688822	0.03681795243099515	-0.21733867667226395	
-0.030581262226552792	0.07843853355246849	-0.15165785171446056	-0.09061931592585269	-0.07791008461105409	
-0.11499917290474672	0.12088531027073678	-0.12254166353549527	-0.05710989706555873	-0.032128207402898123	
-0.1410913413871855	-0.01231135569439011	-0.04505054521881651	-0.06858088019177506	-0.030014235998419337	
0.03995685467868654	0.05447721756884784	0.023041683431256996	0.05081724621262118	-0.05751173373231685	
-0.138927444075579	-0.01531886603778374	-0.1969808207071989	-0.07549987817556471	-0.22104482850266222	
-0.007938806455658778	0.010585577033154688	0.06486214786324951	0.05013109373431662	-0.01421179257741258	
0.0708290102527124	-0.13072444812240414	0.2159975525195564	0.06433459455590369	0.07953079972964965	
-0.11145367382703476	0.1318657011345661	-0.14510910959190895	-0.17639380520754816	-0.11242197312979726	
-0.07790568938059172	0.09220678598417544	-0.07290516469749528	-0.11171483086708102	-0.02122806905328707	
0.0386382491208406	-0.10134672864722541	0.058749338466904624	0.038892557551358266	-0.055924638248750186	
0.06643343248935556	0.050060247585174314	-0.12722396962205937	0.012126075199335836	-0.0298970576602496	
-0.050593711758754586	0.06902492979030997	-0.2626688396920136	-0.20812838469931993	-0.1618578378864478	
-0.16310433446967743	0.12050730718481738	-0.09780886165624925	-0.0710307027702755	-0.048957651585766135	
-0.013257299524663745	0.04964867509807694	-0.03634451406387584	0.0983395050415623	0.06432578013086312	
-0.12546880326536344	-0.14261503883422771	-0.1702127644137063	-0.155419569803398	-0.09555442054184134	
0.006822324282212064	-0.2031185074587625	0.11894197225492785	0.09387052981779921	0.16882682123270393	
0.055027988907874206	-0.08985603475108012	0.02262074774436301	0.0839285574824559	0.16378487919337373	
-0.042415835874841094	0.1058714453771173	-0.1423534661415003	0.005331780676579153	-0.11762437392205431	
-0.06946286014008086	0.0019288446888855585	-0.1596984612496663	-0.20527231384350772	-0.026108376794172508	
0.03299816400424348	0.07045879411854328	0.052832873632787596	-0.1449448986464927	-0.17986082565332112	
-0.01833190877803579	-0.07086450626193572	0.1455921903620593	0.14745355452134642	0.04327005902944297	
0.005998147519486478	0.10908594298216887	-0.1035886041695328	-0.06422420498969938	-0.08594296153282133	
-0.11174156905092607	0.07751034552806231	-0.133293218151839	-0.10488672085989649	-0.028355948353885243	
-0.01482857193608083	-0.0016677653080013864	0.026442639305707144	0.029906481547714376	-0.0358799324458433	
-0.004323020697505171	0.07026432741498642	-0.09757740675522675	-0.08246708713987186	-0.018400584146452164	
-0.1041069869057511	0.00825657058371995	0.051870006858537265	-0.07935841082208953	0.023000460945267025	
-0.035889234019050746	0.042765844602894836	0.008913088561847662	0.05776572458038123	-0.005949963353231133	
0.04738477448776114	-0.06962998665179297	-0.07172053905416992	0.009716454212324914	-0.03111478938229057	
-0.048969664849185614	0.10148469729765139	-0.05183913428138093	-0.1056157673508652	-0.09748837889312972	
0.010981101737478193	0.12833516946302265	-0.00385883359661977	-0.015217581735660462	-0.18267355183920522	
-0.0505128953129652	-0.14274586964998182	0.013326032914585334	-0.016500752727710975	0.06395280276909018	
-0.2814133394922742	0.32257601964078353	-0.4062883671649043	-0.2905219852056823	-0.3790002705180447	
-0.009945136056898559	-0.02557606707721815	-0.09861758830805395	-0.05796056065161904	0.013166604475652122	
0.06944880644768905	-0.08638045622053644	0.021918491455487518	0.11522494725780787	0.26695949926609014	
0.06905467299278421	-0.07307775584569962	0.12617961827697202	0.10640502653728122	-0.004998074197373248	
-0.015215420174240673	-0.18938191542597826	0.03863394373321385	0.0957194671465612	0.14081897337177088	
0.14618708346932324	-0.13736705439849495	0.16771242604880318	0.1208316443998111	0.2011804866739191	
-0.04385368840030991	0.1299035809582843	-0.11409021259187554	-0.180872338796078	-0.06840394586033662	
-0.04561471047939921	0.11891381088442861	-0.08346288545913091	-0.05778970210175563	-0.10546214339404787	
-0.05846232183526754	-0.08127935211753805	0.023098177521892815	0.15728300852429947	-0.115456793526159	
-0.08541804830406605	-0.005181346323310961	-0.025772399124649757	-0.06962630182726727	-0.23089371669349396	
-0.07821787105957831	0.02491872190299676	-0.005245329511403194	0.013067404934441324	-0.05038783069042452	
-0.1516770376394784	0.010225547557384439	0.01570006487601446	-0.15394317633488222	-0.1300734043318336	
0.04280979812670866	-0.004647079785633826	0.057050489415063896	-0.00547970394353795	-0.209796906477869	
-0.05582313925005751	0.10485361670224551	-0.007530839322704971	-0.02343545331482105	0.021682959298884304	
-0.050461657375121656	-0.003446602005679848	-0.05744064311647562	-0.04819464818414411	-0.08319576060983411	
-0.10320553714588525	0.07183033393105975	-0.16338870649230805	-0.2577783092639994	-0.17840454066417327	
0.043924300816695606	0.02776669484153221	0.026682658898616426	-0.028236671088296902	0.07223086178462322	
0.06899188779439762	-0.04083511204397886	0.1588907850839354	0.03928274711662915	-0.01216597806329229	
-0.05160034601197719	-0.1745680778225858	-0.0036822214574452395	-0.07745096888083317	-0.16782532006326992	
0.019479635228780746	0.0549471534535103	-0.09996390040690566	-0.06412658435984583	-0.03920805346157517	
-0.020335584043126395	0.0981077568592785	-0.14075672595609115	-0.16529961237567067	-0.09284913985033211	
-0.03648857451123974	0.045271450880506	0.007689568245509339	-0.02241851256300957	-0.06827898985755751	
0.08924016975380404	-0.1325102525137961	-0.07618399014130069	0.013670210153685192	0.022519235628905003	
-0.17654407565686692	0.07471396044176719	-0.16512670029304663	-0.07060448198627278	-0.06934149022368084	
-0.026157312430867885	-0.06812094213394498	0.09380524076820622	0.10223428349920341	0.07536580631419844	
-0.08026661758180828	0.015518576407981776	0.041394170508640096	-0.02080044638135743	0.0528759869220661	
-0.10509723872311877	0.06199120672042501	-0.10517645727822002	-0.026455355446873267	-0.08435548470222394	
-0.08805886334913905	0.05006296699476929	-0.0676768794595138	-0.013000772434708105	-0.04104499450720267	
-0.058991795248065915	-0.06701733111805527	-0.044461410269492845	-0.018281470754516947	-0.0448414327849245	
-0.0896492791045692	-0.01677945841217412	0.00022315143183127562	-0.17172955369055118	-0.023097729052071272	
-0.09821425880794081	-0.00595726081011424	-0.13987120319068239	0.03663420331333465	-0.10553459053274424	
0.03419464051300927	0.000968959718980569	0.01350970929893067	0.02321523709256747	-0.07330438869921342	
0.04750411189067827	0.05658044069666507	-0.0941861844855774	0.04745847163855373	-0.15794297985418157	
0.1567505600579797	-0.06554816001287668	0.07381488595425696	0.16418535788094826	0.16671954124643415	
-0.0622656930367534	0.07460252990023646	-0.2869638053218623	-0.07015727039171853	-0.05943842826741711	
-0.15088376655631286	0.18290181544668596	-0.19336216640971549	-0.16501647466328062	-0.21150457608511117	
0.011380789563603864	0.09557122801478594	-0.07823342443814846	-0.09244880017849567	-0.08096830574694426	
-0.005737675524422517	-0.017659317478328405	0.14240055103279944	0.0188641214412407	-0.00219043631300544	
-0.07681129336566121	-0.019385343276089095	0.07237432848090886	-0.05065363218598402	-0.05853838327810386	
-0.23557220994608608	0.09260936131814894	-0.19235987636104918	-0.21483102456732195	-0.2263048814125584	
-0.06953826103659527	0.13982972735626953	-0.0928779307856802	-0.0985538762479383	0.0011443808427948933	
0.05321222926461712	-0.14453986032176575	0.10572548973363936	0.14407503618890727	0.17918308841946387	
0.004430038209101117	-0.005640697489520837	0.00514729415839884	0.0524970943506864	-0.11673424619368243	
-0.038065441471547314	0.08983105368386586	-0.023864994294788104	0.001390846027467344	-0.05509414153513286	
-0.02514729881091745	0.10229942627547918	-0.12246885865643295	-0.029173778790098623	0.07774702352404246	
-0.02185225820466669	-0.04329201774393007	0.02401688006400434	-0.09467390282331141	-0.019488954253037028	
0.0856211052837957	-0.026423225145853237	0.11534874408421733	0.15570643852731253	-0.03197248009199041	
0.20358890865378929	-0.16919591483734775	0.07950548288159956	0.184841019281125	0.02256670165219517	
0.04590325676978103	0.03977645051129763	-0.009303878519219707	-0.05099281107535767	0.023242627469987596	
-0.03766190959311708	-0.05718615790971804	0.036638819453364765	0.04505528844023419	-0.024392715488604114	
0.0848976999620194	-0.024568636582567027	0.059416595920163906	-0.013253589122191472	0.053449883251654694	
-0.09566253808495778	0.12966749863440222	-0.08194529204507914	-0.12163291557878432	-0.10258816824312121	
-0.10020376204228529	0.07497910985288332	-0.024492156546999634	0.02776610366797502	-0.020484497604044402	
-0.17064627190809	0.18450548758123603	-0.25332069390049733	-0.2710839721038012	-0.25345640112187245	
-0.22318455720673247	0.11953530330192483	-0.28397495039913445	-0.2256960798884571	-0.25761026306887824	
-0.05444717187742932	0.09525514665225285	-0.07710464298876597	0.05108466972699131	-0.028906442853515103	
-0.06292672360699876	0.1140095987563272	-0.05150115738081428	-0.1115465540890728	-0.0023059060016676	
0.07033194957803199	-0.08163209441127095	0.045559406173901064	0.11462805633737705	0.048049714643655365	
0.012561876604520522	-0.043422235895882635	-0.03030769705843968	-0.0424136382332412	-0.005832727464957457	
0.049527366382282396	-0.08121789724994309	-0.017777854379544423	0.043661078324935446	-0.04262676349726411	
0.1625298987486154	-0.07892878392786547	0.11475449083955758	0.12535341960556068	0.06664059273095518	
-0.056801893665846856	-0.07467419151888362	0.125592080963105	0.016561789590317202	0.11615726585307957	
-0.061876162859837824	-0.06855824637461716	-0.07809297163230011	0.052415162170446214	0.04468664393443303	
-0.04158821404002409	-0.01745841338098737	-0.08856048293186339	-0.1591844371837519	-0.1427554447471474	
-0.012820364561321199	-0.035361664674391315	-0.058376088631478175	0.05657613186060552	0.09416368325885564	
0.007532746327136262	0.06698309024784241	-0.09266711399387097	-0.09573813305255399	-0.0059835303111563124	
0.023839464870047775	-0.04337637237165725	-0.08055891439297824	-0.0800394790637608	-0.05913303131056864	
-0.0023422306981137394	-0.023667637416711084	0.034705919843237856	0.13196008425408623	0.17011861467178052	
-0.05111209270984644	-0.06594620989769921	-0.11613838097120004	-0.014747140820646263	-0.14187727602134956	
-0.17536966000751497	0.2148770100831991	-0.266567008346772	-0.3498349513749634	-0.34713941124957964	
0.19922474237725993	0.011138481754663906	0.16063907060480728	0.05927070571201007	0.1855640707501793	
-0.16368457392795285	0.116498785508073	-0.2160064130158266	-0.17055457246604044	-0.1500328494322917	
-0.03346244576227189	0.1963532690646686	-0.04127655699710487	-0.23391638215017194	-0.05331193635444791	
-0.10564556234420451	-0.07315761721839083	-0.05187801745584304	-0.09876669820316501	-0.003777655701864355	
-0.0937617779127717	-0.05008697791664793	-0.10847656884348728	0.031496249502411304	0.047024981220770076	
-0.09159628595970142	-0.02188032196479907	-0.06106130619519622	-0.1156440153195807	-0.03347651836113027	
-0.01380110240175288	0.05380184022342696	-0.10608013853474868	0.0006504394063616063	-0.0139240790919083	
0.1464333777247278	-0.11166272321592184	0.2301195314541359	0.20559467545677626	0.36429260864694324	
-0.013477864794823947	-0.07884477570946913	0.019470360213121297	0.11519811994497402	-0.059551985230610456	
0.06808010432379608	0.04295501539612693	0.0829097106452241	0.23331201728611445	0.1985914444773075	
-0.9571160099197379	1.4834810703528667	-1.3333224651897542	-1.2053696871624469	-1.3627003071153359	
0.6534040378916903	
