TESTRUNID EPOCH: 52 L_PCC: 0.8893239691051479 L_ERR: 0.005342962996883953 T_PCC: 0.8245197067707157 T_ERR: 0.008084194392658487
180 LAYER: 1
5 LAYER: 2
1 LAYER: 3
52 :ILEARN
-0.10132228952910213	0.1487082489611042	-0.16949241872964896	-0.14828454706187033	-0.18699123859389163	
-0.3192685556213522	0.13864274588046793	-0.3630433218612569	-0.3240097515512776	-0.32953601447138725	
-0.06878599284967614	0.09802769000366401	-0.15262033081323134	-0.03300162523775234	-0.15308060243669935	
0.2405181056035949	-0.23944082024176472	0.2557620847019098	0.13664896039459432	0.2431668854188041	
0.12810029127352868	0.023516367234658667	0.043969417995699867	0.1087184365463452	0.15958306869013927	
0.17824926175069172	-0.22189781417550503	0.01745120596335629	0.05057187170810899	0.24951845392106692	
0.017911584944796225	-0.12356112345469619	0.21505616710957395	0.11500048717023635	0.1996169349150342	
-0.14585723833603498	0.14067987731738577	-0.08108520429519459	-0.2589635434070482	-0.10795983193311334	
0.08175946814277196	0.018921103322987805	-0.07304121090283444	0.04025443229330098	-0.07448626079338268	
-0.01934273784537345	0.0542481482538507	-0.03156884454511407	-0.035062878300253855	-0.11601276424906277	
-0.16824254617453344	0.04234446869275001	-0.16176288706406497	-0.11888323387901728	-0.1266214982880793	
-0.21603288959474776	0.12938797965016124	-0.25244949941650185	-0.15735776911873525	-0.126173974316092	
-0.09687425313700047	-0.0406456525848158	0.003916820579749614	-0.029047522167815233	-0.12345237664817468	
-0.055950364384007606	0.03481004135013149	-0.06347175572458591	0.0781851485828169	-0.125194976555851	
0.20070415216268697	-0.22043271607917284	0.08402285885897189	0.19660705623733724	0.1298576182043882	
-0.11856444872771242	0.14560792545938922	-0.08120085334937463	-0.019037205670490418	-0.020233608482536365	
0.07894580937839925	0.018205932701791817	0.06569413284570606	-0.025125962556120224	-0.04628715120808864	
-0.019636801990408383	0.059479794578287885	-0.04716402904449435	-0.040982712216054235	-0.1411791260921947	
-0.062431075127165864	0.03983451487112666	0.023673016563774976	0.09186519636194905	-0.0324754738805868	
-0.05546516466127308	0.06277295445206832	0.05071526276441185	-0.0802904589203674	-0.003567855903814217	
-0.0406101408281224	0.007945752772138766	0.06312506004683469	-0.04005119119294489	0.07084833819863492	
0.10459432380358062	-0.10265052024812635	0.1782216624952437	0.11293486366448592	0.19600837852940017	
-0.04064097039111096	-0.08537050551450305	0.1116570312492991	0.0636360864355974	-0.05872167320012221	
0.053043535662229815	-0.00454284579685551	0.09137448963730573	0.059235811419432405	-0.08217281665268135	
-0.03587799027714387	-0.13974495359485747	-0.04148524923434251	-0.010623255454158886	0.1447046331527309	
0.05390772015151055	0.0016026981618819554	0.12491539753369314	-0.0231308446455177	0.018392529404959404	
0.05220493582063676	0.05716824184009222	0.05575131105860352	-0.05151379003657654	0.10060380698949996	
-0.036531351816740144	0.006028338592353891	0.00018815885154508405	0.08824091487865582	0.06196562278468835	
0.10385595968029909	-0.12361581809262841	0.02695350818441814	0.02418845796051452	0.030117944417379965	
-0.15531452117970299	0.04205681443350419	-0.09663284089384086	-0.11587843605738503	-0.23236991630068038	
0.018492530445879903	0.054576188256982364	0.0991005362760765	0.012813796282026436	0.060920801605280184	
0.06761384029471129	-0.06806848309609444	0.044372912491359905	0.12001222245820126	0.09243376715219745	
0.003721726854406997	0.013684532003178956	0.05663977561583971	0.09200449935258659	-0.016796345451721217	
0.004811590562902477	-0.13955752801087262	0.09656403833935993	0.09668336079047556	0.12511403557978376	
-0.61125662603303	0.2916620356555753	-0.6149675381981848	-0.5536560442952891	-0.7403965708361111	
0.1263696504173028	-0.030630061236123437	0.05360488929855854	0.005435626536051088	0.08225468653555065	
0.06992727107981025	-0.08315489087184126	0.09642707583260514	-0.0400842161664451	0.009149726144317041	
0.07100371230601327	-0.060781175527430426	0.01892256656321468	-0.012398863665006102	0.07109477636937066	
0.029385202577106223	-0.1004804122808639	0.12711432756034402	0.1118162859320302	0.17194947972835467	
0.009973542302949018	0.014379530777154181	-0.19181042833184736	-0.10553253458785337	-0.04160282629989421	
-0.05729384919308431	0.10033401381434918	-0.0848762652767429	-0.14772508766293763	-0.22702832235456216	
-0.2702683004071239	0.24674862404950737	-0.3501199567986034	-0.2227289179382516	-0.35846207467488794	
0.004447847323609126	0.04936641082635806	-0.04145447979049499	-0.05561803807025576	-0.06689553468904431	
0.07543478327430252	-0.1459354473976318	0.20330912746728771	0.1572871495814488	-0.021447715080747984	
-0.022539991611487467	-0.08195164631008935	-0.07977260106653046	0.07938312202353671	-0.029503339996361556	
0.04432787535233153	0.003344787853845619	0.031110882374100635	0.050534564757524235	0.04385025380371575	
0.05327388536248114	-0.07943303890773852	0.15794583959217567	0.06026562051674663	0.0814837338349128	
0.002201207920942994	-0.12137872178828786	-0.0019430805444843368	-0.0370797655453499	0.027901412284079892	
-0.023088164721505083	0.05186210783840194	0.013351611378103591	-0.025350196722594216	0.06416243056267472	
-0.02494373225877721	-0.07022309831226994	-0.08753402484271881	-0.0824763917637321	-0.00056954685507155	
-0.08129025925322542	0.034358898853286385	-0.006854271098946857	0.09566156821652133	0.06094353049594168	
-0.07604062051910025	0.09134861154647134	-0.1450288744445441	-0.17873849977338468	-0.20217473321734122	
0.02210432551312561	0.05369577356812548	0.002032587649606507	-0.011116681711396554	0.06615645971066832	
0.06417899810038409	-0.06479161328159808	0.11118816588204904	0.10269663419501791	0.13338224132687998	
-0.032551249216626506	-0.05685831009952886	0.045308701879889626	0.0124029462691952	0.11938352824681028	
-0.006521804781027322	-0.05258542656823251	-0.06695799499169228	-0.07253458766732061	-0.01935505714791711	
0.03968336064513617	0.08693793276753946	-0.03455166272526359	-0.10581611592455241	-0.12120498220930062	
-0.036858350481667315	0.0312654566526083	-0.08949799676590309	-0.07206655955505636	-0.012482933610087503	
0.027287055581892712	0.048248520677339646	0.03154714207111285	0.027480608368189916	0.019647945516689063	
-0.16539189207222832	0.027729413009125067	-0.20161849364722	-0.0635429482688632	-0.2067275786684698	
0.13960699281887812	-0.03430922366826097	0.1800420334198099	0.11782544404871086	0.016548188025763785	
-0.033047119842471814	-0.015967184400450075	-0.10298318813975575	-0.03505041911561312	-0.12492944372366659	
0.07998622221750046	0.06708615596830791	-0.08275209520259813	-0.09561547020231963	-0.07858602212828576	
-0.04401251779702275	0.0959926651363318	-0.15894541846204613	-0.11945610477309375	-0.014216531131974974	
-0.026332430815589798	-0.027878779464157063	-0.04313104380104406	-0.06699760684523283	0.00662340111923404	
-0.05281464195569121	-0.027933490376889983	-0.06947165745529638	-0.06397206428831984	-0.025671583808568616	
-0.031441970711868626	0.008855707667204043	-0.025720998385085736	0.051898687748331375	0.09615976909615098	
-0.055659968956108294	-0.06638360833090771	0.08082104678028391	0.053764610905697716	0.046805420401026365	
0.06502675853303828	0.09331287278974226	0.017453825521278173	0.037798820778694606	-0.1247155199483096	
-0.051825026999045745	0.06049365266687523	-0.04788516206285338	-0.0014196603301819854	-0.21458134094449	
0.020136733885446914	0.03385973984558437	-0.07549142007474974	-0.05256121981701851	-0.02495728866114453	
-0.10219419896011517	0.120278800994662	-0.12346563718947103	-0.05773479030733294	-0.03035219927494495	
-0.0970917032762969	-0.059407178441645794	0.02309086544401641	-0.03272455558279011	0.022890047785741868	
0.035104907454374966	0.05532047362201396	0.02409462978218063	0.03095583830014537	-0.07682477824538328	
-0.154909712145199	-0.013470090915080026	-0.2054128317431812	-0.10674771364100438	-0.22964730273837977	
-0.03483519493570195	0.024336462591165033	0.04440975834653141	0.045510964352009825	-0.047229518659502596	
0.00524473111891832	-0.07633062327483099	0.16215515329467942	0.01901590176065564	-0.003997723472441348	
-0.1214070764858723	0.09715068926396062	-0.12932983646192814	-0.18186132174682684	-0.12283968798619321	
-0.10210912227058654	0.10760633246070805	-0.1124494823213735	-0.1544102632256075	-0.07710841107645916	
0.02541224357248849	-0.046984842261661906	0.044714110446152096	-0.0010825409654957397	-0.05791491313564489	
0.021953212263707028	0.11692986272568684	-0.18153711303500505	-0.03318608751917818	-0.1209301759037332	
-0.11509077616704237	0.12394742072162827	-0.3277437180917115	-0.3256994524361643	-0.2935270227505007	
-0.10194575464452839	0.0320908631722831	-0.011995923250608588	-0.02071731426277493	0.006660261902331575	
-0.0099877704063106	0.01083665226291183	-0.011267213812531408	0.09264004184558221	0.06667433860501076	
-0.1117145640108979	-0.1688346775001902	-0.12657911263372693	-0.10422319220742803	-0.037502639561959816	
0.020000558020796467	-0.2350940503273513	0.15989522755036203	0.083534610161762	0.17658751918554838	
0.07051824303574152	-0.13010237198112692	0.07797259137161067	0.09753437026477296	0.19148824545985518	
0.005759504640068718	0.04362808862873225	-0.10360406371826504	0.05460093865359675	-0.03780807377097886	
-0.02527338932843701	-0.08564880971144717	-0.07809137942734846	-0.1900121671916304	0.010107650400317133	
0.11362779830083193	0.04854838044303505	0.13890606569513808	-0.04126915962149825	-0.0925678833327269	
-0.04563839023160777	0.025162998823323825	0.0939724930930089	0.09301871385694814	0.03140225221968325	
0.021022343772342942	0.06391302435931016	-0.0673241684870458	-0.0726426905356872	-0.10811659289525052	
-0.0652870203272072	0.07421157151574742	-0.07402726478775988	-0.06904511744038476	0.03603298579627633	
-0.054438899770590285	0.09741370615366983	-0.07115597416103626	-0.04559832188893789	-0.05029356288679454	
-0.04521478611160423	0.005122640739405154	-0.12210215880647732	-0.07783354853979689	-0.13102371997060785	
-0.20513376206373765	0.10388744116922657	-0.09097956912610344	-0.2205012508260808	-0.15420346405789523	
-0.10134351472008013	0.10475622543494194	-0.07377688094282643	-0.020186406976472903	-0.13042921763630014	
0.07114399012992761	-0.0783235323392658	-0.059392171024166704	0.019105502138382878	0.0036414130984227773	
-0.018761382838504155	0.09648570421207228	-0.04207761415629619	-0.1044883512066733	-0.065820961222216	
0.0753330181280149	0.11530562361032874	0.07257746576282198	0.07839639274295387	-0.13447521954364125	
-0.004282568206349015	-0.1474024774365097	0.06255384182064387	0.01865546567069085	0.11034716538175657	
-0.21372223737727944	0.24267127128754598	-0.31702805037743403	-0.1835716707560053	-0.31192736715412983	
-0.002212211855569691	-0.030638427157223643	-0.07789907284768506	-0.024353256619642917	0.007348544674097348	
-0.030581196480754004	-0.023807843976746786	-0.050880408572840596	0.040245953982649	0.12471948304701781	
0.09504826373772365	-0.059567968699742874	0.14515888493888385	0.12144856104681323	0.013224372220884933	
-0.04109504344403241	-0.16731541908603015	0.010047550479442498	0.09162797658916665	0.1109604751514737	
0.15740782145279136	-0.1685234328905282	0.2072540307873685	0.1662661221188914	0.21014031862416555	
-0.0825983971875545	0.10799035491971323	-0.15170714770135296	-0.23243282283314454	-0.14451239800192636	
-0.01360541287886542	0.058696116108054336	-0.03163886326516194	-0.01391939852415551	-0.06253510640734161	
-0.04850505505827952	-0.009755463956787454	-0.004705491508336208	0.12177512048029625	-0.10051713564450933	
-0.03666832704699661	-0.02194067756363335	0.011541253507253327	-0.047248888442566056	-0.17058408698244415	
-0.06058172456672879	-0.013261553121487963	0.021393472055803144	0.06647128247634757	-0.05689693143812292	
-0.13266694787653902	0.057899415721701875	-0.02286534386160705	-0.1770888156105687	-0.11045721412032555	
0.015431013234415815	0.01701063173406047	-0.0014747130677532088	-0.06007548843414282	-0.1891490089353195	
-0.10407309600010323	0.13810217171502215	-0.05251192665378826	-0.07139550944846794	-0.06985562337036734	
-0.09631103198316857	0.05361855333534031	-0.12043643325174624	-0.10307367198092454	-0.1751169467991859	
-0.12545220879680838	0.129307659452439	-0.19406218100972075	-0.2987172591550362	-0.25552789246673524	
0.01572946399590889	0.04094375179235918	-0.02206157126705563	-0.07436606294996635	0.08734189735268057	
0.003007972197877781	0.033631135326251886	0.0620940712620002	-0.050223297072915986	-0.024849847018013526	
-0.029818075681529478	-0.10273943685309149	-0.01296780312057746	-0.09958362742421696	-0.14424640078942055	
0.02138694567572651	0.0569433788005675	-0.09825448203693728	-0.06875060661786352	-0.06488620963737675	
0.01585007806142896	0.0684210796541815	-0.10530754565107206	-0.14790594225248502	-0.09664401084508087	
-0.09793241564665993	0.12043741011794018	-0.05755277696599796	-0.1018544033595159	-0.16479389267290545	
0.032472003588989926	-0.10627675049813741	-0.11351126508983175	-0.05165914583325138	-0.06919502189944651	
-0.1587319130811236	0.0637811191561845	-0.15277209798320276	-0.044597605502837964	-0.049790431671490804	
-0.0012984160672304638	-0.09273481416553218	0.1304559623131264	0.12566593045743601	0.09908109654737147	
-0.08550503299065061	0.007875653694394903	0.041210515908934334	-0.036851923510260495	-0.006926343007173723	
-0.06353666945246968	0.020592081983481055	-0.038371415846226296	-0.006072264404762119	-0.03625557290360196	
-0.07269808720348912	0.04085003382669166	-0.054983311132989765	0.0013588752771865906	-0.03042914597553772	
-0.08356084554361876	-0.03346773114154207	-0.09589601730717096	-0.027819764239903736	-0.03634286032448724	
-0.0567596227929394	-0.04397479865565779	0.03159766936220063	-0.10845138956252581	0.062434702170853944	
-0.09201972079990703	-0.013852686284615674	-0.13042637939534993	0.02079677744286856	-0.13811475536176993	
0.060277099791708144	0.01722644207792762	0.018494719436971896	0.07210146313661861	0.006534374174291658	
0.02825943827043012	0.08340563356833874	-0.1281426278603203	0.03897701558164217	-0.13310694347644408	
0.13645780895734377	-0.05369779603772518	0.07127779743979981	0.13799767887523487	0.089517113145371	
-0.0326241218629233	0.038164420510747116	-0.24494829055603037	-0.041917969331357816	-0.059398038715929524	
-0.09035945549485815	0.11603116417271427	-0.11461083468465608	-0.08620392010973203	-0.17903830726364628	
0.017873003575562898	0.08609930608755671	-0.06439643656422998	-0.09051293489082257	-0.04996652633681969	
-0.07660261006524405	0.045981678676383246	0.05313443855664079	-0.052147427869495694	-0.05614611356666406	
-0.09304982912275864	-4.956818233379701e-05	0.028669954796519567	-0.05367120570172548	-0.06701078956848845	
-0.24213439253316957	0.11911244969707627	-0.23364796410712743	-0.24809783090267487	-0.26202246280764446	
-0.08559261495780658	0.13855360862396082	-0.09780685097408907	-0.118575909357658	-0.06080462424883144	
0.09551703426887954	-0.16835175319577414	0.14199669872420337	0.18328059623869117	0.2553295794473322	
0.02912452538706429	-0.036274808456756034	0.040049770196002324	0.06850388848739428	-0.06642421484454822	
-0.02883709495882306	0.09258727895836004	-0.014315260759961989	0.0072046492117105575	-0.054956068384217995	
0.02787673796192017	0.021331372641580363	-0.036867241759982995	0.04701705777482715	0.12716532030621275	
-0.0074230543131626955	-0.0908647895410325	0.06380546766507071	-0.06513706318241282	0.008880374134997442	
0.08375338394943008	0.006870252065423877	0.08120005582384535	0.13737562997389544	-0.033736903499800686	
0.10609061547381114	-0.0899894966505289	-0.03371550033759637	0.07302100778332611	-0.056371497324792304	
0.043213460761421865	0.0818427648401696	-0.01597882926019093	-0.05155316606079006	0.02433978303119883	
-0.009263407980365802	-0.07265287507967588	0.1082375713861381	0.09172851250743168	-0.003986469155371445	
0.03902564482431893	-0.0171012186265132	0.015590151930882227	-0.046683400024891256	-0.013520755710112334	
-0.0625306290078681	0.10278584309402673	-0.013557411756224227	-0.0670862345292898	-0.06421038827438859	
-0.09140603712711794	0.044680309862101794	0.011682035647809766	0.04880725414464563	0.007790360513885866	
-0.14905729779734944	0.08910073250814152	-0.236629794573631	-0.2492294937543892	-0.23952444911705062	
-0.1635092441828769	0.05918902470124114	-0.21948178103849733	-0.167984609386674	-0.2391963321362551	
-0.028584154212256036	0.10074058168635071	-0.06271416351449234	0.0727391673746519	-0.046484331063588485	
-0.04578891779965816	0.07658159392821152	-0.03466839544090238	-0.09105445172546343	0.005235241284829186	
0.053724478550379325	-0.09269919631848073	0.03969847858077801	0.10186947057661407	0.051570060495009194	
-0.00036652370173102957	0.017441146834732395	-0.058549692657134805	-0.06342307470977472	-0.038425983863819964	
0.056952505495645074	-0.05713095404502935	-0.027701039461579653	0.037171603900736254	-0.04887041258522489	
0.18124133413948781	-0.09237271999202933	0.13638124029092552	0.13806093060526944	0.08824230317099918	
-0.06606983134424446	-0.055278816701011826	0.11297106379435959	-0.00654500460299195	0.10106382634773967	
-0.04279349518998622	-0.07319245664026387	-0.05478138353501798	0.06380388154294246	0.06592634817387423	
-0.04909922142862791	-0.021333928761517053	-0.09717577294868948	-0.16780589452826195	-0.1693710617052757	
0.015146950477302596	-0.0347913020276749	-0.0313906786648442	0.07112973982694756	0.11635983205274322	
0.007136513827761406	0.0759481103495713	-0.10151526635466686	-0.10630403018981713	-0.02372909296006165	
0.03976886342081099	-0.04791141894844347	-0.07040879839596327	-0.07237503821805567	-0.05180984117075802	
0.004014697288233724	-0.04366994694471079	0.03802752891704257	0.13812097227716638	0.17572246743491812	
-0.06622055388585786	-0.035138077305124533	-0.12150425783202816	-0.03402892092934934	-0.15710891394788032	
-0.10468770882540747	0.15909051805264376	-0.18395293451826725	-0.26697797393390293	-0.28916423716926737	
0.1950629809109002	0.04085373983159068	0.14930170648401012	0.03844267422765334	0.17816431050455608	
-0.12466892973150548	0.09561884261280369	-0.17600583804763975	-0.1376420571045806	-0.13765438765500854	
-0.06641080378081538	0.13647262739509775	-0.07250016623082554	-0.2275755757951854	-0.07224024782978421	
-0.11847289775247644	-0.059044257745955106	-0.06977906056948979	-0.12346646975529797	-0.0269695078614053	
-0.09395882210787349	-0.04052602270547025	-0.11505694719616905	0.025463982895716303	0.03846041773795966	
-0.09791501637138138	-0.011305701176716258	-0.06557990293461777	-0.12650175004485198	-0.0517811999535244	
-0.012923646403995119	0.013928451331203963	-0.09207897803589678	0.005328651637125594	0.011249502906976684	
0.17692747236804227	-0.1983675547016653	0.2885051442008575	0.2786937413725767	0.46931757724336975	
-0.027772181887530275	-0.04296010977669076	0.017101019951059098	0.09539214297130641	-0.07367355267458132	
0.058604830035812676	0.059689738349591515	0.06726421460339344	0.23186666170433665	0.20223598863264203	
-0.9255479465261703	1.3935235061058118	-1.277440203757477	-1.1851219080268554	-1.4320560811439798	
0.6524599137263971	
