TESTRUNID EPOCH: 97 L_PCC: 0.912586054247608 L_ERR: 0.004293013145631854 T_PCC: 0.8180208625584948 T_ERR: 0.008281054876859956
180 LAYER: 1
5 LAYER: 2
1 LAYER: 3
97 :ILEARN
-0.12580215577176437	0.22542989504634192	-0.19670811589223097	-0.18460939298352788	-0.22019082824092848	
-0.3565672276899593	0.10566508010463975	-0.4206636383812989	-0.3734892982319023	-0.3796049836607166	
-0.13836059659375088	0.18654426142964498	-0.25181359015256943	-0.1412056806896843	-0.21625041146904714	
0.2790830951645668	-0.297272655480021	0.32354631291907643	0.1809482885822375	0.337990251175999	
0.16842126123186676	0.0004980613980850884	0.10564827967338601	0.15540378138918148	0.2058320869321562	
0.23286023240427106	-0.33946041900941404	0.10280367350937028	0.12290563455461317	0.3361063132055227	
0.01941780465155675	-0.12049734902460453	0.23446800689232186	0.12520354845700582	0.22652523072799266	
-0.1399031134867285	0.1268473735305519	-0.07231705147659985	-0.2976137645801718	-0.10050474343042944	
0.04430547965978951	0.02218293136630035	-0.11223847873130503	-0.011078019100234428	-0.09251770121617627	
-0.026127582592266725	0.05929873633477586	-0.0495931013120187	-0.025066050095786364	-0.16638367911924964	
-0.20644378033768965	0.045966934895777536	-0.2189590020200015	-0.15382578880356715	-0.18575333301117009	
-0.2539179587668685	0.14500129467648892	-0.29906950891683165	-0.20812498641787947	-0.1677308418004522	
-0.10240519253339413	-0.08313343659331615	-0.012070553774875713	-0.027953661870300135	-0.11937252587857307	
-0.06652821569518769	0.021891709375045875	-0.06581407058991902	0.08367771399448694	-0.19240786543150434	
0.23190215855242388	-0.27277433614257224	0.14090099610659695	0.23339204703153393	0.17038346074274438	
-0.14902067273282607	0.22005656446253893	-0.11392110493133657	-0.06818446831786013	-0.06423857897607291	
0.08052621169105106	0.02472508157273654	0.07108725216301548	-0.017993338524023537	-0.062311125830531555	
-0.034710716295997195	0.06298987139208097	-0.07002768185765872	-0.043181418341963596	-0.20859146980893367	
-0.031479695085256824	-0.025043663749125	0.07909624763713402	0.15162786226039382	-0.03928990076134634	
-0.04820399884935389	0.07379041517857657	0.05212779668901368	-0.0476752864559479	-0.046291576831854676	
-0.06042491621128772	0.019426938080827204	0.03665875437910582	-0.06745209478673159	0.05200274285787233	
0.0769951968848112	0.0041943957730955815	0.16089728837509304	0.09046259151755161	0.15500984558545006	
-0.0530470011533046	-0.056871454179751944	0.09639665891972295	0.05240769913892108	-0.06953479228179658	
0.09759398306557303	-0.06867613363468139	0.1411903290400733	0.10871296101464482	-0.046453555431014315	
-0.06177554124786915	-0.1364072207524682	-0.055850803267200884	-0.03719904076615042	0.17013113714509814	
0.04332270858885741	0.06119745161147871	0.10432740496937129	-0.036058368901283076	-0.0035550752844271255	
0.06449576772024915	0.061881823917687116	0.06512910693820947	-0.04043666878551572	0.10029088244165973	
-0.03805054496927208	-0.01113997489216671	0.0038649141547920447	0.08137029742099283	0.05315758892726199	
0.09698889451056075	-0.07104723191675098	0.023396245777939834	0.02363606995343812	0.022486937768391835	
-0.20154883765419562	0.05749062770934421	-0.1514256222409373	-0.16081978484291048	-0.2679243963764625	
0.016819310953163774	0.023280160418790708	0.11498268115013696	0.0405022210919638	0.09337340750114831	
0.06176716175916563	-0.02357321382306514	0.03750468997503414	0.11096360385899905	0.06864613661759741	
-0.02254837384011309	0.027359731598723878	0.03000071004480698	0.08709080636564795	-0.02782410373992498	
-0.0030775249178241247	-0.1415114565004526	0.11067776011767272	0.10450649602645026	0.14710878575169964	
-0.6019008925481573	0.17462779676863865	-0.6793537703996986	-0.617436384130972	-0.9001099601183921	
0.1298152625215962	-0.03462885711797617	0.0656516060890094	0.013163082975550064	0.0930897616201759	
0.06474378221572905	-0.09109374957612687	0.097727890825375	-0.035360261484728366	0.009591123570384254	
0.04343337465013603	-0.027539546106742762	-0.005605223814090892	-0.04071406185698356	0.039524180003705334	
0.013879522119020313	-0.05259969855621188	0.1260600241357024	0.10356184990223194	0.1803390092306957	
-0.05067735608607714	0.06168429246086176	-0.2625006581117621	-0.17035403774415045	-0.09076365192381235	
-0.031257460028910854	0.03395146084881128	-0.07910781478290259	-0.13995806157581386	-0.2616805399392333	
-0.2567390868122668	0.2642888640862027	-0.3465494778754526	-0.20024637504283246	-0.4825264193172003	
0.0010582068847845084	0.029474945044294088	-0.058963143069807634	-0.07331096713375992	-0.1039497774857551	
0.03736066006325039	-0.06744374084358067	0.17180649831328848	0.10948092733479087	-0.10756679529099951	
-0.014051318987374455	-0.12173275143517492	-0.08802336382043231	0.041316513405391504	-0.01370278409200131	
0.042869280584203744	-0.01984411373182093	0.033152731502347356	0.07255706809684206	0.05082252711739043	
0.07176658097018981	-0.09469053637185648	0.19436200938326492	0.10166641769165617	0.07541153505323395	
0.013920386016935802	-0.16390320316043877	-0.0029842314114927873	-0.053632842985186675	0.04454612407990574	
-0.029017725922751515	0.08834958254476145	0.006886372148585158	-0.020251443419797472	0.05940747139624075	
-0.04180631718260153	-0.09450542599442455	-0.1047782360085691	-0.11716253111030732	-0.04114748486609516	
-0.10673343772429238	0.02961313863659879	-0.026647093444491454	0.07421683408240361	0.03694777312692662	
-0.06956793590644345	0.05593251498839649	-0.1356358500664091	-0.1551028631824615	-0.2660744714665712	
-0.012890319389718819	0.05958262247384603	-0.047280313712243074	-0.048756993778922585	0.05612722413203276	
0.05747016140094893	-0.0415463914545598	0.13748018094474232	0.13431576143564466	0.16689594688408896	
-0.0401267651453702	-0.06850725881678053	0.048802921497889874	-0.009731316597094723	0.19963794816680028	
-0.019793385596870498	-0.06372055555268571	-0.10347729894463106	-0.10276817166105062	-0.08069266755773144	
0.01888380918670217	0.0744387610041311	-0.07654539581086514	-0.1374407632708506	-0.16934817877852787	
-0.10380227079376235	0.02812535946187991	-0.17723690435844938	-0.07957465715580879	0.026071514164307263	
0.02600137201256392	0.08754405988771605	0.04838858057792131	0.054536809709508804	0.0582116948389572	
-0.1571917367403701	-0.022756777703494498	-0.1995655662568154	-0.07640758561337309	-0.24259669807146447	
0.21091591251860434	-0.1005543476988496	0.26697391406806226	0.21193649924394717	0.012737908634209144	
-0.03443538384277866	-0.029205434489462858	-0.11030508923724022	-0.050003325423197485	-0.1831940776880668	
0.08470973781011965	0.017547235396887913	-0.09079883634862801	-0.1012826700492117	-0.07988698943883821	
-0.08675764749265083	0.09652817485330602	-0.22073775836167656	-0.17685482873421715	-0.041052070716973824	
-0.05609266716285778	-0.014129760491900019	-0.08537630154107859	-0.10522871210797997	-0.0536029151175687	
-0.06007998563799229	-0.0805987420771529	-0.080500402147345	-0.058674736728406986	0.03094960106926339	
-0.015097142743048055	-0.04872919320304793	-0.0015297830609327463	0.09391878961950864	0.14103777734346387	
-0.0704288352858759	-0.05765104627740858	0.047648322812466504	0.016847193929689096	0.06389524222437881	
0.09642534727692262	0.04017714497371607	0.04321054829050756	0.05206570804461817	-0.10583123880867412	
-0.07483754609558961	0.09565571186165849	-0.07893043431971516	-0.02703025641610392	-0.2855332720752445	
0.043932872450630926	0.002776251128265791	-0.03872899738368685	-0.012659151551918078	0.007443957510560408	
-0.15213289292667248	0.15099929069839554	-0.1977071756979378	-0.12957857507509057	-0.1265995129796441	
-0.10374934563671528	-0.0603466844591014	0.014821633516456455	-0.026575907931396556	0.020157498732050735	
0.041277024309098284	0.07740856118062096	0.03443374323286305	0.03501389608006831	-0.0884463002833312	
-0.1999351943590326	-0.006186796492304544	-0.2282508771833257	-0.15235874833162616	-0.29824873229864496	
-0.038497205456939715	-0.013043663675516317	0.03360608259098204	0.0307116721125744	-0.09040283306930855	
0.045035727771823575	-0.16350748775840937	0.22366991670729594	0.0726802303355922	0.001474536091098446	
-0.10999883732987567	0.08640942063808568	-0.10389672683363947	-0.15065163548864993	-0.0808430033291832	
-0.12072121361350938	0.17700265632155832	-0.14674731770745852	-0.19688092389224915	-0.1444802880512073	
0.025799193597309287	-0.03555803649296351	0.04570841208826987	0.0045557045789821095	-0.12219052347029997	
0.015282291139896454	0.130819277787198	-0.19826453919755865	-0.04236416971078158	-0.17386543867336476	
-0.1993532759318034	0.14351459856301677	-0.4309604522168183	-0.43960038195267365	-0.3518403449335935	
-0.1314860554098426	0.022178980965295164	-0.03637906636177877	-0.049524950595923566	-0.029182557770033493	
-0.037103984510109836	0.005694114785558167	-0.02143152277770742	0.09562959949392459	0.06462403046904104	
-0.10981476399217514	-0.24904821912459496	-0.09998051118945255	-0.09450135679010076	-0.015205072190631958	
0.04432408136618457	-0.34210641398782626	0.20123221369381217	0.12327138963535217	0.2535949423876083	
0.07660615493161538	-0.22034873027131913	0.10083352513543613	0.13571903091604787	0.2780067232374017	
0.024997082172786334	0.026982331951109634	-0.0752129795893877	0.06550953840693834	-0.012070076875339016	
-0.06346916337360738	-0.12156129722153747	-0.11095850437281597	-0.23264558847056568	0.029572438386165422	
0.17756448614370074	0.06510944188050499	0.1914797363290145	0.018770763101784643	-0.11304906280018834	
-0.0431610235007474	0.08621813158667885	0.06652970553378945	0.07893560574371086	0.012924889433253409	
0.04576310763429914	-0.06672754531031548	-0.019975834003898876	-0.03605877534464549	-0.052113060591431296	
-0.07629736451267226	0.13336490984595906	-0.11790532320579818	-0.10425870726120941	0.0037897693150045144	
-0.032368869728104585	0.054558984405233504	-0.05696098681239433	-0.028224207576416895	0.007364028228344636	
-0.06014213113517445	-0.05684087952161833	-0.10341503910971694	-0.0674132132602587	-0.27262779523114855	
-0.22863270933171378	0.04804977557912147	-0.10989909390510792	-0.2368397678551424	-0.19455712732940927	
-0.09260255983047697	0.05561187958816583	-0.04783079775366862	0.009544702523574417	-0.16045504415509457	
0.05140904245636523	-0.04960670298287313	-0.10338119558647466	-0.028012173445570453	0.0010924210656737643	
-0.0005825144869204931	0.0423964865058337	-0.022703502544541933	-0.087269171625325	-0.011672313367805123	
0.11824817726594468	0.13957672087543596	0.10235015324160252	0.11593926102468351	-0.17683532851842054	
0.028420777962621692	-0.2136050167916672	0.10288197607056401	0.031956993371148906	0.1610012194032525	
-0.2791414067620045	0.32267322971642187	-0.4182030405990395	-0.2244773836579103	-0.3966952763378635	
0.022521584434912454	-0.08838005834082308	-0.012422695019073138	0.016439991859153756	0.033736035937079155	
-0.08152252419315965	-0.0038979281448245245	-0.07583376793225872	-0.00538260370028464	0.10191204762551283	
0.11757307080491386	-0.09907529016090984	0.19987521578163397	0.16918145658422132	-0.01942560758519524	
-0.034678408590329925	-0.19784418037104312	0.024886596754952844	0.13762475040342823	0.1460979974023788	
0.14651174448185117	-0.1752693181395215	0.21179059295442515	0.18487736568704485	0.2254823143286866	
-0.1250694475316318	0.12474123756009593	-0.21632492728776664	-0.33226236418184446	-0.08803881435923072	
-0.03408587034401976	0.09045064438128768	-0.05902697288505842	-0.028881899956149048	-0.05799966388448797	
-0.014696368856117357	-0.07164973802503415	0.024119838074106212	0.14368014379290298	-0.17335282630266008	
-0.008714215116566656	-0.07584067422288807	0.008611005892055937	-0.024224650139946104	-0.22743536578575166	
-0.0498288116952203	-0.08261728657748559	0.04277149532295223	0.13503334790205235	0.012112405530407872	
-0.15074047659728856	0.1094364728086213	-0.10664732311665377	-0.21848869321874725	-0.23314692566825196	
0.03319337144035829	0.02374802401148251	0.0002177224719103827	-0.06726654685492768	-0.21037769344029897	
-0.1466755459756407	0.16041091070958374	-0.08085759794248558	-0.11226529694026147	-0.09875874886909788	
-0.10298332187568765	0.03733815707118887	-0.12110937757884445	-0.11732947328686297	-0.17046504584316316	
-0.16722402753767573	0.1693118596070359	-0.24172722039610212	-0.3581923352805363	-0.36382641493619744	
0.023730384476818606	0.07019607992897428	-0.028378368836296033	-0.0935828236003144	0.11879698192465211	
0.019173740514901404	0.04649493513901491	0.07033430296165563	-0.04479458948864372	-0.00560151433381427	
-0.01311420392186737	-0.12617729962717888	-0.0031025429531748787	-0.10159325731430431	-0.23540514904609974	
0.013709121272161815	0.05004178831705001	-0.10145718129852274	-0.06040992481281849	-0.04631607969780233	
0.036066510767974895	0.02348329723619914	-0.10456277658855909	-0.1610433543941505	-0.15567583581002875	
-0.1219036256938522	0.11749236406818103	-0.08741446188215317	-0.1424507033452096	-0.1712019098318738	
-0.009616438821281477	-0.15736124490382875	-0.16559576703066625	-0.10681008573135779	-0.08801167763317139	
-0.1489047300419245	-0.011037030587009092	-0.11159816283234854	0.006444069358060427	-0.025296728584691695	
0.020489650536310706	-0.15112437199606865	0.15869453987096582	0.16068574239293631	0.09838623346264344	
-0.11979475354354502	-0.011889155703788968	-0.00013445021634275829	-0.07637646862389655	-0.058159592952502684	
-0.06197938812276716	-0.004661588686160297	-0.029781100903107594	-0.006762207739972116	-0.05206034498813007	
-0.07648637108265913	0.02165405393656989	-0.07821781197887977	-0.012285431639449635	-0.0346732512616825	
-0.1003982198566986	0.022571209661054126	-0.12215313476027412	-0.04817508886031183	-0.045581240740599833	
-0.07603729113304795	0.027183299598102312	-0.00858899700856351	-0.12934783787828769	0.01835244852848321	
-0.09750519454009532	-0.04986381373802431	-0.14149720742568148	-0.001246527620288054	-0.198634657820531	
0.10794854144837904	0.03676097485166802	0.06597519266015532	0.13825179067763355	0.01661213446223144	
0.03134231027500382	0.09699041326894943	-0.12881565569590148	0.03277559819636688	-0.08211626212879786	
0.14296621918216604	-0.047800079628605364	0.10846944906491744	0.16836293573929398	0.06569088165800056	
-0.0678472666482784	0.03101794260773886	-0.2876411015729695	-0.07535009180813414	-0.03657749014833306	
-0.1019682197306006	0.12825776681434026	-0.12635051593994398	-0.08655401785196958	-0.1503644939551965	
0.038301974242249175	0.08851325049663178	-0.036951376113800075	-0.07378061326345055	-0.018217545368351015	
-0.07784595551378973	0.05173184635434401	0.029017536806616152	-0.07899091098377055	0.007732145369186762	
-0.10590211335504242	0.031282776894450796	0.009298935432037267	-0.06631204556663199	-0.05893255877794291	
-0.27215082041374367	0.12356115791626701	-0.28772724150568346	-0.2582715888897854	-0.284202101409545	
-0.13098143390229317	0.184230873682564	-0.15008043232410034	-0.16406578236792885	-0.05511166303603706	
0.12071701625400785	-0.2379709852528125	0.1755918432805473	0.22015188134417135	0.2703489873366148	
0.009386312345841384	-0.07242896034806676	0.02152946297333916	0.05076018240804909	-0.15061277116568825	
0.0009763992691663397	0.05165922945511457	0.03275192504331561	0.043266510679893885	-0.04935427617466982	
0.057578214835752976	-0.03795548945309185	0.0050242839806256085	0.08137418511049319	0.16774479635962902	
-0.010641148038056119	-0.1456383433354044	0.07665998299764588	-0.06301190607499084	-0.007819048181139439	
0.11229661360693091	-0.05210932874555676	0.12303895650452067	0.20475982416278438	-0.020664761547141496	
0.03872438346306079	-0.016543496637052058	-0.12585192367716136	-0.009583216762998684	-0.08350919684010327	
0.06877256527114284	0.10294757501256807	-0.0010522056762268383	-0.050695117847650295	0.005698044529177303	
0.024865025953639864	-0.06993103721578836	0.15672903190223236	0.1177494298427251	-0.01077776502286458	
0.05337399785853147	-0.07720519748777871	0.04259611154176382	-0.018720294613620805	0.06608723791687665	
-0.021732706239725837	0.1272777923446855	0.031917882729785456	-0.04355576277646453	-0.06563122211593507	
-0.09967363014110389	0.05466577901003984	0.0057943478051954754	0.03671575631015672	0.0273919944287498	
-0.1827724103206192	0.004015007696571724	-0.28590642846672754	-0.30262668556867045	-0.256246405859907	
-0.18721139366722075	0.03911348691858552	-0.26359251029529024	-0.19392183057187953	-0.3148550549383827	
0.010350391970024622	0.007186249307643052	-0.024044041002332907	0.10165332275112558	-0.060911190357383745	
-0.03324531951749145	0.04517646875411446	-0.018394752407174454	-0.0902000770218648	0.04061092538820602	
0.06074959674740145	-0.11978529411560722	0.044609426336058466	0.11116549591666448	0.12264890433065521	
0.012358084689174013	0.04176768453434103	-0.06162841887707861	-0.07786055265767171	-0.07430836063012752	
0.009410216817821507	-0.019782459710835455	-0.10352429247716116	-0.03851988817352404	-0.10016049076251873	
0.19552116465829547	-0.07683623510855676	0.17582516531773135	0.1657828840281127	0.14025159663768594	
-0.07852277338538964	-0.0727940137255622	0.10831903328241109	-0.0164320948188601	0.1183352094357634	
-0.03542284303757418	-0.10309155503027148	-0.03321632695247442	0.08099410116080556	0.08600354000852783	
-0.0678168880794066	-0.05973001233599337	-0.12889789857406003	-0.18787592102431896	-0.19472283827401965	
0.00998333215038193	0.0031810724579999323	-0.020971127422223484	0.07293063762738333	0.14358800624650936	
-0.03213159474579627	0.15230450346958965	-0.14621015677835836	-0.15327964563180754	-0.05134956459559813	
0.009327085412809561	-0.03545237769276248	-0.10440699565430375	-0.10906379211946055	-0.062038119731527765	
-0.025309876156488227	0.035606712350596134	0.02414083897745852	0.11256577187851625	0.19190398698398647	
-0.0443889930339832	-0.12027765579672124	-0.11245745031274018	-0.02011794189563979	-0.2261477176958162	
-0.09017461105943311	0.19506746182768522	-0.18811293297274032	-0.25131112467780936	-0.3595393614300037	
0.20455220620610443	0.05643804933790674	0.18030487080867597	0.062120256943356184	0.2249824100585995	
-0.14132805285581457	0.13314711846844135	-0.20908062500641048	-0.1601188399586128	-0.18416487444625113	
-0.12908524243822855	0.24401861697756813	-0.15537504015622441	-0.3069241269362481	-0.13797435846878384	
-0.1422108409169213	-0.07653180172881328	-0.1009877097641036	-0.15682627575315491	-0.0540918503279842	
-0.11496763868807437	-0.04353883576742264	-0.14285258679246582	0.011133771080207548	0.061489460681192626	
-0.12486385452729883	-0.000993155071511034	-0.11588279677748599	-0.16404631598153477	-0.090137362945023	
-0.04703218331472328	0.03926311426971339	-0.11198292207475107	-0.05513710703174056	0.030008104622917458	
0.22155680074998477	-0.24622242474603268	0.38697282502583297	0.34681529070637	0.597559582118919	
-0.001973529800097784	-0.14575722457979656	0.03092067808434088	0.11298785044244747	-0.13052227574791478	
0.09145737048037071	0.06671471209375036	0.10666312817091549	0.27807439598618633	0.27017257227959696	
-0.9477097824536316	1.6619567754096842	-1.4038678248200662	-1.2876041451568987	-1.6251373024296427	
0.8781318401691806	
