TESTRUNID EPOCH: 58 L_PCC: 0.8927585928496469 L_ERR: 0.005167284425629731 T_PCC: 0.8091780289927838 T_ERR: 0.008859421167829866
180 LAYER: 1
5 LAYER: 2
1 LAYER: 3
58 :ILEARN
-0.07681598103895025	0.1327789983727374	-0.143090036714008	-0.10937346823228357	-0.1430503828092066	
-0.3000497833260636	0.12415787833833791	-0.3387327070180184	-0.30521674000115007	-0.31679481257288267	
0.08105309188834658	-0.011467225112628219	0.043595992738437686	0.16554164775760644	0.03256999957758992	
0.21152529917509902	-0.1673475907604294	0.22301966149727587	0.12868192715650767	0.16092466243135228	
0.039111392814035265	0.07035127287017859	-0.04808602387581191	0.007572137229758796	0.017342759020805138	
0.1564823757030138	-0.17315173080428664	-0.009199993201587526	0.026384516903400445	0.1833208294739134	
0.007975202693903663	-0.0950049295457279	0.20907705562682133	0.11295523907883788	0.161456441679946	
-0.05695998932664626	0.07353183841311912	0.03881204701275278	-0.12683670442029463	0.017312623593829988	
0.06114642190022293	0.08768431756063846	-0.09452336336346162	0.008076677807473872	-0.09866686461990591	
-0.010801483788626148	0.005364956310660461	-0.03388029271174824	-0.03924957806783183	-0.07877672709059871	
-0.16940017143249983	0.03182338050803647	-0.19490347458260016	-0.15075919966465026	-0.13016449033966151	
-0.20164382338454495	0.14242904049451302	-0.23417859547941888	-0.14228022876779509	-0.12961646345751757	
-0.11542311410653247	-0.02177654540144449	-0.04829187830135562	-0.07351333633545691	-0.13461265014587026	
-0.05314556591728806	0.01297634638419189	-0.09706414591638023	0.02053256184808386	-0.0962659838522196	
0.1369131282204551	-0.15033520691633806	0.010325680815607158	0.1368075576805928	0.04106472124777625	
-0.1250087959976172	0.18224977392862102	-0.10651114246954313	-0.02410267109921217	-0.053026253601456096	
0.10559519814471026	-0.012964654813599	0.09465064913325497	0.008107065751387204	-0.033030272485711255	
0.03338056175433673	0.02500330373370424	-0.016658876725083902	-0.03344669606460056	-0.05599381078711413	
-0.0364179266372307	0.007563684134838259	0.03712243955075916	0.07950296721269284	0.029476485629439372	
-0.038176082406073314	-0.01162320000658391	0.0724362829489477	-0.06361700998720429	0.04396665398921172	
-0.1376799883186417	0.10240460980916959	-0.07439995156738737	-0.16589348013793678	-0.07642052901275143	
0.1311571819985425	-0.1214843940196671	0.22185921910283174	0.14497625014739327	0.2203103307128335	
-0.033099056907823714	-0.1039346487261346	0.11537263470154928	0.07454261395811408	-0.06510568229318132	
0.0740886929927611	-0.04892715041899097	0.11789325115108092	0.09184259852237069	-0.07312039777030364	
-0.046511036774406975	-0.12800938213305296	-0.08269972977829777	-0.0268402663585854	0.09906105640827548	
0.04535761713893764	0.00407589040583337	0.12168568485096522	-0.026765104189275413	0.0004628547082682075	
0.05382866120765149	0.04777259236565373	0.06579755711293944	-0.04303579547330178	0.0925561556304812	
-0.1377171011798397	0.08208669798458214	-0.1418237415694017	-0.04044505967525321	-0.09063161182791017	
0.08008624400463654	-0.10053643230239895	0.0022888535117533398	6.634296887390108e-05	-0.013331114884165732	
-0.1159375930679557	0.035552762000597975	-0.07626021547561554	-0.08144081336863919	-0.1666604922898123	
0.035701088138799186	0.06914950712096762	0.08769990290075516	0.027534955880800197	0.0834117525974843	
0.08980904708297716	-0.10069157781670413	0.08425033328808744	0.14860706595545561	0.11750713648388016	
0.02180372872485381	0.026616672615200884	0.05454897582114735	0.10832049700293389	0.014753841756910906	
0.023278283649177178	-0.12584931103810404	0.09816240762892178	0.11438060695561134	0.14421219796047297	
-0.6049268469862857	0.24180236114530973	-0.5361877779154138	-0.5534926270421556	-0.670267553179998	
0.11977289158591677	-0.036718323784649766	0.04581583236968658	0.0028647470844139246	0.0524142671617946	
0.08860888644545264	-0.09349331193893036	0.1174108765340169	-0.01517031397150213	0.02193106679309239	
0.047843088470806344	-0.018499627571787327	-0.02723092938460819	-0.047574401891626934	0.03539656966492352	
0.024002225153570523	-0.06916465052196866	0.10933707450377564	0.10496164356025955	0.1590705804552229	
0.037830199820792255	0.019587184477735657	-0.18380922324441926	-0.08369556008102355	0.002931518855370091	
-0.11405809354072614	0.1611161829387127	-0.15410137061496054	-0.2208009901463809	-0.2987723138584037	
-0.3185036172572587	0.2253309275196634	-0.35944859804356627	-0.2767100411470551	-0.3297927172878238	
0.024646389813275767	0.05776951206326696	-0.03749996466635131	-0.04365660087851649	-0.01961835739756822	
0.07896020228805398	-0.11099484504347237	0.18645204995262835	0.15676979856549522	0.0016222456336728308	
0.03377273773701508	-0.1323686668776607	-0.04861254916173997	0.12857031806017916	0.04279010762288713	
0.038538604545967685	0.027303003295743512	0.023026229838320218	0.023999738535993787	0.024174014257093104	
0.05112688375221027	-0.04466723775971217	0.1491338243587115	0.05503202597168167	0.07812362394283212	
-0.03961534301799211	-0.08543329743256964	-0.07099896994154606	-0.08780656705175417	-0.051408436240006454	
-0.015937062307301013	0.0693880418946763	0.026767940444779252	-0.02774687677295567	0.07597509575660766	
-0.010726177195200748	-0.076744955509466	-0.08227175957551804	-0.052560428385420375	0.007898614231806773	
-0.04472271640558819	0.022529207057697082	0.01224757754578012	0.12955919221321985	0.07553171320878181	
-0.05561977947635443	0.031124045572955093	-0.0820387063797978	-0.14975299436625505	-0.12248759876544449	
0.01473675991058584	0.087778684633222	-0.02467692671046659	-0.03200822517016698	0.015622023780167624	
0.09336153098770275	-0.054148609808587045	0.11497445770375311	0.12953660640480927	0.1384405898504467	
-0.0963845374488386	-0.049707864612665784	0.004055798097901008	-0.03920677358267544	0.04198205632032891	
-0.004335892300906324	-0.04512346973590955	-0.0771557358761912	-0.08105236720333733	0.018993404075770125	
0.07967691800106964	0.05502188005224844	0.007973713028902544	-0.05796532312676584	-0.0411750017903552	
-0.01563988891297758	0.07664746522606156	-0.081325079568681	-0.10519116443083222	-0.09515307647903347	
-0.023831106127894613	0.13420683110948156	-0.039785943621243276	-0.0411029626653737	-0.06838540159792962	
-0.18356018339906788	0.0488147408173548	-0.22982957076666363	-0.07360405705332167	-0.2264548731145702	
0.06813670115444885	-0.023752090800068452	0.12026697577711391	0.03682370177802962	-0.07056244891929915	
-0.05111576707598527	-0.007641606432503277	-0.11702649618307573	-0.07370987656172813	-0.15671212429923576	
0.08184480999131616	0.061263701011652884	-0.050733349986655886	-0.09351817241361712	-0.055244123926042686	
-0.022588733769048783	0.09508384636567399	-0.05982903491104135	-0.07850850502633043	0.05333704186037692	
-0.03040714157970448	-0.03912344511206583	-0.058058907500610345	-0.0714402325284182	-0.01643231585421062	
-0.07318289710859156	0.018125125675501008	-0.09113306543956066	-0.11296959300128927	-0.10368611751229724	
-0.0011381830115685218	-0.051238226424895866	0.08331047466546497	0.09624068307250622	0.13391649296607266	
-0.10407002411168852	-0.030837797231893394	0.05604594915491693	0.014158102167264671	-0.004433390626415626	
0.014921854679470093	0.12135436346513219	0.00434004892752421	-0.01822810570454117	-0.17853127578197583	
-0.0077398188591624225	0.008596570915632443	-0.05420712721371061	0.046425546060051885	-0.15485969990145967	
-0.046987051392088634	0.1166347925855004	-0.2307035082610038	-0.14820297642095095	-0.12439889146235758	
-0.10604004578888665	0.1370104345684145	-0.12355544012809455	-0.07620270717486527	-0.06079566839110981	
-0.12504363602849547	-0.025595687257780185	-0.07815987359717917	-0.08894524737110142	-0.0379877034217091	
0.00699548162500847	0.06300438762348087	-0.04090651664153147	0.001956094212522772	-0.10033664385756491	
-0.1446943995769833	0.012738271271755598	-0.22899289448736992	-0.1280217360403607	-0.23231353810377633	
-0.04525114372552086	0.0139098746362707	0.052008113038397044	0.039886163808020327	-0.04857854262100204	
0.008274872690624793	-0.11453859655235406	0.16618085876623978	0.02221187231004162	0.021520650508170956	
-0.07648269943094695	0.06605837141860742	-0.10682395039747403	-0.15809228698292985	-0.10976762689078982	
-0.07642433882000052	0.04625901505732225	-0.07687005815276508	-0.12136206452055462	-0.017150893051435096	
0.08584193069382677	-0.14556539449627726	0.08492137099881257	0.07348760663292268	0.031857612651045336	
0.009501798144332399	0.09277032976242136	-0.18569899289363184	-0.05159557920972142	-0.11644024463644496	
-0.050527878826535345	0.12151869978598383	-0.2899315544382607	-0.2645688766166405	-0.23863075549336255	
-0.11089863507224819	0.052365196769015576	-0.02296355396154847	-0.016194286665973258	0.0042235623085309934	
-0.05206118176906422	0.06531470207160558	-0.08784555189191799	0.032982146898019475	-0.02821158109098169	
-0.08489931075714532	-0.21411285366504987	-0.10002506064091037	-0.08166969288872211	-0.005660021177997987	
-0.0035797076131296153	-0.19731394699271823	0.10911850512812368	0.06566862217696412	0.11472129027889788	
0.05356206799162168	-0.10560746226475462	0.028509192791651195	0.06420499528545302	0.12458527582445539	
-0.0040264805665384444	0.0602031170908502	-0.10381989029142173	0.0727600958716876	-0.08530728158588795	
-0.04420286570699032	-0.004026403387245206	-0.14907656778689096	-0.21762642437089724	-0.032592584807951686	
0.036681022638228616	0.06768695614306873	0.06922594979816048	-0.13848218602911666	-0.12507444418802385	
-0.07240113318799347	0.03700102606373025	0.06380942409338063	0.059195244408010585	0.018605797202487177	
0.02025553933657697	0.08420773573565903	-0.08998692663841491	-0.0791524161868165	-0.13351587187458747	
-0.09700416982551718	0.08512761405498336	-0.10644966778502268	-0.1011195743885419	0.02108389716307694	
0.010051566355751652	0.04291379287669637	0.008741489958032832	0.03457456841695422	0.04957289904200882	
-0.04243920169161054	-0.0001350643149366313	-0.11252956978047743	-0.11563588619122886	-0.11950180417400412	
-0.14525389572085182	0.04557925085988599	-0.01560118703155239	-0.14895170888905962	-0.07267532361146321	
-0.07662379185837913	0.09035215947176942	-0.0497808491904472	-0.011974273381620841	-0.06634366677026743	
0.11817163694375438	-0.13652707121956353	0.0034106079319116455	0.0979069451154953	0.07197598647325941	
0.022423133629080223	0.0654171930848643	0.0004073831728621789	-0.04716461000854159	0.011465552915038788	
0.01454587754831508	0.11868913613923605	0.01718692668364952	-0.0072339036966568	-0.1425480245066068	
-0.04715940678044408	-0.1232219721196197	0.02475495849195712	-0.018906707149352203	0.0611312862497708	
-0.22035495433345845	0.23701693848222863	-0.36590876129017147	-0.2301613392952886	-0.34492394385180786	
0.05096062411508735	-0.06231112294432671	-0.04887340122185957	0.0168203774096357	0.07796070305034546	
0.033919216523283	-0.06966526988222088	-0.010708999109374614	0.1049118800376685	0.199620461630603	
0.09103377425847063	-0.06280678385567753	0.15266456230092873	0.1172351900988615	0.04211961114591247	
-0.01912495353877474	-0.21041773962342658	0.026612657634455573	0.09609065542846493	0.09317191427718383	
0.14878435889333536	-0.1685934390658619	0.1713934835992209	0.14356525822028032	0.18064550554360453	
-0.07250967439627022	0.16205711013250845	-0.1542642570814053	-0.22438894166096024	-0.15665910943118086	
-0.029426920323522735	0.10540180252800874	-0.09956453110173828	-0.056458966901180366	-0.11712690174897145	
-0.05407227115589483	-0.062460905679237705	0.054085733279471984	0.13564432609702706	-0.061361966232657515	
-0.09511355063886547	0.01801856459755067	-0.02731827123147296	-0.11255086152523708	-0.21572825142113522	
-0.08727482368571957	0.016180039670701928	-0.037234405743116275	-0.008252695722440822	-0.1267250226431852	
-0.18885366354013097	0.08135026834151506	-0.05063891954965344	-0.24688620539517708	-0.168294797585935	
0.018315793533306975	0.020332496257871265	-0.0036977589621021803	-0.048612186210128853	-0.1862881476950961	
-0.044644694373969715	0.09459535747376839	-0.0007923679546682687	-0.023257013912568167	-0.02555607735201632	
-0.0665549376497291	0.0456966973207937	-0.1041429353826026	-0.06789675056418666	-0.1403502263851116	
-0.049644674682282966	0.05240250412903541	-0.09765656171933715	-0.18608185541815048	-0.12192751055677555	
0.013608739937415428	0.029435186392408802	-0.0272034120087552	-0.049660734147974644	0.04459763919299596	
0.07101528165902539	-0.05042616000149716	0.13726624005344276	0.03720951009918402	0.03525493817959979	
-0.02306731323704206	-0.18097692450518907	0.061165620103328364	-0.05941425380931492	-0.08059104157817179	
0.02306342875429088	0.0600969142332859	-0.09501448268932648	-0.06243798739477058	-0.0653832493085611	
-0.0243420998970835	0.07719111088649652	-0.12541377341587923	-0.16946691833705518	-0.10393774489278129	
-0.07285062426020515	0.09020228761112911	-0.05372138969218979	-0.08765481352393645	-0.12683208071539046	
0.07548857543892729	-0.16916424070224065	-0.07384238600307101	0.0008071087950496535	0.0035257962004644336	
-0.15914902094440406	0.09713077246619058	-0.1820973345347932	-0.08318946186041684	-0.07349555356239686	
-0.02608602432384558	-0.1046508812281663	0.10790290189447461	0.10959861671841147	0.07611455950938556	
-0.08725516510449158	-0.03008537193143817	0.06451626599404234	-0.022038693783356152	0.033327174244120676	
-0.09639495211876847	0.08789729333032284	-0.11194454596584721	-0.051999249288794895	-0.08459583005490567	
-0.05016207783107118	0.02148024008414263	-0.05235090382139159	0.017069917531195005	0.009794930711680215	
-0.08415379038355546	-0.046722351194500286	-0.07754671913772297	-0.016743359156092073	-0.06836737183104509	
-0.08756798545597858	-0.024106459152280248	0.0069952742138109595	-0.15471241188322557	-0.019656451832433	
-0.13575088554074768	0.028927755160727462	-0.17459781554525539	-0.020457037803159023	-0.15829443897373044	
0.0019691743438146354	0.02746921912907123	-0.02293930080634705	0.007990165343496588	-0.09312675842945949	
0.09428951013778859	0.05997013617485959	-0.0844342211569903	0.06921338959845853	-0.09510568274796659	
0.13667339811299922	-0.05575175652645543	0.07617762366906745	0.146380695546687	0.1350256151341861	
-0.05871623651091788	0.09696352007503624	-0.306407127462037	-0.10007039652105347	-0.10854216485159732	
-0.14373866976103475	0.1709828580628257	-0.1870621244652808	-0.16564689952702688	-0.24959109468803753	
0.013645729977129373	0.0937543436608835	-0.10527373495802704	-0.12935114530553884	-0.09099793960396173	
-0.013201590398943393	0.020177896726726114	0.08779210195049945	-0.003174284550938277	-0.005309650546686516	
-0.10416044249774412	-0.006972782133954324	0.04024306359676635	-0.04839853132868811	-0.10360473232963437	
-0.23335441432415888	0.12432699375373124	-0.21188267988984522	-0.23816777225409266	-0.24181727618986482	
-0.08639428134267547	0.18477459072463584	-0.15485415273336336	-0.14775519186635008	-0.05444010137574799	
0.07428914964405445	-0.1160350724639166	0.09254023823994059	0.1462322475749579	0.22792879830663318	
0.1249158560017355	-0.059669514541217154	0.13743450202442542	0.15446629134785006	0.058078416864766884	
-0.06336602563521969	0.10227579989667214	-0.05092227037072991	-0.015395603899828228	-0.08919795894992144	
0.00867801583665337	0.08425383208686338	-0.08913251141489327	0.006169898490277597	0.11013568854264508	
0.05806218089095208	-0.09131044690868881	0.10470024492203658	-0.020204280266255953	0.0794163457950405	
0.04015710504424847	0.06666643356356117	0.026229325713334656	0.08291534006768539	-0.09498909079910638	
0.11568021579779411	-0.07895960522783514	-0.0581416257773089	0.07280993642982453	-0.06844292291853751	
-0.0024397958693619555	0.06943890779471805	-0.04500658003430551	-0.09644900070638529	-0.017661610516418066	
0.016760352368897797	-0.17730133677684376	0.1641185893013879	0.14758422198138801	0.055648860395209936	
0.07480687140192974	-0.0034207883397663094	0.020611262692593283	-0.030619758180091234	0.029390477825593595	
-0.11706848108098127	0.09850997587346363	-0.0783456953915293	-0.11560712285820482	-0.10916852521407878	
-0.0778579515670166	-0.04797722237230348	0.04117716399295959	0.09186371498168933	0.030085205796326012	
-0.1906987165330437	0.1815947668977445	-0.2689061559595937	-0.3089148613991437	-0.321275740230131	
-0.15317829909332148	0.07578466843050916	-0.20135726538698817	-0.14266768209897956	-0.18665889508846434	
-0.05915075842269541	0.11460027120656038	-0.07966317829305229	0.057083562406724485	-0.041042690511034687	
-0.0848011235635365	0.07601762523224588	-0.09589396660264503	-0.13882742574649445	-0.06594262974803168	
0.00564155315541431	-0.07391259572376854	-0.031190354491575006	0.05084512347738138	-0.016413050543154693	
-0.052991986597659864	0.03412583536691194	-0.10262760900935015	-0.12005755542680095	-0.08913902578987057	
0.050193592240368685	-0.06705531478888561	-0.011235312679015457	0.04307767167105159	-0.05200921710418062	
0.1886985042368376	-0.08879512885083436	0.14896994622644594	0.14763343754779387	0.07550138684767684	
-0.06977331728983634	-0.03829594662430543	0.10622125517075379	-0.01766266536528377	0.07399586973581285	
-0.05125800612919503	-0.0748654439131166	-0.06750419777704221	0.0468880022239602	0.03556367588161931	
-0.07279518971181055	-0.02032021409402256	-0.12246223107971474	-0.20100208313434367	-0.1892891922809177	
0.0015021081553289969	-0.030462435011805365	-0.04568908650240181	0.05487867620528952	0.08341187106786056	
0.013889418113580854	0.07277434120267527	-0.08636618249590147	-0.09686251111901562	-0.02232883652005953	
0.027914380580211375	-0.019788064341645772	-0.08070507807470025	-0.08881142749742195	-0.08068766536985145	
-0.011512269635251789	0.014836912151108021	0.022854385299141196	0.12472071092145552	0.14161005519569586	
-0.0786054454931046	-0.08602208407074022	-0.15954068026783808	-0.0649562827597806	-0.15414465981035608	
-0.21938378352819052	0.1852222965253467	-0.3352243672705529	-0.4075706978833006	-0.39537679893287536	
0.2143910856762394	0.015894559298284316	0.17601276877776723	0.059596706772319305	0.1818873675628716	
-0.23799175139115003	0.1647939686602494	-0.32729444307517286	-0.2797490133042894	-0.2679306258887845	
-0.053494197947221954	0.21347871009149091	-0.07070740579733616	-0.21985446689232777	-0.04003207043859338	
-0.11629276965127622	-0.055171979110733814	-0.06849356105452808	-0.12901188249748016	-0.03664791661766541	
-0.1204455638729632	6.276140730392945e-05	-0.14097993308626197	-0.013882602544995298	-0.01993910205813345	
-0.11688582505840363	-0.0050844911076355715	-0.09076870079362803	-0.1588586175733608	-0.08356862062023425	
0.08611431734313296	0.04118725851246805	0.017994921396410974	0.1350920231622181	0.10456383355672556	
0.1890281178972581	-0.11948359143921795	0.29818325323274125	0.299769349131355	0.45015000367255775	
-0.023072345702036794	-0.10594811199020594	0.008890981323095978	0.09016526106982871	-0.05757925504256381	
0.05984017819452066	0.05630273409539455	0.08418499488259021	0.24692688847282326	0.21034614896513476	
-0.9002232448687519	1.4702164768439598	-1.30064626464452	-1.2121958236261121	-1.3194592197171713	
0.7440468684140396	
