TESTRUNID EPOCH: 63 L_PCC: 0.877273311932243 L_ERR: 0.00733453804308387 T_PCC: 0.796309985598178 T_ERR: 0.011847470410112491
180 LAYER: 1
5 LAYER: 2
1 LAYER: 3
63 :ILEARN
0.02987597259321152	-0.01350856289144911	0.02703438284298538	0.021888394954533357	-0.015791342415670206	
-0.3101173712239117	-0.10044382246309243	-0.285308136621969	-0.1908115643170803	-0.22324296975844599	
0.058798014268750906	-0.040427122276513364	-0.0003184077426656068	0.15634859266589807	-0.018419565581523866	
0.3543203403309047	-0.12034561080224572	0.3491650849096551	0.14239062809839645	0.25514200068102	
-0.05053800315314574	0.06896200048125906	-0.13725930703234956	-0.01638045571149407	-0.028659264642174533	
0.06909695866477732	-0.10779346880860485	-0.0947334137137013	-0.08658804828975802	0.05036729362918353	
0.07683504286451295	-0.03982013654460172	0.2658553254590433	0.0847731419458614	0.1825562125235331	
-0.2326144385762021	0.14270215668040934	-0.12613298925482333	-0.22753444637228779	-0.14836971102757363	
-0.10760885017155464	0.1378767732813006	-0.2546212038532027	-0.08867924602830113	-0.3044915323407759	
-0.18068280504606615	0.037530906353494646	-0.27394898773321935	-0.11299851772874121	-0.2458334988409549	
-0.08499734089014511	-0.13163705253415436	-0.0572661164802587	-0.042310763912630056	-0.02653797391132891	
-0.5619995326406648	0.1537796446734327	-0.6065641491417771	-0.33849326908238647	-0.47728892913623533	
-0.21973320756906578	-0.07761687788816907	-0.1142298689071521	-0.10652563199745319	-0.24389168411408163	
-0.05826806259327668	0.06816306581762556	-0.08215754371360377	0.06267375213047802	-0.06324848537168187	
0.23647158635230128	-0.1589194306277067	0.12658105189715219	0.20330370176635582	0.12764439758635282	
-0.06680079831973688	0.10066529023380562	0.005315290261754932	0.06015581331819251	-0.008388314160778466	
-0.07321237973954935	0.05954331727525883	-0.11087006837338857	-0.1247987511127524	-0.2535581877350624	
0.11025837130142938	-0.08084818866149558	0.12162627517560776	0.09050232704456726	0.0502688360672885	
0.0705163839247475	0.024058167532635278	0.15270908948487313	0.1774388966656928	0.15072239087925546	
-0.09641356020085717	-0.006658165149833404	-0.0635282643857988	-0.07718447954391118	-0.01679524449668055	
-0.11846944418577135	-0.0331228541227647	-0.024446788853698095	-0.03442076014649683	0.01625160153532748	
0.2240051784484182	-0.24109525867069007	0.3133170577908848	0.24132551542475733	0.34639557738930643	
-0.007396610735849741	-0.21225931517340624	0.16142925821922408	0.18623843097404574	-0.0025952645358726122	
-0.09047150711108287	0.060266444812804965	-0.07514249955367248	0.020458985137386164	-0.18828908993643004	
0.012457235245654787	-0.2602195508422103	-0.010439295141033181	0.025260579980467154	0.1568299053936672	
-0.30344666849394375	0.1497230977696943	-0.28368238703445825	-0.22154103115739718	-0.3405897473010265	
-0.03417135162755244	0.08754225708080147	-0.04521307242401207	-0.06452907243607395	0.040605891423064554	
-0.04923012855891959	-0.02919947144566107	-0.03339097088114211	0.15588768946335005	0.06020368463370876	
0.09462600134905927	-0.12213943329717956	0.020648847154732815	0.050383330971706	0.021957643422082784	
-0.25540209688273746	-0.08427344479714093	-0.14343225651416977	-0.1885910467719799	-0.3455114947182261	
-0.410278620259105	0.2340523695895347	-0.36918607516976665	-0.37875932708978355	-0.4559140155422581	
0.12317336295073968	-0.15507817585315145	0.11352398373965425	0.2191568834355769	0.19759173749941444	
-0.20321605044086197	-0.02083638014716462	-0.16908352367431567	-0.05221085493042099	-0.318240257999518	
-0.14388217281967042	-0.02537330964680162	-0.05354441922763857	-0.060591824442586886	-0.07098939952498827	
0.026121781672834115	0.0447609695276605	0.07518961398140873	0.08109902263874677	0.0986174406219044	
-0.40508894620305186	0.24325106846376487	-0.60616751780271	-0.31906446297598595	-0.49078689184057805	
-0.2733249513145842	0.026501729486835338	-0.3403168046779376	-0.23499395393013822	-0.3697199194045463	
0.0024355508483165774	-0.10923775332950318	-0.0314245298098564	-0.001441691269099773	0.013299846330763034	
0.01707892884125563	-0.122940229611882	0.15468507442076662	0.11317926523630228	0.1565452869321316	
-0.10254326567903553	-0.12511976017945556	-0.2606414834322508	-0.1699145955368071	-0.16259324232205483	
-0.17672810465813865	0.14167481876187463	-0.23508696739297383	-0.15515155794969396	-0.3192886178864103	
-0.1191322060034056	0.08514929416788315	-0.12447829575755884	7.386871870205775e-05	-0.08380494596118725	
-0.21771548144385783	0.11554793174777515	-0.22964399452927722	-0.2742668960806168	-0.3416679333608061	
-0.006951273671344073	-0.07858746128354005	0.11125361627034329	-0.018487404653954348	-0.1633964260853962	
-0.07585231032479929	-0.13805304010131064	-0.10311391480616501	0.1179546985786011	-0.08563619848677274	
0.12444416131489676	0.0018907845814365228	0.10301146464101547	0.07689581587447822	0.10025831283628749	
0.16470179831965892	-0.08428744697374674	0.27926012457406996	0.06739617958642115	0.1732484804214573	
-0.0017471921973875324	-0.20825128445981733	-0.11589499125636123	-0.13333290373358583	-0.043963209163298114	
-0.030219134818844345	0.09531021381259486	0.06661318219685745	-0.04831852304817221	0.11940338960001663	
-0.004918198416340439	-0.14225639251649394	0.004271668816833125	0.10047589854062325	0.050426926735415	
-0.185659138836798	0.1281407281335253	-0.08845441741623716	0.11694562156630142	-0.043741404332080194	
0.028183644506311886	0.06101321339712384	-0.04301688232400569	-0.10729340916675903	-0.07380956355334695	
-0.1521163663158273	0.10843268042742421	-0.15760918267086105	-0.04448286492615734	-0.13266031282267804	
-0.30623132734423636	0.11637277940177644	-0.23945884434733897	-0.07155483704843726	-0.19157748624383306	
-0.04926645080528821	-0.03787550395147694	-0.0376454303888069	-0.07181903220215581	0.07412988230016816	
-0.11629047441415268	-0.021682630575611938	-0.16794617438347195	-0.13675769698784335	-0.1203267123661455	
0.1742063806016771	-0.04445900589027367	0.17472338227911188	0.05507940968018293	0.07094125964085203	
-0.03401165882053765	-0.15670003967935614	-0.1192500344686802	0.003560162306150754	0.07369750383958462	
-0.36707346856296963	0.21236186608473415	-0.336326980605538	-0.17404624960162438	-0.3275356085480683	
-0.004368994433514332	-0.15002899079808932	0.06228748375619779	0.2460414557425741	0.014592405681249171	
-0.1235276713349416	0.07184291255087519	-0.19880184995604772	-0.1433256442065934	-0.24484223619188022	
-0.12584009606202098	-0.14006053893377968	-0.18212299564579187	-0.037485110426382307	-0.19179975803225074	
0.09707395192056914	0.11118124849971375	-0.04744827981247354	-0.043044064047504736	-0.055733719245425105	
0.03387133829227291	0.0032157217670732265	0.02288323922596094	-0.025518822327100982	0.18847659513176276	
-0.01698146628402129	-0.0009177908474719735	-0.016329401336104228	-0.047136161132936526	0.0023234415836090195	
0.06039111261220815	-0.174598162035323	0.16044943559311498	0.12230754284004873	0.12123972436226155	
-0.10612750870255061	-0.04208455226312082	0.04549509268442052	0.06852725679245057	0.11377417173152689	
-0.08766390397134907	-0.1361831480077388	-0.024533984258670784	0.055114811418954995	0.046064061546115156	
-0.03407745521589068	0.10995528708671444	-0.0063929382395707226	0.016648675257925967	-0.14346602019523902	
0.11533473504908602	0.007063783385254551	0.08301354588593225	0.10812634533100521	-0.11131262777748849	
0.02333164414979707	0.04749794558096582	-0.06211761413122223	-0.05184531132618801	-0.05112920385041704	
-0.1890739818723934	0.041840724527951546	-0.14770300608880382	-0.036048229849438736	-0.09434663756317152	
-0.06932039651228585	-0.0574515865991058	0.04788320423560101	0.017996981767125098	0.013981681248794182	
-0.09344626119133281	0.13996572502122628	-0.07103396511787416	-0.04249161112258634	-0.1503391236300629	
0.006253098475502166	-0.14202010487491604	-0.0336082573910491	0.05562999627803175	-0.01243050909722513	
-0.13837406788760645	0.06089735428627053	-0.11199720374006152	-0.060713129605732635	-0.1673275611594189	
0.0496493487974742	-0.08449933482589668	0.16009288128070787	-0.027140420050327903	-0.01414238810758307	
-0.12027782476476187	-0.003043042472681484	-0.12283916327785124	-0.08026304657063969	-0.11562037397739792	
0.03583125017794792	0.004267310100180688	0.09677102031295565	-0.0003330322617647794	0.16016550144896954	
0.19665677402707085	-0.12276257958784402	0.1577856601243351	0.07745003434067547	0.032441119455037463	
0.3060436539271531	-0.12469667702437709	0.21008138288492015	0.1849589793303696	0.16446925365612486	
-0.011918110156471286	-0.047574569230909636	-0.12232754567069289	-0.10672254999835161	-0.08511658443332079	
0.052779759032840996	-0.03869484462491992	0.21202845639600715	0.04362655504192424	0.10982859195010644	
0.11447700524553699	-0.0780258008796938	0.19952178044087215	0.1193173080639835	0.0699676416311078	
-0.1246988060106349	-0.26621882539213637	-0.06775535939198839	-0.06898927080424	-0.06726174122000389	
-0.09209696911655296	-0.128657659731171	0.08481465622348368	-0.014832201982485317	0.017437815426859307	
0.11888484055904558	-0.11658269029513778	0.14962829482141204	0.06397237633613931	0.14247717837891707	
-0.006553867881219766	-0.013234869996847845	0.01499347322374273	0.020358526105021486	-0.053759315669814345	
-0.12734232704574258	-0.012891738289453971	-0.2098445435944879	-0.2558044310453872	-0.11224140350698779	
0.07971975558542828	0.06904911990505727	-0.014766871755148844	-0.030655187613901975	-0.06383807070185814	
-0.04095555508462297	0.04006526701599584	0.03418386825546656	0.13534866620586158	0.09088470696076585	
0.05131252677759683	0.03313860177948108	0.05118889194352783	-0.004557176386450688	-0.031792665738084126	
-0.028538950238722535	0.08825503937482265	-0.07398897509875947	0.005395694250287964	0.12039392794908364	
0.13804151639933587	-0.002234503029282158	-0.023579700703226406	0.1617043548496457	0.2551000577576733	
-0.037206641951852824	-0.017033335697356253	-0.11299865232423828	-0.06390187970476613	-0.1212296917846586	
-0.26724512353980023	0.095252689953923	-0.006031877567100627	-0.22128938375805352	-0.18790996080700426	
-0.0673745229988222	0.1169795107242346	0.002727278126158761	-0.01320074119457057	-0.0836363211245745	
0.005109913485149494	-0.09482148896570805	-0.22687836151433305	0.016665912828130215	-0.012947736966511896	
0.03437076220720966	0.06355033599569647	-0.14019672633042865	-0.03295003041084278	0.0568944249037644	
-0.05966285755734472	0.1662664051362462	-0.1703295672943669	0.011729642254853338	-0.2229317425548684	
-0.1966121693849373	-0.09955226530876911	-0.13394506760814454	-0.09118268967237404	-0.12825875932478123	
-0.044872122173868566	0.0568139325111768	-0.04956994699450022	0.005029947090024638	-0.09581116518603015	
-0.042205034009459734	-0.009243684311237574	-0.13733587528663885	-0.09315791576400853	-0.062243219016866316	
0.17701935538684818	-0.09041691925633102	0.17608392951144863	0.15271465842799195	0.2631790906973148	
-0.1531880498075556	-0.17109700244376902	-0.12598163837297963	0.05273162056424684	-0.20934560778208514	
-0.2686832905795471	0.01605508205421599	-0.25081468806434726	-0.1186792633039429	-0.19965239492917425	
0.108096210886504	-0.08714848452654592	0.16480023513867711	0.09353717214685887	0.10504760425159873	
0.037293639431422755	-0.1601931884267659	-0.12979525627225025	-0.08013730392626178	-0.031003162687266772	
0.06574864656584152	0.12332641042698013	0.08495404002774831	0.003825617096019457	-0.005067784348797053	
-0.08006713994572129	0.04487057477940704	-0.005240777126113178	0.12618729121295874	-0.07525248801602655	
-0.07844292097641882	-0.010958628398672109	0.03155495037332726	-0.030021636159889203	-0.10054711751261587	
-0.017261877442491875	-0.07207419908491972	0.09157077774157886	0.10890572877179551	-0.03554696057190493	
-0.10623395035560808	0.010619681357397041	0.08711069768668368	-0.11257376468858458	0.047890896417193685	
-0.09934764034292193	0.14843275860101712	-0.10410366156983279	-0.19089708826354468	-0.23420277673055528	
-0.12611086531862137	0.08353676473905655	-0.05844055545568467	-0.01525609168432208	-0.12449657121960607	
-0.13966074560995034	-0.12247678941610506	-0.08435889728760407	-0.05432661315169888	-0.2130958363652717	
-0.09716751470587648	-0.07850430857196626	-0.06097340175216016	-0.15685686534856336	-0.1703999223141434	
-0.07384442635769214	0.09506720919663872	-0.14306805196833525	-0.18048562091920708	0.029675360999404092	
0.11045213465378066	0.07109699958598975	0.21202373161777516	-0.10197315777874015	0.047409657866374265	
-0.027161842098138687	-0.13440007473143828	0.05643440693511555	-0.04203983809978497	-0.09595591750639929	
0.04229404479540371	0.049240254370332394	-0.05118672902868609	-0.005732660628724689	-0.05093075572034364	
0.017805932000576986	0.12017050368740217	-0.05396838297429784	-0.1266375777803769	0.021872719467017646	
0.004060002161417951	0.16365717259316756	0.15947989989156625	0.018894378597210052	-0.027223454722372503	
0.31166518697060797	-0.09673792482042676	0.24398552164585607	0.168219418527245	0.22616680242165	
0.019224834368703165	-0.15358706518197385	-0.009078734090951652	0.08601855438278083	0.12610962945468296	
-0.09252213561758407	0.0837904927130744	0.03250125844289054	0.014584239399511425	-0.04167473143839399	
0.11406007245137077	0.07702329658345582	0.27695827618551067	0.11024901226653101	0.22768054044465952	
-0.12368783265327127	0.04395157934208026	-0.06780642090162763	-0.010392548593973865	-0.028920280171603547	
-0.09091496141315464	0.18291244736073445	0.03660177618992847	0.06123139615068646	0.013399336238527413	
-0.04247998439499852	-0.2751490578253803	-0.09573455993036498	0.053781108776708886	-0.1086120321659857	
-0.1786303261941235	-0.2451971393251033	-0.1799863526276515	-0.2406481245503872	-0.1808541331594084	
-0.02201047558869053	0.0345965693003907	-0.010294201017380402	0.10055874967212783	0.005408045475990175	
-0.11383201725538704	-0.08590879472754945	-0.19824922894064362	-0.071529996274278	-0.2507557159096372	
-0.1993264385071	0.042512370765197365	-0.40824728232113877	-0.0814860637529673	-0.3339391937770239	
-0.144257442903124	0.11708713416915183	-0.18694858478756562	-0.031576479901862804	-0.12898162159158919	
-0.13804351212687793	0.11265723838991955	-0.32647591721538927	-0.09081225139241235	-0.1635588250158343	
0.0013477869507914388	-0.008537373805338234	-0.004388113434639132	-0.03768842608346413	-0.09903754396545791	
0.0864285765454802	-0.07258959867830367	0.07754663823603676	0.03748851588538591	0.13161444164971522	
0.017938556829085225	-0.06684943705505608	0.28791753397527486	0.11048829060471797	0.12810402968729206	
0.028006339289942225	-0.22682800673602335	0.13172384036613813	0.08839850894671523	-0.03572889856685745	
-0.05930343972925193	0.0009675202831243719	0.044636765631486594	-0.08327435245711186	-0.04150594211572485	
-0.006744826043996772	0.21452572516224772	-0.010958032297731372	0.0025463575674835705	0.04080897561729941	
-0.1714111608950381	0.11259993622084447	-0.14839506406958106	-0.06481360340869705	-0.09841735571301274	
0.09140352712976656	-0.05025865783007533	0.07477811660101236	0.09370504955225603	-0.04094393995428256	
-0.11534923372335858	-0.04171836450257963	0.05766343700609478	0.020006814866386034	-0.033554973654455346	
0.05492239199033249	0.07173757982284694	-0.04958452584628879	0.08146697374124251	0.11827328584987849	
0.17537835132230076	-0.1461712187363173	0.2532084363148506	0.07954772568390697	0.2278020345908285	
0.13150502153833696	-0.015310269697821337	0.1829805314501782	0.12369690532839557	0.0224624450006814	
0.11627787813546268	-0.12230005985807488	-0.07159001380537135	0.14605682178278565	-0.10530573984836282	
0.17407233593375257	-0.0329580721013754	0.07873866445010694	0.020583161449295506	0.125803819386955	
-0.2984138647671647	0.012444453345739665	-0.3404209738792709	-0.13476944653787223	-0.34240377095918423	
-0.027290730334001433	0.11054339656139561	-0.06125275062189719	-0.044292323571361855	-0.08688190338694092	
0.05237283693572709	0.015796324190802565	0.06029823475256093	0.015610551293768312	0.01293830250626684	
-0.18434246931315743	-0.016199386133652724	-0.14987316916466398	0.03767432199730822	-0.07396001464203766	
-0.11250033706450387	-0.07877362141496339	-0.12407982597555739	-0.05967431745966909	-0.15086490144633144	
-0.16185271094283837	0.06077802379684691	-0.15942237910936033	-0.11101288010552275	-0.19853580473796512	
0.12225033031140953	0.040108019540961305	0.14150531363601979	0.1924645144123277	0.15085379940525356	
-0.06130042967611841	0.019956528434510318	-0.028364780770556014	-0.04505365901814991	0.07627476105318284	
-0.10648980735979971	0.029580997211751815	-0.22560360582518185	0.005465265534904264	-0.1553164198625937	
0.2119568196780186	-0.11660004907734398	0.1650216764906706	0.07871844587658589	0.189166301659534	
0.051711056178348556	-0.1151341265787442	0.006902758980984519	0.07566143117325065	-0.020519766153579557	
0.047070608091986134	-0.23268310152421592	-0.01857601203301417	0.0633273540944761	-0.09851104869520375	
-0.22120843076119875	-0.17300645195072445	-0.03171776094346869	-0.05940609274973355	-0.06168587210709974	
-0.12504599284637233	-0.2399630320637473	-0.1319738331348463	0.05695879844465842	-0.004642473073872578	
0.007627516678153679	-0.08793044631486562	0.016898902834080586	-0.0641788036360989	-0.04094553759343369	
-0.22022914878375877	-0.17149197645787734	-0.3346293550601002	-0.08751686968158848	-0.1472207512358628	
-0.1454539779411505	-0.09304435420671882	-0.25857923881126266	-0.15674700209043724	-0.1671140428774287	
0.04405132372790901	-0.22020166160327537	-0.025121880624903174	0.017526127156922217	-0.0203166619598252	
-0.12186789979078479	-0.19500614799979454	-0.1472412225651923	0.11077775417907326	-0.046208749749063194	
-0.21100843269457542	0.28206096235942085	-0.29449708176048134	-0.2064547204242217	-0.2782134634176806	
0.07744734064084147	0.1784507592868251	0.010535817426153827	-0.12357945791913767	-0.0040980490986393895	
-1.031549680614277	0.3745604407712348	-1.2157781452779743	-0.8736947089337999	-1.2117137377995013	
0.04469596434717799	0.07794496202293946	-0.007689147277947831	0.004703269950486502	0.09243545497698283	
-0.03838897541497424	0.2853608805345747	-0.09827659055439646	-0.19751249813472732	-0.06870289963388064	
-0.3355393168968801	-0.13060893626851597	-0.2787325979578845	-0.2174551011700929	-0.22946118189334805	
-0.14707325184863249	-0.19438545933461915	-0.11239110706497596	0.053030054205849185	0.021845005606045336	
0.18987567591432125	-0.2556909819147611	0.35039516518376845	0.16713986844546824	0.36578993794124154	
0.08791454157243671	0.07326609259839229	-0.050828669303941	0.06373396465171603	0.036420802766362656	
-0.46261368366204086	0.35559135101962713	-0.6068149179266186	-0.3522487996540147	-0.47627310037891124	
-0.02395794807044694	0.20300821731440225	0.028977694830142543	0.02697375790521488	-0.03797764760784885	
0.04478923837171561	0.21213069614708382	0.027556781256617	0.1173818944132409	0.1273403267225779	
-1.566200038233957	1.5273584594341965	-1.8929215035908185	-1.2337781940547075	-1.8225883278877402	
1.3928491033717163	
