TESTRUNID EPOCH: 96 L_PCC: 0.8854235538562909 L_ERR: 0.006856933435864771 T_PCC: 0.8247143613406018 T_ERR: 0.010480326034634559
180 LAYER: 1
5 LAYER: 2
1 LAYER: 3
96 :ILEARN
0.048705265519756805	-0.11075965374529974	0.13765530444215995	0.06816817696958286	0.09758864550457788	
-0.093921474362317	-0.047145188955002956	-0.28740657299808736	-0.40343682950348	-0.3446065498413077	
0.09136699155124363	-0.07826270574123695	0.0350092023686856	0.15850697431751654	0.15502292000424978	
0.3351419803765635	-0.06367327321913413	0.26217857611982803	0.07900174445263425	0.2669340916356561	
-0.050313210512788364	0.06919507459398973	-0.15106308392941586	0.03496349069300315	-0.0665151896021814	
0.21520098806089805	-0.11491693306012904	-0.03293448891319497	-0.1703479860548742	0.0889243298536924	
0.19575496693230304	-0.01621300801224547	0.3260922340433537	0.028032129250199312	0.24577495707166133	
-0.1230651249457363	0.034928164194105764	-0.17901406890264682	-0.26730962422743154	-0.21287755682146464	
-0.044150414417378055	0.12038636838251962	-0.30688904479833423	-0.15706328624783222	-0.398204152406729	
-0.2771462815923641	0.02487043994133671	-0.24054571987335108	0.03271886439340904	-0.20275362261212915	
-0.2539259493624961	-0.13369356040317523	-0.0576715898913822	0.14838035342311132	0.05487769711629112	
-0.20460213554986956	0.1116804977090239	-0.4034438949215887	-0.36030350860798305	-0.3725956639951719	
-0.353596439073632	-0.07774831463087487	-0.1592110649674445	-0.08085844418819216	-0.2846865397178073	
0.03476410808550304	0.00024045147002841293	0.09135579743375276	0.31578112969386835	0.06791815714189178	
0.29181332381899183	-0.20090594915968674	0.07795479821582967	0.16806902388623612	0.09069675155331305	
-0.10811524220128607	0.12795232847429092	-0.0941066801867023	-0.05120814401541588	-0.06090789667532455	
0.007288095243652318	0.05624698570034398	-0.1324950397155039	-0.12040313371575909	-0.1494398796010349	
0.1782742741147831	-0.11006166103183244	0.17203036814629788	0.10037776147561137	2.595475735475038e-05	
0.09908180441263534	0.014460414023746615	0.13444298385460499	0.17364836683892207	0.040040897308779154	
-0.2510698276174744	0.02894621507510216	-0.12495375011622704	-0.053947044633352835	-0.07840577773853942	
-0.10771112369909265	-0.08105064205909236	0.07327823065081115	-0.02756260066863417	0.018128364313375205	
0.24800179405093215	-0.24954959872345917	0.2533152540135609	0.17041774583312824	0.39193211652632437	
-0.01934234160683421	-0.18987936119878462	0.0009615632704341933	0.06931750138741691	-0.09284213251428516	
-0.013145295553677805	0.005754495009872148	-0.10147238779792127	-0.006192455467327058	-0.19509990394152127	
0.023489895175722898	-0.23973792264576407	-0.07485558584695551	0.08133577255101726	0.08164624197866792	
-0.16414530131049762	0.1034579125407039	-0.35921670594773264	-0.29763903503534817	-0.38388254500673913	
-0.013869453611069517	0.09529529041817827	-0.12847219137489974	-0.14460156660075604	0.0042749857947316445	
-0.0006328284171866074	-0.02596280480073028	-0.08812731673286797	0.09414203914389492	-0.028696865822311846	
0.2535057913445412	-0.17363913347182147	0.0033519862823929835	0.0027304673174732104	0.10865599103973637	
-0.3165235894331533	-0.10777946392607092	-0.026529177513739306	-0.06415090873290649	-0.36183346190351884	
-0.3702387143082907	0.2346333885933872	-0.34967853938934296	-0.25173661824551996	-0.4984316854759716	
0.23523721478557058	-0.21739528055885793	0.14078714945213142	0.20431387668537895	0.2866825977780144	
-0.18543669231543716	0.08998143490584355	-0.2837823796151774	-0.08922491721880049	-0.44640853386029367	
-0.13117025057018505	0.022815959286685193	-0.08181730254525807	-0.014679554101700916	-0.06947119739947714	
-0.009059610367857374	0.04972984318591177	0.06373912255124198	0.011745778908978242	0.06909896316981004	
-0.30444348023851053	0.21772127116050402	-0.6511243452255842	-0.39327784530888416	-0.5480253983830657	
-0.2857835035562974	-0.05197986836809108	-0.34068834845201107	-0.1937312117764202	-0.3395843048001479	
0.022629876881881308	-0.07634888144457624	-0.13097015834819833	-0.04351361984032211	-0.049759207804407665	
0.04960083327925718	-0.10701781795800211	0.12932321989787715	0.0790269487338322	0.19633745953205745	
-0.2737787196278544	-0.10531271850751511	-0.23387360464322024	-0.13576512508828104	-0.2756586450569625	
-0.20479842193703257	0.16473194296887528	-0.41968268245634266	-0.2559257369780402	-0.43070629258687043	
0.08712059418052806	0.048711771749930646	-0.13542619880041307	-0.08307500384401789	-0.246897827819821	
-0.27351803563756855	0.19663899347590025	-0.3439454900792456	-0.3462388991872599	-0.38021362122024466	
-0.11736913215225188	0.047427623190269684	0.11901244604983326	-0.10006214349782333	-0.29516529357437044	
-0.13500281472841347	-0.20624775062957554	-0.12118732275759363	0.11742173012530611	-0.007845431874339049	
0.24866514977045992	0.025124021578687122	0.18487097494568505	0.14729802308573584	0.1353482338395999	
0.33000254591170186	-0.06763604543203565	0.4987988043419627	0.08288173523092367	0.2034200175015763	
0.060568170993112694	-0.09142022195138869	-0.24118980751071056	-0.08312921965019827	-0.03700495199395081	
0.1830476938378895	0.06560611768384661	0.09129692163997118	-0.10432005400288666	0.0937956896876173	
-0.09600439799178441	-0.24990303372441752	0.0060975063163860865	0.21324697816898752	0.15113596792152625	
-0.29632715089961964	0.20277335334621935	-0.28487244917383225	0.023385609332877023	-0.29856720672284526	
0.020896111465714382	0.1509619630691286	-0.18627233577113225	-0.2132915994157668	-0.2898647964545728	
-0.16829443510679187	0.1704660261826596	-0.30598774970222203	-0.06267286330949987	-0.2940327924654205	
-0.250361679061777	0.08859918652111617	-0.3172749536313055	-0.15761885710423593	-0.2890946652610907	
0.06882773124493831	-0.03008558846752812	-0.005010633001868151	-0.07108640831022342	0.024351536885014496	
-0.056221538099629056	-0.057694748549220465	-0.21032774005010446	-0.14521850734476885	-0.036217312952420554	
0.16745400700701313	-0.09506034297972242	0.11504533127162106	0.018294497480337117	0.1328546506471433	
-0.186440903488165	-0.13334364641934685	-0.25199026797622653	0.04493720137308859	0.03105199081113781	
-0.2690630408920625	0.14212971784761239	-0.404570473074985	-0.230882737448091	-0.3717138650343287	
-0.0836880721357617	-0.3026409751023983	0.09144419348572558	0.35595990497684565	0.1707632428309477	
-0.059926945431078085	0.05458141174966088	-0.16523657100334382	-0.1608775814935432	-0.20940637807912013	
0.020722940297623144	-0.15249494392156154	-0.10788157458384127	-0.009653755637311237	-0.1706015796045368	
0.2715353589106461	-0.04459631627705745	-0.03895306244761686	-0.14261626278334302	-0.06626987014488815	
0.07083124152885142	-0.11682040321556197	-0.06315440784176002	-0.14788380625183278	0.0933470979860707	
-0.06649064357991757	0.06971417341525936	-0.07471278449167143	-0.009172693539638944	-0.07818347654513617	
0.08693756003604969	-0.1822869430870734	0.05328259929776799	0.01845526138077184	0.08005690457847847	
-0.012754908795843298	-0.10726655979530877	0.04417260419537077	0.0867247685398468	0.12047860605131343	
0.0236995009759623	-0.14208833299587822	-0.030010447979275993	0.048169936664790095	0.019474396763025207	
0.18472992044711373	0.016121874270724996	-0.1985434031323453	-0.16351778286109803	-0.3379161664177254	
-0.0573227698263199	0.02079943488359024	0.06794209354360954	0.17160780935758127	-0.016774237065014443	
-0.13207442322514068	0.1127672432462092	-0.10390741165476448	-0.0443352609080398	-0.08923129424147316	
-0.1576102392500181	0.02667523405891713	-0.08074621015070198	-0.02309567033149964	-0.07486634318495589	
-0.04715129958443128	-0.13777508857551557	0.11518188738876742	0.04596495931908916	0.1335360490358349	
0.027392532225537978	0.15911240818283903	0.05623028116680616	0.1801429816659549	-0.023301602967550804	
0.02540950943494538	-0.16424837517339572	-0.05189653129647583	-0.00989221688132674	-0.11544305661879146	
-0.2317236961625154	0.06245712143566738	-0.18900153435067568	-0.10533338421132457	-0.19593088106958179	
-0.04325002530452518	-0.10409488569833587	0.163535354987366	-0.0138740455358225	0.018677481779091152	
-0.07892418853087314	-0.00900728342363359	-0.09826113265744255	-0.053398637724065806	-0.1385728589133897	
0.0030232229711219267	0.06303555473710419	-0.1024799500604484	-0.038966318105348216	0.016875522002393048	
-0.049361717346517814	-0.06724925852757838	0.041376866579497434	0.09718471780213903	0.057126729051385175	
0.38781133054340955	-0.09996864214948409	0.1833940976834722	0.16549059424033088	0.2019298001481214	
0.06270840116156559	0.01021601690779566	-0.1509749989847461	-0.09045677845887379	-0.2091663156896327	
0.12713452221613702	-0.0029132372895098084	0.21212338078089985	0.08051906243703574	0.05212602329713383	
0.2530231082807575	-0.09798045822993227	0.10872037137623027	0.08669858841592837	-0.025076281165008436	
-0.24593890259369108	-0.24985508652324245	-0.06295069853305127	0.04832612049546332	-0.07832302050896343	
0.08618121385029928	-0.11813692808881567	0.04291293235481305	0.04629977293880648	-0.05671108081845833	
0.25730819403330607	-0.11752170450727559	0.1529286984860274	0.1695464437200274	0.09708269170000497	
0.18713031710988373	-0.016055862093059394	0.040415185142414	0.023460130198479947	0.011771210147158897	
-0.24536719340614355	0.045862803210065445	-0.2150519225050945	-0.14898804091601908	-0.13382820712576587	
0.08933914768278264	0.06438389327282787	0.029761123500941972	-0.10882853138317429	-0.024970291960205015	
-0.12793498682947582	0.011631189732651018	0.04542668039599712	0.14047216983865166	0.09788055188532022	
0.2596820750475846	0.08597308551501946	0.04381499244032649	0.059367983220757335	-0.06228252563341539	
-0.0713299822404569	0.08950424062092786	-0.038665694056454813	0.038489889046107804	0.15453440868204685	
-0.28662338103074253	0.03352288097605067	0.0543851589952721	0.2681119570962083	0.3608302002662255	
0.18305413802573484	-0.06530819721173335	-0.09571328354232915	-0.05300095336541451	-0.12353372893602636	
-0.07318418887556356	0.10802453673392498	-0.030109010504294462	-0.2113570907421789	-0.20024494105988813	
0.14569979343247896	0.09681624319258281	0.10366959635418359	0.0880575304775439	0.008788989906182085	
-0.03840454782864309	-0.15347853707698694	-0.2333332867562275	0.1310918156894403	0.03630357179122725	
-0.12377411856246116	0.13551126978950065	-0.01114212462158994	0.12951744604710455	0.19978152783924216	
0.09067035739188328	0.13666581727009036	-0.059358903977008944	-0.02153484933695899	-0.15177191997968847	
-0.23758834723707611	-0.11780444447417569	-0.10461351048964286	-0.06600081199945343	-0.14002663034275217	
0.06470078632015414	0.17636686327703477	-0.1164374945573378	-0.13795342196004298	-0.3144665851254083	
-0.024765897637731134	0.008760235148342512	-0.175048835091279	-0.10918258356377329	-0.09266419215435871	
0.21942906867837167	-0.07605341518796985	0.021145724376426037	0.0926310133122575	0.24626148558458943	
-0.27733577020215766	-0.20272673644309244	-0.02638190044205351	0.10912976609094112	-0.1843038982673282	
-0.08261353111029646	0.01872785043358195	-0.2039065618275772	-0.147144909701339	-0.2267046242392776	
0.3817654755948244	-0.08873022163088591	0.2276788457827656	0.09750159981261887	0.16777481429169464	
-0.15216544115792988	-0.26076580088335466	-0.2173883782761783	-0.015142789010344673	-0.07957957444219856	
0.3204653502086521	0.03859429368089384	0.1636019138690404	0.07644962825928522	0.011515295818459653	
-0.17682373702624443	0.06248626738624787	0.049118352351488065	0.14680264239157145	0.007820485839859987	
-0.0867653050658963	-0.044861295383194486	-0.002101522669518181	-0.043972414469034986	-0.11714953328190646	
0.25054072239308756	-0.019689167704434577	0.18850031601694364	0.0607115699802978	-0.03670507567211234	
-0.11169562611148551	0.02988015505817453	0.05241886073556974	-0.16158559836929318	-0.018817225620910705	
0.004344051542939176	0.2655435479781832	-0.23601431099050707	-0.15299884130605126	-0.36852486515956234	
0.03982173207932972	0.0825368461115003	-0.055826076074393945	-0.017380699431016014	-0.15622807890823676	
-0.03176226798579351	-0.15765559196244322	-0.011432085450442622	0.06262517007915838	-0.1187607024040179	
-0.14308678706911537	-0.054259412725011766	-0.13636540155461238	-0.19119811668457526	-0.21780430872680256	
-0.013432693710014463	0.08127997954123194	-0.16055202915589573	-0.11275847856686623	-0.00942253451226081	
0.27584135579001456	0.09993528645199386	0.2676493392789128	0.08881738887296385	0.15559872628969226	
-0.11941816128944205	-0.14407048594283994	0.18254607509574278	0.03989774732836453	0.06697254840763464	
0.04772536403787956	0.07096730037096131	-0.06677006266867826	-0.04841681789584829	-0.11537835051306994	
-0.021996954638391877	0.1484593757350872	0.053698830908645426	-0.09760626193373671	-0.038001479683521834	
-0.011562581110230504	0.18022803406872595	0.1833474035102839	0.11311468411079437	0.0009563525611330618	
0.28515386020633654	-0.06548694763494466	0.2606362551997835	0.22732188783258783	0.17238913634921962	
0.15654131045712275	-0.17218624941978034	-0.07170489223705714	0.19809511639867752	0.18633609077856825	
-0.1183448465033305	0.1385294237113671	-0.0318033931708114	0.01665334159392704	-0.1454554829445175	
0.22994942976047092	0.08330842274148398	0.3873081444340295	0.24710778678926545	0.2853503003572351	
-0.07849043008993375	0.009505812227855235	-0.04839453782711714	-0.03314783188676425	-0.07656130578728479	
-0.10182991169087897	0.14273521351411117	0.0791118253818918	0.0438472476448771	-0.11644041002661282	
-0.0909218782516276	-0.245957981194844	-0.22148193507329975	0.01640038130060084	-0.04857054472625483	
-0.02268253320040889	-0.23727756916686862	-0.26388703032430505	-0.3016417538337388	-0.16752321683488852	
-0.015296834226824272	0.035215620839984536	0.14374012164354824	0.23306430336428635	0.08197900316371803	
0.004396664909124638	-0.10359591892197131	-0.25228593711130753	-0.10561832685996124	-0.178629411129183	
-0.06063149973598462	-0.06560610912874766	-0.3073290438105859	-0.04156316458127792	-0.21812022636509232	
-0.17213966174633197	0.007865824305915767	-0.17557610194606024	0.006656730462729919	-0.15258488990507532	
-0.05148253365724873	0.15085155084243917	-0.3725621441738829	-0.1156519229525936	-0.28532553433319074	
0.17933264800852677	0.008756832068790212	0.026220440301971227	0.00010822542858866484	-0.0928497400167288	
0.04723271552044009	-0.06149951032527021	0.030444022332299463	-0.022092685364396833	0.02387789844532607	
-0.12410769585749896	-0.11915288477106564	0.2610680997860208	0.08597359796942436	0.09591449034523976	
0.022283830892693642	-0.18419042511933165	0.03184272699383909	0.06835476888669702	0.013802585523011128	
-0.07339501895718455	0.12497695396073855	0.026784303843469394	-0.08658441645597098	-0.09553527273743524	
0.12584697436335732	0.23606447607203962	0.02786227653067987	0.06318724221482862	0.05790746943563678	
-0.08494802475787941	0.15473020322533979	-0.12831440006177983	0.024858000895698264	-0.07845591306420327	
0.05972427652937736	-0.028862736580201116	0.027787813340946616	0.05604231194001203	-0.09429681871508333	
-0.12150866721928161	-0.06096464098063591	0.09669405361442107	0.03661706983996788	-0.0917917751171117	
0.007595522296832869	0.16151204179511494	-0.14584073602105538	0.02246830290596422	0.0006585570919563674	
0.219660687161963	-0.17817891902576283	0.29967053592313614	0.06925127217617608	0.24245955859931778	
0.26406030397641295	0.054830613871816196	0.10485096509610879	0.1545288412683894	-0.07415017986429848	
0.18642257497782413	-0.16881948777960912	0.023600575500137253	0.2467891082805242	0.0017446224293461842	
0.09257501680637402	-0.03301871536379565	0.10653131890284266	0.021592983545498535	0.16988900000018511	
-0.38581215413391073	-0.08096089932234984	-0.3671404099119545	-0.21302497618622346	-0.4087500085423414	
0.06010292833125766	0.16749104497108347	-0.14499440825755835	-0.10721782915861373	-0.18591738020761903	
-0.04278159753179759	0.016994368687606405	0.012400597491617104	-0.004727779895263116	-0.0016925347317172065	
-0.4595397964776506	-0.08660096056846209	-0.2399991433382761	-0.047431972496141124	-0.21660947413354836	
0.10782418981682072	-0.09322063480153465	-0.2619514466564678	-0.07917168917289501	-0.04222520716222424	
-0.1544217179041563	0.16470553221921425	-0.23189334642634557	-0.13129924195159526	-0.329737704778709	
0.17889308239623525	0.04282243126335111	0.23754086992784088	0.30480427026277757	0.2535683774767275	
-0.19160853722687018	0.03534565448843858	-0.0019651432498252507	0.031054288478975994	-0.037930919645466785	
-0.15875193196791582	-0.047943023832158545	-0.10678284093282384	0.077598738740856	-0.0924262029291839	
0.2003290091416066	-0.09989108714678498	0.27525591869688654	0.12582341711673956	0.2768555707059844	
0.031199406361743034	-0.0607450343491035	-0.09190605690060867	0.012804396322521772	-0.09551298253993509	
0.12433827061661439	-0.28743109035622855	-0.15223804475217842	-0.03620479193578075	-0.23198281209869445	
-0.17702247945691615	-0.22901037014123807	-0.02630687483686362	-0.011453495618685026	-0.002474726011923093	
-0.1310993980090682	-0.2607784925799644	-0.2075136584468381	0.05593376848295191	-0.02272781395884852	
0.04918177100871752	-0.10443869653200624	0.048788938192160285	-0.01635134446985717	-0.020140886315750405	
-0.2730605640092178	-0.2153230354894417	-0.42562738243752296	-0.10375460799012433	-0.14390900402190973	
-0.14258799823987642	-0.11010451278195987	-0.35028980477108734	-0.19521652810859788	-0.1970612056824285	
0.06337187762058283	-0.2362223090271111	-0.07320965148208707	0.028712847471060066	-0.03476247568969111	
-0.2705207773715434	-0.19089417475679296	-0.16307707437540342	0.19970889201949105	-0.06065986453078695	
-0.23667949880951672	0.3332274447611802	-0.2643026511007071	-0.24489674027913663	-0.3198702812876661	
0.02579763152771096	0.23382068416209206	0.06358254338869015	-0.14103656637336257	-0.03014517845561803	
-0.8627946789118366	0.29066251530890663	-1.3840205352882435	-1.0878517836679937	-1.2868667749556881	
0.021187710016249958	0.08142299666121132	0.11073209795222458	0.06714929277842248	0.1614374283592006	
0.000583716223912424	0.2695479690025461	0.027647716939723187	-0.06552065102839066	-0.06633246785244484	
-0.2738443872045526	-0.16537323788124236	-0.30976790195773124	-0.2157663272904432	-0.2101733618609369	
-0.07968562719381089	-0.2533356801823145	-0.08976046643867355	0.09467989311357901	0.09946178144214127	
0.2336066543542809	-0.2952881326770129	0.42165322591232063	0.23414242983357203	0.4671045434446677	
0.1129660210121259	0.03565632669483547	-0.0330477578058755	0.15856165111042314	0.02437571653649486	
-0.6176307855488109	0.36580580764001824	-0.7411944165071265	-0.36088230068111155	-0.700451879265451	
-0.0926616897637571	0.2703324321469366	0.01664745822006433	-0.026067354060132768	-0.12201848149704576	
-0.006897042019626158	0.22877409276052765	0.06721947968445562	0.09843245758935712	0.20668463805957957	
-1.757587393701013	1.61745102513107	-1.978306193001351	-1.4634850732323523	-2.0649986079987017	
1.5629980245650836	
