TESTRUNID EPOCH: 52 L_PCC: 0.8607775821880315 L_ERR: 0.00823475183115008 T_PCC: 0.8014681508686331 T_ERR: 0.01140778625516282
180 LAYER: 1
5 LAYER: 2
1 LAYER: 3
52 :ILEARN
0.010991511154077399	-0.010168108948735034	-0.06214753302916267	-0.036961021808111595	-0.03984071165209044	
-0.31349186230475956	-0.0580292834590009	-0.32506415178581466	-0.22185867620290917	-0.24603341815672145	
0.15487181432380964	-0.06989350509561933	0.10734322123432899	0.15284783261858498	-0.025848439464752643	
0.35366319438025323	-0.11977785745929603	0.3538249912835001	0.10641211714349344	0.19634045027250674	
-0.015046081377484486	0.0724099592835791	-0.12219177264322528	-0.003683426948479854	-0.001660779358399959	
0.04324949469779634	-0.10343384316294109	-0.11673857559821947	-0.11745236087262433	0.0355023544515591	
0.10592546387385221	-0.07273160356330738	0.3035282285072105	0.09166408213105212	0.22373592653570645	
-0.1562132442486761	0.03776015731042479	-0.19678323426702649	-0.22175791753975874	-0.14211187295733926	
-0.06975567602884675	0.06585277848153799	-0.25974450926988113	-0.0631143154742019	-0.2654982668301296	
-0.18283815944036497	0.08617866434648155	-0.15761742633401055	-0.06390370445432646	-0.19965434698512327	
-0.15521344887180785	-0.027235379035281376	-0.07410378221077824	0.006872035042847542	0.008141950811002746	
-0.4668147409383105	0.10873372592139983	-0.5223094562124316	-0.2847667569192016	-0.3568865684943323	
-0.2725189352443962	-0.007279388533934728	-0.12193856365774748	-0.08106534342500402	-0.23319666097694178	
-0.015332269758335907	0.03278955321868472	-0.02895292433940494	0.15457785493148765	0.06925866617979279	
0.21647734900580687	-0.15393969770806723	0.07757447763915425	0.14713392047549814	0.10441369482534166	
-0.153338049668016	0.10563492859291192	-0.14745003956920463	-0.0653343700773303	-0.12040085438122433	
0.03777577081294575	0.003756748795971349	0.035610580951943874	-0.08080874947553929	-0.1244730037851941	
0.08947001417238205	-0.07326747560912521	0.06574624819752714	0.08628985687981053	0.08458142758123845	
-0.015086129192400776	0.04680998338954201	0.0306066775723478	0.11299657096364728	0.1083551101381645	
-0.1786409606305122	0.07002622385838056	-0.05546634255343998	-0.11777067568241135	-0.0716853404364378	
-0.05886892837660044	-0.05559572890855237	0.022008421284521615	-0.024989659553246814	0.0633168346981658	
0.24360758836947677	-0.2172452873275056	0.2962096989480068	0.1837682085921089	0.33006484854690354	
0.02448189736002338	-0.1892117122476335	0.11463209298804594	0.11277194028604516	-0.029250553852737147	
-0.07123568219404643	0.043984934722613445	-0.11872069649467415	-0.015696897709734425	-0.2139458922358129	
0.035868412020075686	-0.22833161747458122	0.007643281597440057	0.04052377807643111	0.19804355629426398	
-0.22096298116701055	0.11684816840963609	-0.22470460382443555	-0.21276506622266245	-0.3038116579542948	
0.07657681260705135	0.050792021199840005	0.04225140358710696	-0.04331981518879777	0.11901199562817734	
-0.05678584891333822	-0.017466242851796498	-0.07939765306068157	0.10151629815709752	0.036439103123944945	
0.15763313130257564	-0.12500092630797457	0.05968384904329081	0.008455126941574902	0.04457091333979023	
-0.2783651559052308	-0.06423613155233322	-0.13984161059467423	-0.10352249151671057	-0.32156868679278316	
-0.5366043260020004	0.258000979856707	-0.43853651083984063	-0.3341603450780252	-0.49292999952382643	
0.14447849199253662	-0.13673416294749038	0.08247535414432361	0.1685404633229578	0.16545801352747466	
-0.23560043510547699	0.028360948948483948	-0.16728069994502487	-0.030066778227584325	-0.28904639355569317	
-0.1554698215097828	-0.043192952010216584	-0.0005123020874819916	-0.036299264353446374	-0.03306140079602409	
0.06707268993836625	0.033974391339066774	0.07096921626782574	0.060826263450333186	0.09079306877800465	
-0.4033737734472385	0.1798343719192286	-0.6585954536387298	-0.3767512931048759	-0.5064668950900709	
-0.25031098138374996	-0.03095041830493382	-0.34479104609597205	-0.26471718918047676	-0.3722554012969747	
0.013577038167052443	-0.07286353440653874	0.000626304283470557	-0.019537758373444812	0.02494581772970545	
0.01910792353592261	-0.0896133268740914	0.17097104783191733	0.07034303549981911	0.1429289202377371	
-0.08054225549698797	-0.1250747201725315	-0.22032754401148805	-0.07624756509167423	-0.09549837471485914	
-0.17056421173785652	0.10472908048663174	-0.22853961083195976	-0.1476237463637849	-0.32279817162628877	
-0.1589758809058988	0.07144843638317745	-0.23805068385684722	-0.0016237800786217233	-0.08489175643189877	
-0.23316537367966014	0.14508654422137504	-0.3419005793979864	-0.2035525016819588	-0.2752229628780813	
0.07491635773283409	-0.09878217045584076	0.1104571351113181	0.10125608615174964	-0.022906896084544073	
-0.09375137199822943	-0.1379940191709777	-0.08680931221281846	0.08446069792282318	-0.11326115369282969	
0.12381723896661695	0.026086856902769393	0.07965330533582413	0.10893087910883766	0.13340983968979958	
0.14296879793178513	-0.036435608344182184	0.19609771065076176	0.04920448977093394	0.14090096922665915	
0.020281274376572202	-0.13885816046462177	-0.09778963480435753	-0.0870299548341512	0.03230867315300482	
-0.06905561222141621	0.07870433703577275	-0.028680586189070646	-0.07873316190242262	0.15143747861131623	
0.03262781398168628	-0.18046350544576678	0.09726351451979072	0.12460892500410138	0.0490095470805696	
-0.21940735452477794	0.1087005769151991	-0.11059529962835489	0.053285362369063005	-0.10714206656220146	
0.020204659423012434	0.02771845245883384	-0.06848959144355468	-0.06242246044735141	-0.026648901796321112	
-0.13148750359824177	0.11360804177140686	-0.12238685570741986	-0.042102435568449705	-0.11473611929760565	
-0.3160616190597349	0.06593046904990434	-0.27823302906273145	-0.1690307055494486	-0.20698351062762238	
-0.03992936419488992	-0.04473946245668724	-0.038596276770014475	-0.06324798102935862	0.10519944109354612	
-0.06416651608981092	-0.04890278028668504	-0.17937587607428074	-0.10818147014169834	-0.02711437919596644	
0.12334685486557581	0.015960776507531336	0.0760995532493018	-0.009077785876663401	0.004098295653513882	
-0.06901133011220358	-0.010705545061072134	-0.10152300500719283	-0.03447241367105813	-0.01315298579743063	
-0.3112380830146064	0.14038501794555522	-0.29029203372607393	-0.15707472240325668	-0.20283697082169833	
0.02001775012068101	-0.16544129750035572	0.13390524075623647	0.25353332417530705	-0.016953725727164113	
-0.1445676081142713	0.11011290517066442	-0.16988972245232561	-0.09520641854034358	-0.23370791499809418	
-0.06584964054435767	-0.0760332970891814	-0.1936755846980327	-0.02330723324188282	-0.12451151240036755	
0.10338745982909155	0.08673951003425072	-0.13914571646655619	-0.08332010310876296	-0.0835873419598007	
0.08432317857028385	0.048953546204793426	0.012923390945726339	0.021005445497413507	0.16037329610660683	
0.04588356987551992	-0.028213742942147606	-0.01596686070788118	-0.024038505492196015	0.029573406231180387	
0.01742687867868502	-0.10027191527288276	0.0253616455707611	0.025398560083377302	0.05999089236622948	
-0.060491562363002585	0.0050074525663771205	-0.0033277081422595388	0.08261881346172047	0.1410545346962068	
-0.16791070130873806	-0.015516429810259389	-0.03200002327464075	0.03617332470852091	-0.05740829209320559	
0.058953755397071275	0.06269913425686678	-0.013921074239879577	0.04088586306013632	-0.07730703132545623	
0.02341403374696857	-0.014352083016765656	-0.009002244020384357	0.05653934694537046	-0.18365960210385646	
0.028065239085627847	0.033848908895733054	-0.09477674652287596	-0.07744227062394353	-0.05414731041015565	
-0.20651309625507186	0.08239796553547966	-0.20628865093592408	-0.02342278034047768	-0.052379950980089886	
-0.07719732464676787	-0.08921538744066858	-0.00598402654420341	-0.03996188630560382	0.015883823889354363	
-0.04425319093864448	0.04490463608637278	-0.009264666539286832	-0.03417636179711234	-0.11193197716382905	
-0.13901001505501354	-0.08208756186345788	-0.1611042525533758	0.01673469490663238	-0.06919963770552917	
-0.11308084450884394	0.07701511986833533	-0.0535170880830453	0.005659861602198899	-0.12239102811145001	
0.06288134770142333	-0.05869905687218689	0.16584826903154415	0.011509624954512028	0.021789792229091325	
-0.11519598857809103	-0.0901729907048236	-0.028600177020406497	-0.12609651947453546	-0.044535906859697515	
-0.02135190749450124	-0.021784526492013886	0.013448145034679435	-0.08892753743872239	0.060521758532681706	
0.10227487051229495	-0.11591674866472716	0.06660559564910666	0.03442126993152999	-0.0490063826989268	
0.20200347399789134	-0.07433279539152425	0.10108717836760533	0.11562128204388725	0.07326688394556424	
0.06112208660157824	-0.1040145214957623	-0.08409463919488591	-0.06104940132103526	0.04132856657226252	
0.01744152578960222	-0.0027347412360859513	0.12459799993453045	0.11125829123436876	0.14455108942848294	
0.04373870505021348	0.022150601774575243	0.04690087738862326	0.12245579188217025	0.07978740710076046	
-0.13025835897191537	-0.23382882523187543	-0.020935144259160696	-0.031665985310285805	-0.07384436263735736	
-0.09199358070153282	-0.13615044080396477	0.0472794579578571	0.014469964358796657	0.10132745535319894	
0.05611412076734707	-0.07003821957748203	0.037626654559796975	0.05014575212047974	0.14901757010742944	
-0.012878344157418661	0.05550913934522634	-0.06379451622227619	0.061739852386524394	-0.08786070763711588	
-0.18825401846130663	-0.0324793042222385	-0.2982370792379853	-0.22887949593647683	-0.08378085258964779	
-0.03299430627495792	0.06572299627612041	-0.03640282345921734	-0.13691108652229325	-0.18298110394595302	
-0.018889283346831216	-0.05034919688489982	0.12859363384871755	0.15587427017150887	0.10305358069637692	
-0.009795874693441928	0.036256890331661726	-0.08370058631803985	-0.04064868325532505	-0.07074043156006225	
-0.025419469581920505	0.00964975422114146	-0.02270471550266766	0.01764770850938773	0.15485211591428455	
0.07695057766780429	0.06496949180235945	-0.0022834390089525813	0.0676034944340526	0.10536230654601336	
0.015190319898473829	-0.02925419220112947	-0.13391773911465035	-0.046005856902714325	-0.05838428246002873	
-0.17891193352972068	0.06565173477167228	0.02817369975794757	-0.12734298049903076	-0.07749136525301005	
-0.03989315902096972	0.09937671365519969	0.0029185203905997556	0.025913456621854916	-0.021987503606584576	
0.12095287307330557	-0.0646261643551517	-0.1441941822537686	0.019150049715091	0.03633495645003854	
0.02266809117277947	0.11057432318438938	-0.04943239396387806	-0.04088067905164386	0.048130657250711	
-0.06961571938386547	0.1113488078679483	-0.07381669506850794	-0.013604311782731292	-0.2122862877306786	
-0.05135438301628427	-0.1034663949614345	0.004951960901405171	-0.015193498359673098	0.0302261256987289	
-0.01934561510505462	0.07626413332854061	-0.17360827217420957	-0.041971324014176296	-0.08902275523851048	
-0.008916632904407288	-0.023377132195403577	-0.13548437017234788	-0.07336095761516855	0.016714859221559464	
0.10383436352901253	-0.08744597331837976	0.03622057387399117	0.09665947615415378	0.2360641745864829	
-0.18538830701115538	-0.08369752719208992	-0.027111076237609732	0.07576088225502245	-0.21005723490990427	
-0.1855220632373311	-0.0441614098594924	-0.23195680766544058	-0.08822515532472634	-0.08863992220388406	
0.21264463984166637	-0.15148129085026574	0.19005351395787504	0.13203453312543678	0.24619930533224252	
0.05216191657666471	0.015669969639462683	-0.015537551105831975	-0.06672689303669647	-0.05767875853703233	
0.09235855257322484	0.07596787012593707	0.04972230950839705	0.010619887673397804	0.0681108451194861	
-0.10074239707927536	-0.010574424659378275	0.020609690305289443	0.15004905472250285	-0.07799655223008438	
-0.11162094011605186	-0.02545328201628625	-0.009970426661905462	-0.025839057785280322	-0.11907941035250774	
0.03294169971534903	-0.03842362454602251	0.04665669975757001	0.06623207849925725	-0.0007500238386585103	
-0.19277286608330324	0.037892002098780825	-0.044322902665287316	-0.14711042316329226	-0.037691251956361874	
-0.06423492444843379	0.0848367750508293	-0.10784243604329824	-0.08567467604864605	-0.17027044712164524	
-0.11203429336648763	0.07845717825777147	-0.10142763382922046	-0.024959323059755414	-0.10905048676974834	
-0.0575423279113054	-0.042482668655030434	-0.1092525527830177	-0.04048894659638748	-0.15134482756561318	
-0.007720575446324538	-0.06194950749596616	-0.08247142841566013	-0.1194082857803732	-0.07953096866292116	
-0.01899616648702065	0.03839201998686213	-0.16065219817431442	-0.14322787033515808	0.049332910951998744	
0.1905569176323798	0.0007991559125471047	0.23665438413513065	0.016868462971036773	0.1796171528908101	
0.012606656645560047	-0.19256864836791085	0.12892196535363507	0.009090694797268442	-0.043874834553906845	
0.11832368700487746	0.023302831650329845	-0.033426672396103176	0.005815738823779892	-0.004631198138815303	
-0.05145586729044299	0.1675446303131233	-0.17769242414339528	-0.16201213357570204	-0.05766242806184782	
-0.046892102115221705	0.12126875253077075	0.057878624186325195	0.058033659839462605	0.019716892441419893	
0.15197417588044684	-0.08644180151670784	0.05806244430552116	0.11068576277354775	0.16642804165187483	
0.03826570062473729	-0.07737313714453659	0.018190776337453602	0.11379798297072949	0.11762504000169899	
-0.08497408394660068	0.04682589269115526	0.028990662611992228	0.047643778638649714	0.0057021515756513165	
0.09298220976694588	0.024657887299670566	0.25601270598366455	0.12455097583690136	0.2601087696007871	
-0.11295656868463261	0.05941543990877305	-0.1659037980004314	-0.03936933367407408	-0.05477144840151896	
-0.007640215213743827	0.07263704611690962	0.06950046553343724	0.10181281264422981	0.14566212210256285	
-0.05346344188725215	-0.20582642907221102	-0.0650925805249125	0.013444786181743667	-0.13522184864115147	
-0.1611068751474332	-0.1330134466726949	-0.141584464832285	-0.24652812625186346	-0.17292960963536777	
0.055910262051724585	-0.016793030215559977	0.07635266703545338	0.17817541199167505	0.10336133601696659	
-0.07301232318014349	-0.03162623669724288	-0.16074872344014593	-0.057186046473182685	-0.21977163407141342	
-0.07747462302889689	0.01838897276789148	-0.2282317205834774	-0.04842902484558153	-0.2265079016415489	
-0.16900699838695227	-0.004717354837347321	-0.17392575575421151	0.009248121034632191	-0.1489798031976793	
-0.14176428974740674	0.07411321201153949	-0.3829719110698776	-0.04985283162321468	-0.10018676469631786	
-0.22975137577807192	0.11633158489051017	-0.2866084376213118	-0.13435057897090338	-0.28837539462884004	
0.08203638363170883	-0.0298855731976773	0.02406505651039922	0.02257654454975668	0.0917938349142087	
-0.09690900867957657	0.0007484358099152366	0.1126095276217103	-0.03245014739228331	-0.03358130319611524	
-0.013446778688645546	-0.15395003811461702	0.09039834783545225	0.02636892548886618	-0.09785597527177281	
-0.05855377108758765	-0.006378088118219209	-0.0008418733729423476	-0.06458774862706324	-0.023052144686812152	
-0.004775735778789976	0.1251070471514819	-0.049923218362991614	0.017603679146444756	0.05635322317672221	
-0.09125042104958472	0.09194154964239348	-0.1670111075609898	-0.022607196396078978	-0.008317845469538393	
0.0833098089259457	-0.010149179262890771	0.0005604379356870289	0.06728295657432769	-0.06411949349498994	
-0.15943945020117795	-0.001589304195185399	0.006639147188523966	-0.013951119605333405	-0.0855092504187324	
0.0036656601451769823	0.0999719926593767	-0.12377782644638098	0.04324851003243759	0.08165413424050971	
0.09067789071793661	-0.11645610567330357	0.16249385662248877	0.025898648405786606	0.14364912448871464	
0.14572717720019548	0.04012958681840358	0.07474505694979632	0.12253452079963482	-0.03368153505716987	
0.19885170362356608	-0.12535987330615667	0.07666777679147653	0.2076818555663651	0.010825133236366533	
0.15294602466178667	-0.02977548028381556	0.038287165068105825	0.0004097257607135976	0.13287135314440637	
-0.2894099439861199	-0.018241199488314916	-0.2688180679712874	-0.07872725211509515	-0.29396170963714585	
0.0011799318605162272	0.054095209938442176	-0.09851995066106155	-0.02823902737572863	-0.0549119537839133	
-0.026389006767502318	0.0532136433569771	-0.03712401448268334	-0.028428641378308413	-0.04152592986126071	
-0.32893992840057923	0.036050088692763604	-0.14908691701803248	-0.0005553380130345668	-0.15598407136608725	
0.008323921266215529	-0.01709227885475137	-0.02611011246730413	-0.06767690625381807	-0.050623803550282696	
-0.16540770999470247	0.06848955811368737	-0.2280701296375279	-0.10244916870948571	-0.18938794519327404	
0.08628072471591726	0.0906227580329931	0.05915741684957798	0.1599780011767573	0.10707675698662762	
-0.13905748007653235	0.05867703339790658	-0.01561281113801054	-0.059311364124413485	0.015944534404504072	
-0.09662591719148297	-0.010008631412757863	-0.07120934578092523	0.04020730180251684	-0.0898679790839768	
0.21815554901208783	-0.1431854801853011	0.1519099358738293	0.07109453480995591	0.21815207106659681	
0.07837747780015614	-0.1266121946931912	0.03681641034317873	0.1008121522791771	0.010020786259167525	
0.12645398583942422	-0.20022104888144343	0.011210219150749566	0.016274920707163743	-0.07680949334212266	
-0.18038083378470784	-0.15228860687582121	0.0013150371394239119	-0.05484599176306163	-0.028357793850999968	
-0.19065568875676142	-0.1612516117803361	-0.20762770539861766	-0.007354884452188558	-0.09191752009427111	
-0.007120388062383485	-0.08755698332556995	-0.006174569148953259	-0.049574139965969	-0.0379941102006425	
-0.27734729790043483	-0.05967496023951684	-0.37723467855500914	-0.1526635689957479	-0.25972180797463423	
-0.19515779825660323	-0.027134762461417637	-0.32253781119132163	-0.21278810991611513	-0.2523789117795017	
0.02916430946995856	-0.1766898811009584	-0.06466354447325595	-0.011258752808074061	-0.038445797201995105	
-0.09729350446483295	-0.12360108989040483	-0.15431883032487576	0.07832405124492128	-0.0068489878924464535	
-0.1686133812957875	0.1866576883061873	-0.22170342295780496	-0.09458391342769067	-0.1983855199366695	
0.06301090473176649	0.15338166519917285	0.04243312490934808	-0.07898257264357361	0.003080693181783098	
-0.887257874607126	0.2724242960947324	-1.0867182564903317	-0.7898344115332406	-1.1077108154220456	
0.0829637765354204	0.05135019206503016	0.07165285278730789	0.06993430510058782	0.15000616456111654	
-0.09165559620599115	0.23128391002953277	-0.14903550304645147	-0.17024911671710607	-0.04664891535385628	
-0.3798344196984818	-0.09721024580237139	-0.338295647092174	-0.24584300292544586	-0.2864336167274725	
-0.14027068763338185	-0.17627871286741661	-0.09740892016857068	0.03927022171366468	0.02092058013826552	
0.14180306210149174	-0.20906163326529206	0.3180951285432487	0.1256447322657744	0.30434969328892236	
0.05141423144624814	0.06634374895957598	-0.07442795923077253	0.07943330367941398	0.04225997920854176	
-0.5322603896463979	0.30027435061881924	-0.6595320740987813	-0.33206491473846766	-0.45783914679639354	
0.007804410505453304	0.12937624147863983	0.0820801280404848	0.11349394740696427	0.024753130029223833	
0.04666508496016236	0.1850144855153822	0.058644393112493455	0.1156186084950748	0.1200621963581557	
-1.5340134739071019	1.24681079403926	-1.838369016511656	-1.0984556346284355	-1.6992174560219522	
1.6029135886337307	
