TESTRUNID EPOCH: 47 L_PCC: 0.8626750558138768 L_ERR: 0.00813617038360694 T_PCC: 0.7978457011777602 T_ERR: 0.011609748328901721
180 LAYER: 1
5 LAYER: 2
1 LAYER: 3
47 :ILEARN
0.02033685416507585	-0.0035103390456466656	-0.010234175881687011	0.013090317265528256	-0.0342526653916758	
-0.30945653884515434	-0.05573846884091965	-0.27659939963915425	-0.19882437815244833	-0.22654165170130755	
0.043443601610272886	-0.010792417487710341	-0.001304992400113152	0.14092101394014236	-0.03569375443450733	
0.34615525005679615	-0.12144673751022951	0.34902174469189545	0.143305118132139	0.24817405708512913	
-0.03288269674542181	0.08236235522310562	-0.12743954326467943	-0.01035223417884611	-0.020162323891347117	
0.06612875237419379	-0.09689122370903129	-0.09511096131259764	-0.08670509797350158	0.052154446241197534	
0.07897593670257189	-0.05457979166440851	0.27736302668975965	0.09716504089549069	0.19472943221441538	
-0.1895312751209032	0.1197994976831411	-0.10936965443958785	-0.19469127166565553	-0.11639943797063744	
-0.06461629590090466	0.12493532014088746	-0.21877057026790514	-0.0692058035910234	-0.2556648656017952	
-0.15778878646419311	0.04750515122106625	-0.23447206526146197	-0.11337133389196359	-0.22365250446571366	
-0.11781792139699618	-0.07821948439830285	-0.09024699243091114	-0.06446373550127589	-0.047072715922800684	
-0.5374517845467979	0.1704878430670602	-0.5671416095534821	-0.32139986892850436	-0.4466721327162892	
-0.20655719861440555	-0.058437041019177544	-0.09740752417174607	-0.09846018036775643	-0.22260259377616487	
-0.027028052093046123	0.04488011057304081	-0.061669643722722704	0.06359063603533176	-0.030917365115150284	
0.2312437359438866	-0.15666388313452456	0.10266698433931042	0.18566445841133647	0.11998431183131722	
-0.06886214924647283	0.09924981754940583	-0.007079596576002446	0.05544528395227296	1.561010876684611e-05	
-0.043809530469286574	0.05579998843679759	-0.0738803541641058	-0.1089474875026378	-0.20603287062818615	
0.11962432743712655	-0.0720436430596195	0.1147290228674269	0.0759855278837196	0.05493244756957485	
0.05284555374891373	0.034233023733380996	0.11635048604622963	0.1287370602539025	0.11928664398212127	
-0.09140728252927761	0.007436206253623243	-0.04509192885603829	-0.0900794195664254	-0.012280449456161037	
-0.1200492521687147	-0.009569484974123108	-0.017789327295116467	-0.0491500767703948	-0.0005218776791425496	
0.20485867871220187	-0.21307213774130038	0.2822757766473576	0.21127071122060126	0.31154920683836024	
-0.023225301526750803	-0.1700494234433889	0.13670238185531022	0.14320926533516823	-0.03406528658889412	
-0.06664425812339984	0.057539125511977804	-0.05324331476914089	0.013933459352155857	-0.18133700802170583	
0.014740976617594234	-0.22970928187747586	0.006954169160164324	0.029407129473192843	0.1736955083496836	
-0.23713129132872077	0.11807844968297326	-0.2168378884083969	-0.1992272579024265	-0.2853266580506809	
-0.009811393491088576	0.0860995512537513	-0.022357109003598732	-0.06598437132676381	0.050614660699162616	
-0.04250795360454561	-0.005045800321137328	-0.027048250605066198	0.13531827092506576	0.053204589452138566	
0.10355440949837891	-0.11027892242746132	0.015590818289005036	0.037005949629963064	0.01731628572879362	
-0.24477747156267285	-0.0675682344580949	-0.13809465518958677	-0.17144227889869776	-0.31401471944975134	
-0.4082182011818249	0.21927936833473163	-0.36169518352148505	-0.36357101902826994	-0.43149163229702464	
0.11819220055081467	-0.1299503307935347	0.09383020279744786	0.19283044025262017	0.16982776741450745	
-0.20904679508230142	0.014541243532101494	-0.1763554309999389	-0.06731329717252443	-0.2997356357043896	
-0.13078628280808052	-0.042925564608836966	-0.04467557058803714	-0.04248305250595744	-0.04452583052417743	
0.030865517114478765	0.05530837821721427	0.07569424324080248	0.06933815188410039	0.08795780333284021	
-0.3681092053988328	0.20411469841982743	-0.5398972813706236	-0.3112256678583465	-0.45492989877582746	
-0.2924089732188623	0.020234734531887722	-0.3278482399322843	-0.2599436682614767	-0.37431581912706635	
0.0202697296788273	-0.09140172922764861	-0.0252188450292272	-0.006852617413433741	0.029376598761797577	
0.02545528650541221	-0.1134763810865536	0.143759233986762	0.11186090476477017	0.162161450601427	
-0.09005899163847769	-0.11411224326887463	-0.2428822334080841	-0.14870212174581274	-0.12734630286994994	
-0.1374845309046575	0.11011188852358822	-0.18411218538231267	-0.13499792066419355	-0.2743592212691599	
-0.09977640828292982	0.06606031785458673	-0.1194510099495304	0.013677351602387328	-0.062385902994578454	
-0.21250374002915884	0.12873813068365098	-0.24092241697537867	-0.22761086105782724	-0.3012974529855904	
0.009993235015675029	-0.08572328436125266	0.11873964253912286	0.04325910958469719	-0.11073417231517642	
-0.05820787798574106	-0.11246603115301024	-0.08209398555200599	0.09648243720366687	-0.06701025526111577	
0.1096745891203267	0.0012654591646610114	0.09128771455637776	0.08060027422747412	0.08762427224778527	
0.13539853824214845	-0.061404026545637515	0.23164145996383206	0.05852499525505599	0.14633607263389917	
-0.044513615523000614	-0.16888889408446595	-0.12843559821002568	-0.1204462185082855	-0.05926573006652324	
-0.05511857988416487	0.07789656356654158	0.0224832159905573	-0.06769570890188273	0.07840698131064108	
0.013002368279558155	-0.1230995583574472	-0.0020246595847538463	0.0672759300921842	0.0640313916590509	
-0.1427197194560175	0.10415795022025584	-0.06161572947840928	0.10191073981481079	-0.014964448836064893	
0.023735736064630048	0.04728451670771546	-0.04630682143205171	-0.09286632691586669	-0.07554031652411573	
-0.12827870730143742	0.11521407272485956	-0.14228190171719085	-0.06305524392522877	-0.117388784184042	
-0.25949497705771424	0.09302315853149826	-0.21935084996826293	-0.11125971509799967	-0.18055716946871816	
-0.035074660517837336	-0.02640673552375269	-0.02214001638688045	-0.04206478352537216	0.0889292870090633	
-0.11705380652608731	-0.022238616236195007	-0.17185856355625417	-0.12652475157720117	-0.10409949261776826	
0.14386381593285127	-0.004789863086513324	0.13321395213852766	0.030872154116174562	0.04441502310733314	
-0.028552803331555358	-0.11069636057732421	-0.06779432323026226	-0.02052293954314044	0.02247854831682568	
-0.33012464837706346	0.18336831391005357	-0.31854621741956524	-0.19429838824917317	-0.3165102293426398	
-0.012577736190776099	-0.10911812501689915	0.026196939441508766	0.19365725828680155	0.0038925107793588735	
-0.11079930770111066	0.09229317458433031	-0.17901049524420526	-0.12746100028912957	-0.23641256762205762	
-0.09991864733219061	-0.10007611170815031	-0.16105548291179317	-0.05092537388835544	-0.17933199553685358	
0.10780518077458139	0.08823620778216118	-0.04643522568567011	-0.05612385843576016	-0.05213464035707063	
0.05910776067567073	0.003783931728041949	0.031066400760806898	-0.006157051411834142	0.1816786258826264	
-0.016648695269747167	-0.013747972808498893	-0.03900682630668451	-0.05450153008374609	0.00951715749859542	
0.06330989518646278	-0.15274811291055454	0.13081493261190813	0.08043579652590081	0.09103262188199628	
-0.07440042347643956	-0.012197123187265175	0.022265516976787695	0.05005243483705781	0.098631835484005	
-0.08956515161345172	-0.10182459337596937	0.0017369273817610818	0.04623758794511726	0.01994623393820183	
-0.00023504719324936706	0.09182766361470357	-0.010297648734261575	0.014104390980155902	-0.1372788523163249	
0.08106149721864889	0.007946726450171866	0.06679404333641607	0.10681141689126575	-0.09402341309363463	
0.028317375681808286	0.04317037413454886	-0.05935325423933529	-0.043812985490622014	-0.01595955126667132	
-0.1569762693429155	0.0548562858755457	-0.12563363124647633	-0.03982063309813234	-0.07263273167104028	
-0.062368031775146215	-0.06782060425745873	0.053244821674252936	0.016126563092837838	0.0438198977061908	
-0.06651276904193128	0.12235036919579202	-0.07253107689898816	-0.034155673886336016	-0.13014076154382925	
0.014127553149692712	-0.12318980446080025	-0.026933991563195286	0.06200618034001396	-0.024485568793013085	
-0.11529276672011646	0.07671785361086635	-0.08746450585289012	-0.04979769233284182	-0.15338347904904917	
0.05484785682416222	-0.04821563305277063	0.16406048542508553	-0.020024618511221504	0.003964853730823214	
-0.10280785756489716	0.00967879498832625	-0.10983715167845465	-0.09611698497869565	-0.10200096573953478	
0.014875738550990598	0.002935177975839114	0.04683388789191304	-0.027471251968258482	0.12265281468356838	
0.15115261473822172	-0.09793839997970336	0.12893146145519788	0.06872533399581388	0.03677122962150385	
0.2819495118150736	-0.06983011311615783	0.15086017666105633	0.16792354734618212	0.15612326047995062	
0.006636356964593424	-0.040718849991925966	-0.11799541309531532	-0.11026270137954688	-0.09016431172787599	
0.03742613673350355	-0.025993983955931114	0.16264022826215802	0.05529420347668464	0.09407307321521832	
0.11877591882654785	-0.0389107771276014	0.14505933654005512	0.13226653334896132	0.0912828373022998	
-0.10356444100367747	-0.20375407072362364	-0.08504715475327444	-0.07637004242448675	-0.0517058882366144	
-0.08589039122310714	-0.10857218710543524	0.06525974275222529	-0.014180781240006414	0.014013627424704262	
0.1273251609279303	-0.08880819070166543	0.1398257724090558	0.08000845156713611	0.15524353508677205	
0.015821672521190107	0.021968881853778443	-0.01270673167547674	0.034822108530612426	-0.04926422402043073	
-0.10975567806139687	-0.029753394172518967	-0.17334195579835013	-0.21635197754558944	-0.09844516230535597	
0.05697762151702158	0.05384382206371648	-0.0003108074459655372	-0.06550283630249254	-0.07599803794656532	
-0.051840649672665155	0.011099665968537004	0.052506347997823076	0.1170854807428328	0.08353729551182086	
0.05068232597070173	0.05737125565816526	0.015557970921852068	-0.024811161234837155	-0.06286699907456912	
-0.04938391932746997	0.061431658289437245	-0.0700390681972569	-0.016377152677979165	0.10347542675344273	
0.08358611971002725	-0.008172406789297234	0.01628544779427637	0.1289922565834019	0.18204843812288057	
-0.02786719447191105	-0.006275691480857864	-0.12819024418887165	-0.06989322923544113	-0.09777806415880254	
-0.20581111602969374	0.08406357560311925	0.0027234221375758423	-0.1902197176827773	-0.1341737599381766	
-0.06449420867628587	0.10526673791192903	-0.01801977747934759	-0.014855943559076799	-0.07208148030149739	
-0.0025912611289296925	-0.09874112323169729	-0.1682822113107329	0.019813924393902647	-0.01952397326146179	
0.0021683373964524744	0.052359003735741545	-0.08004484554863957	-0.03366028180649256	0.02134820828379087	
-0.03951535846412395	0.1387777597842249	-0.11748076259237551	0.00869376816049767	-0.1818481943504451	
-0.1641636163118022	-0.09506965833569167	-0.09784023894587027	-0.08158174721752172	-0.09198263899929536	
-0.022037287328370153	0.04793033762879996	-0.04986546001377779	0.019224459970663705	-0.06582536542772638	
-0.032930618177692286	-0.016629920390948152	-0.11658368246796641	-0.0822311760172204	-0.04247568934906743	
0.18077539819401275	-0.08873526100772747	0.170641638915911	0.15377146249597295	0.2684811558833266	
-0.1348070642687626	-0.09155008841203231	-0.1088467204720501	0.0216717056319904	-0.19151958739440086	
-0.23106869293529791	-0.009283564122657456	-0.22337443472371607	-0.10213757278169881	-0.16933924263865024	
0.11394172934983526	-0.08399091692390388	0.1438474946012079	0.08090261922310236	0.0977252268504256	
0.028909613942941316	-0.09973787484265481	-0.04512764407522584	-0.0784901193589831	-0.05971372373903495	
0.06194316236172323	0.08003804317824863	0.06864782980961326	0.005327829940505393	-0.01467486081975714	
-0.05802372458004063	0.03609493043089842	-0.021988608035076542	0.12669714470351787	-0.039756427423848384	
-0.06510264547267623	0.006159058883531911	-0.004907131784226382	-0.034030951451954165	-0.08804671559853892	
-0.03811037452593609	-0.04338179778553352	0.05362312465007223	0.06970369643736905	-0.07187501542982917	
-0.1007262290917968	0.014206507170551509	0.04675222529728337	-0.11435911483991959	0.047434424111805505	
-0.08640948652840405	0.10205788074216451	-0.11144065577443663	-0.14562301217990495	-0.210077618589078	
-0.12981560277591733	0.08284088519969088	-0.0625304621353349	-0.035054763162843255	-0.12756075833552646	
-0.14962329312225314	-0.07830717976881155	-0.10247226436008924	-0.06013299793850923	-0.21627094405268804	
-0.09240087282124056	-0.05323936357741896	-0.08094734694679638	-0.1460198285488741	-0.1402561095368168	
-0.0858690735868127	0.09059850870907354	-0.14284932941854867	-0.15253851061928406	0.00527621378509252	
0.08579785839862833	0.05275216621921744	0.16790332722490178	-0.06664610693854421	0.04309355424756464	
-0.007406145972958622	-0.12601997007669496	0.03247339328812712	-0.04296038163970075	-0.057992004158065394	
0.03966164282822693	0.04464055856173818	-0.06297352252711647	-0.025962909295783165	-0.05326798049085404	
0.018715527574767552	0.10751815611281301	-0.06064154536352863	-0.10516742347839377	0.015408825449935585	
0.023420642045391876	0.1153827113814994	0.1479950809677674	0.042257856053085	-0.004811952882732065	
0.300529445915526	-0.1159242229260658	0.20429693515970845	0.1554919118625715	0.21309437320272498	
0.0036435464121551166	-0.10427410647987938	-0.007733827310700562	0.0722596421678049	0.10947049653414619	
-0.08039131271102197	0.060591680219275974	0.03500465270090297	0.02353427750426306	-0.02249171501896835	
0.10585728948199138	0.042951126076706196	0.25658484640926166	0.10412267490580576	0.21892061167187302	
-0.11998005827124425	0.04902271320021944	-0.08078099246019957	-0.019220260334402762	-0.04909855209582668	
-0.073924411028777	0.13677353670393042	0.015368576342953594	0.05221443003176848	0.026955832227033693	
-0.0385776614183592	-0.21777998637288581	-0.08003630926068041	0.04139117518711663	-0.08019471529449552	
-0.18037419508883704	-0.16876288274868786	-0.16649033394024892	-0.22204705040982692	-0.14209368717399673	
-0.03815386468212725	0.027756977556412803	-0.0372097734519722	0.09324359368907457	-0.013291053916093736	
-0.10452905370423489	-0.03587335523580421	-0.19679642075764484	-0.06497088123697045	-0.21649872754879057	
-0.16348627980211075	0.05655754618506204	-0.35486015019456074	-0.07644892071515631	-0.3170088419563366	
-0.12998999897558652	0.09498590058209225	-0.19512229260309885	-0.05998314253101377	-0.13353920732033497	
-0.12568798637479087	0.07687996990529677	-0.3221253486934778	-0.07718441409972263	-0.15052405956354997	
-0.045842851424815284	0.017558416932120503	-0.05730956111476126	-0.04149702290424625	-0.13393522121865475	
0.1010217883425636	-0.039085188083776486	0.07515128820507003	0.03021061481284163	0.1121664343549952	
0.00638725129117305	-0.03615346031774624	0.2357500069968464	0.06432994750336946	0.07428313514887316	
0.02480929200283709	-0.18337322016423172	0.13626074883570877	0.07425575452497817	-0.019955148298950714	
-0.046754389604015255	-0.0166512906600009	0.045132317115328766	-0.05229940833054312	-0.015107885930984062	
-0.0058740830911857824	0.1489807897113009	-0.02318629303745753	-0.01379672299961982	0.02096347303605989	
-0.13808103732347762	0.07700114768200363	-0.13397889227134474	-0.05358162785432449	-0.061140056636752434	
0.09493618784800509	-0.016980251924468642	0.07618583048807129	0.09110877755087805	-0.025429839677152833	
-0.08537395502854106	-0.000560052549129348	0.02945036310546155	0.027150479094906223	-0.02584852138038383	
0.0533362444486414	0.06623098827713692	-0.04812551953655828	0.06653057682907786	0.10388200952149382	
0.16245111483178878	-0.1381837161503726	0.23767370077048808	0.06491586347197274	0.19788598121010645	
0.10860589473088256	0.0014456089260319069	0.13558011418510338	0.1133348250893406	0.000323739185017777	
0.09528608592601025	-0.10944846400020085	-0.0757470770493496	0.10234872760336498	-0.12870085576805118	
0.14912218829307713	0.0020609363031519868	0.06427443549754636	0.01088246744323064	0.11419626539454977	
-0.22787604471858533	0.0007637933979365147	-0.21769424043300994	-0.08341653046861579	-0.26618749434121886	
-0.010008367806984535	0.06975686544669321	-0.06200285129027189	-0.0481698483839293	-0.0888363536614344	
0.025895629503469606	0.04214052499282173	0.04816518434444333	-0.011383833736030783	-0.015574776659758203	
-0.18917376547755663	0.0034221876049817914	-0.11722844710516611	0.01128683760718787	-0.07506849371290034	
-0.08716640289238661	-0.02908869704668571	-0.11313500345643626	-0.06819008008746634	-0.11625279126945955	
-0.1350977053659228	0.04172505623084234	-0.1557024599069658	-0.09752086247326786	-0.16902643436474998	
0.10342254700371283	0.0582080770469072	0.09573776384102571	0.1681936532007025	0.12709857893386403	
-0.05009005090729746	0.015708111420598227	-0.010840023883098411	-0.05525451440563525	0.06929379352079507	
-0.09425305080403651	0.006557424672569524	-0.17497263833545135	-0.015662439052558416	-0.14120549010955374	
0.19283071593588053	-0.10050239554874868	0.14466095168308157	0.07682760903246703	0.17801142244240317	
0.07194488113794337	-0.10673599438322463	0.018180324793853817	0.0840229556690206	-0.0031370292917405657	
0.07643277721583873	-0.18097684586903334	0.013399562473322026	0.056580303341968	-0.0712802526976745	
-0.22201581551600397	-0.12444300078443027	-0.031369328297608	-0.08143222205748978	-0.06310677846583554	
-0.12641005641784103	-0.18126661950230757	-0.1312805653044489	0.03361696332064741	-0.013195962610860704	
0.02227975221591944	-0.07970108091404492	0.01964687542151462	-0.05881024620655622	-0.03250676556073257	
-0.242649826528504	-0.09770424529683051	-0.333357450456576	-0.11541756185770123	-0.17941318413661742	
-0.14265401204764644	-0.042149688873047125	-0.24983613902905555	-0.1705975346257276	-0.16869276696634558	
0.058561350860191284	-0.18712381092603902	-0.014098708402680142	0.01016874278800376	-0.010102989518218626	
-0.14116366462227323	-0.16288499431046283	-0.13634709656610275	0.07448895963197526	-0.043828286863061665	
-0.1921469366698038	0.2273046959720468	-0.2870649300409116	-0.1736968969260475	-0.2536573151941391	
0.0917752011790499	0.14227537911873434	0.024114054384958613	-0.0949925175773477	0.004412243093575659	
-0.960497850403596	0.3932779605510815	-1.1378449093989669	-0.8361439309269332	-1.120347071663027	
0.042843739212220074	0.057148249434448614	-0.0032632560350301753	0.01736543815243572	0.08936056883748826	
-0.042661382951011684	0.21051159944527592	-0.09089000351937343	-0.18952107598029783	-0.06415160156835684	
-0.32684165516641367	-0.09340923393257043	-0.27417445182759465	-0.2276575320809412	-0.22301244487240224	
-0.15049364093462614	-0.14883065584191116	-0.121938037714821	0.033383003564024454	0.008486407490248152	
0.16635197595473092	-0.21381840261499577	0.30728096315797104	0.13734506710304803	0.3207633892695863	
0.05583420193450587	0.047926681055663015	-0.0793071311462476	0.04814186165580699	0.0032934552147274344	
-0.4756279720102113	0.2740593777939543	-0.5838340023823068	-0.3529198653468652	-0.45697077063382935	
-0.01343889627950244	0.15968219788663288	0.021275941332773506	0.04972856238460841	-0.025078716414440483	
0.01673214464650938	0.18264067386266503	0.008667692910207673	0.11902915454629796	0.10482395470370859	
-1.4929203336405255	1.297196599994634	-1.782104910077686	-1.1520938319497311	-1.7117829764307588	
1.390114178930908	
