TESTRUNID EPOCH: 64 L_PCC: 0.8723241867952767 L_ERR: 0.007596966380326719 T_PCC: 0.8041991340307222 T_ERR: 0.011242037969010986
180 LAYER: 1
5 LAYER: 2
1 LAYER: 3
64 :ILEARN
0.12228867643439777	-0.0443616089274544	0.06554010983177681	0.030725929469682337	0.05423866964918948	
-0.08962449858114613	-0.1460482095190507	-0.2043154480788699	-0.17985886092498216	-0.27226668041430757	
0.12999950304007576	-0.019728637901648624	-0.013861085268825431	0.12646216626156978	-0.08214863948770454	
0.4167990730318304	-0.13932118245504257	0.3112486735292937	0.13804563704921585	0.22930071162082855	
-0.08554907777888685	0.09369396099182978	-0.12248657031407384	-0.02003938116939661	-0.019278071974047427	
0.16782512056346732	-0.11208857774093416	-0.09518443045567561	-0.06520061912802065	0.029895833483862287	
0.12168619068003564	-0.013850900153566038	0.20942172719395757	0.05510096004979107	0.13359634595252387	
-0.18578617845925532	0.10552724779912932	-0.3020263924762955	-0.29591955776528267	-0.2301010852131818	
0.12684314950518627	0.059650552004120574	-0.1278226749654935	0.0032142031995091875	-0.2170347268866568	
-0.3103012113020505	0.11175094642475433	-0.21659849571241602	-0.06908579638205739	-0.12744974352013594	
-0.17744386023572054	-0.09047259621831667	-0.007921138087353435	0.039714630869084264	0.08471651968371632	
-0.45097326468865745	0.16163735720311706	-0.621039228960262	-0.3528163250442487	-0.4983478963987882	
-0.2742184960693223	-0.01923849754322022	-0.07892229741770297	-0.07853869645672762	-0.19818252591565422	
-0.17355925999197386	0.12929442076771977	-0.1333663414487495	0.016447157381613915	-0.06784179602032235	
0.269711427772794	-0.15744411472433684	0.06458269138786667	0.17440724033073957	0.12646489438693603	
-0.0645758359199079	0.09314781906175508	-0.08798827338395704	-0.043941508943153455	-0.13215881974857302	
0.012882514269238015	0.023879931889310174	-0.03666406061882449	-0.11972348826301887	-0.2530150234592022	
0.11614570323893039	-0.05928156111087192	0.07078203896357217	0.08121445251994532	0.07792868622419821	
0.04903537481364515	0.04048872450883197	0.1157567756129872	0.14207249140553102	0.14351878773143975	
-0.2002900520697877	0.04274781438965686	0.0028156943435989363	-0.04514338878497402	0.079761824391273	
-0.05105369175667786	-0.06518865332046497	0.0638779784515013	0.036155438890091526	0.13524630201395277	
0.23254786602998784	-0.20913117981288426	0.2331717985272548	0.18158864604012806	0.26882345686680986	
0.02511980059997886	-0.18976923570219087	0.07355076284741631	0.1366073904876956	-0.05486795561392976	
-0.002573508809607602	0.027905850195433023	-0.08903098559310448	0.017099608796041405	-0.16898023907810794	
0.02348488177093525	-0.23531743450218345	-0.0041381965307164485	0.07010380302687792	0.20844033199443457	
-0.0753944878217543	0.07924959626183675	-0.19324599684677535	-0.17490752997114392	-0.29841250613663184	
0.0858289602818335	0.05423642091087552	-0.0002736288211554408	-0.04845405795770742	0.06057290654152779	
-0.06746794667687821	0.0035496433642026263	-0.13821153550496337	0.09176176366687742	0.01907405046638288	
0.2252213763341987	-0.15803308785299777	0.049310616530677524	0.027302231876085964	-0.002055851211006392	
-0.29588688696336923	-0.04666869623743221	-0.1208278663642586	-0.10970789929207644	-0.2596041211718355	
-0.39389348633179555	0.1823589169436715	-0.3449531547695954	-0.34906060754813384	-0.44812262180321993	
0.1358202169433054	-0.10586049315932125	0.008691964663464485	0.158284661901895	0.10946584195570108	
-0.24308821273513936	0.030461528432485584	-0.29315390137048725	-0.12062558452108954	-0.4369466081722165	
-0.17602689454290174	-0.020291745625790957	0.014224762448344606	-0.09140537971848443	-0.06910975384969413	
0.015333541434816413	0.05849261336916577	0.0220731711328547	0.051576431694427036	0.08259266737002001	
-0.37459040840735497	0.2270264693922826	-0.6417389133587184	-0.3740362892238139	-0.47453599698041016	
-0.28118446453323537	-0.006029100475887841	-0.32393235940033854	-0.26491323251049426	-0.3586387150866811	
0.05963536533797481	-0.09736011858569929	0.013145269084316603	-0.020209320320150565	0.013933516946308537	
0.07785919318345806	-0.13604761759364736	0.26500007965516104	0.11421337567951194	0.19829600223752689	
-0.12889111521050733	-0.09998150766812468	-0.1957336962854846	-0.06703806105856949	-0.02699287818225452	
-0.19777100039939235	0.1767667272868545	-0.37890242226027526	-0.23175042811054522	-0.3926320809952542	
-0.050791893515558295	0.03433362996569322	-0.10994928204121097	0.0017237364404498376	-0.10215419665269031	
-0.18622437006163348	0.1270179680358065	-0.3162511936753739	-0.29256510873397357	-0.43963435110457644	
0.03260039054221544	-0.05882195582058877	0.14935670735379622	0.014055851200432767	-0.1846920153153105	
-0.14988295883288538	-0.1431594879506729	-0.1431550039021759	0.1148308653637095	-0.08118652211655	
0.1437824211121743	0.011724629616160732	0.11270098504067719	0.07421726040400983	0.04957932966055244	
0.1770143992351716	-0.08637951536173769	0.33566397161747474	0.04964851904392222	0.08718865926461086	
0.037238368396032916	-0.17283020359839804	-0.1930559360681298	-0.1014780223803798	-0.019259727123501026	
-0.004818910422472624	0.03366405822022192	-0.021284341045857556	-0.06085188808624192	0.021528534771399457	
0.029821341606290627	-0.11639236633244655	-0.007905454670068635	0.08382033998295016	0.14192827521663945	
-0.27150281547052896	0.22808485471490234	-0.21636823358059176	0.019447440718582364	-0.10339739795181982	
0.04372831488861698	0.06202212770591007	-0.06577759233481072	-0.11845274938215865	-0.13640880039831355	
-0.16448691096774062	0.1745154528322596	-0.2583093405303868	-0.10980091212632845	-0.15232796799611462	
-0.2978818072429327	0.05581765049285774	-0.2744849324631773	-0.08091485849530068	-0.14811841463890668	
-0.048389117777536156	-0.0077692962170869935	-0.12652252909022577	-0.10104062732944452	0.1163495475732875	
-0.04561148450164282	-0.061761250119555376	-0.13636232175607155	-0.08988736668654118	-0.06725092584582751	
0.21548096073401177	-0.055734165035734	0.23212847921018925	0.060259481997935856	0.08244675375330912	
-0.019791145267234876	-0.12615100947821156	-0.04444035034586241	0.02727932818127104	0.04499207279509158	
-0.3479883444759563	0.1595272254444084	-0.4592963868031076	-0.22781793338059075	-0.362201743150417	
0.05194818052998762	-0.15776431831553805	0.10041468683514923	0.2504792227092364	0.12859537029262114	
-0.11654908682693632	0.14537036693510857	-0.21750930609210947	-0.13657443174516143	-0.24724324507662895	
0.03287749891034311	-0.05200522619662517	-0.2593304756623814	-0.0527442148853947	-0.18966517366481725	
0.12866247296063332	0.03381597286500526	-0.1228920923402356	-0.06714720765458314	-0.15515985401458024	
0.20203664480160502	-0.08409977150819435	-0.009345281259251612	0.056075893370440374	0.07590465061629133	
-0.04572407926416795	0.036231576752070976	-0.05105700074502935	-0.011601429462598876	0.047998816593055015	
0.04992479833862531	-0.08260704071401906	-0.057753154421910445	-0.006377095611143409	0.008323645532363961	
0.030159287055603338	0.02278302166114204	-0.1311704731829133	0.03988444192639572	0.014548079050710264	
-0.11725411642139233	-0.08038204416083394	-0.030661422169518286	0.0222741026710111	-0.042615520725084254	
0.09280528063814293	0.07108629125511708	-0.059660207283963304	-0.008398666317640255	-0.1791906740799245	
-0.0732123021315291	-0.030507976374562013	0.11087028846909566	0.07545434491179118	-0.08991532102788982	
-0.11061291136333919	0.05597679557912512	-0.09156797815712119	-0.09887749885557243	-0.04883555613628259	
0.01021405455784248	0.08210028516166804	-0.11304282038082726	0.022915778431198318	0.042889676617090255	
-0.12703758418360417	-0.1169524785899464	0.08947773195730144	-0.005124323816319839	0.081889129905809	
-0.14407934310934628	0.1429201960172119	-0.07502742741686039	-0.05064615822053697	-0.08205540213719942	
-0.07401601582185421	-0.06866630518196526	-0.1659455374792636	0.06058501466731149	-0.026907465265247555	
3.636503835291732e-06	0.04148640093961307	-0.03710849626548815	0.07848189797309947	-0.05625073487188876	
-0.0015940958048729352	-0.008501030087843453	0.03730110612605304	-0.030335354742754454	-0.06585727924089461	
-0.01444717499007515	-0.01769712564893437	-0.032377710448103246	-0.1215355454883295	0.09269187950208155	
-0.032748598205062276	0.0035023259728411095	-0.0002110480601780015	-0.06642549285107739	0.12860501650006584	
0.023270966694428408	-0.11312829996788207	0.12880985566399378	0.03329505939991731	0.0070807964510682855	
0.2453587738602489	-0.09287868907866614	0.10775777586715626	0.08995636731320528	0.06713174310492695	
3.08464373196837e-05	-0.035050544552158634	-0.23362117446066663	-0.11450137268932735	-0.07991959476944817	
0.10026587483442227	-0.002539169192675427	0.22338978257673212	0.05736189339493651	0.15528043427865376	
0.23471026391020822	-0.04416872580753829	0.20451807265367442	0.13168129410173082	0.19699145041180544	
-0.06323608131411204	-0.16092182161985058	-0.039781959101413154	-0.07490689704469498	-0.00039229455997738625	
-0.020096876907232348	-0.13623607127324744	0.004136105513667104	-0.0039724068662576	0.0704717743802033	
0.1682311402357465	-0.06704789697846558	0.09662671645307919	0.08561181354020063	0.21846429182637017	
0.05021555192520378	-0.014998338152422866	0.012690788590581974	0.050148055373705765	-0.009743407218624454	
-0.20695518848568992	0.04487500348059704	-0.31813549285708026	-0.26883463125013407	-0.15956334732397956	
0.05952037038538099	0.022732152434278466	0.05927319501837341	-0.03730316537387249	-0.09750437755006607	
-0.023976546461304354	-0.037834755981193825	0.0856728086076497	0.18982113508964285	0.10869085605706744	
0.15412500225973	0.007835396684752756	0.00872745030850151	0.04222922368179064	0.05408922914476696	
-0.06268134268079795	0.038073954867140936	-0.08974772504125805	0.015264105991775892	0.10211583054038853	
0.09182475544956069	-0.03588695322467499	0.18232625715791556	0.25904808894336073	0.25158602645417644	
0.015284006443636202	-0.08653100953973096	-0.17046874343477889	-0.09391115251976803	-0.06934911674346893	
-0.15489301372572323	0.07738112582356185	0.017923915563383182	-0.23265830930382306	-0.11521617627836062	
0.0016150223383014021	0.05966152910929405	0.020600332353949324	-0.0322511359348885	-0.05464742664247393	
-0.058479995908716643	-0.0976841164753887	-0.2671463503861145	0.010997909260223423	-0.11527478885003506	
0.04240980709591224	-0.005957136029514869	0.09253010793118148	0.06998609680202134	0.09502680947777745	
-0.03855075761683084	0.11939977335712404	-0.0741534338509313	0.0062293022907190555	-0.21512433433037814	
-0.17804826353648748	-0.028964463092027437	-0.13828511905295637	-0.07594556208471813	-0.08057193653990592	
-0.04350719281962567	0.1394104097574595	-0.12865383512126807	-0.056137030794614275	-0.16109681468020334	
-0.10056767481267595	0.03104397096471719	-0.07617665140802579	-0.11645084995133645	-0.05205628420746932	
0.1296143651911989	-0.05662068436768367	0.08848556671002562	0.11925184023730293	0.2848430236887005	
-0.15441053792470624	-0.12654263384991796	-0.04335778230746798	0.08817661902160007	-0.18335583306981285	
-0.08587923829779175	-0.026046895442727768	-0.14367945218372405	-0.027866661165979884	-0.0015640113793419174	
0.16156661818397103	-0.07020229826722786	0.1134859677135194	0.09008026866926361	0.16377041216099636	
0.055838538115897035	-0.08670476325923827	0.030562996728017693	-0.07596760091714397	-0.015836556573404475	
0.0822825884191705	0.09758674333220665	0.027393912751575548	-0.021468394239514157	-0.017824300657304823	
-0.08849559315526428	0.020135110320768625	0.022327222763314305	0.1656780640496531	0.05613683668591558	
-0.08384628406058324	-0.028559442705669288	-0.09534826153460833	-0.04270100278180625	-0.08088669201954794	
0.10346811012930025	-0.03493533146462079	0.1579506359028739	0.15402074958311487	0.07565970860280498	
-0.15725016016768692	0.042411159149352555	-0.06345363250603193	-0.1575594685949586	0.025167882224225887	
-0.04454708651354263	0.022779192155633985	-0.22311244557784607	-0.14961280643519168	-0.3135859896761512	
-0.03762745530686526	0.07795478239944481	-0.10262366837790571	0.028437123946565335	-0.07184608342969845	
-0.09606329127121184	-0.07036505782225552	-0.09822173808850437	-0.006315883128510799	-0.1867252666568684	
-0.14480599660734833	-0.03197683288133983	-0.14048153959939375	-0.14640322445337875	-0.18342561575021285	
0.061767149872753446	-0.002263983843195661	-0.1436863848732747	-0.10163540728619275	-0.01091637930128559	
0.2736419056726302	-0.04748928299086488	0.24399276081858837	0.039164263513911265	0.10579303795396361	
-0.03880897772536118	-0.13046991860096155	0.08735617707413694	0.0030818421246633456	0.027643560356790615	
0.022160125091761917	0.055438013493813255	-0.11725296407966365	-0.029284308894976803	-0.0319614717353419	
0.032407266537036857	0.1193082927760014	0.08154122733335	-0.059416929536132056	0.0758147302296953	
0.06084485853198497	0.12721586596774992	0.1792069781831653	0.06843465217992815	0.045141902483057314	
0.20078626865891402	-0.07471501591210182	0.09043173226544599	0.1278884296830332	0.1672488472339907	
0.04423639541692789	-0.13201321468008814	0.005962419585246378	0.12191941183111601	0.17034377893909947	
-0.19242676286735919	0.1444549473084378	-0.026277024663095172	-0.024304169982999654	-0.07068501999094982	
0.10160396887295599	0.05799543360815022	0.27141845450007407	0.14930869509243613	0.27952453512058173	
-0.13669106525306798	0.06165514636311647	-0.19027690915227993	-0.06588672243430281	-0.14266667896187984	
-0.0860815242582017	0.1664773185533084	-0.02139081057654669	0.005157767430227725	-0.04175445991066088	
-0.06716468413779478	-0.20855000107049831	-0.15459896257788958	-0.03367655441804068	-0.11699605054223546	
-0.15998331140254718	-0.13725728238049137	-0.27302354767667447	-0.31371396114886685	-0.22939887115565297	
-0.0485813202867694	0.05332237488833401	0.05764020426979493	0.14950024218148436	0.05871616037157089	
0.04190324144139207	-0.08599054555766698	-0.1011512763494202	-0.04840022637546708	-0.11432932039333327	
0.020603216188010292	0.015619207014035276	-0.26290677834867965	-0.03825497060847859	-0.2523669140610602	
-0.11210870118676193	0.01938601005403935	-0.15042542877948958	0.04008537437153013	-0.020654552939334932	
-0.14085958492563377	0.07738230563028067	-0.3413103176684309	-0.041901403760476616	-0.06432521939007288	
-0.23770629081637137	0.09398167768968048	-0.277859415653268	-0.15153441947591625	-0.27898915736714325	
0.052134728457764776	-0.0028033695554366012	-0.0489892975431921	0.013601436978097606	0.06011290702262412	
-0.019401259764201654	0.005626207467246963	0.1601941809194347	-0.0068151447604060484	-0.009189955059797748	
-0.027998917914127595	-0.18821564486022413	0.05860273006219687	0.021032698087899166	-0.02371112045074309	
0.07924595533991707	-0.08351487847800658	0.2079212882706406	0.05085324828449007	0.11996495850810884	
-0.07700861785099504	0.19440140795583613	-0.13611695538670973	0.058133609964212254	0.1032732588038282	
-0.03325488688712984	0.09972541474445853	-0.1168999219913572	0.041398957887940895	0.0858525456604857	
0.1131237699766373	-0.04475267039025018	0.08451120413938609	0.052475763603801254	0.0016791600056027406	
-0.045904739318303286	0.0542020669090963	-0.012873871599207401	0.018927087939815398	-0.05865351731968117	
0.030004554159501897	0.08634858787573882	-0.07690056985976676	0.0918936879838091	0.14790684574214602	
0.13877265784721804	-0.1432895959472237	0.23237778461984893	0.07033992818974114	0.24780919526457254	
0.1466096607526265	0.0010671690271834278	0.08210664404743699	0.09982866851706748	-0.04378833243361912	
0.1766768438671663	-0.10628338615678008	-0.012597509026205423	0.21193671240519196	0.049727889801241904	
0.16544572248604617	-0.03686118538348206	0.07571599437628064	0.010768541004315206	0.04580364804801305	
-0.17930183962098598	-0.03620288075607676	-0.14916757431938055	-0.025824754329113984	-0.2841954977209246	
-0.058597006190824544	0.1428138519893576	-0.19971509096769588	-0.02411401907687447	-0.06686845874746053	
0.04283044553910481	0.02697221624162286	0.03283602674016993	0.012469758978295232	-0.08911131572417759	
-0.24573015735015574	0.0006091239110061466	-0.11908335319354364	0.03616892796735971	-0.015266143523635861	
-0.021551642592508694	-0.11800238169500926	-0.09496113144876149	-0.15380695863627047	-0.10104260104737188	
-0.18536780139169026	0.09755201151848283	-0.22107912351675554	-0.0956556760120204	-0.10861733835182652	
0.04925611267107992	0.07662802844209439	0.07223675123336999	0.19481699256730312	0.17812023775593852	
-0.1570839671219564	0.10333794933271288	-0.09673899237475515	-0.08042328912665633	0.03668992828106395	
-0.1174422266703936	0.026551958226732	-0.1753493300673425	0.015934668003473998	-0.03305074922122232	
0.17880192182790708	-0.12175659327708223	0.15341459708466335	0.06934821110917969	0.12399099776389001	
0.12201773641779427	-0.12567372366543933	0.0420171506925879	0.09050327352270675	0.007171830726982204	
0.18158145767458644	-0.20074438562692887	-0.029677822317338138	0.03621751260546898	-0.16220072677548258	
-0.16342220004391883	-0.1513059262710014	-0.032472052430823385	-0.0794002089802789	-0.044401918492271784	
-0.08203115224433195	-0.19600516244708685	-0.15940949691246695	0.020346449408216827	-0.015054152992401672	
0.04433412451455597	-0.08449075380056267	0.001587808290133248	-0.044399236371238784	-0.008013666873693088	
-0.1541793826374027	-0.1380677752814111	-0.25663371722864015	-0.1085437054532213	-0.1549876530252977	
-0.09636430461300334	-0.04453010408967436	-0.2824317666043441	-0.20187234395603385	-0.20739789920774598	
0.12388306503772316	-0.22080010699918587	0.005215849949502787	0.034208782648197274	0.04595831215329892	
-0.2635236021605488	-0.1644851985650984	-0.19284263426952447	0.07943026479721207	-0.054020001346833234	
-0.2476384924530216	0.28086849927759266	-0.30719855540131646	-0.1861249622776217	-0.26348765947405345	
0.06736458961535192	0.1738361506512516	0.0628142333293498	-0.06624185073289195	0.041044446142375485	
-0.8179165146544114	0.4387866549291659	-1.2456832671683196	-0.971456277471921	-1.249635756104552	
0.06196939023856688	0.039319489343939855	0.11997514837046745	0.09499855489277517	0.1962491083412582	
-0.15692011530039388	0.22808577969038865	-0.10253088878217392	-0.101711053442285	0.04157963603747502	
-0.2858009138041969	-0.08831989519024894	-0.31676190132294524	-0.25670789396283683	-0.2336978596886686	
-0.06826311215706253	-0.17854600216123964	-0.10672841621652027	0.0341998723250119	0.03234247709475267	
0.17943993127742386	-0.20239940500642645	0.2638290254078073	0.11348597658399383	0.28429107627240047	
-0.03618434082846282	0.01352694857139051	-0.07840709641031213	0.07662301448615999	0.09822132453922369	
-0.6800092678420119	0.3105408142041302	-0.6536067194632036	-0.31110471705565107	-0.39581670376929384	
-0.08910186635024352	0.2093405435366001	-0.022736863368555307	0.025924222423847388	-0.07058330463416883	
-0.00037191578171777797	0.18677688808460213	0.06897874803069975	0.11231400022827263	0.09151350848391729	
-1.5632712189417945	1.4141119279582532	-1.9487681991684604	-1.2478040097688352	-1.8148114672637594	
1.4781015412136702	
