TESTRUNID EPOCH: 51 L_PCC: 0.8448773691186033 L_ERR: 0.01226659614162803 T_PCC: 0.7269269802269204 T_ERR: 0.020227336789338544
180 LAYER: 1
5 LAYER: 2
1 LAYER: 3
51 :ILEARN
0.03833998421991486	-0.17822191335781937	0.1665957803880719	-0.04656689436373089	0.2963916701741858	
-0.042141577557923415	-0.23378675287940842	0.1510315490984023	-0.017177992448936457	0.27861560657780626	
-0.057097821636981856	0.1747325882556836	-0.18096771369684622	0.06336598867275797	-0.3536176726013266	
-0.006457119795615156	0.13688588817384906	-0.1548392174681892	-0.08779398022324778	-0.3844153376565781	
0.05793312159858007	0.23433640785802062	-0.16156939651315227	0.04365762150984579	-0.1132525017015708	
0.07403225776465545	-0.023899414019525233	-0.06613884507500734	-0.06698271473681594	0.05332175359423092	
-0.14772687922460814	0.47964184623069206	-0.2942211009878075	0.026940177064418782	-0.5963842022678589	
-0.016451410899872315	0.052818180587675366	0.02967922097635545	-0.0928194170737091	-0.023986796876422804	
0.0659729601619663	0.17616101555468566	-0.1916877427979981	0.05598571276204558	-0.2768095343387636	
0.011460006487273142	0.03267889490541536	-0.0030317334202675287	-0.043243840402475954	0.061396961527305983	
-0.08913564733331535	0.03853964031637467	-0.09820197396180477	-0.05273087105734728	-0.00016992783817082325	
-0.03844038565505023	-0.24669705288925373	0.2261895673233012	0.015411520142671765	0.46977513441101887	
-0.11406595498925536	0.300030564754382	-0.22245404696876175	-0.0035991274468463253	-0.44820817478078084	
-0.03146114183935404	0.208096972773794	-0.22217160400960634	0.0957064816860091	-0.1951012143123346	
0.14125840076331897	-0.25059706956098954	0.15053492722482084	0.06328413929931717	0.31573148158452435	
-0.06651127942745717	0.09507426890103536	-0.0018282207998626216	0.04623667194125312	0.02943507557721015	
0.027506077782378565	0.3851205506916416	-0.26252646306089594	-0.012910130135983699	-0.5228907690761763	
0.057505491086347435	0.22888652701581758	-0.11077480682242785	0.04807309238400416	-0.21210289558289158	
-0.10015590992241609	0.08318730617801634	-0.0235482493896088	0.012440827511195343	0.056386016696272884	
-0.02730557313675802	0.02999155694541385	0.075341241988571	-0.09785295076834784	0.17495162464559527	
-0.07244736117475839	0.22472455863337254	-0.13197815152066902	-0.027698098292594647	-0.23284538278314607	
0.02081319398402722	0.040743606153362706	-0.03656352361099154	0.03866170148838233	-0.0787393045079317	
-0.06969917495241312	-0.041241670485899114	0.03884568384070753	0.024268269217304773	-0.17519160049169227	
0.06298735696777753	0.06010069604180795	0.057082859350097215	0.029320676133369562	-0.11082367846721788	
-0.04570848794173051	-0.2706914435522366	0.09918391023458512	-0.046413601456321944	0.35267747126510235	
0.041630431438408694	-0.07186821990117069	0.17859812285877041	-0.08088380008011921	0.08238005290950158	
0.02486468262272715	0.1785390458004982	-0.0580696689686538	-0.09580181847718662	-0.0599900319093678	
-0.024260863139826176	-0.01395549246633233	0.037261305072394946	0.06090529053608846	0.1423017265194556	
0.04868425441645576	-0.14831393459065192	-0.0031501172451297676	-0.0776806950178561	0.006413317266189169	
-0.13621180676360503	0.15903411712972043	-0.1906615555074863	0.020275350715064335	-0.34928602863755015	
-0.07563006940253361	0.035847034215682846	0.08903739594540426	-0.04819166748729695	0.11537749041653265	
0.06035823340694688	-0.04115744430243649	0.000306836831942921	0.08754097844744123	0.03886867741832622	
-0.05213703508653428	0.011378188713502834	0.04362629970131578	0.0770534891898785	-0.011832416590646242	
-0.09721022160275243	0.014025742969962778	-0.08254558992861007	0.045006068960916024	-0.09075813138790562	
-0.019826300039519417	0.13710540099933255	-0.06316816590647929	-0.02747513828967972	-0.09290720761765554	
0.020892598429242324	0.19529583449560944	-0.20186087872450187	-0.09801456991549064	-0.26688478159064116	
-0.09288650393775935	0.5455465882268511	-0.5329707702176323	-0.07769931631763886	-0.8570617414905799	
0.06638233810023243	0.07433418953390215	-0.06547807231140063	0.0186336902733105	-0.08516114451254	
-0.04195167876594573	-0.05008574789419195	0.019821628653232514	0.06349811545563962	0.03333933449565342	
0.004472233801424238	0.24475137887173068	-0.41205643895534017	0.03075137536939548	-0.35208278593622083	
0.058273654084960505	0.2571404595571574	-0.15719673411206847	0.03801678381661657	-0.3750470363545662	
0.02720268005762621	0.010432661244289964	0.05840141281543906	0.09174704649123519	0.1183319641116761	
-0.03182551297319589	0.29547133654484464	-0.20735426451476072	-0.054771033970235646	-0.2592012249779926	
0.04532938039847353	-0.1634582247878833	0.16500851605175396	0.0780776461993882	0.03080250870343393	
-0.0718224270374779	-0.019300952503590502	-0.2006346700118663	0.05302569515261824	-0.10955896415325897	
0.1136651233256447	0.048559906395371645	0.09208250045792918	0.08073923739461497	0.023008310052275428	
0.02050397942068367	0.014741822755676306	0.07265527840880484	-0.032201882557669724	-0.012477466788086313	
0.05223559774322523	-0.09150836030253455	0.017733285528128737	-0.007868464114260273	0.037943893064139415	
-0.012245168319525292	0.05918108883456273	0.04415207590428177	-0.06391917104567077	0.04938241712891618	
-0.022269975631274253	0.06630044253059249	-0.16773681191447762	0.0350211937515047	-0.09012188985515339	
-0.09041485735869188	-0.0634342424207273	0.11701578295629779	0.07834046004192516	0.2661610006484435	
0.08300457919847612	0.0832385756001713	0.01846188286292071	-0.029111688141932792	-0.03349322518519779	
0.0422520800008103	0.12743069260763187	0.02329706021465959	0.037620962727172406	0.02134385701596034	
-0.10485425066362568	0.3359545229304111	-0.28978022595217	-0.030769084095067203	-0.3248074803910531	
-0.0026150089712264546	0.07155512513302661	-0.06387403410631727	-0.00029281377484482904	-0.06846416722642217	
0.01248189298297875	0.1211098220775316	-0.17354966731617233	-0.02474221302807277	-0.12673338245457155	
0.048439571506412975	0.19798240258432162	-0.08741296175157923	-0.04395953160182629	-0.15368039313122606	
0.0754076695927997	0.06489584273111305	0.007209449495757162	0.006959491462416439	-0.03006226591882458	
-0.04275628207401392	0.2419796093360294	-0.17505025313854633	-0.01665389191159043	-0.28561785555858143	
-0.13058715952361052	0.10721474604773029	-0.24399840861011307	0.09352376779464024	-0.250122853470985	
0.07712668943923441	0.09456971869465361	-0.009885334775381073	0.014556321610043924	-0.08543030299850232	
0.0016281022518926862	-0.025269618231055946	0.0029629175266684925	0.022413732613239697	0.004256776789163651	
0.07682411583434598	0.07418328138111197	-0.07528278946665543	-0.07803142076867728	-0.02661633355263643	
-0.0064604249184575645	-0.00604680797238504	-0.05446110423313394	-0.05444878985644191	0.13882684763762645	
-0.0032658865711035004	0.05559120863604028	-0.1252100170626242	-0.08197631685967696	-0.004179321810263304	
0.0020987776374748	-0.07005358920551627	0.07100071575431259	0.012700823033693109	0.01378296988256195	
-0.08063890614788588	0.07852826155771728	-0.07090688817119827	0.0077729139282064034	-0.03825958841726691	
-0.07733915804305012	0.03955749088969544	-0.06996343871879017	0.07254019941623094	-0.12230505127916444	
0.06973895781883846	0.042649302844789475	0.09011690466883564	0.0665177429020795	-0.02510870763503229	
0.051793111933366665	0.03912879949206059	0.08415593231088932	0.06100026399349879	0.04077823160374153	
0.07244821582776383	0.07466319907014939	-0.012816729870986804	-0.04799340050281981	0.0655167371172187	
-0.010169119940840727	-0.045839078572313785	0.12713124027170644	0.05441668797817035	0.25347918510357975	
-0.03461297195337769	0.01219279445252185	0.06316330918150488	0.012817469148164378	0.046768966420787525	
0.010727633355593272	0.1900989616349105	-0.07363967827815439	0.00607387206375568	-0.1783858117061121	
-0.01379627173532147	-0.15812786601434142	-0.10664242781423879	0.045115258183680236	-0.1908386769834064	
-0.032686526197433695	0.08981138476603051	-0.02784152189988059	0.036517686512484444	-0.09379330603395329	
0.0020328295962089345	-0.11334078446968265	0.1935936054822694	-0.06769138688838135	0.12708035857699568	
-0.03320560667176732	0.0633601972085257	0.0066351051998191895	-0.08815018213128122	-0.0520300951917364	
-0.06673167392132054	0.047352619937389054	-0.008568942511453065	-0.09745734011503893	0.07917038450344634	
0.08874915404800582	-0.023468522833507907	0.10855250875301141	0.003853403374465491	0.14046603405656205	
0.10464464309319992	-0.05155822690684159	-0.05877287260621214	0.038527117695445964	0.048133976165486654	
0.09926587460056308	0.04787592029596183	-0.146905206089639	-0.07203306919377014	-0.17574285049697538	
-0.0827592020799896	0.08691770705302705	-0.02059036008840992	0.039348404930273743	-0.13039040477445366	
-0.006755765594979163	0.003624635084320103	0.023592429010128438	0.06289917093235754	0.1356964231884749	
-0.0344270381682873	-0.16382598059256182	-0.033171461922177826	-0.08919648897674982	0.03875667903819094	
-0.049478592174302984	-0.11254383729428176	0.08037584186385985	-0.010674160109369203	0.059997148479213974	
0.017499443636419455	-0.034158759660678634	0.011038582536991234	0.005975340260857919	0.11134397598510977	
0.0020005314477713086	0.022510893482874772	-0.04509773496660856	0.048455511666310555	-0.03099556322902931	
0.026777985827450293	-0.0017916090979067495	-0.01578925957307596	-0.09390242098594861	-0.0011486473849240543	
0.05622106354022751	0.11543571134245037	-0.03680563769984508	-0.07412073129103317	-0.14633729332286516	
-0.06255338092658488	-0.06353648213449298	0.1295869222570902	0.08878227084283918	0.2603989827362046	
0.10039523042821091	-0.09226132657063554	0.1322070735830289	-0.05110246481908753	0.06812097323164645	
-0.09767711775098513	0.1488091466283787	-0.17433322570211018	-0.04299085410841314	-0.012629653735327899	
-0.07580436986965276	0.25167460369724765	-0.14402428893027375	0.0013827633714587526	-0.13135758480386714	
0.1255557888496274	-0.0548290560419695	0.043881861631127596	0.008472693872452981	0.10746489743274755	
-0.10043827459727532	0.11369070283291485	0.0119660613433409	-0.09158981082976292	-0.15930190607789174	
-0.027474244002249456	-0.023607454151651018	0.07281525787661006	0.031831931925137315	0.09439816276151237	
0.04402219183484561	-0.08665742451832353	-0.00992974104133727	0.009831831712634331	0.0766034148838756	
-0.012166761132646283	0.10950984418368892	0.0017144100675082923	-0.06036869404850561	0.009684352219959566	
0.06254557599142026	0.14669821764750288	-0.05918598743676368	0.08370965252147833	-0.15031113234518925	
-0.09328988173330112	0.04829634810863904	-0.17166559631301617	-0.059870412765653885	-0.1998813834873454	
-0.011872302371576857	0.11246876680691134	-0.02650916352917509	0.04312954990146824	0.024077605323359508	
-0.008824936017362848	0.07408756352195887	-0.12766579575996798	-0.05212885789165337	-0.07339782654674964	
-0.010130375927659174	0.11068152810554244	-0.07201167047204368	0.0133053635698923	-0.007976993674626042	
0.0869249683520699	-0.0650367867897664	0.07378660421445067	0.07482844478197088	-0.04264589464947944	
-0.08729408647248206	-0.047542838728579326	-0.09080229744158991	-0.006484784773832381	-0.020712099543589074	
0.09862516861987139	0.0005844808047513827	0.07798089276428906	0.05499402389097603	0.01612509202133509	
0.060755553262691206	-0.08747246469146475	0.1170455654778159	-0.09862235382396017	0.12101164079786934	
-0.022624291223261525	0.19399288608045342	-0.10819484209027887	0.00657005614335028	-0.21617260176699457	
-0.0996654350946096	0.1359535705890645	-0.1853910933048492	0.09782197516186565	-0.13219688675977512	
-0.018889651733153705	-0.0538003593912867	0.013722196918638626	-0.013310538843946616	0.008762815638799196	
-0.037977511294048916	0.07026468603864454	0.04065486196363038	0.05496962666774928	-0.07733509509755368	
-0.08179920291109456	-0.06297297022736435	0.023166421270498266	-0.09675705891998257	0.15712842639100175	
0.027400841145274215	0.09943773878254684	-0.052290202145746645	0.04118401288080171	-0.25552800069626247	
0.013576596610243342	0.0064753046782637285	0.10404518456423101	0.02199210511980143	0.06418785869526485	
-0.006994625533360324	-0.02359053190784611	-0.00650551062645824	0.028773732617367407	-0.1440828692226716	
0.03797959900208334	0.04865219922101151	-0.06220154253811755	-0.044830311664608026	-0.14998638638056822	
0.015009180551767374	0.0579295012654394	-0.01113466012777953	-0.04639801336703718	0.09223076869838602	
-0.019510167600795648	-0.071929393711415	0.18569558371519695	-0.052957122663582476	0.16104060682304064	
-0.059958667299053026	-0.02212641828087955	-0.1313222699132787	-0.09714729711046981	-0.1240083705783548	
0.04427648181055124	0.05238123989431404	-0.07070533852024012	-0.05522783777748142	-0.028341386506234308	
0.12602641892382027	-0.07616248932230732	0.09432459178125914	-0.04220629551496216	0.14824557020164278	
0.012554551997902903	-0.014865944626055245	0.15973163236129523	-0.009337691348192382	0.08220269454205713	
0.07824172020834305	0.1300042529245382	-0.2043427421934705	-0.005061124487798399	-0.2171869373279598	
-0.08115535096300895	0.005666425091818	-0.2162414637108689	0.01672009914685598	-0.17257905850635288	
-0.04040213189395873	0.0163234266650487	0.056273938355617656	0.034425931879144514	0.013213260389074947	
-0.04579465417257146	0.15920857542479128	-0.002144618846667145	-0.007985022159997164	-0.08499427866761373	
-0.04797918835737886	0.012439559773196855	0.047712382609919106	-0.023644850338287553	0.11165387160274858	
-0.05515218879031935	0.01329593161716039	0.010335670430654163	0.011866003429705072	0.04546905640534659	
-0.07591301762609785	-0.04008230513320702	-0.08611731667632001	0.0039868019643889635	0.03579362234016414	
-0.012189358985487703	-0.19008784924584793	0.1408664393989898	-0.08010228610639791	0.31487212556294697	
-0.01231986586255105	-0.22964092376031114	0.11329153215280637	0.047082639698093315	0.2080575059525547	
-0.010773021389972739	0.19192925691129362	-0.18257405442000027	0.02483468554527564	-0.18024550498886815	
0.035165500177422	0.1590779267147273	-0.1802733633560131	0.07198141971344195	-0.27375324964972664	
0.07746831407218326	0.09807973994575274	-0.03345179675592961	0.057092843047937984	0.04744125971643031	
0.06959515034727669	0.18155369129096083	-0.29946397413036147	0.09563360300022734	-0.26700315663070695	
0.04096605327728272	0.003939455096397352	0.030779501071575087	0.054096234070126495	-0.02456414531449784	
0.05768203953458699	0.14339168788934392	-0.06437980623607581	-0.016305215900741472	-0.11113803544178223	
-0.09930306209460832	0.07747422937188256	0.034012457666694314	-0.05322747067028767	-0.16958765326265615	
-0.06468378539922982	0.014016763286872302	0.027997848450947004	0.012344273658708733	-0.03828179163314903	
-0.06490392237485577	-0.037879932616204495	-0.016666769197320113	-0.03549215063752632	-0.04486065565657679	
0.01233730039403437	0.06752970716163473	0.004210954765789402	-0.03056302171563617	0.0449622837305585	
-0.04080431853702433	-0.006061941815922369	-0.09556805077567075	0.030987957854336407	0.033233944761967976	
0.027096760152026098	-0.09880436091669315	0.07537841438431543	0.03476738982858742	0.11066862305367439	
-0.026305210560536092	0.13786171938116157	-0.04154824890409319	0.04661045554831407	-0.04595901842353171	
0.003650534217395442	0.15569399704181802	-0.1787623456156856	0.02455935765298837	-0.05454147496150814	
-0.0011873889255130208	0.10404505972227743	-0.10359068761328218	-0.03195276659064653	-0.15237101100104883	
0.012452603677727844	0.14511853606626796	-0.08166043575412883	0.07125609693594696	-0.13449330557693673	
0.11919859735156042	-0.10884475133128677	-0.07555646030877436	0.09464546142770279	-0.12031990917485921	
0.07482666280450434	0.011086110476022397	0.07980156597611533	-0.05905235801490562	0.14690679248103336	
-0.03165250059069652	0.11855721392295306	-0.035201688242115795	0.08353443591258533	-0.24204949271298629	
0.10322261007758696	-0.06742193989759399	0.11425428518646674	-0.02074473574092847	0.10987243514294676	
-0.06988300243026115	0.1085716805001281	-0.04375648859570926	-0.08377925608886196	-0.10812612809332636	
-0.12238536584626007	0.19195520977900052	-0.11473054045552285	0.05741955515035106	-0.15487402282965876	
0.08485565903389798	0.048116341002175864	0.046767400575903895	-0.0063081716421923145	-0.012605115520017628	
-0.04464506322766801	-0.1157623165189208	-0.044325738979327636	-0.022271195501542315	-0.01376263669191467	
-0.011604108087017466	0.11486753184426345	-0.059014003170746676	0.09774018711982603	-0.03607087998004289	
-0.012059912053907839	0.07134632404103505	0.013647610074823933	-0.05628593196947972	0.07657282090997389	
-0.015458786221987824	-0.047372683306995685	-0.04808012219442274	0.03291497015886839	-0.03729865455730972	
0.07116477617266974	-0.09333688171900784	0.0779606270503159	-0.011878584862590066	0.13001753396158267	
0.10921945954977745	-0.14117986673240002	0.08314998238165862	0.08003998426554465	0.09500102767250297	
-0.1101270070989341	0.45775497725410835	-0.5259411052552114	0.013819886510201237	-0.7820797582709788	
-0.10996194973062542	-0.04795919339908667	0.10198850721288139	-0.04192067089182355	0.11363645536581235	
-0.07665375812489984	-0.00247078566882495	-0.116981723933691	0.036365989451968145	0.01928192436608101	
0.10705126142247773	-0.19875759284429104	0.17636115549761067	-0.052153842696265294	0.21722286110566694	
-0.08692966843849488	0.08626047774603696	-0.21776492483839513	0.015355899619178109	-0.11062819032962236	
-0.024173609653170468	0.13026330817672843	-0.18763553644488937	-0.07972414805701379	-0.12637619971776876	
0.08664924974009965	-0.05687518734479091	-0.019891535810086465	-0.016527443037161096	0.014653348957586597	
-0.05566043307354173	-0.29786194479998845	0.2422041342056609	0.05299283292181053	0.46707647089719107	
0.08882148663935972	-0.13715607100958907	0.09423366716346168	0.02139330162412477	0.17136658436269733	
0.15658093740707954	-0.1036507930125747	0.1765526276793197	-0.061677496576913377	0.18557112772062348	
-0.04704241291493586	0.4368888263651665	-0.3649624220358163	-0.08577715211787422	-0.45365865536134486	
0.0782720304420233	-0.1403930207916022	0.13710892977314026	0.02925302035495612	0.2561446498897641	
0.10248897239664839	0.13876748676015424	0.05366201977404159	-0.05190067204973329	-0.016838735152077858	
-0.08079919387416956	-0.05064340664006533	-0.037612585062082385	-0.07986716315155419	0.032831253942113475	
-0.0998615530033455	-0.033528518165923185	-0.11360871323901847	0.03529711764263925	0.02916462651801865	
-0.0015691803216428388	-0.14359861933385593	0.10970907466276428	-0.03593568068642802	0.16254378030033337	
0.015019898441342034	0.17071060656698223	-0.1895573902895739	0.048170981590964966	-0.21674072607259467	
-0.05878074158357069	0.2693092929415362	-0.17280199795835374	0.03460923604136196	-0.22318696040994665	
0.0627251994394718	-0.0916312569670763	0.15392935974152885	0.0932689454067506	0.15404648476323057	
-0.07991160223391469	0.022886412673829147	-0.021407847186430656	0.08790818071266425	0.06311839981111302	
-0.20290703684735897	1.9381194103678827	-1.5628107169200065	0.16356591910036988	-2.4028171394000073	
0.6637722818123868	
