TESTRUNID EPOCH: 68 L_PCC: 0.8677991335330911 L_ERR: 0.010595821542545507 T_PCC: 0.7910005575935739 T_ERR: 0.01633738881117046
180 LAYER: 1
5 LAYER: 2
1 LAYER: 3
68 :ILEARN
0.04816098913936833	-0.3583826420439459	0.2011898888611674	0.027470829401615146	0.29038579123768193	
-0.04932399248672458	-0.11863211740986458	0.11405383081468365	0.0012640707569746509	0.38379549736230245	
-0.047310527879072334	0.09016827319081845	-0.1756812726882575	0.06082450594507419	-0.34495276210402315	
-0.009141526203682694	0.0986978271435827	-0.18948363977082486	-0.10260198838453817	-0.42810013676799624	
0.06135711791998656	0.26879405859296945	-0.17856185951086082	0.03700573671011783	-0.2571802739517583	
0.061638513823296985	0.05386432729314984	-0.09664481900094214	-0.07918980136043487	0.05895346366682731	
-0.16071660599011295	0.5667870536228917	-0.3624875635055793	-0.0773599065597268	-0.6197206203320043	
-0.0006081941905788887	-0.07781236377119281	0.07562941887550377	-0.05528829720337073	-0.038357902457419886	
0.04711000526539608	0.2549207617203184	-0.31057099961443335	0.012475405563235382	-0.3404749657047376	
0.0017572592901654992	0.10772364367656184	-0.10066466711925304	-0.02538983306653473	-0.1283746300722084	
-0.06774550701751617	-0.12882461931496808	0.023748812208440325	-0.017452487028946334	0.23897100128319135	
-0.054007941371210545	-0.12432865733250224	0.1861959630449616	0.059233212874877206	0.4875041319380364	
-0.12577063135083713	0.40438366430553696	-0.3596080736221513	-0.07225342590626106	-0.6070036937064537	
-0.015689582860217606	0.1288081741187548	-0.21538376937967768	0.06083405298153713	-0.21140193741377689	
0.13084854441950858	-0.2918875010049322	0.11323167624706061	0.11064227044330234	0.22464622362946524	
-0.06453276914686797	0.09886010153619734	-0.02277191044388375	0.04705750269569539	-0.044774998457971275	
0.05035665312703816	0.2942103775766136	-0.14346499013206004	-0.06993376702217015	-0.33099280940978243	
0.07238628686224315	0.12540372323459031	-0.038788520199620646	0.022302756155151798	-0.12081847777987718	
-0.09828928228257634	0.009361766332669719	-0.10193265552430898	-0.005474758057533327	-0.08246292557788444	
-0.034879549147445545	0.08583448367267478	-0.005947845983589681	-0.08231788114755494	0.007024190270298342	
-0.08749576985454943	0.3187125316122591	-0.20297909593692393	-0.07222760734387038	-0.362946531871057	
0.03888566454762713	-0.16387485125754833	0.03571885079289339	0.05436102536783196	0.0822061766276898	
-0.06956833330051276	-0.13560894511348384	-0.013022854517479737	0.04166844196443597	-0.22909192618210897	
0.05682773933505308	-0.031138483306389447	-0.0034360690929737	0.054922526656368854	-0.1772378340022353	
-0.04661157914427529	-0.3315357643640998	0.058838044106243714	-0.0057014810956894455	0.3608954643611022	
0.0478419123403555	-0.24471795993684953	0.25366669351768667	-0.030935961409453056	0.26379865850887274	
0.02360340987682556	0.12132706834097266	-0.08543356862688738	-0.08913101089617116	-0.039946630935619794	
-0.04540615419188052	0.030686052048757427	-0.09954251856757794	0.0832278999538784	-0.03452466926750307	
0.04979818547408371	-0.20208213666566557	-0.042270742596096054	-0.04091968052071442	0.01981164116000257	
-0.10742604956243053	0.16184014599030472	-0.011804633113644998	-0.004767284165202735	-0.2286669364839396	
-0.07947924534917807	0.215254186562428	0.04612012382140186	-0.0604540071051575	-0.03609897612709776	
0.0659480161266897	-0.1939721735215856	0.03762607502406664	0.1172576888367997	0.12575301695462865	
-0.04028736509712266	0.09782460765973171	0.08432170505713353	0.07208546700120731	-0.031209773809149362	
-0.09167423452048111	0.18298039307510192	-0.12973101203605333	0.007409061536862333	-0.15203473195031855	
-0.04430306949600649	0.22733936610004485	-0.19634276754228605	-0.027050221456675187	-0.2901638680530249	
0.02228019583268794	0.0016296863359532444	-0.22432197944478618	-0.11097042522062091	-0.28291010616020723	
-0.07794866438314876	0.45341758191403503	-0.5432880468134657	-0.1897767686628121	-0.9044963544568403	
0.07261258547390005	0.09387859562673871	-0.05868621954765592	0.007802749721381486	-0.018135988402650547	
-0.02466415889934947	-0.09143177067788397	0.07882063352454906	0.07224559976656103	0.1648512834214427	
0.04054737464661691	0.14618864043332047	-0.19499881057262075	-0.007507495229529501	-0.1438262445443451	
0.03991099150771498	0.33979807926279804	-0.23450654697162937	-0.02528516043530664	-0.5189257264084475	
0.024902234970916117	-0.009745824639414005	0.08672915189997854	0.11621837506183226	0.18172382100347312	
-0.06638897963702896	0.4185628781559261	-0.2516976517147956	-0.1349802964212292	-0.3294448917078851	
0.0339220148436153	-0.22501941321989932	0.277213507928239	0.08509630608269521	0.10831033127602596	
-0.07610486706714846	-0.02588506966630204	-0.18469880300268873	0.06219416958355674	-0.11695947718047309	
0.09292991819476193	0.06654351662328999	0.07564993828781554	0.07861282219981261	0.015181864348324959	
-0.0018084675431520672	0.10635799560773947	0.027631039622398525	-0.037614137733276355	-0.1028469157971906	
0.03252945996962508	-0.16683528036552436	0.015589497286145467	-0.0107626303989683	0.004788761297711876	
-0.03573722067465673	0.11465244861906676	-0.019623114913654833	-0.05480453246054192	-0.06061452791114837	
-0.002799101550033835	0.14844461032117745	-0.25078277312146563	0.010807624207129028	-0.14059683675951495	
-0.054233672299135935	-0.14286095051822179	0.11919126098924451	0.15067615896424283	0.36249247616422137	
0.0611847999185879	0.13997938282527214	-0.04658323075088397	-0.04566431959208021	-0.14877253579907634	
0.057855790015195	0.14048662263454953	-0.008996416068806213	0.051879871811671086	0.04759033572755658	
-0.08902287630376103	0.40305604468130724	-0.42401298939434634	-0.0654265179798158	-0.42943618339703954	
0.0070183137129837215	-0.08066417212537784	0.041617508015191144	0.009356050970939148	-0.05359067346616393	
-0.0018706733295457355	0.0712863702644724	-0.16909963432231143	-0.07117795584399461	-0.18654759231687748	
0.05812916887241335	0.12948798736525757	-0.05847286997293642	-0.06389308327007971	-0.15816637948300313	
0.07613388820905206	0.07790400403128259	-0.0863733913183616	0.033070758840655017	-0.09229709603482404	
-0.025330706014711095	0.16112462844559947	-0.120931991775146	-0.02141260928563353	-0.1339197646084306	
-0.11317420611396393	0.1734548177326955	-0.29776412454078954	0.07117557579950783	-0.27492340617810385	
0.06777181698820799	0.1428894967951918	-0.0011858032062391321	0.01664406914414407	-0.06059472751108804	
-0.000216348271829773	-0.07270988793590866	-0.08630038011195142	0.02113133860733747	-0.026765936421938048	
0.08195489882339915	0.08516154057465145	-0.08202881011610912	-0.07727686349308024	0.07501778028811591	
-0.007946006827312115	0.021843605952727385	-0.16542327419548084	-0.050750584728375604	0.007572338952580358	
-0.013986841188988469	0.13516666999080645	-0.1662749057343711	-0.061419925633128265	-0.07938288898138326	
-0.016241069690477856	-0.005290548428241323	-0.04177655031833132	0.0031621973512041207	0.04032991465390356	
-0.08036588014917699	0.02510037778664813	-0.08191093966766201	0.007621094724627062	0.006644729886298567	
-0.0916454923035235	0.18189033194387624	-0.19547314683703937	0.05735160407525537	-0.1192279612119925	
0.07236234427800695	0.05791131008307137	-0.0139289601374317	0.06630466717108481	-0.05256419425839743	
0.04441723978395384	0.045711767828731244	0.15451150485586565	0.07368387909239084	-0.09765314426727546	
0.06765988499389375	-0.013485479763744557	0.027624559328279997	-0.03125477582256513	-0.022574357682670212	
-0.01696164318856878	-0.04495730355176825	0.03161890427937922	0.07302959118262523	0.21168597856057894	
-0.052365809322366556	0.0646268510977403	0.027972245655724287	-0.0038288987131032135	-0.06370141049224103	
0.033444092649778934	0.12481519959772726	-0.028027321442074902	0.0037801429272320266	-0.23401297300063478	
-0.012449107731654951	-0.08533552861026251	-0.09633768623880273	0.06994231792774819	-0.10722140306629821	
-0.024839494973757203	-0.0022874119302886435	0.0073151094770042766	0.042654215795852664	0.019522359765302505	
-0.002479197331023965	-0.10529621205237663	0.17647090815130517	-0.043829923355575735	0.0857050107720122	
-0.019916575144564887	0.04812564700184459	-0.01838839581649177	-0.05689870405661709	0.028857101806798967	
-0.054107865587683567	0.09972898695235213	-0.05679515996780477	-0.09611593570073279	-0.006605606823255106	
0.0815815880486585	-0.02865060251013733	0.1872855326653726	0.017884963468329705	0.027290376455100972	
0.10486176121076983	-0.035265012264497145	-0.03427037835353274	0.06349822023562136	0.18144882186281525	
0.11367684250588522	0.07715618339657553	-0.11298390356601841	-0.06429557947916786	-0.15660400046919334	
-0.10030863320266084	0.15915068170007177	-0.005793831523577502	0.0033313711358069794	-0.019449662010351323	
-0.012208399740674886	0.007892273689886611	0.015356713096502817	0.0706914203946552	0.09182030784091229	
-0.03918840696450811	-0.2506706788277002	-0.011282929448142675	-0.04438239862424892	0.1678192138227973	
-0.04099387220603698	-0.13132937194203953	0.0864492502595631	-0.0030678494295261877	0.07627151012191218	
0.017896177416181786	-0.0050624913054442226	-0.0028225042196113716	0.002675523711899183	0.07491457687197488	
0.009275528835378879	-0.00913054731624058	-0.030271491215010365	0.07934516388374113	-0.018247544001902996	
0.044815602117321746	-0.06929135982973555	0.026183834590805706	-0.093496975675438	-0.015166553246884611	
0.036258362449951696	0.21760666769149367	-0.12572639473800956	-0.09882533578265076	-0.22235111921637754	
-0.029707633055997502	-0.3567797877956903	0.3092455887240358	0.15328911562515166	0.45531022036765795	
0.11558793990789344	-0.16295070414152749	0.20943369358595726	0.0028704911585176697	0.24446616879773564	
-0.0841712942947012	0.06238605613675633	-0.11172337848735116	-0.04653888074959534	0.04557337444033176	
-0.051644970436385655	0.1606272510200607	-0.1354453536005377	0.004762067510677982	-0.2189818991879075	
0.12396276230845149	-0.06029687330418992	0.02612484413335234	0.03141336100417425	0.17865825186649698	
-0.10504665112885449	0.20956320437118992	-0.03128306530244946	-0.10804454883231081	-0.16768472749316202	
-0.036277083720183255	-0.005840830106431104	0.05956427270925214	0.04846357263083833	0.11583617434327045	
0.04722844671713491	-0.18029175486602733	-0.08269240383818871	0.04065896040902526	-0.109929468689468	
0.02353448372388054	-0.09276611623309203	0.09242665008789708	-0.028036788805769212	0.014670562955099446	
0.038428156939237776	0.2726827703689846	-0.15855713264143872	0.05571173289720253	-0.2379670500554358	
-0.11133646253945381	0.20212797250311693	-0.2764596762823776	-0.08727374588785342	-0.38422123554296556	
-0.0159837342750085	0.1133487995557561	-0.043274262845582265	0.027889943044604574	-0.1449321552799277	
0.012908768354869943	-0.08860887529687163	-0.05790822630939487	-0.05701350801058087	-0.04393115315820844	
-0.01295276496925947	0.04482081049107025	-0.14659899016122574	0.012249390956801831	-0.0791506668229157	
0.07681451546290755	0.0798318728899876	0.022818629377182303	0.09539677919316795	-0.13480299852089148	
-0.07248542636749157	-0.1668290829455373	-0.007492133406389027	0.006726268781738663	0.019781796925107377	
0.09001755969828566	0.03354036622736027	0.04573184807802923	0.05154180406655849	-0.09227134914828822	
0.061580602853663687	-0.11779058741741885	0.10107219137773278	-0.05925780963395169	0.006809068167842683	
-0.013907939969199876	0.1302839519704721	-0.06833577081663038	-0.034581120936191916	-0.15471525374797948	
-0.09222169797538758	0.09442501298147067	-0.1876807568801778	0.10469840282988266	-0.053373511043706016	
-0.012063835587248736	-0.022462229411106583	0.016811074345997695	0.017845664251126176	0.05814318127900941	
-0.02361880472316971	-0.05531459176904961	0.11857444446209121	0.05977291548180163	-0.106953947371655	
-0.07886261431771814	-0.0066792293467050155	0.007129612172698855	-0.08491708980816258	0.17048634983876373	
0.027453991917233772	0.1374137508917895	-0.009363467426287237	0.016424748724782973	-0.04115446305358605	
0.01520606498786049	-0.03974143554787039	0.07489238783212923	0.0591514131832816	0.04981028795715276	
0.01762036698730679	-0.20741229972466602	0.09713578634317444	0.03837967088372062	-0.010954182337554639	
0.051223182858681375	-0.007642610805785013	-0.03925001664612019	-0.060051400177425225	-0.12969916755852573	
0.0044597455225388405	0.11050254959787517	-0.04326119938238871	-0.04227705469086878	0.0978059575139462	
-0.04020811486399809	-0.017255218971825505	0.11251770770203617	-0.06449770900832748	0.1656510405733984	
-0.05907792204335808	-0.04451862450568583	-0.16008952635087748	-0.09155309088912834	-0.11585657492504393	
0.0389761239677424	-0.0032627324693174503	-0.08102738808095558	-0.038041062736765476	0.022122336951435666	
0.13165278268054603	-0.11116420313016286	0.0933083794866194	0.00622154226704015	0.11255294047983434	
0.026572081762414157	-0.12014846070888727	0.20418646291021733	0.04055614269205983	0.054454365246078475	
0.11619134476288356	-0.005460672780542827	-0.09946251912095712	0.014603808664092445	-0.19813995115475266	
-0.0888638387678518	0.14817582633537857	-0.20716804463751962	0.00559099143522423	-0.07990268370490064	
-0.04310146995850575	0.045659263541788786	0.0680097665417486	0.04158027391379641	0.025402483289174636	
-0.03321253260117257	0.23094703424318236	0.024336530980495527	-0.004732967633107155	-0.14786798375542048	
-0.054373445249822704	-0.02015140338137157	-0.03705640866487698	0.02409839519495617	0.02035696299209005	
-0.06610566749989853	0.09684776956962154	-0.03304511099609589	0.02875658211735843	-0.0616465856331545	
-0.10294723199941312	-0.04791177273416839	-0.15839389021566308	-0.03249550612144686	-0.02146149325032662	
-0.028929203959325325	-0.20772169637253932	0.14040996020740357	-0.09194531412350691	0.3944452751794482	
-0.012107945051371754	-0.26514726650845655	0.09099222626677679	0.11085374773108338	0.1464629814468982	
-0.037063793162890456	0.20970151070447043	-0.22401554688212447	-0.04191818763565556	-0.11627312910655499	
0.0374080284355726	0.12588194537337016	-0.17335080073706163	0.06098042950412756	-0.24703141474278004	
0.10224783195089357	0.012023949850831947	-0.014001135975264336	0.08470532851459021	0.06219289687989674	
0.08333051705736738	0.1383425376114885	-0.2920594374993599	0.0745313555548578	-0.20181931150708007	
0.04639928533588922	0.02057476380652614	-0.006523622559675698	0.05160734970667737	-0.07696862532146151	
0.06386924574853281	0.09690544693428417	-0.059433570508033266	0.0010832785026956202	-0.07685342887057321	
-0.08211691934951333	-0.10898345176090281	0.15826300377331634	-0.025979277427857658	-0.010860096809568997	
-0.08896059693550584	0.04485425608835592	-0.04386148220831786	-0.028111036385857817	-0.10930863781479974	
-0.042946554050491234	-0.15945996001013646	0.11481644520741192	-0.004626537583165488	0.1296294049414757	
0.01947905238400119	0.016057583974881908	-0.02969610127325807	-0.005635304606820605	0.037836091441223574	
-0.03740954758204494	0.0952540353470352	-0.1260102265895949	0.028310591954850917	-0.08956643922674812	
0.0434291028062308	-0.16170927230056814	0.19328574293736842	0.08309847843467916	0.10393114884429698	
-0.008585866659051117	0.039986227317114396	-0.02703243655884233	0.05821699880178366	-0.045882885535075156	
0.013150080609320425	0.11452984123581976	-0.1453508972838645	0.02397521316294813	-0.03415911294636568	
0.008246554932296183	0.04185943966401536	-0.06820761293099108	-0.047805693260956475	-0.19114343240749995	
0.024191506169349564	0.25661417374212603	-0.056760878197535156	0.08759377007553709	-0.1619296305075579	
0.13042867014664244	-0.1705905464866321	-0.07834704947147932	0.11185023223576694	-0.06615369384214549	
0.07071398831367053	-0.05854214137197254	0.09728654108675482	-0.03367427193853114	0.11762015499211122	
-0.05417060050357694	0.05532672748851343	-0.13362581270516152	0.043005408901938685	-0.3557599307437433	
0.10442800053579758	-0.02750091351858495	0.05133148838824882	0.00698229158874759	0.05644596454184862	
-0.07940286427008518	0.023181464865301878	-0.07635891647482605	-0.08672788628556588	-0.14781554583916823	
-0.14748564635089445	0.16138073004533743	-0.2764959832381014	0.013484947418455026	-0.34295827939666346	
0.07944251474561473	0.26649000293768554	0.0493651740081873	-0.010897096933922207	0.21077261958190133	
-0.04513452212288066	-0.03595634009019318	-0.06163988520221047	-0.012029970257255006	-0.016505385829975138	
-0.022157918495165022	0.18100135026023007	-0.10015422708277953	0.08409440270333668	-0.09870794440073952	
-0.02184483533978851	-0.010609199889338356	-0.06137782412661942	-0.038097938189116644	-0.019553236229816435	
-0.002666557530656298	-0.19928292935612085	-0.01349743895020228	0.04848059158273187	-0.0034462911678820015	
0.07886893064111808	-0.2089316755812976	0.16117209752214884	0.020143450058677	0.1798933925528789	
0.1098431082650688	-0.16585885126349373	0.07193127149571037	0.109958213637899	0.08528273516013779	
-0.10485095380022605	0.6424185677688999	-0.47602306436716096	-0.1503839559115426	-0.8600226313554301	
-0.11033347124729898	-0.0622325960105437	0.09169276948383688	-0.038968632190603425	0.11829389152156779	
-0.07514364465158016	-0.024654266452049975	-0.12512304971030105	0.037296757108326126	0.017788207044982778	
0.1089683962799729	-0.2930213317262866	0.15900192821891515	0.01802344735154919	0.2179013067989985	
-0.08743680966701749	0.1112821204696342	-0.20967999085289327	-0.034017869713880405	-0.10860847646060247	
-0.02460388963035373	0.14115291620682957	-0.18490253734893308	-0.11565268424594252	-0.12736448394487615	
0.08573036071418318	-0.07608718706833587	-0.04810212417992917	-0.001039874868760275	-0.00888077043397895	
-0.0573118790360295	-0.3838137305901923	0.22910274582587833	0.1026391854140464	0.5587429351433112	
0.09116198148038356	-0.203342683066709	0.07596551409675366	0.09991802753135086	0.17303927328924107	
0.15933965768465372	-0.19534727041211214	0.1733464995728968	0.01040313414761223	0.19815076396261214	
-0.04792023207303243	0.511049374079672	-0.3277122512163817	-0.22271014155520721	-0.4407937533125236	
0.07695394991532141	-0.18178059103354954	0.11346694361458927	0.08310917664980384	0.2472078404086538	
0.09615131018129137	0.1598204886286769	-0.002791910102107754	-0.04327180618508056	-0.01894760987268043	
-0.08185932544838807	-0.073194925470956	-0.05970889285133161	-0.0712872421232215	0.02633425172165868	
-0.10019574325542134	-0.03702606496173317	-0.1185820498058466	0.03173824459325521	0.025865425938517615	
-0.00034193839852636666	-0.15806234789889248	0.10966929862452092	-0.007261781215613155	0.14863521950268274	
0.005304755992466024	0.25398438074717977	-0.26239446733149313	0.03206698318254205	-0.29857261156384723	
-0.06381834100746561	0.35487849296714036	-0.2178789916968373	-0.01794216955310349	-0.19261098814865585	
0.06710924964496648	-0.13751153961488688	0.14643936621045256	0.16562393263272812	0.14482601687219437	
-0.08171012972263803	0.05077345013755281	0.018766296248396243	0.05604251350316335	0.12062569865655165	
-0.22723872778631157	2.38959096774983	-1.6227744724833475	-0.282781315309378	-2.5025503297802487	
0.6945959070613615	
