TESTRUNID EPOCH: 38 L_PCC: 0.8405702244318787 L_ERR: 0.012631697075994689 T_PCC: 0.7864743503178336 T_ERR: 0.016296086133305722
180 LAYER: 1
5 LAYER: 2
1 LAYER: 3
38 :ILEARN
0.023925800538966095	-0.21871967487312047	0.17165451719226138	-0.015494904858943812	0.3124139571663384	
-0.05789442467797773	-0.18562273357107878	0.1507823896638103	-0.0035406750675412704	0.24556502620796444	
-0.05923193880825209	0.2520287800961999	-0.324432778261912	0.05015958389624876	-0.4646366133130896	
0.002589791703906959	0.12009461404396336	-0.15910410038156728	-0.09138050706048481	-0.311466185659537	
0.06145999548523301	0.23410400862285585	-0.18979811324167933	0.04036941924489739	-0.1749208479252285	
0.06433061965628274	0.027261315482396697	-0.1409132489687647	-0.07327358057205591	-0.025510079781394187	
-0.12710782520919775	0.4355780483301014	-0.28306521731504636	-0.01931960948917877	-0.577120998312057	
-0.004999629203522413	-0.050911266389043246	0.11432486431807526	-0.07542617943099164	0.10644650456854597	
0.07379949686863616	0.14587880389523716	-0.14729499523752732	0.04411563022503297	-0.25472478475147053	
-0.0037053673310638827	0.06992915329336401	-0.05441921444989024	-0.038667636089764174	-0.06039187883504648	
-0.09069878924160707	0.022695334138314628	-0.04404424977028016	-0.04475160493577362	0.039787417819690564	
-0.06462369296565218	-0.15002828022541792	0.15617679997396142	0.03620870000132476	0.3495014351928323	
-0.10176220142716465	0.25670956325097744	-0.19986822267575993	-0.030971417746372333	-0.4563892513206623	
-0.004678490521367451	0.14386583245075907	-0.1277413820939905	0.08084891573624577	-0.18862973184463583	
0.11225273677220823	-0.1915312928856917	0.06948826345661221	0.08208364394053187	0.16053211808220483	
-0.06524388889350231	0.0701933071577352	-0.030936698091741585	0.05057864318932063	0.0503251822276389	
0.04444287914692537	0.3282564088476063	-0.26060596887501075	-0.04894084888549498	-0.48827876280311266	
0.07672119673975474	0.1494077980567984	-0.05812929973013614	0.0325883424640067	-0.22861000659625183	
-0.08721545230133798	0.07014097620649866	-0.01080491391781883	0.0074740978077409105	-0.04203616582700075	
-0.044214572980512505	0.06896641377494837	0.006572376094258729	-0.09485856855783571	0.04049910588848516	
-0.0708826056131163	0.2525003015553849	-0.2110940196868071	-0.04871377104024818	-0.35894895102896063	
0.027555237534439624	-0.06703996857325988	0.017207750327021345	0.041225907251858304	0.028679925719056133	
-0.07651361520452449	-0.0775397897512616	0.014514104916842458	0.03376369760633229	-0.15293707783469895	
0.051832981120156475	0.022138734645783354	0.039471741305955	0.044469711335660585	-0.11157395424782955	
-0.05867399496059369	-0.31676054441462914	0.1573344679696414	-0.027505219334529145	0.38672656447043413	
0.03130027135158798	-0.15901335187596943	0.2000257626792515	-0.06129088110789409	0.19269609216364758	
0.02206878753102178	0.12663255828105913	-0.05570073020665745	-0.09173575869778879	-0.02264061284205961	
-0.05124255570999777	0.03569082629764296	-0.06678474391926079	0.07508844584940692	0.018641226830154792	
0.03659139739020414	-0.1777997436963797	-0.013510353933745483	-0.05937860304420466	0.05862092615922337	
-0.09980159137912128	0.12078357639997397	-0.07738141637268559	-0.0016707031615739696	-0.31876763631098987	
-0.0719503569624107	0.10911042371184407	0.09159588297991418	-0.052644673495895924	0.03255515685619032	
0.05605552699257799	-0.12017977160961467	0.023019411385140538	0.09935132584642027	0.1055187787848177	
-0.042280980227218476	0.021081391235385213	0.07077819771317757	0.06978856273417575	-0.013461292609816067	
-0.08615285248994342	0.05166870779514047	-0.06402152103306263	0.02832103320716384	-0.07390621465188091	
-0.02839826374065058	0.1280632037770514	-0.07766419931673378	-0.01574551874379459	-0.14704856267432073	
0.0184548029153371	0.11991037238671916	-0.21977481791444356	-0.10372857194165616	-0.2385961753012046	
-0.04721960691150114	0.39501366941221433	-0.4428242669480812	-0.12851568777735134	-0.7552543972812549	
0.0671779220671889	0.10967391197910684	-0.09950731873917322	0.009894797964232606	-0.12754456281473686	
-0.0361155846374099	-0.043182137745359915	0.025552818732857575	0.061932937498832025	0.07329697301565076	
0.048169335769847006	0.17535131042952082	-0.28883587239716596	0.0002109078287824744	-0.3077956367965261	
0.061033441765973806	0.2790553022196515	-0.17788857655573667	0.012543593610701948	-0.4293115092802114	
0.023809842515277468	-0.016228827418366634	0.045257154272515136	0.10459688847126694	0.10903884399531343	
-0.027856726265062637	0.23876849331097996	-0.17221973533024945	-0.07505270266303224	-0.213263057386646	
0.03498315589744156	-0.18638631770272449	0.15865761732573225	0.08971599890212735	0.04152683720271378	
-0.0735722475499421	-0.01750613267437199	-0.11367402817428571	0.05756967492299442	-0.06012715688594531	
0.11664334753901956	-0.02906340976374492	0.11744069968461578	0.09020457374406313	0.10137394914256975	
0.015438496910482326	0.003387431125934405	0.049040533745120685	-0.023976861794157235	-0.02470987798168987	
0.03759500739779276	-0.14107396911187953	0.04221468668372926	-0.0008313283106683803	0.0789200754813783	
-0.029885782665280566	0.11965459839754149	-0.015440448362838317	-0.054980777139523984	-0.029558369238362057	
-0.003190919022121057	0.06459122434367513	-0.13983714064723785	0.016978963736221386	-0.12441202326459025	
-0.08798593217172321	-0.07422503318124779	0.1422718028488027	0.09821440481660426	0.2726295389387057	
0.08223979247281103	0.07253526938836533	-0.031303382062293536	-0.02797121585316981	-0.08209265224381435	
0.05408618497923973	0.02596452674608217	0.13080594294836612	0.03967876196524745	0.1376748725729573	
-0.07935394974525911	0.27996929639031126	-0.23020928352498285	-0.05294538915538292	-0.3413030580503484	
-0.003045655662580353	0.038268731772720166	-0.05571549692183974	-0.00019419838388488024	-0.0512656006421073	
0.012297698031230628	0.1338488127953645	-0.21779332220067088	-0.043285786616311106	-0.20345039039258647	
0.05594111046288864	0.2016088018339452	-0.10341965324933501	-0.057843187684442805	-0.18424710545828046	
0.07537693196578281	0.05262947515648648	0.008673431187150171	0.017803879767827886	-0.048383947440557414	
-0.030246316111833694	0.2875335563896594	-0.20335431109127816	-0.027252839130912167	-0.35803206131407467	
-0.11619843441371146	0.14615531678483126	-0.24626291078315463	0.07591006132342923	-0.3110698443672813	
0.07325558623113235	0.10199376615534375	0.024202466551644018	0.02154425569887033	-0.07376206191788418	
-0.0009840369026241258	-0.01400381398194049	-0.04374130372093269	0.022853297596152206	-0.0799258555845219	
0.08969904396192518	0.014865096804604652	-0.024997893924097556	-0.07183216954000653	-0.0058458803616376846	
0.004374708501840144	0.06764982610544959	-0.14155415699080826	-0.04201569432364315	-0.037192317687189586	
-0.012520537472674158	0.04050811967549721	-0.10415183078311155	-0.07564032279221455	-0.012881251725893529	
0.0006234384409237548	-0.09547891389450594	0.0639176664380788	0.014293220782342958	0.012333325967577677	
-0.05724209886712525	-0.05799983502511262	0.04398274203446196	0.014673305506449996	0.09575026373390258	
-0.07724844940654098	-0.015421602255225578	0.04055338932017793	0.0822005136314206	-0.03319722973100375	
0.07223222220366632	-0.008062548986854703	0.10349873470783377	0.06926430555974271	-0.05179640302255287	
0.036691390412244104	0.07526284942847156	0.02670741412798346	0.06313845580945965	-0.034267850510268684	
0.052629639320486095	0.09359374707936306	-0.057661748952358184	-0.05118246306008258	7.721673654709883e-05	
-0.022665987308280098	0.029369328373904123	0.04464895324283031	0.06407534807827034	0.11853012010960198	
-0.039847667234024185	-0.06956506835301982	0.11567887013592588	0.006597271497278174	0.1171737206357654	
0.009661019430648198	0.17635578473968877	-0.07804631676592544	-0.011491102148525173	-0.20860162550901282	
-0.015674569739721568	-0.15748621522834147	-0.048866629256306374	0.05877071761045006	-0.05310253927694365	
-0.03147302770681218	0.12494519405024102	-0.031645627682663255	0.03739007143114586	-0.13418386524746492	
-0.0055726121536877	-0.03999464262746642	0.15085000718680636	-0.05527532345866463	0.05654227743965013	
-0.03090039510672168	0.029542671625717498	0.04865988086667376	-0.07888559642414256	-0.04992373664126935	
-0.0681347344385634	0.07184173905651332	-0.07098140126539028	-0.10422663777915245	-0.031200432319696852	
0.0811499636866425	-0.0294518098667144	0.09779658124188045	0.009672317894707412	0.12763271759854314	
0.09977944145930807	-0.014004047857904947	-0.059369129623154666	0.047849511937879195	0.03669242075957813	
0.10185559136013671	-0.04792294103360967	-0.08901599092431313	-0.07546027570046848	-0.11527263818785542	
-0.0764688673103548	0.11555733767768914	-0.045712201563297104	0.03939217058376264	-0.10951810569090015	
-0.005434664910972803	-0.014738676715010295	0.04349696638619042	0.0793899815821758	0.15003095422169324	
-0.04412728449828883	-0.18014083324837696	0.017615772834818497	-0.06934805449574602	0.09899458840189472	
-0.06291190452616362	-0.09431734497510504	0.04735856545405353	-0.013585518940630826	0.02934575018173555	
0.012137960818603773	-0.027980164988389483	0.023955093523504587	0.007201702553165264	0.10303800430323394	
0.006644254640522635	-0.004885173847203361	-0.04016108463740146	0.07156867541669823	-0.005294076929124503	
0.02670490505926729	-0.020828618295197387	-0.01529313295877171	-0.09933097282190204	0.008460149963094707	
0.051811624878075335	0.17024610697064196	-0.06209326205999696	-0.08672196002433724	-0.2397643238059452	
-0.0641038907743034	-0.06574156119702756	0.1654121491942974	0.09784247658058409	0.23359448538700153	
0.07087062841156219	-0.030366504173839137	0.033420867629694054	-0.03626990760869982	-0.025217193948466794	
-0.08958238477894208	0.10871712770840218	-0.11423447701658106	-0.05476691687428674	0.027601900775070822	
-0.062024729212279084	0.19167128360642885	-0.10952596173922963	-0.006837412591974505	-0.12271564363148676	
0.10887578036383715	-0.009388143813804513	-0.008347963833623412	0.020252586640598064	0.04047085540692658	
-0.09707350793366554	0.13231957541045195	-0.04492677971124479	-0.09549200159736684	-0.20137913731013338	
-0.03403871283259727	0.03205124244434056	0.020209517474761657	0.03960885208328772	0.010900981533599124	
0.02899813523263609	-0.045234829692851065	-0.06675970675324136	0.017637960645726005	-0.028263223344566255	
-0.01193632932445001	0.10617753418527213	-0.017186087892699427	-0.061471428527921576	-0.028604904328408957	
0.06032507703778681	0.18370364957372534	-0.06369798107117665	0.07037781664727358	-0.21573333879501455	
-0.08507460578198306	-0.010571283825877563	-0.1271512620708206	-0.06609297164090096	-0.1444168054859174	
-0.015605821527448417	0.10609767765612485	-0.08274951255565158	0.04049412999010283	-0.08228607052448375	
0.0032180267233662373	-0.015542093654616201	-0.11907234533072092	-0.06223060334649195	-0.04018589780871937	
-0.01351049669631636	0.08092016965931487	-0.12811974160000275	0.006201393252383012	-0.07667469389911244	
0.07599215894499489	-0.03530523746296833	0.06898868044416154	0.08836050661391345	-0.004814735459932158	
-0.08480695879640665	-0.12474473482573342	-0.04491671858453809	-0.006195320542437361	0.03012277535628293	
0.0953270667791246	-0.06174925778614348	0.08204765205362102	0.05296431325187307	0.027941474303097832	
0.04993763259460753	-0.04102733731967121	0.08053610793544842	-0.08314117144373045	0.07279669439720858	
-0.01805468920968049	0.1206239651153543	-0.07130102676798418	-0.01948031736243579	-0.18088402384152386	
-0.09209827672203906	0.1316175615694449	-0.1244141876088709	0.1027901784541042	-0.17277882017578716	
-0.017182403257203646	-0.02496997427225707	0.08302575933264039	0.004237799472854874	0.009355170244692524	
-0.03600337326871108	0.027098440547064777	0.017200570196264742	0.05313154558896123	-0.10747971185633416	
-0.07693123088935126	-0.060955098863376474	0.11486507705276806	-0.08530627557004002	0.16804852188863667	
0.03546565523740019	0.07287388439451883	0.02397114786666525	0.03116461911611453	-0.1262535212012318	
0.00890665941424434	-0.005596907628494702	0.1031302481268239	0.03664733234690079	0.047244203210940104	
0.003980441737069734	-0.05871546365925241	-0.02654881945388619	0.02553981897136057	-0.09005230685271322	
0.05384221930549053	0.02612307880676703	-0.07659558896915315	-0.05186258487541696	-0.11629167466516839	
0.00940317252573531	0.047462096583341315	0.012874597778086173	-0.039189991337561354	0.14137018362828935	
-0.03896015408167179	0.047632564553281506	0.07727547232887705	-0.055080953638404054	0.01301190656661548	
-0.0575885707672124	-0.001996931278443958	-0.12043308664012325	-0.09130809054029562	-0.21450878512099605	
0.03858668818529284	0.030350957703083145	-0.05165752975822242	-0.05191391936672195	-0.008169883386398968	
0.1193976790380307	-0.10753546796826564	0.10919121781337757	-0.015608136031083755	0.2076981056009926	
-0.0003196031097473153	0.0474199337059616	0.09227966692347507	0.003528346044736867	-0.02805023717771568	
0.103106884969894	0.015656734922362366	-0.12994625784446262	-0.006868306228588532	-0.1364119593441759	
-0.07868003884703356	0.05396530988309458	-0.16540187272042156	0.022511184043247572	-0.1041600624394273	
-0.033695249378271376	-0.05558250182455161	0.1126187513432	0.04467205763184722	0.13003631643476668	
-0.029997195651957975	0.09699277302949423	0.038908228375639335	-0.005785613261850893	-0.009652966102929827	
-0.06578285175983783	0.03416678194569747	-0.006752937380335446	-0.005951638835254062	-0.0037873835853431967	
-0.06989538598546387	0.10666840997286317	-0.1306336788822966	0.01928582809154465	-0.0873520691422801	
-0.08626054810278436	-0.02646915594295172	-0.07650394402315806	-0.007764999608466594	-0.02628764176072801	
-0.0276308617057347	-0.13974953823333852	0.1546554681881971	-0.07907048471340461	0.26727387380079176	
-0.03465058957626869	-0.13452644516852907	0.016237355514644735	0.07672997375003508	0.09737104853974599	
-0.014670702820459822	0.21760237832546012	-0.2046837879346352	-0.001522896055308155	-0.22783514582203648	
0.0376510094392856	0.14511496855899952	-0.1781538366161964	0.06455871407397232	-0.2750162373097052	
0.0770044269568935	0.1087279313976727	-0.08220295610993947	0.05712110756876172	-0.08021036007519047	
0.09161492698360711	0.06904885069590709	-0.20273822667891592	0.08414232435286473	-0.12440688511799934	
0.03840676708864476	0.029275310421248823	0.03734669515564819	0.05077345086253773	-0.05835037805801852	
0.06084470761608422	0.08660241350847155	-0.03592038550435876	-0.01364398245314402	-0.05656869683406779	
-0.09052976329527207	-0.018961413129846137	0.0818419378418441	-0.0457274086851093	-0.0305603898915749	
-0.067363204285082	-0.005177304155317605	0.07295037281034591	8.232981845220502e-05	-0.04114433928952147	
-0.0487740263694511	-0.11714209940994759	0.10160456078904033	-0.020002793477960155	0.10342937133413922	
0.005587977640605642	0.02995363138819507	0.027494410767134814	-0.021174727798368074	0.02528951569898233	
-0.04374273731150854	0.009829835817750475	-0.06865988790694645	0.03173855507421933	0.018560717231059464	
0.020997176215857706	-0.07215454270479058	0.08920718713365494	0.05120708857920955	0.03555674438002936	
-0.01666125894255695	0.1762964990776273	-0.05076350948194863	0.053431330490294734	-0.10681337742103807	
0.01243584959804604	0.06656438839008996	-0.09627805706133216	0.022769462098874847	0.013099051221736498	
0.012461211552423098	-0.007882663723441086	0.015588616681775637	-0.043098886397417456	-0.10935024854318208	
0.03027922955658784	0.03923538596612723	0.04856990735836547	0.08251319731592328	-0.04585348908871818	
0.10952544807558015	-0.12439406302116557	-0.03884328285365325	0.0955899821325285	-0.10280680209520915	
0.06548066944307052	0.0448959605119123	0.029644089880033322	-0.047678033311866555	0.16448976776869473	
-0.029121317492366135	0.06663902396395861	-0.06471631209085563	0.06588458220510127	-0.20752165887225824	
0.09162027905702144	-0.025798435745428106	0.06451905542375645	-0.008100648529020222	-0.011535678240270473	
-0.06824904804040749	0.06448781256668837	-0.04395338891656901	-0.08283150558290256	-0.04410275191375803	
-0.13835169959517515	0.2183083861492577	-0.2015405627698721	0.03329621808093039	-0.2585416421505038	
0.08814081615776723	0.07897894151036797	0.06537921203088709	0.0017708080337108954	0.008727544900785904	
-0.04710772443428749	-0.050068942033020224	-0.06432832436836934	-0.007877034934116163	-0.07325792589585098	
-0.01596323159001197	0.16655014218968628	-0.08014271715050567	0.09871231950703271	-0.06961363844918111	
-0.029289216496315672	0.05380654745170913	-0.009237051679171292	-0.05314158925741722	0.013213537434657783	
-0.024433308710459622	-0.06910298629757182	-0.051502467890211415	0.030375685242357387	-0.016322467870189723	
0.06881609575641692	-0.08960685352477	0.08362127882104343	0.0024185377606642817	0.19959846813173412	
0.09490795089427033	-0.12134757780940002	0.0788844180815297	0.09037440247819778	0.056726749663117026	
-0.06767803948717521	0.45408605790185497	-0.5625785284056259	-0.06678048631411825	-0.754561883765443	
-0.11218587690310353	-0.04038393074056921	0.100302613737795	-0.04303489216683579	0.10620717822224984	
-0.07663502823622395	-0.017196863944728278	-0.09752217760794742	0.03446862413323871	0.022777182670230482	
0.08676704377910345	-0.20406275543864916	0.19532063683671863	-0.02186508879138616	0.17567155756470323	
-0.07560030444498367	0.08919663478645799	-0.22245443313918178	-0.009286110068375727	-0.09744516113223936	
-0.016066095428411743	0.11100993260101732	-0.1673685844363023	-0.09823416443299994	-0.09856270358956704	
0.08179936349276605	-0.07077029928007642	-0.0030234533344448084	-0.010076570032032222	0.002189950794824789	
-0.0661284893637099	-0.2054979126839588	0.12945159032791026	0.07085696845190273	0.3699274514858812	
0.06814724996836961	-0.1433980758191887	0.12916888172730157	0.059019032541599216	0.14482254070155284	
0.14263428454659002	-0.13146976961067025	0.21437818307089693	-0.02592568637122472	0.1812667863000312	
-0.013355721584743917	0.36823047740065545	-0.28759828918052877	-0.15006020526195676	-0.3201698790588715	
0.06545371463722138	-0.1310654515329343	0.13552752281160726	0.05651624143363276	0.22284275649367416	
0.11573442491743095	0.026841317033716814	0.13518838514963968	-0.03599187966611929	0.08579502465842953	
-0.08378122610059664	-0.08246463923457159	0.008759734109388406	-0.07613527412255339	0.05641064661004539	
-0.10089708126564974	-0.056759415696513396	-0.07995777054550893	0.032109880391535575	0.06106781017257002	
-0.010366787342828393	-0.16333762031442012	0.14716689667243965	-0.02351352671872157	0.18897877812072533	
0.022399531071551102	0.15415248081932434	-0.19449902578230888	0.05041733019434568	-0.2295792872503362	
-0.03248993501214523	0.22190107504546372	-0.17032688547626984	0.01813439652729193	-0.16471023818079483	
0.0393598919101176	-0.06094892779051779	0.1500797212194831	0.1242145861107275	0.0849388274964757	
-0.07381043000854859	0.05166311030323886	-0.04853181959890814	0.0735081059564066	0.10051386805411806	
-0.07403356613850683	1.8161469187651045	-1.5147610694079037	-0.03142248108630457	-2.3539481671363274	
0.6921605288397354	
