TESTRUNID EPOCH: 59 L_PCC: 0.8683774325728827 L_ERR: 0.010566087060183046 T_PCC: 0.7709413851661234 T_ERR: 0.01736230739883656
180 LAYER: 1
5 LAYER: 2
1 LAYER: 3
59 :ILEARN
0.047045634290652054	-0.22324996058089053	0.20067234845094956	-0.06532342686756752	0.26217810806128666	
-0.048750271042677866	-0.14583588964541203	0.0830836105591521	-0.0169268706046895	0.26665040149607516	
-0.05394839209991741	0.12559653332729176	-0.22535094043172255	0.06881619899205788	-0.209360472545663	
-0.02676727403280214	0.1894681144567018	-0.21624255764524825	-0.07258162738792454	-0.37768054451947675	
0.045683604568987804	0.2818988781858078	-0.17939654458213816	0.04408628216431092	-0.24615958089270293	
0.07145224690719516	-0.09393890444667913	-0.06526826058790063	-0.07583470336092646	0.13894735442824524	
-0.1863162834590039	0.5567099879576136	-0.3592135490790782	0.05570218385876214	-0.7075919666387079	
0.0064402643361391905	-0.011631276306039669	0.1325610674715105	-0.09070263874919833	0.12256327834718873	
0.047414421768936635	0.2523854739729676	-0.2578431464050634	0.0680761065772736	-0.4267206048925499	
0.01814986365206386	0.015595318507912313	0.02266324845169462	-0.05618881452697263	-0.044921113712022134	
-0.07083790709525244	-0.05542928400674277	0.04186136054790049	-0.07739962079743602	0.04424084903393704	
-0.04377150802891551	-0.21249304022272694	0.1467383772431524	0.0071606629769126635	0.480690355188428	
-0.12722740505867236	0.3809385283792065	-0.2703435225325931	0.011466172305252776	-0.6595653956886582	
-0.0178086616241991	0.1518164259404759	-0.10395211926255427	0.09744699567667647	-0.2661203330504166	
0.12051297833501116	-0.24379650344806872	0.051789887089624	0.054651576284723447	0.21900398508881028	
-0.07341649994645494	0.102250282315449	-0.04638617650075444	0.05595073977823156	0.12300746993181996	
0.004965332978111563	0.40331679267112425	-0.2937120662781759	0.01183446600638561	-0.4439245407569822	
0.07489786305239403	0.08507131154819446	0.03300679673844203	0.040674409964703416	-0.18283060611364063	
-0.08854409736543445	0.05534822571682426	0.013227596864821205	0.014236527984867091	-0.09546076949154042	
-0.028614064165245708	0.05148429828472634	0.06838003591358753	-0.10655640292981361	0.038088761964056854	
-0.09685897620249496	0.25270924584408183	-0.16697437974726548	-0.012801884581475147	-0.4359473269626599	
0.030956555990479247	-0.06090847431590096	0.0642794168562844	0.03127366570799257	0.039237994031095916	
-0.08203113335535316	-0.01959827269204899	0.036011361400014895	0.02329879743152816	-0.2845089184757103	
0.0567242770113531	0.026059988713593198	0.10464671036174826	0.01968911843791949	-0.18007891941822948	
-0.03786788490953851	-0.38243684277977164	0.21272315674494086	-0.08042893239859203	0.3116116039966412	
0.048645351767536274	-0.15201566922373422	0.21157415358168669	-0.09217278221818792	0.17040546581488267	
0.014897623433687104	0.1987086032385851	-0.06236535201059854	-0.09067142540582294	-0.09678180905028276	
-0.05169785644172399	0.07741883207808736	-0.03539939759038808	0.06130373919259176	-0.11933632671178608	
0.0502030941276669	-0.15810097824552363	0.006069754118037825	-0.08592003793100947	0.0756984206563963	
-0.11869373034799219	0.12474631124493411	-0.1464551511014544	0.029539192932173126	-0.30652822373425703	
-0.06652937755540339	0.10224057302493253	0.02393548587405162	-0.04394604181730913	0.08936564670247733	
0.06641062451933784	-0.1419610943715757	0.08095388385108725	0.07475366130899185	0.09016567997411148	
-0.04192073334820123	0.05753281141952596	-0.0312348074711625	0.08582196238486825	-0.004790532355137821	
-0.10656076075022095	0.22302651689276412	-0.21740814445064444	0.0722539874562811	-0.0340590460970363	
-0.03551699062382418	0.15561668968580367	-0.05326142097137322	-0.024721704334262306	-0.21939546418495173	
0.023648287275557935	0.04827613653404895	-0.06994306981115184	-0.11208134531199991	-0.2126638159268718	
-0.0993288050364753	0.5148447137443946	-0.45396471066484667	-0.04948950248720866	-0.8923248355685732	
0.06950417572835917	0.0877591221789003	-0.09518319009988221	0.026350433165126134	0.04270503472058418	
-0.030900117481444528	-0.056005434289705745	0.029464489471110997	0.06292657203223716	0.2437648267722459	
0.024326735326561134	0.13850373013806902	-0.2932955038928717	0.03770731109131021	-0.26679100612401935	
0.021400939174560932	0.3945938646518697	-0.25897897603220543	0.0631546838308706	-0.5038688159318109	
0.028617537459663032	-0.05723934021446745	0.12072758079671492	0.07071360286468698	0.2214177340525442	
-0.06863473746178601	0.35051347998559085	-0.3124843985796874	-0.040883480699860746	-0.26097162248494354	
0.018557049905189776	-0.1761666581134248	0.06164454984747007	0.07731786625061887	0.11965200193540702	
-0.08253544616736831	0.02302725852134154	-0.1636031279789663	0.05294677402216136	-0.15161632836513841	
0.0747412457996597	0.19679175457212109	-0.058316543280248816	0.09290011704782385	-0.10512108951970309	
-0.01244794513649502	0.11597487459864211	-0.0587989109394305	-0.027568269249510034	-0.10258402948866654	
0.04870761922958972	-0.1330176774657926	0.041272291587527155	-0.014972183126272244	0.09790993534073347	
-0.03295401246415681	0.09738063725975409	0.0038858036277602125	-0.07264836864176266	-0.034388722594164006	
-0.02258948896511896	0.1579898038282826	-0.2007032831590274	0.05325724979483949	-0.28334072495264767	
-0.037042698790411485	-0.2600133231256811	0.3334020063848043	0.04569077633423596	0.3290276075154542	
0.061817888703264615	0.13120868846149433	-0.024662184615813383	-0.030930748130070716	-0.06042096218326401	
0.06322327639835432	0.07203560537437188	0.10939721525019663	0.030168965222444458	-0.011812718005184386	
-0.08798442771092246	0.33882839977568185	-0.21672907855780715	-0.0154789634306285	-0.5502503086364463	
-0.005796017096509076	0.08025136637789954	-0.046512265115267064	0.006081976493257318	0.0548507084802139	
-0.0016928503521169982	0.09395160367298035	-0.1876018067384599	-0.01704806417144549	-0.046564894861655735	
0.042923578364708656	0.2056213484497258	-0.1066452005858315	-0.03611982571075837	-0.10918058715895448	
0.08168177968018384	0.07542605404984806	0.03446355244682905	0.0034200207509355873	-0.1788488720822136	
-0.03181247062616722	0.1617374600580891	-0.09181840772584847	-0.021727834723959366	-0.2839171740871928	
-0.13664910353204182	0.20341728393282468	-0.28841789221174263	0.10938836561167006	-0.3889839354110245	
0.08441526617385489	0.03976559190099357	0.029041270064402477	0.006384190085944556	-0.006525319752313085	
0.012161618569691278	-0.08283583575028189	-0.006482700055870285	0.018837877937928644	0.03377064350346982	
0.08062931192066228	0.029535048437640044	-0.03117698315487739	-0.09154129129957639	-0.04052099137175369	
-0.014110453545693308	0.09985045103752373	-0.10495962470377324	-0.050874862895648174	-0.1095316240843779	
-0.0019227702707686162	0.03849221580283403	-0.06308813193216484	-0.08782641473587224	-0.014948572312044875	
-0.006788910966903699	-0.031548203867173615	-0.01423608758542029	0.014188114903597294	-0.1307632346775273	
-0.050900300878499984	-0.048192924950729944	0.042935254163570385	-0.0031430825978829347	0.059718569181030176	
-0.09446224700366627	0.06760123358243374	-0.07266483162250469	0.06553654583294505	-0.13585352379138593	
0.08658659397874063	0.020345282071215	0.10122598588785983	0.06363870823637174	-0.05492939218350803	
0.02860340771166106	0.11761667842619333	0.024407194950074994	0.06139165417108751	-0.05542383761821009	
0.0572461687758596	0.09828220744906807	-0.029590123652354815	-0.05192809432827461	0.013543071024158632	
-0.021924303677874946	0.04714731558344175	0.0007377792383898975	0.06192795597257337	0.08619475601214505	
-0.0437742855991909	-0.04231726545117269	0.0801223613361933	0.004429698595900205	0.10947945861093954	
0.020145389684965466	0.21263305848620023	-0.03618058214059902	0.016166720017551574	-0.11840473899522357	
0.002788917972876858	-0.2716656342336826	-0.02173016975218698	0.03596128246834153	-0.11009478498027919	
-0.03377409070318567	0.11184771629111294	-0.05046539360302735	0.03544454447320728	-0.16203443477698226	
0.0052895858570985305	-0.07262005028886735	0.1578995933575087	-0.07463642279410507	0.044556367524849365	
-0.02418443633837947	0.04587160914656165	0.03742647215445746	-0.0910113364013673	-0.05213462157636735	
-0.0612678828328239	0.08943919300957147	-0.05564018178703975	-0.08638177155597515	0.05395484647036799	
0.07871679154038146	-0.002896460307171572	0.09151225833706497	-0.00024132686237472703	0.11230010702074858	
0.09854108118746392	0.025574802447601113	-0.08377520279875315	0.04142703083421662	-0.023289834011921407	
0.10847279169931982	0.0019012044385237406	-0.08580671382327493	-0.0706408271425833	-0.1095222427247671	
-0.09479374622740162	0.1609970273232761	-0.08143152613700373	0.059106777835768495	-0.07171758626439445	
-0.006288243773724337	0.003893029798271995	0.004647605683928525	0.060984601822985256	0.09123539991742761	
-0.04225816969781163	-0.09460764278873104	-0.01989409368421344	-0.09684247055683816	-0.019785855200721555	
-0.04318377126666951	-0.13801305114235068	0.08212498016754803	-0.016772853990540872	0.0966960552040998	
0.012085339825467275	0.02325347507390848	-0.019691675791293536	0.006551018158557659	-0.0300346742778299	
0.006356074381339459	0.04421077526655753	-0.08585054594154765	0.055203731687103526	0.02564178545423454	
0.03941843644877077	-0.039799817111088855	0.02078001077167978	-0.09408219904842002	0.04838180672462335	
0.04680924471112818	0.0863163128655726	0.012188067721923004	-0.08234999611927467	-0.2135711727316792	
-0.0638701310791237	-0.0860334495334998	0.16433745200358263	0.07124420659829372	0.17719408940667206	
0.09169600010397864	-0.03683498180036034	0.039110852955541224	-0.05041404941759688	0.023051202858732696	
-0.11553122328544033	0.21684306782535737	-0.2173885202124565	-0.03875947961294231	-0.12056458835330185	
-0.07615929942854419	0.29240224479560006	-0.12492937818641676	0.004430986386076107	-0.2626142845947483	
0.10829864759458915	-0.017763297240451132	-0.011199422259063285	0.0010742649991781518	0.011783632512980305	
-0.1092690930856095	0.17724225217357714	-0.04968906373079253	-0.07927382610771723	-0.18696245952296223	
-0.03047736685028163	-0.03253382217858073	0.09206852700097787	0.025607404151137977	0.051490210352951496	
0.05866280371591573	-0.14710342943182586	0.04796165583031222	-0.0015433469549978114	0.12644465685368253	
-0.0033776074239732583	0.11371591977944366	0.03925996565795462	-0.06485057417364355	-0.02637166494620048	
0.05884545808077439	0.09081540594040326	0.030478783669447115	0.07294136655035353	-0.19349603523185974	
-0.09515486155518463	0.05989549219323284	-0.17998708889350498	-0.05325653814580649	-0.19995646243438023	
-0.008754768553345518	0.13753104847483072	-0.051532332806446	0.03925435592134968	-0.12387046831985966	
-0.011399421713133837	0.053863503881905535	-0.14108426258921436	-0.04284346606376792	-0.013038861110016522	
-0.010494033468177899	0.06392787545741467	-0.08265710223750312	0.01768622487555354	-0.041196002006945544	
0.08291036646063996	-0.03824982295174424	0.057818226113749725	0.06526786260964654	-0.0032824657044753266	
-0.0772627289684425	-0.01953487471808069	-0.08940940228058349	-0.0048227781038708275	-0.08535280459096305	
0.10399537733845203	-0.04026220211664316	0.0950841817706085	0.04986463903983053	-0.01657149098337056	
0.06181566155076494	-0.025217321836735408	0.09608127484811926	-0.10190218326533339	0.03148223218273296	
-0.00025113089964494677	0.09738885605622175	0.02089103065540161	0.001862650135912856	-0.07698165968911364	
-0.10306279473450619	0.11727079783551327	-0.13218517463458837	0.10353753249909722	-0.1276600743166794	
-0.006966516295645926	-0.12287478790394753	0.14201280071658334	-0.02513575113937407	0.05743425184734	
-0.0038689666096139437	-0.08346586799333759	0.15465368930214662	0.03644290670843489	0.03955756682020505	
-0.0866053584562821	0.02317733465716096	0.03575589259177641	-0.0911298169569437	0.09426367946482227	
-0.005472220592911288	0.18180678403030565	-0.06476265266874062	0.047690499913758004	-0.2611578114610467	
0.012701894016758149	0.05032505558463788	0.055864098358845524	0.018692392125610757	0.010213731479049725	
-0.007572846479993944	-0.029850821758345768	-0.05332763905644047	0.02457947772924833	-0.06925336186745469	
0.030136740598566095	0.04414048946733821	-0.08360774816108875	-0.03972462787031924	-0.08984493720464831	
0.007828853730471303	0.044129999484323466	0.03431999077531187	-0.05739918458520589	0.09998453702180848	
-0.03167603573443689	-0.024305853199414685	0.16161993688395265	-0.058703065554811126	0.10917878203893687	
-0.0646321048329453	-0.03183370601799104	-0.12205792941343947	-0.09364007249318552	-0.15483060610727267	
0.04885985127806835	0.00026480784207450067	-0.009599931892131354	-0.06385699861882081	-0.05254610536588471	
0.12430511814611259	-0.05017673198371034	0.07705595203834133	-0.05525665187388749	0.055910707258389473	
0.03014717111695022	-0.08036635515696718	0.20945175834427154	-0.029426905589457063	0.05589064332524422	
0.10056298394255134	0.03004361146606064	-0.09437551060922257	-0.018604565248151964	-0.17153514707794457	
-0.07860795398765495	-0.08834018858260088	-0.13925375881567068	0.010005374847963988	-0.025267193857865997	
-0.021739466609115087	-0.09467546780208089	0.14094365751674426	0.014314337623925527	0.0923972835594495	
-0.028029869127970185	0.09095174250313419	0.06934038501953245	-0.01619467375278738	-0.05301515663820013	
-0.055508448621087635	0.018227634501281807	0.04746668836109454	-0.03226962273825844	-0.09095324118635566	
-0.07576124867129905	0.07909172956986608	-0.09734255378304948	0.015413984473266818	-0.1328328092323319	
-0.08168819348688279	0.03121896402846029	-0.10646937913690302	0.014434567633547172	0.06903441064459898	
6.490042889464176e-05	-0.2318246878440736	0.22814442751502548	-0.0866597252444231	0.5295591961692366	
0.006267758496227034	-0.28798568601231067	0.15116524469251982	0.019728573463482463	0.1762051862184119	
-0.020618612410239493	0.2459264674876789	-0.19828128066201958	0.042477297279449676	-0.09015695085712999	
0.028915452558176805	0.18269225466212333	-0.16844488373922414	0.08795739071396773	-0.167242227179752	
0.08194847860126844	0.037299011440424815	-0.02017131206574494	0.040051485734700756	-0.05777056782334743	
0.0692841606065692	0.1499982198733976	-0.2446803037274935	0.09978898370056356	-0.27797920894296596	
0.0317312865247312	0.07054226045386533	-0.005527297365895633	0.058459884224406594	-0.0667740437453426	
0.04942963147084904	0.15725303835300553	-0.06864747895416617	-0.01155279204448952	-0.11566483913683959	
-0.09705512097175734	0.04249774828636302	0.043961574215669486	-0.05377382841108335	-0.04426731842110414	
-0.07835641964094124	0.12209126580311615	-0.02515529516581122	0.028199304043092312	-0.07254512823620153	
-0.05587105409801567	-0.03752131878696687	0.023176949931858322	-0.03330749836908575	-0.034476770739650026	
0.03070523168143637	-0.014874250117988316	0.0731546846970427	-0.042972229769595055	0.08180041696177924	
-0.013768555804878116	-0.006336085038962753	0.007514845439575099	0.032879893870462175	0.033203737635577435	
0.05629184994357757	-0.1055291843253801	0.13209045264878755	0.027893424892595883	0.05839691240180673	
-0.02769577185451433	0.175980347458745	-0.02058585276735978	0.05516177040078455	-0.18870293220518294	
0.012291073759667039	0.14960009047935827	-0.14078645041366672	0.026094491070282104	-0.10313422276890974	
0.014462801073755402	0.05076015928168703	0.0010164567283090745	-0.030202127392789695	-0.19271046967495786	
0.03878600119893332	0.07403186020274923	0.045592516289166794	0.06740259579407785	-0.15783005562738334	
0.11982750400216195	-0.09843721030492217	-0.012768021648042645	0.09086651648636569	-0.2092300439836229	
0.06485698114646284	-0.026551392473663636	0.07650438320689912	-0.07436717965895143	0.31302486000433805	
-0.07529301447011817	0.22686011138725298	-0.1749223351492371	0.10013585733957366	-0.3453217198246849	
0.111804630343529	-0.03786324181610699	0.07026846295606429	-0.019632229385339137	0.04040910265380269	
-0.07914905759880429	0.06437089366370825	-0.025223520272831222	-0.09081184795604101	-0.04235803942979188	
-0.16751572121786096	0.17474674906608695	-0.13241566510702898	0.055265798103878945	-0.26078803706315895	
0.07797532983888229	0.13181800635109053	-0.03332071550809615	-0.004327165264937893	0.007380837243228562	
-0.029476311011010357	-0.08240107966226742	-0.04941919178660186	-0.018167122320411237	-0.009841707258077079	
-0.02119764794165452	0.20612514583903618	-0.1331060282724383	0.10330035994143316	-0.03525834466077682	
-0.03476778498095677	0.08142222862704342	-0.007036931833564425	-0.06555716724750434	-0.07761163154977634	
-0.03565792353973396	-0.07124749136067983	-0.03800654661840418	0.02538199874629385	-0.10797831479373346	
0.0691862686221401	-0.13083095159187347	0.09786781533222876	-0.025507960463663323	0.3051506212302083	
0.1097305300833685	-0.1527000920740122	0.11242860192046401	0.07079774555011496	0.07068948050169573	
-0.13524960445739992	0.4661676114081674	-0.5232547864695641	0.04777578599766601	-0.7261460253723679	
-0.1116792700064707	-0.04360298851113432	0.11343102132704785	-0.04514878843313302	0.0648083174769333	
-0.07494644922381942	-0.028957007086763617	-0.06505653233050929	0.030130079670386275	0.0065848489032328	
0.10250693785897369	-0.17478263832619936	0.17746719265984767	-0.0645365374864124	0.09059595339815911	
-0.08869834157522818	0.08231715055867472	-0.195661003081418	0.021443718171285566	-0.08320224218866812	
-0.028534441612123634	0.1322230276233711	-0.16343816424936533	-0.07540316920852111	-0.13683324697350077	
0.08541647706350303	-0.062186992815595775	0.012053015293911812	-0.024308684291310074	-0.026763289996944824	
-0.06095920480982636	-0.19952853741075027	0.10177302017400096	0.04993725053553998	0.27901203814448594	
0.10746163221671211	-0.1983389010984654	0.16213881367945357	0.00381407462369503	0.20326371604955795	
0.17342228975468973	-0.16327343131635808	0.2354470330588298	-0.080096716034655	0.21935068113171413	
-0.05351793729478943	0.43455826854869023	-0.3023704419537892	-0.06175278964258948	-0.366890518884675	
0.08869870543478138	-0.16220564888637592	0.1518400398609634	0.017134666718411268	0.2573778867971196	
0.10250615929322451	0.15928198914766312	0.007834023744251536	-0.04941666730903785	0.008974304831875215	
-0.07704388742782081	-0.07496973138938492	0.020613063397750264	-0.08734531162477564	0.023802683975248647	
-0.10052288914852744	-0.0568835556641404	-0.06951512798471511	0.030648638378080562	0.030171304888241254	
0.005206225812401324	-0.21123133788424772	0.18360375636182827	-0.04962153676549456	0.19572221496577857	
0.01975620581521446	0.15178192612918415	-0.18425880355518579	0.04469034798919161	-0.11861150165710975	
-0.05676732188328991	0.2676442297628053	-0.22379495801611332	0.04594063249202525	-0.07469256535273319	
0.0774215485622923	-0.1586355731622394	0.21960164009998193	0.07656382570166546	0.18375639231024793	
-0.0804163463377	0.051229849311897856	-0.08571587024767635	0.09981609027635326	0.11918812921155714	
-0.2794805430362207	2.147999522865639	-1.6446260148728333	0.2954202406429801	-2.537830067416827	
0.658053970703358	
