TESTRUNID EPOCH: 72 L_PCC: 0.8592499638339725 L_ERR: 0.011220623564315132 T_PCC: 0.8021823104350154 T_ERR: 0.015394295931273344
180 LAYER: 1
5 LAYER: 2
1 LAYER: 3
72 :ILEARN
0.045640374233694166	-0.22740435468973175	0.22599533930823107	-0.052863290797369455	0.40435757711155035	
-0.04607411800100481	-0.26242445394416364	0.1373129566444114	-0.014657516812729263	0.2672095819214572	
-0.05282193768595948	0.1772873412539975	-0.11420248127888649	0.05899265778737518	-0.3476080245109391	
0.0030615130535861625	0.1365939087101378	-0.10299103779702985	-0.09280675364066907	-0.3724249958389325	
0.059521537036991375	0.2636923991248556	-0.15751527428659617	0.04162198602378915	-0.08343465137541714	
0.08026722272836137	-0.04876358847471709	-0.010852484043799045	-0.07070960769395235	0.09944378379064206	
-0.15556125422097933	0.5993644172556656	-0.3538073955801752	0.03636354828151996	-0.6900425964716407	
-0.01802642658462415	0.07135842962200556	-0.008117244163116573	-0.0890151641596207	-0.07492078475590754	
0.06349256704860845	0.19415886659920134	-0.20453444412643168	0.05710064145458581	-0.3057695157838037	
0.009459936735281125	0.06150522929516793	-0.022217247391802853	-0.0420731904976087	0.06910053023233875	
-0.08025590068196815	-0.035982130300024694	-0.05659118949016539	-0.06182295890138329	0.07512451210796572	
-0.042307706410891294	-0.26885431978456414	0.2268518043503492	0.016540098333051603	0.49694107631462175	
-0.11947400234094255	0.38447876793317615	-0.2692429839649789	0.0011901932694252087	-0.5219106991626185	
-0.03477078161524945	0.22831783799467112	-0.24830206598141943	0.09902228721939639	-0.16292101212333526	
0.14295512995968881	-0.24240339668474414	0.14931374227719554	0.0649386098397295	0.35876719641296156	
-0.06443282643118	0.10780928458963056	0.024792424802296653	0.04456750621583388	0.03012758590562313	
0.020902551376606706	0.4507290026428026	-0.30852176310514273	-0.007620161885361847	-0.6230066719673624	
0.05392193544586618	0.2855677228549451	-0.13488151643206225	0.0539458947261773	-0.21176066581632907	
-0.10010180591307623	0.09233526876815053	0.0007349558903595877	0.014818184805555542	0.12593707363446296	
-0.028753335687672812	0.05565575596723287	0.06392280331700434	-0.09674540551471048	0.1898273859546907	
-0.07347008792827851	0.2819248467076848	-0.1748450385924514	-0.024678304141896333	-0.24829891368206608	
0.025912740929149736	0.06653003135649946	-0.028163084055444983	0.03688404285841596	-0.08968423228408659	
-0.05663218591431593	-0.04167759107003041	0.07806379720696172	0.017115718686083865	-0.15257878919772425	
0.07489521456731076	0.07061990343482444	0.08787163110237294	0.02310019342384508	-0.08287814386524141	
-0.04605924897241376	-0.25351497593362743	0.0642234553095146	-0.04285804514351438	0.38541994830353754	
0.04702040754625835	-0.03956343686149592	0.19042101685881138	-0.08283451168056861	0.06697821377219987	
0.0301875459626297	0.20656651944332585	-0.05830848114116838	-0.09696992717289862	-0.07583926379762554	
-0.016663108837576022	0.013649822575408688	0.0440842653737538	0.0584416353747769	0.154230764374754	
0.05505673020962282	-0.15213331610859873	0.024999420437810074	-0.0807563711958153	0.011815957504519893	
-0.15103757039204066	0.1549687426477472	-0.2385053713169775	0.02663342655162385	-0.3384106214655141	
-0.08539334531199717	0.003904227617032938	0.07371209245287694	-0.04348350938864247	0.09465310327513389	
0.06675649211707999	-0.011177476890725235	0.009599498469389648	0.08497092530662426	0.04254729024124138	
-0.06201797297092684	0.016743653743560863	0.021409884545785067	0.0824762006771396	-0.0566049916058042	
-0.10947750138139006	0.01416242121863698	-0.10663902124921572	0.05287820468415836	-0.14797757442051174	
-0.011805172601891746	0.16318748665872662	-0.0599441363745629	-0.031079351206465895	-0.06694649737660194	
0.032827602660758466	0.2478936073590886	-0.17446155248049988	-0.10368974337287205	-0.2750339886154073	
-0.0898910619599169	0.6297828899006971	-0.5444585403430324	-0.0770179908177092	-0.9199170665203505	
0.06272049508079529	0.10181285143434203	-0.07214041655103949	0.022099883939505557	-0.13226178997785304	
-0.045361027289431435	-0.08040665587349705	0.04034339223679085	0.06364415255783873	0.045399415383687726	
-0.007322576557737015	0.24320770479409654	-0.45812936409258853	0.035241279836984524	-0.3314389832864569	
0.05683051504185754	0.27985765355823716	-0.16381395366674445	0.03868873351909449	-0.44118248414813854	
0.026110128843936903	0.033274906770935184	0.07247150867922213	0.0931784278965902	0.09716798939869364	
-0.035626979412615216	0.3566965075013003	-0.20455749831209605	-0.04792851411269741	-0.3083623222804154	
0.046443163234886745	-0.17138642098561796	0.19368227269761362	0.080403771219503	0.01242672318038529	
-0.06774328532702568	-0.06852923901107455	-0.23151973573286674	0.05015832132051404	-0.12747052053630312	
0.11185395951771711	0.08467522508523011	0.08030918610456952	0.08273021401315855	-0.04618506380289386	
0.020655401241348337	0.027601904987663448	0.0764210807198077	-0.031130720247368127	-0.05717117729032449	
0.05761108204637419	-0.10862701514266633	0.04452082602128696	-0.009273661523272587	-0.010721059051064566	
-0.006087702715365727	0.056436262670936134	0.06969397159032201	-0.06839663979765628	0.06577384046173665	
-0.028800815495695502	0.12492758670197057	-0.2122840023654352	0.039099992780708165	-0.05585748091193402	
-0.09065908573494158	-0.07205671850745193	0.08754615456237741	0.07696916574114468	0.3665363801521539	
0.0804369958422133	0.11407879952520464	0.045733224705416145	-0.026373826640753086	-0.05640851647635867	
0.039927814828307706	0.18403971524549562	-0.03133342008129506	0.0395129507800667	0.02422683213778482	
-0.11403263410854268	0.4437147500021127	-0.38929117755123727	-0.024303101149832744	-0.29475852458502716	
-0.001599651898856419	0.08807821848823834	-0.045335898894754915	0.00029160153249035905	-0.10465243957466155	
0.014261107759620289	0.13802783834229995	-0.14710933372419263	-0.023778381091686347	-0.11231614711146379	
0.046685008956817195	0.217691045671036	-0.07902125602257919	-0.041726986867402	-0.12552018014708352	
0.0761703422646948	0.07914314605346609	-0.025431247539791615	0.004653577708803212	0.012680507965719198	
-0.04330658118483072	0.2581772587192272	-0.1940554260934658	-0.020494851033142893	-0.22638201147425405	
-0.13419371523662255	0.1357689097446642	-0.26836527032452717	0.09461026148697836	-0.21656258092691252	
0.08170337248652905	0.07550172710705491	-0.020178711339542115	0.011518937551901412	-0.07802147068389913	
0.0013751544666937023	0.0028317015948352	0.0269707903675704	0.024492013211721272	0.006939414449804	
0.07108946817386964	0.0789363547064051	-0.10063770448527387	-0.07569205219029784	-0.004769143014547366	
-0.011701801117850635	0.012348406369912718	-0.051695111743246966	-0.05268350716319582	0.21963801737179098	
-0.00430245460534657	0.06214140570225097	-0.14009507063762264	-0.08477938196398273	0.017217134467740806	
-0.0021546564743863115	-0.04865197329246093	0.07510280677718818	0.01443003715726567	0.019492558599111344	
-0.08584306750517214	0.09763133499310535	-0.06401262799423163	0.009680695004936507	0.0043224187506838135	
-0.06767295486865663	0.022289081774794755	-0.09483010357880729	0.06932640801151457	-0.11352203684143972	
0.06611475480860406	0.05191651338969099	0.09546416268895923	0.0684189238919769	-0.002983997782532786	
0.051979428130232416	0.03568742951729915	0.0964773991958217	0.06133155900307864	0.038973763593764164	
0.07563617875447906	0.09682335894653966	-0.004657321585715768	-0.04852363019202555	0.06834060023079823	
-0.009227424945327786	-0.04463830682675778	0.14420974988505778	0.05458491345939547	0.27740826992078876	
-0.034319331271766236	0.020364971770306658	0.06805851223861402	0.0126382612190584	0.05083392114176027	
0.00948499049569522	0.22873775455574538	-0.08046061132898542	0.009861522406306606	-0.17948039936600918	
-0.01386893572277043	-0.22616580714094503	-0.14739482470389373	0.04438156953076848	-0.2288230093481929	
-0.03646687541465786	0.1079203772997353	-0.058103432866178396	0.038142667968099	-0.10786917008826706	
0.002305512513373733	-0.14458211175218752	0.20683807282858835	-0.06940257088891016	0.1376625830674596	
-0.030124102161397336	0.08288947995624485	0.015869230626358505	-0.08830387679849479	-0.038424206747458375	
-0.06966707207619113	0.05251695918377506	0.03072996682190519	-0.09571977383566693	0.12054463196643644	
0.08784282809780254	-0.024104623879905373	0.12562607134153694	0.004216373363829793	0.136009247277305	
0.101821218720258	-0.0876994828179687	-0.06383811814842627	0.037505690655703534	0.07766674846738816	
0.09943064482819824	0.05437976516209235	-0.1649265963793792	-0.0721458575108002	-0.20665575883595888	
-0.08365621286476231	0.05237270586743734	0.004620619567535961	0.038569352532396975	-0.17291573503830965	
-0.008497348984633774	-0.004523908182598605	0.041950280767025803	0.06478180522149689	0.16876351918242566	
-0.030031979371989682	-0.2056103919478731	-0.01642612123937578	-0.09229401057087987	0.02692828209285184	
-0.0515160771663186	-0.10557259540594718	0.06876698707220127	-0.0072338294253764535	0.01788129772317265	
0.01570559669072651	-0.04770191093702395	0.002315873653914712	0.010326395728325851	0.11302948964725842	
0.0014522498825112011	0.026376749600516572	-0.024900350483158532	0.04569010277560541	-0.019608321813840736	
0.027325131321695183	0.004077687151684982	-0.0005458124029867128	-0.09273837977804808	-0.012111679804496733	
0.05674580206711552	0.12869328702252253	-0.06110363785094362	-0.07376466752073628	-0.10930883312553254	
-0.061360854279818536	-0.05899645302177069	0.11985612773836558	0.08748197679738123	0.3334560588328102	
0.11081333531526218	-0.1655446381407104	0.18976046771950308	-0.058525458253704865	0.06611482922175886	
-0.10270083651952215	0.18532343069276147	-0.22041180479893271	-0.038503773859303994	-0.03388064932171319	
-0.07395680634787925	0.3089981193232497	-0.16858902570835593	0.0030486174558093894	-0.11162704469533763	
0.13030437288195232	-0.05899300770439197	0.05449270192278767	0.007799634806907298	0.11625224766816128	
-0.10898258852341422	0.16020279431923576	-0.0018436768385913266	-0.08834778087871015	-0.22024247785712098	
-0.027119786224522352	-0.04003867326977886	0.0995254491259544	0.029744242431587565	0.15098266106834923	
0.047316601747100215	-0.08846511991219216	-0.007889281953015163	0.010829871139491234	0.08826665063720425	
-0.00649226109911243	0.08788778868978257	0.03126749405324509	-0.06299587259960893	0.06453594769031984	
0.06070672042317858	0.15748784177707736	-0.08767617923004335	0.08522347245244667	-0.11405230055883876	
-0.09806012679421539	0.05346938072502698	-0.22249472472188098	-0.057908636289216435	-0.2623854749936856	
-0.00911054527161247	0.14938753648684133	-0.016443529338327233	0.04642961253991852	0.0611594930540019	
-0.001481751733766202	0.08571209797353593	-0.08507799495584098	-0.052153795531322454	-0.0895794931414013	
-0.002565097915571944	0.16717006750823327	-0.049273542515694005	0.01442842962096689	-0.004932943474900645	
0.09191528140319742	-0.1120389778623401	0.09717885384085381	0.0688127758466533	-0.11114538360912372	
-0.0823975907973561	-0.04457340096712342	-0.0947056399576767	-0.005261459728108069	-0.00026422131817649316	
0.10733759955717476	0.0017568563379086392	0.0952940925137578	0.05337910932459143	0.06294716667371456	
0.06468617870115431	-0.12652049278760985	0.12306239596949634	-0.09921567419815626	0.09338877846193189	
-0.02321876818228355	0.24566552943741557	-0.1174128288705344	0.014367954838510623	-0.24436406763041338	
-0.11074649557234759	0.1811814658504597	-0.2630686370763082	0.10055987224126026	-0.10054417645225651	
-0.02258854346502239	-0.09484834604588303	-0.012416898510262519	-0.014326231521609051	0.0839377377152286	
-0.03319868373784322	0.08114555105070721	0.05935724765451191	0.05582262542946019	-0.05035075395659242	
-0.0894817307163515	-0.069538299806076	-0.056267516672695576	-0.09204204091497319	0.17989970923231097	
0.015812752976536774	0.10468682721294689	-0.0747303675804597	0.04580317361141336	-0.2761327799409327	
0.018596950184135746	-0.01294863623539206	0.11692361265272681	0.018766662401412147	0.07278292926097808	
-0.0008178441579631917	-0.08564458407744453	0.054860416964681774	0.025294670822009195	-0.17666103818280673	
0.036914523118382	0.036258974114430194	-0.05194368652680542	-0.04381983338733188	-0.20331371500447726	
0.009087069241085328	0.0807373677183635	-0.037124488481252785	-0.04222003474211486	0.07987629345862426	
-0.024726724113299067	-0.08262122633015105	0.2205218502829841	-0.05222661425193101	0.2279903563165173	
-0.06752891786598683	0.007037210824157839	-0.18027681833310427	-0.09741250683180584	-0.08201919431364392	
0.044273711694827966	0.041823178501042044	-0.061543281676365684	-0.056244497341557516	-0.02945865006748128	
0.12732352929374707	-0.08988480899488713	0.07436124140219637	-0.04436271636903543	0.11565380060330635	
0.013748496408436244	-0.04370286180187184	0.16042190031847212	-0.01044847198559241	0.1477572701538887	
0.07293113435006406	0.16696219267733806	-0.22783235316648126	-0.0023775418594641825	-0.16937780651174275	
-0.07409768195085563	-0.07899828865552304	-0.2368971932341772	0.013038930137457353	-0.2030536143709752	
-0.04504371188795925	0.01315918445933731	0.04936997974462466	0.03470187681152098	0.021675379855298382	
-0.05406180464864185	0.18283497029825024	-0.023022623335879393	-0.0046901606508290275	-0.08361459375508815	
-0.047230408862301426	0.038756904534361536	0.04391466390123459	-0.023997147196746036	0.14675523748333758	
-0.05852995792662153	-0.0280863572301404	-0.020768962812364154	0.012502711868403635	0.014531042288650892	
-0.07350915086529158	-0.021202585362670105	-0.06900610163356494	0.005912866260482205	0.04033896704720844	
-0.004966860350185245	-0.23385024179565486	0.18479209589154497	-0.08320323328862633	0.399983464690208	
-0.009050043839535811	-0.2838407911275002	0.13892160158288325	0.041783049893277135	0.24560510945621367	
-0.015001891524873355	0.2450330792840243	-0.19386876954884416	0.030844786186556974	-0.22497118187490545	
0.04064838072747589	0.16018882150240452	-0.1680099624956863	0.07090491070006906	-0.29204153114374387	
0.07368313534862074	0.14664157810287962	-0.02197691312411569	0.05897434821191855	0.10122736525958248	
0.06509386601979089	0.21371778144402473	-0.35764698573431536	0.09939656243233479	-0.32931416333496244	
0.044129358014188796	-0.03190819684331992	0.03198705250417818	0.05259699138002846	0.0091215583231608	
0.058653932469233484	0.16867606246798414	-0.04827367490518615	-0.016388207818502278	-0.1430597696440044	
-0.09205100854099596	0.014801530892842479	0.07434804607810187	-0.0585673862213498	-0.1995740036002574	
-0.06451135001609402	0.033378656949937045	0.02564387579735892	0.015435915477332095	-0.07085103724682947	
-0.06512001285019484	-0.032227511697859125	-0.0374498206565455	-0.036344288227106704	-0.05997658779181448	
0.017659092333494702	0.07568522832428867	0.009201462122507262	-0.03033986389068613	0.08614937419575205	
-0.048373486404709024	0.03733434738504909	-0.1654434786797556	0.033857883822329335	0.026143319201103833	
0.023453390178264477	-0.14581122470705823	0.05970356120168269	0.0345756441601363	0.20825513602203904	
-0.022783410369227167	0.14207012416172077	-0.042596348095448745	0.04482723929985751	0.006275801593348933	
0.0013390115723833054	0.17479946059834825	-0.2170433797071665	0.029490205057188825	-0.08514765982123355	
-0.00666014190518327	0.14951257670454327	-0.17022064679186424	-0.023904385607367424	-0.15697223317471595	
0.004783695656866571	0.1840870131023271	-0.1518323443749822	0.07552434276694683	-0.1032614747774516	
0.11970798180475269	-0.12227907183559712	-0.12212144956894222	0.0968199964664485	-0.12749288736637956	
0.07804695704928002	0.0024078352918072295	0.13869402411897258	-0.06470156919881799	0.11990342614785819	
-0.03358914353293169	0.19106610707938357	-0.022804433105206166	0.08625067074711001	-0.3303726278852807	
0.10648353210053653	-0.052646362590800765	0.11782179235163004	-0.019507742841802816	0.14849033651054033	
-0.06277340340658723	0.06528461658103273	0.0366834830115073	-0.08944353438460133	-0.09227502987546664	
-0.11900852148075668	0.2236312866062497	-0.12075000786942933	0.057938919071693296	-0.18486889375429538	
0.08413593088662374	0.016963715765123833	0.05362799904241564	-0.003786744796548082	-0.0831537979413927	
-0.041882206198147885	-0.13172719038082617	-0.05359295112441316	-0.024997498393398543	0.013877837052895334	
-0.011509291585842326	0.1326540529529206	-0.06929728930843507	0.09687592593576572	-0.06493808824280885	
-0.003736139974656729	0.041420094204895015	0.0277451337297372	-0.05871568444914528	0.10789903461602672	
-0.011849191246856398	-0.07795937345965966	-0.0516145160753051	0.03268523737177134	-0.07116612058476526	
0.07451770313234221	-0.10152619256200869	0.1224094229079072	-0.016959549283443984	0.10101049489555221	
0.11096232114632217	-0.14161824670214565	0.06833795630719863	0.07966607605196423	0.10391163748239807	
-0.11542877165928651	0.44847614808312936	-0.5509047725586855	0.019703748575061568	-0.8426866139191335	
-0.10943901285535712	-0.05475172623149815	0.099700265239482	-0.041838858750588036	0.13217135004912503	
-0.076567368240213	0.004442934264358854	-0.13152370539698152	0.03756540989836123	0.029029447641512655	
0.11063707986671915	-0.19197919363903387	0.17086600431535529	-0.05401167087311089	0.25732449141388086	
-0.0878325086264251	0.0825957145790613	-0.22588760413996323	0.016732931795018953	-0.11914402691577425	
-0.025451896300317113	0.13536031227121836	-0.20899468778747307	-0.07779414202740674	-0.1355469301099933	
0.08762132275430377	-0.045037196367787934	-0.030009291074072058	-0.01603068962372709	0.029394819850588682	
-0.057060634180510175	-0.3221430211184127	0.3062392407005474	0.05074323025257495	0.5261687671809879	
0.0902880632495259	-0.11865830857043354	0.07054998429520375	0.02070332895042735	0.17531733934246535	
0.15797096164288862	-0.0838423275511569	0.16565726902735414	-0.062285962771594275	0.19395333422567032	
-0.05184729577658885	0.4524224818876295	-0.43206221367774006	-0.08025432520357118	-0.5189152557613348	
0.07946100051738238	-0.13309619660100253	0.14106052279480716	0.028167271778313636	0.2692116359240576	
0.09411261614250555	0.22115093405642514	0.05370631369214276	-0.04738641525746508	-0.06611766054340378	
-0.0805777279468763	-0.03538621910116907	-0.06276009538275377	-0.07873750260049046	0.03701133302502809	
-0.09971164275352203	-0.030568436783530255	-0.13076979415416992	0.03623446725935059	0.030035815743303235	
0.0012773922824684948	-0.15609904459777343	0.10348685150132378	-0.036926531032629925	0.18008157250121398	
0.017164945676151358	0.18858564432575195	-0.139299379143345	0.04633041422241062	-0.20712629206211827	
-0.07145752011861034	0.35436621414653163	-0.1459273550169674	0.04121582000687295	-0.3010487848824771	
0.0651344628249295	-0.08991175902666526	0.13904056079351587	0.09200797057061165	0.16417817837620374	
-0.08123237870771353	-0.0021294066969293323	-0.00237177257647268	0.08674033947027596	0.04250523355890225	
-0.2497487092646841	2.136941065655239	-1.6972712783307016	0.18749762119658586	-2.5688424980998374	
0.6838424363437172	
