TESTRUNID EPOCH: 99 L_PCC: 0.857957397272376 L_ERR: 0.0068664658544977586 T_PCC: 0.740880377555886 T_ERR: 0.008094194453205476
180 LAYER: 1
5 LAYER: 2
1 LAYER: 3
99 :ILEARN
-0.05541911964759201	0.0850707631895158	-0.13419623784641146	-0.07131393780571163	-0.12216173948440741	
-0.0566514046401362	-0.08050463764020978	-0.007853089562079054	-0.01045685379815918	0.030739091482129065	
-0.0014872690531826972	0.019672139884661613	-0.042128747579640274	0.08892999154692303	-0.0805495839294829	
0.07866725180806404	-0.06511727103357588	0.05683974159837995	-0.030782737171311903	-0.011876021004277692	
0.05994980073988406	0.09919798476472956	-0.038466441706219566	0.02887606778084713	0.05670939268494373	
0.09064078620036367	-0.09406997696668665	-0.07991440952527334	-0.05683025837706435	0.08665952659782444	
-0.04052057941397214	-0.05720053909882914	0.13353129763814003	0.04320736532534463	0.08448332761544618	
-0.1275870068407111	0.13412689511318213	-0.029924746639713163	-0.18722977454169853	-0.07851928401784934	
0.19667859142839256	-0.06706147598980727	0.06928315755112874	0.1667293227162945	0.06251556110266396	
0.0020768440989658962	0.07375754012002622	-0.030846391245812555	-0.038895032253971416	-0.07370240260244003	
-0.08340403483245787	0.02889505736651123	-0.04823280349856686	-0.045255356307976	-0.001046497399564697	
-0.07440680343163045	0.002940259068328551	-0.055505212655470385	0.025609411970399988	0.052165760908023946	
-0.07268394881081879	-0.02082610827345785	0.044859259648760044	-0.015786500634305877	-0.09017936154925425	
0.03208113910695995	0.014727492286418493	0.02404852202943879	0.10195719475834074	0.03833694687903348	
0.10909924968177433	-0.1045030361601975	-0.039966575634862805	0.09027044441233426	0.010765311687449559	
-0.08918219231407976	0.11060738303626959	-0.051125084009684255	0.024717694100315032	0.0094153072004732	
0.06253735597373371	0.041700644935647076	0.03693294661869629	-0.05048488603086882	-0.07174211622591685	
-0.023748712687730225	0.10800479118021163	-0.029738022165037	-0.07699349108711603	-0.12204753205988311	
-0.0600804366774971	0.07686553310691896	0.006171160514292326	0.027630220718332283	-7.500911653027427e-05	
-0.04867937575715684	0.08156661932615787	0.01743876534433287	-0.1033533103827597	0.014407486328302148	
-0.026488114346466127	-0.00363178618690179	0.08508175644800235	-0.021151619217413077	0.08901265865390139	
0.004399312374776499	-0.08136041406276297	0.06378394562989367	0.01600616507452299	0.07440647023820948	
-0.12243109440586376	-0.0192189221961264	0.02547898531965676	-0.01783353340790941	-0.16238981457822393	
-0.10158041285013601	0.198171219870869	-0.0764269688816859	-0.10831822758587836	-0.273153571196773	
-0.08360355557283487	-0.09878926880527306	-0.08646110899555493	-0.04954379106813441	0.06946029623539382	
-0.08282180557913692	0.09198527676559784	-0.025093559069088472	-0.15996011159749346	-0.15431102042399641	
-0.2642510680295491	0.3693732276326008	-0.28115019832706234	-0.3700579507266139	-0.2957886075958427	
-0.029315153220119888	0.03664420122306602	0.0002176502825497908	0.09136320637356905	0.06823834795882838	
-0.047036568747164414	-0.01550269523160377	-0.149890138197449	-0.135464053194796	-0.17103295369075133	
0.03151281492901151	-0.14646985561072398	0.1516762078246614	0.1043144297011613	0.02116569215812918	
-0.030149031637368533	0.054689978803695326	0.06620758360909311	-0.019128906417556945	0.001113650886904467	
-0.00019135256423610748	-0.021152826368118903	-0.034163008721381165	0.04871696786802805	0.01178150504203664	
-0.01087901027696223	-0.030900402310835736	0.06379433017277202	0.09654057086538789	-0.029636715034152144	
-0.0554230574167891	-0.10749038415390635	0.036116009940900334	0.04740852689096724	0.04366699003125177	
0.02226732405279201	0.019012675758383106	0.07674162604413771	0.044466335168350676	0.09443679692141974	
0.06370787021724234	0.010386138715593957	-0.030717558410801454	-0.06719740307566763	-0.0013744419525177367	
0.05560878875250757	-0.08924918606263238	0.07727139140700463	-0.0575614238218232	-0.008188227234220472	
0.08742718116683681	-0.07444827381857047	0.05351273552337296	0.020643047181374715	0.09782514135238417	
-0.014723733095900958	-0.10765962348974012	0.07979794854045243	0.07870957871764883	0.10994464006746298	
0.1639773919238989	-0.1592271104570233	0.022841877875842447	0.08657211195850371	0.1715175745515922	
0.07010411683831567	0.033949917674069276	0.062436134081976756	0.0030699029649060914	-0.056579035319513436	
0.01910049220365247	0.00030824178668039406	0.03592657961830066	0.10442090883240925	0.10674699786134896	
0.01723245106167269	0.054268156221196816	-0.010843984425410177	-0.018763045564603266	-0.016141858643694537	
0.07083864477813967	-0.16380075187463852	0.161088463295808	0.1393161186404498	-0.007119875981747012	
-0.09511859535327954	0.005096782324950512	-0.1088492527635386	0.021781756226506403	-0.08873829373616571	
0.11810659792715404	-0.012219905548804933	0.11053749888826152	0.09794878388657502	0.11582245621516499	
0.02692032986177269	-0.024667776503000362	0.09610118393888792	-0.008286808474318685	0.0399966013775238	
0.05639190714352884	-0.1363819396946581	0.06102424134596783	0.026417586576731548	0.1044237464239466	
-0.014165512856446927	0.0551316101940432	0.043581240155794294	-0.03803399743752536	0.08731952932772075	
-0.023571814182396796	-0.03395284001538264	-0.07089939413539781	-0.025923180856563977	0.005103027703150396	
-0.14435342022354078	0.1480901955813382	-0.08021096577751269	0.034318113140577075	-0.05509614253526676	
0.10824310378495446	-0.028984759797163095	0.07690805217925033	0.00175095856452541	0.07217439815819027	
0.016518917089879914	0.11136815397247893	0.012876250383124684	-0.004268881902895295	0.016241331345496577	
-0.09748929573913477	0.09888240056301084	-0.08584881357560237	-0.09638046020530004	-0.10544271471156916	
0.0022028762272989118	-0.05637184852547366	0.044417100281458524	0.0007575477372574378	0.11097155053946292	
0.017451377248695412	-0.03716184440919883	-0.03080128077815174	-0.047609573518282156	0.032608516678962064	
0.028538318237982856	0.13571100834243735	-0.01744502677952893	-0.09796190093397932	-0.11732582630645776	
0.05531755808250915	0.024568419389668746	0.038078362479122684	-0.014467480498262476	0.011935822180928791	
-0.017207754733978144	0.07484544327341121	-0.011402581032736432	-0.0353426977978389	-0.05867498177544667	
-0.13860511409109766	0.03792702627179331	-0.14497968434603986	0.027852491086745135	-0.15088105964046283	
0.08598869178890851	0.051322128901104914	0.053784869268262196	0.03051710517423922	-0.04013711171583078	
0.005802406210234226	-0.04273773144484245	-0.045397060370929526	0.02760514043092478	-0.029812575767397397	
0.1019769866904401	0.07061951303577402	-0.034489737305960354	-0.07819578659188745	-0.05254247994564566	
-0.03407172528621844	0.09126499313395917	-0.09825155092740526	-0.1073784628786188	0.004882773615293573	
-0.008809455661654949	0.020337943217057577	-0.05030221621625369	-0.07998747167081928	-0.0005968757959195259	
0.015500511319101677	-0.0875625394996484	0.041755328699405896	0.02291560755391674	0.050233991247779004	
-0.08196620960570968	0.06630208985038279	-0.07161951770533297	-0.018432169057932768	0.030728336917683646	
-0.06298421241221522	-0.05549519987151101	0.10077843508887399	0.08077280316097543	0.02552495376320447	
0.08279986758797507	0.0868904036775697	0.07048393894398439	0.06843838735321522	-0.08406081454916559	
0.04157120347191119	0.022119064961490513	0.036960093723147354	0.08240223111129455	-0.06972561967510492	
0.03998954490319202	0.058069312434347736	-0.05575085113836359	-0.044839752206366316	0.015454200312473151	
-0.005571496843363727	0.028350591400524205	0.014004660724470376	0.08448661790360353	0.13192805558338308	
-0.030557385531122618	-0.08396209196041315	0.09364123175127506	0.029425341255600795	0.11313106320735397	
0.017388883513912393	0.11203568181192163	-0.0002495321910056553	-0.0020922337328799926	-0.09539367234533588	
-0.038614513001800854	-0.08224214835064762	-0.08461825786940197	0.0246416697521853	-0.12093832500215379	
-0.016562849504204502	0.0670462450683419	0.04268882139628932	0.036066997111034865	-0.06024150779589053	
-0.013146280377407407	0.019750812202940202	0.093608011262059	-0.06524857541657057	-0.057254485873855676	
-0.03800481912317442	0.047440853729010884	-0.0032530307768463963	-0.08731332900687826	-0.005236308408736037	
-0.05688194107266522	0.0624118911472045	-0.04193470832897033	-0.09774624543354038	0.009413270817820523	
0.07448814027879298	-0.03493237489773262	0.05610214880128823	0.014484208091590614	0.022005624489392812	
0.09751331851557485	0.05724492259842967	-0.09260190997030031	0.04202488422757792	-0.00936611402445522	
0.0669585857141998	-0.034906634202636844	-0.07084139277324193	-0.10285900159459616	-0.04940805331946272	
-0.10098391053715916	0.04603691241536343	0.03327548652682494	0.014112602137290422	0.016857370635171093	
-0.03118755875822549	0.06027944280508693	-0.018942570833881543	0.06242193455943011	0.021154917575790206	
-0.07981832957667417	-0.0693512478788748	-0.11536714750612313	-0.1085020264283837	-0.04070720904097556	
-0.11893823165286092	-0.053365458657690885	0.005505750613070707	-0.055430866232819065	-0.001366324653564743	
0.005919107970584993	-0.03458183152074573	0.010106960386909768	0.015252516526338127	0.08171089436304274	
-0.0008378608245364698	0.06565894635368304	-0.07704180486675005	0.06200392391994303	-0.06381012587072775	
-0.0361756437159956	-0.03715590104386184	-0.058363372638468455	-0.1552734819077011	0.0026070550888330295	
0.09250324647536881	0.05570907214636843	0.08526073039513683	-0.07395961760192683	-0.06895905410393448	
-0.08033008530365564	0.05050174395774828	0.050465865185587384	0.06589316700709498	0.008659013716870292	
0.043661930792015094	0.07829307153012274	-0.02127216100125185	-0.0461731662836824	-0.06656821610119126	
-0.10037525958299177	0.09406653546563598	-0.1039491483197472	-0.07926309739258716	0.024755068859970086	
-0.08719086826942708	0.15696822676977987	-0.09978120301107796	-0.04643901062161336	-0.11869531073725749	
0.11573254680566372	-0.05918135019850726	0.015626397899507923	0.031143911291524756	0.12088406406531903	
-0.1312168560366704	0.08131581904059294	0.03309135009435324	-0.133403086499372	-0.05240244048161021	
-0.04432690748354359	0.08232314192363502	-0.004174605286194195	0.023682642855854464	-0.029432137697519956	
0.018319404950537972	-0.01708818090368452	-0.0771387835103319	0.014670697958535673	-0.05088109468764113	
-0.08517490673299927	0.18022597061023496	-0.10331863653402056	-0.12960923901789723	-0.15291145485042174	
0.10413332336439292	0.07606976007422094	0.07938069111193126	0.08981206489608903	-0.046441669618658324	
-0.07867365161465936	-0.0569369644340068	-0.032441220782994974	-0.06128309271730171	0.021618844534928846	
-0.04678996132069478	0.09419280813937041	-0.09876000437198432	0.0003264747089933407	-0.10293580947121035	
0.014634083292113461	-0.03155910077977451	-0.09352516199077408	-0.06272910475101517	0.022968006885597362	
0.01624795129731379	-0.014207351493069245	-0.056121493121621326	0.01819455954091622	0.10840536000021667	
0.11372071688325337	-0.042352123576067796	0.16290573369532416	0.14177674525931014	0.09204977342508969	
-0.10621862502708013	-0.07096454409322908	-0.10760721658964893	-0.030722842000108216	-0.04584435900555103	
0.08835397394347053	-0.06851738080239744	0.08194137954175348	0.04077299725328226	0.05765374311122083	
0.025297194757578172	0.04045803109705417	-0.013362732221900235	-0.1110050378340804	-0.05118935018488982	
-0.06325444636640232	0.10814116950754493	-0.07650851502999596	-0.08052274630924168	-0.1603597072847911	
-0.05798558182639555	0.02287029424796151	0.009457953163320218	0.13638865964843516	-0.013538956824309823	
0.025696040642881876	-0.04691184934830435	0.11001695281874976	0.04470804413073468	-0.008027302464933961	
-0.0689265307087993	0.031242480050055626	-0.003372172983047805	0.013099549264508502	-0.12281486314721268	
-0.04897455045201859	-0.03762931589766627	0.10537621327545273	-0.055084036882516695	0.09167435895873743	
0.028574155002915904	0.0063034505373734916	0.0705889777659681	0.014135276144248757	-0.12333484911605559	
-0.07463843075913135	0.1529016930419028	-0.02123348167242738	-0.046985744922013566	-0.06841894297865701	
0.013488271241077474	-0.04353950048516656	0.008487810616710315	0.028696120885102712	-0.03950782849882571	
0.0870490826265624	-0.07761910408154245	0.0684120389361141	-0.025554521931697105	0.07249965265999206	
-0.036662204156993214	0.09374869381299253	-0.061495305768656076	-0.09189921510984181	0.002436160135626523	
-0.09861532996190198	0.11546451143947659	-0.01850921773726027	-0.12007009447001243	-0.14707104293947781	
-0.032220616141670905	-0.0909653541490943	0.01346961504190416	-0.06169420506590548	-0.04640133221329911	
0.04882597357757619	0.0463682860817918	-0.07070598745448717	-0.03935993765700088	-0.04467289074948728	
0.106709413886636	0.029782539408334894	0.03369816056811744	-0.028098662000369635	0.07731745090831442	
-0.014311242967585529	0.08453384612615998	0.042596427793151904	-0.009170029300441463	-0.0786429631612671	
0.13104369515098463	-0.110963833733673	-0.01289874924685844	0.025252896380587416	0.02876222486967894	
-0.16495153283425304	0.15149170680410848	-0.16878215000794888	-0.06626080750387446	-0.08711315936732583	
-0.0518611268573567	0.01924385932531356	0.055970769495553185	0.026317352306973366	0.015638411351047963	
-0.023077847264445242	0.03080411735428798	0.1097687333681759	-0.0014121608216072572	0.06944549316164297	
-0.06096742824324586	0.0361762250037894	-0.030846211240592454	0.003851111064404252	-0.012353212817108347	
-0.09417185112932798	0.09625441055207562	-0.039075005120992976	-0.015930724386536324	-0.02753038405622827	
-0.06624274633180015	-0.06637530275693519	-0.08432160627841374	0.005600118849825998	-0.0379850469825472	
-0.04424812706566313	-0.05490535075890407	0.03438055736934258	-0.10295488812173392	0.06593938922476057	
-0.05312497851947897	0.010141866766916236	-0.07980775950533284	0.060182394869993	-0.06187215312288448	
-0.0063282870685802736	0.06536206669140796	-0.0890076925254737	-0.010036631718058932	-0.07977741266894647	
0.01852691549611832	0.08643730883783339	-0.10804945342471914	0.02627952619633522	-0.15200166002178997	
0.08479927193883309	0.0034288820141962595	-0.0063721224751325965	0.05922078975576752	0.046642863468811434	
0.09519096094097104	-0.03831386613226715	-0.09813663301470694	0.08683849579670137	0.06393160355616664	
0.03204195495802551	0.024893760208004767	0.03169063448490856	0.04928573758620583	-0.04406044768097159	
0.04921252709704747	0.0633198033325369	0.01015562687218367	-0.04051912263578806	0.012890351191824802	
-0.11639454838710697	0.07458730457737965	0.055390701133180155	-0.0802488576224271	-0.1027611054937058	
-0.03794124072949386	-0.05887347228530879	0.08950430763794415	0.026975058813754258	-0.01771160728871089	
-0.01927866207470004	-0.10275990962003723	0.07853333846262937	0.0225421550562911	0.061019675081308525	
0.019318876008491713	0.03707303262306836	0.01615410851363451	-0.006399978178282145	0.06393547331885503	
-0.04642932710944201	-0.00998574249551733	-0.02821752241283615	0.02416346114648727	0.07727909056227283	
-0.010268573050277568	0.062232338469732286	-0.0102333978984479	0.02376227888400606	-0.08515192835785733	
-0.014653482467105662	0.08618195441635666	0.018305730889366593	0.046576270105263995	-0.014430512460971184	
0.06635773756020688	-0.006932086453862016	-0.016409371607411682	0.0836412029751377	0.17865726087758982	
0.015751456320969776	-0.07786366642489076	0.08651894486856668	-0.03233346374914717	0.05687848262866748	
0.055708322632288754	0.05263710430070247	0.0586448834010647	0.09631209814102168	-0.054987087872544894	
0.16394207431950275	-0.14599560086367774	0.030102336420644225	0.14037159488929918	-0.022322563918086586	
0.03265278637762544	0.1001190611029359	-0.04015872523950202	-0.07378141388075891	0.019388785262524983	
-0.07111131196635005	-0.0047270153717806395	0.013479019909369191	0.011920416276729854	-0.088896926186353	
0.1070607317942505	-0.05320195643212257	0.0735408521905449	0.012310021419541618	0.041973232343289535	
-0.07370910861122015	0.1027144344067109	-0.05416631484327138	-0.09088303369423602	-0.0839988468311712	
-0.1440895141461907	0.10334964781808932	-0.03926063419392335	-0.0008974375245177917	-0.07714146417811137	
0.08805834260712557	0.012069614011127484	0.08370055874786884	0.0036870339251598412	0.05334481961483168	
-0.03732318503785962	-0.05966324907195582	-0.03976142338486277	0.002573440850932532	-0.026235199805423118	
-0.0392419773176405	0.11922940503632486	-0.05588637357078524	0.07431419452378182	-0.006323757547844081	
-0.008080313284766836	0.06271179005015892	0.03592888051842326	-0.04568182583801655	0.060373267854606553	
0.011415441374826044	-0.04538176027782128	-0.008413660217268372	0.05398116773068467	-0.027464716179529818	
0.04577345137449372	-0.0327339589246195	0.0010651874634590797	-0.0055912928509407895	0.0535106145689412	
0.03542222470857926	-0.010598661233025043	-0.029743561682825877	0.024639562534385456	-0.07892258205366313	
0.17449014257318193	-0.13000887450490684	0.11568150254601237	0.11709054365854636	0.057178269021021404	
-0.025253602610398218	-0.08315016766382413	0.15928359674398407	0.02769928875454707	0.13418393767520276	
0.012680037637796994	-0.10519439502840632	0.005273541707191419	0.10817913487689848	0.12469588851203486	
0.04641534728940657	-0.0687479815513974	0.04154321628688196	-0.05687251557834191	-0.030768298702423407	
0.03558385268716365	-0.08335998604188986	-0.02559599243201494	0.07743793556819774	0.11370418808570379	
0.07250428296127774	-0.014817554690678346	-0.016937855558763596	-0.03033362909835874	0.05478192145630114	
0.0982004638236055	-0.07452871129359424	0.011507034101427104	-0.007592760996205645	0.005495339882371734	
0.033402996847495134	-0.12021820233997581	0.0594610997853464	0.16482026225812066	0.18308996733651678	
-0.1473908711298254	0.15370311227206468	-0.20981293181509048	-0.12698662398480154	-0.20861786776756863	
-0.07285247357165632	0.17585332431992237	-0.12201662241988383	-0.20664008286366373	-0.18271016583596178	
0.16241854598276673	0.029091360180677952	0.09484599882022433	-0.01661493908337967	0.1019192628814994	
-0.08621834298221183	0.0950702762627447	-0.11541656656349335	-0.07296618790739189	-0.050988387869749456	
-0.009328705163829358	0.08708004468022343	0.02669297187851654	-0.13194681179808443	0.020230100698588292	
-0.043077357165731606	-0.10276686598530974	0.027076702281782387	-0.04639900323807634	0.0661487845515694	
-0.09091271366534896	-0.03152900842784033	-0.09101176414911398	0.026734545736576073	0.015537550247355215	
-0.07218620587287697	-0.008334195301244213	-0.0024166616652089344	-0.0869977993240352	-0.01209244287368796	
0.04887770520099846	-0.025697593494041198	-0.043667986280395414	0.07073307515244678	0.02349182663198483	
0.03564445628624842	-0.0839850350824082	0.07684809206137835	0.08956706774999516	0.2174839895784726	
-0.1400466042608211	0.16818147598847197	-0.10845041657667247	-0.03626552807610458	-0.1736463612255491	
-0.05639564846501798	0.07608709349505013	-0.08845108070543706	0.10462216465913876	0.038519802718479615	
-0.6261739389320521	0.9399210630118253	-0.623103955057122	-0.7063783873611976	-0.8744954777308801	
0.08723089257242184	
