TESTRUNID EPOCH: 99 L_PCC: 0.8724988568350136 L_ERR: 0.006401415866760671 T_PCC: 0.5701832722623362 T_ERR: 0.01494307974737088
180 LAYER: 1
5 LAYER: 2
1 LAYER: 3
99 :ILEARN
-0.0190260999320613	0.06340437604018148	-0.10942790755358192	-0.052049335718678674	-0.08893003878896463	
-0.06414727610490346	-0.0706838461344846	-0.016261434305990394	-0.016100032667360497	0.011867722660455002	
0.019413084790165486	-0.0029161474225065064	-0.01330183375833186	0.112232298710984	-0.04865990722386236	
0.11696885698795889	-0.10941502193807108	0.11642675116869797	0.015221701938276664	0.051521028102323736	
0.0745398757414684	0.08771461420544452	-0.030854316484564413	0.038059901766623036	0.0714915813439459	
0.07828657191236857	-0.07850523467675267	-0.09588434145991091	-0.07090923880034043	0.06693815577513586	
-0.032816871445014224	-0.0644252801984634	0.1496616303723813	0.0523470416372239	0.09731016398180072	
-0.10696180435244164	0.11843773396384398	-0.03162582973080713	-0.1765291295809865	-0.06410547734317926	
0.1425505523778163	-0.006684244661729985	0.02095167360996216	0.1108792272800467	-0.010753763175473451	
0.01400617939643189	0.060423709621482524	-0.019512601999635133	-0.028212014454411263	-0.05579597568308674	
-0.08431658888936716	0.027094167420182714	-0.05207188148388761	-0.04563413533745085	-0.0007642869697905466	
-0.08461777454836744	0.020149159497138754	-0.07153112345477523	0.01133132652789015	0.028909247278612233	
-0.08095997302345502	-0.01238440367165585	0.031209418190290494	-0.02584594001723302	-0.10222050554963451	
0.013137767359623397	0.023687313418848006	0.0049614142241809905	0.09009288321559909	0.020632685256912087	
0.11267939101463711	-0.10647136771748168	-0.032406621507416064	0.09246734061745633	0.017416442022944015	
-0.06839066471469342	0.09784568030095656	-0.03807295606096167	0.037812376570257676	0.026962888561094054	
0.07755732642419282	0.03045881135497079	0.047368803291109284	-0.03947988178660048	-0.05728173680481409	
-0.08537841083943859	0.15451663228813659	-0.1212972416470117	-0.1316597903366854	-0.19322359432452071	
-0.08679143010849391	0.09770837874102524	-0.02391808583606769	0.0047506077561416385	-0.03201489151553926	
-0.032544715246785066	0.06692131462112862	0.031119431655685665	-0.09093384912510301	0.03445366088367439	
-0.032643205317579145	0.0026013276178928546	0.07740389739890688	-0.027237002321291948	0.08129494839241427	
0.011753261994896728	-0.08630269108992848	0.06762320265296391	0.019915174854584636	0.07830640665747511	
-0.08388492479447052	-0.06119948820807282	0.06368953283925734	0.022739417738697778	-0.10724220225323379	
-0.05637087278327271	0.1567957525169261	-0.0540473300698678	-0.07236769393742533	-0.22514406738822382	
-0.07755276178990898	-0.10959036375076696	-0.08084765407096431	-0.03978329668264028	0.08243507805560141	
-0.08703533049772395	0.10973721947858933	-0.05462411536481155	-0.17957945605072495	-0.18056774785594648	
-0.2315447441261925	0.3615389755706427	-0.3109774044982832	-0.3702481323044633	-0.2985929338644445	
-0.023450858812991096	0.024908019853761374	0.0108738906283199	0.10218089288113182	0.08457060562442066	
-0.0005922883106987564	-0.06317512862711298	-0.10201863054765282	-0.08779758435049581	-0.10750026219615622	
0.011268204306477899	-0.13751505999147598	0.14821386139654585	0.09738969217065921	0.010437153175484616	
-0.03763028356895191	0.055092639853866754	0.06480295980503585	-0.019656277070136723	-0.0011258367407440124	
-0.010237000867718128	-0.0013131926586619168	-0.0607601499357719	0.027933773545751724	-0.01600574023214065	
-0.017834949284805744	-0.02808394205458296	0.0613080138517341	0.09418472086416657	-0.033988692651058215	
-0.034655725472876944	-0.13852853588118164	0.06796470315053547	0.07694951777913263	0.08156107365519985	
-0.043529652075377116	0.09781845121110419	0.004260797442168258	-0.02850519884121535	0.000528779441199552	
0.07187195415686783	-0.0006209446276682072	-0.015311812897392493	-0.05526076851547118	0.016504384156481297	
0.05808374552180292	-0.09506977692729	0.0878323815947091	-0.049773574450510435	0.0030606340085848347	
0.08127506953665535	-0.0733563747396735	0.04173796456181563	0.013359170393181852	0.0899880572508568	
0.02204929440822842	-0.15484411617428204	0.13416234271315386	0.1251615813514304	0.17076272338436693	
0.15047796873828026	-0.15422081707791568	0.020593569923813806	0.08284451570599348	0.16487485723330683	
0.08886739863014505	0.019985878986231144	0.07436808003844551	0.01862659190328734	-0.040777221723953115	
0.0034500280919963814	0.017477121225938398	0.015126480086981522	0.08717420034350594	0.08321094175130063	
0.03495116372256644	0.047694137206165534	0.008561374717103143	-0.012404146767284574	0.003923770703440715	
0.07250033835214702	-0.16122292312432027	0.16792104516223008	0.13742978932923142	-0.002721024170465323	
-0.0805009408263043	-0.011126699990857112	-0.10229006653359861	0.03564655031075872	-0.07232022163181276	
0.11609430981471441	-0.008147688285029002	0.10765179085464989	0.09358669045349012	0.11121035998066989	
0.019847754768903093	-0.016126996860178752	0.08905681672361644	-0.01635481612561659	0.031431903035415	
0.03834855053984964	-0.10709874685363924	0.033099949750254494	-0.0014871850580534982	0.07053043013219917	
-0.02712173253164032	0.06951392338543487	0.029832398589598935	-0.05300223300754558	0.07178063483759976	
0.008396846515233756	-0.07492813357322893	-0.03805355331265458	0.012106505270118684	0.050949336529745794	
-0.12129002262333567	0.11174653055253429	-0.05459091728313072	0.06535361386167579	-0.01643799715989741	
0.08759538402002832	-0.003689590642011631	0.05258668484696089	-0.02193701208635432	0.040772724491222816	
0.039448298154449925	0.08059367352753286	0.03741885851303982	0.022750605977564706	0.050732323732506246	
-0.11957995246343969	0.10800196087197546	-0.11148869271815205	-0.1080171270577098	-0.12361037644258466	
0.0017131130613452518	-0.05427729624122113	0.04116766612416224	-0.0002577920758565475	0.10765378517745954	
0.02901534638058775	-0.04201531115260859	-0.029352648120315843	-0.04270410472265489	0.03658933225379575	
0.06143534038654326	0.10492218036136437	0.007826571631223236	-0.06806108020808978	-0.08453857292362953	
0.0393437239258088	0.034166710484703544	0.016753866394094985	-0.026068131395683175	-0.005528565589488568	
-0.03599356835797507	0.08670219604777006	-0.03049782715283567	-0.04830576687678788	-0.07799477698745728	
-0.10311676859694728	-0.0042750147094701	-0.11179604516566825	0.06751930891599718	-0.10507220899123343	
0.08639776872281127	0.050243792757289234	0.057131567818154164	0.03520858264213341	-0.03733713868826444	
0.006629583953951383	-0.04845547781458016	-0.04239774692099043	0.0341219691676956	-0.024425653202598752	
0.10884181923348038	0.0606524592718088	-0.0269823265178866	-0.06580959736043321	-0.044691225194749565	
-0.004564136966985392	0.059357746158723204	-0.07411819964476028	-0.07367591298504274	0.03972496541989146	
-0.002972518020286349	0.010244245119217987	-0.04535022246604353	-0.07172615711852327	0.01087380543112301	
0.0035995105072325205	-0.07888546506764459	0.03160931151880884	0.016526937276975365	0.03706898091880401	
-0.07095744476356126	0.051723869065301985	-0.06231261283432576	-0.0024122615088760365	0.04566539963984642	
-0.058505826918293626	-0.06363669251310909	0.1069371018419505	0.08991784839701032	0.03461158771845875	
0.08411865635137965	0.08222417904052452	0.07006742096930867	0.07303222282435992	-0.08140669422846433	
0.02459015228397376	0.04130571496918699	0.01854189805302305	0.06112889427630574	-0.0917470188567227	
0.052588419403127785	0.043804112239632924	-0.03906963965981157	-0.03785513848035358	0.03847879930575792	
-0.018089367075210364	0.039380930844792966	0.004722788592426401	0.076925944143567	0.11743560300549982	
-0.03496021997256831	-0.0802678397975787	0.09255241979440741	0.021964961779920814	0.11167483197305195	
0.019967151897363235	0.10876538251374461	-0.003091412077515341	-0.00482742149953889	-0.09095266277052448	
-0.07320997600730422	-0.04103098504121648	-0.1372300264281219	-0.01499969475932666	-0.17823331587030852	
-0.010601814018795444	0.05827472092259522	0.04926228664203777	0.0469478994942127	-0.05116133302012045	
-0.008027573904368708	0.01252336507838276	0.09845393330141719	-0.058242364798182886	-0.04926288315289376	
-0.04142744788692765	0.04690776542845192	-0.0105174094138239	-0.09002644737236701	-0.006381906440846329	
-0.058755868776821596	0.0623475320287655	-0.04754640142724157	-0.09985679272942265	0.0077891482780673765	
0.0652139408913538	-0.026153528807248642	0.046319956955877435	0.004526828981466659	0.011810783639604526	
0.07670142082843767	0.07620968097869106	-0.11762887018679806	0.0186732264670253	-0.0382227480804107	
0.07286283277932991	-0.042900083674380515	-0.06929037884280337	-0.0992328727124761	-0.038916743343761155	
-0.08961312319078162	0.017753002847764415	0.05336167899378989	0.036812162060285404	0.052181535805318	
-0.011880815938739938	0.026762439441001963	0.014914773074392764	0.0925184842636266	0.0642653118827588	
-0.08094507615120584	-0.07081897985811314	-0.12405369002448861	-0.11017940808932294	-0.043623865811247546	
-0.12116516869192508	-0.05217973386090544	-0.0030374884091068097	-0.05948681709233656	-0.004261512926899785	
-0.018788033740642956	-0.009404493738602472	-0.015103644623931647	-0.010903658507574767	0.051650541006634736	
0.004614917115970637	0.047559571340270994	-0.06278122024206492	0.07541801908162857	-0.0452828202818611	
0.01048642606731222	-0.09155150581097876	-0.01070503539459634	-0.11035115593456386	0.0731353347978216	
0.0918447715757652	0.059903370832773646	0.07893036804094977	-0.07606990833760466	-0.07713790020150288	
-0.06432385948910768	0.04263252169089403	0.056524965461942044	0.0789191154037262	0.015291095416796924	
0.03390374664101173	0.08459741659748922	-0.03097040560376636	-0.05487921655689874	-0.07436950082664694	
-0.09164441778587341	0.09088512120605581	-0.10487191254157859	-0.07415038882436462	0.026294110642519262	
-0.04337369067425942	0.11974848256447831	-0.06849148325935538	-0.013457225971764401	-0.06965874931197541	
0.11991102948608807	-0.072544792141316	0.03189817095522377	0.04165677347659515	0.13548532985475625	
-0.12569325129011916	0.0684212917827435	0.035069002061803224	-0.12645765717322976	-0.041433112868046046	
-0.05161076738327536	0.08833956541572613	-0.01621615834507974	0.016840267798296036	-0.04036257268129717	
-0.029246524204446147	0.049001300076127054	-0.15777423479003677	-0.047727038655067965	-0.13007138434290236	
-0.010006517877887677	0.10706769394757586	-0.03582589333626489	-0.06834684071237962	-0.05450333161609269	
0.09085664582319904	0.09453425108942438	0.058093179173357386	0.07234366294114718	-0.07250668725807534	
-0.09261332244868475	-0.04307095379496093	-0.050111769904801005	-0.0781345766047246	0.004249983623153609	
-0.05270158198897212	0.10256615842597003	-0.11874746261226678	-0.009204915245629185	-0.11946675395203253	
-0.00862170454029515	-0.005818295990806739	-0.12633722419453874	-0.08838436753852044	-0.01292959328070525	
-0.009558353323883396	0.017758855265045018	-0.087354040907052	-0.009808851927042058	0.06553546600472347	
0.102844212498004	-0.036815835269262305	0.15935650710887356	0.13411628115105179	0.08875775814194786	
-0.11468395876858394	-0.05887205220030461	-0.12377872398981435	-0.041279851552171794	-0.06598943874057163	
0.07520009985191771	-0.04428245642781577	0.06074206100514289	0.022424850613458034	0.023157018811917774	
0.013622010701711833	0.04815066487928146	-0.032326532300843466	-0.12255461750595567	-0.06536278531298072	
-0.05604262601998038	0.10239492352836885	-0.08463452991888476	-0.07685613846878543	-0.16262409523067026	
-0.055817448789862466	0.019669785348954007	0.016858985391792324	0.13972758427445045	-0.0016115372163442103	
0.01684519510767693	-0.04014839424560983	0.10766407460480995	0.03929120530315492	-0.012649980158251181	
-0.07674117864608306	0.04171057977880637	-0.023531666080009974	0.002108038964116569	-0.14228472106569004	
-0.054714303436670345	-0.03333592838885629	0.10506857027580292	-0.05804623528693277	0.08974806765718	
0.04699127025386966	-0.015926200909575628	0.08723457730705145	0.03500847993736705	-0.09758090791643748	
-0.034317538000591695	0.1001768301136717	0.018509401803230508	-0.0014630058838222399	-0.008491376475300712	
-0.012613875004635415	-0.017851538488400518	-0.02697700850291868	0.0006109546385303853	-0.0745175223814222	
0.047906240667680025	-0.03757760639511756	0.020170804745176647	-0.06639548989633196	0.022627681123471997	
-0.01923796391336502	0.07227989190504554	-0.05143161347268305	-0.07340309508983317	0.024425752175123924	
-0.06074683701465829	0.07453679695301342	0.012314139078436185	-0.0822942292802684	-0.1009138144141991	
-0.02838810616986287	-0.09367930007569408	0.020023875213086118	-0.05948381225791111	-0.03422156970040107	
0.047858252354548554	0.04708632436134294	-0.07062024119493539	-0.04046340950871438	-0.04278572815126121	
0.13336001313271703	-0.0020532855545977633	0.06713280699400849	0.003076834484351955	0.11962606192268088	
0.03031168624532612	0.03389579762763259	0.09989801764665206	0.04362476190266539	-0.011633051744583085	
0.13976359396295363	-0.12451684960911283	0.004205096854304304	0.03997314298706179	0.04994703706770658	
-0.17276728631666732	0.1604085430261658	-0.20225032299580298	-0.08780098692836198	-0.11198245314875596	
-0.03734224500656562	0.0008582076194857999	0.07212149982657722	0.04454378628159894	0.039325180444485144	
-0.015645635854597124	0.019576981509227716	0.11940838696381764	0.009613938198339163	0.08542427837490377	
-0.07570154966014477	0.054397422787048046	-0.05186264676004211	-0.013473672100574261	-0.03457172164493684	
-0.0664837973812918	0.06529821085588092	-0.01037757620655474	0.01646050893371286	0.00863000418424839	
-0.05407028319168871	-0.08080416670904694	-0.06285153330955502	0.02031303742392927	-0.018812472201413653	
-0.024043669519206834	-0.07664442955413724	0.05463237600328309	-0.08268714108684413	0.09196292552989252	
-0.038354144679622636	-0.009875357380406104	-0.0619856005455001	0.07917452232290959	-0.03546536322024518	
0.015644022498881676	0.041436238312516895	-0.063777833353616	0.014008770772090012	-0.05066317507225971	
0.05043707721667723	0.053292030729566356	-0.07838345821046817	0.058760349715706886	-0.11631289605467747	
0.012923774897571669	0.07536004101291616	-0.09945922453424094	-0.012942176033933108	-0.04446470437069228	
0.12103357761159687	-0.06685040780918779	-0.06942066217187969	0.11289612613448034	0.10405832125715372	
0.08022823838731608	-0.027335047029073724	0.08745053460213972	0.09685703586025589	0.02959826147742875	
0.07131280079471859	0.03973447713495402	0.02967656572066854	-0.016493135928718008	0.038903535992357206	
-0.08048496065715516	0.03865020438672988	0.09536825684403354	-0.040835104167943226	-0.06270675641356943	
-0.030639453885894886	-0.06662089538343725	0.10663124870629827	0.034796806282402455	-0.0049352610710146775	
-0.0534185671021603	-0.06271394678295673	0.044149936396368036	-0.013879653541436077	0.0164042382678234	
0.03679095741963435	0.013780519071468612	0.04250462073328865	0.016132919161907698	0.09296177783069444	
-0.016486712472300463	-0.05109654944760006	0.0090899584160632	0.06218475912646895	0.12788606948021117	
0.00044370061237770307	0.0433833853346611	-0.0015986985911009316	0.039912396858175714	-0.06470397006833603	
-0.006298577254831897	0.0781650525848127	0.02337566987058702	0.05274096665663231	-0.004489195019511751	
0.04959692778529915	0.00997691149027384	-0.02301513560481435	0.0712249938983027	0.1597791564539973	
0.014132762699887403	-0.0808606913717608	0.08595553472384937	-0.0308515331961716	0.058008232419408216	
0.03230151366948584	0.07376766016289307	0.030663591205740335	0.07767729655474968	-0.08168767061205025	
0.16369621101870152	-0.15623196071340656	0.04466858580192038	0.14955855022248554	-0.013510479407396928	
0.04764293514361312	0.09393447934203754	-0.0287225473641505	-0.06759515297567983	0.03144713055912825	
-0.04111343060837082	-0.027858469000645092	0.03653032572049572	0.03588418332136216	-0.06410743183217622	
0.12292269645350325	-0.07579701162251662	0.10098198547486346	0.03559759576056842	0.07182569796746743	
-0.06956317096302715	0.10352071927339682	-0.04985318471410294	-0.08877639371443442	-0.08649051705073178	
-0.13829834261096025	0.09794492647980356	-0.04527745803645927	-0.0024335794052528018	-0.08019583546453904	
0.027769391922013366	0.06267307615904515	0.014932021229067513	-0.0478749547088051	-0.010627676777751454	
-0.037046479231325306	-0.06433106529942605	-0.036879274122432686	0.006742606721335957	-0.019498617010264667	
-0.014642372637293108	0.09010560863849915	-0.03097374854443152	0.10070152662179988	0.02992428454979266	
-0.020791595972415235	0.07565750823209455	0.017887512723616997	-0.06053276076261069	0.04014193151379408	
0.00522474402081452	-0.04054127997602949	-0.012428801555030988	0.04587833107138604	-0.03659639824849496	
0.05750484528110282	-0.03471279013034106	0.011514017920087155	-0.0035005041509384447	0.06358148594063329	
0.030587230387366313	-0.005560926580306871	-0.051311773531125156	0.015625147946605664	-0.09495609484101676	
0.1636571206306504	-0.12717977660073176	0.11869551842965896	0.11162094116978676	0.04775631992570204	
-0.031777693950896364	-0.08708337265957367	0.16385388971095555	0.02831604280124351	0.13480697807218392	
-0.004207657977283419	-0.10024009452188462	-0.0015487714934582849	0.09865846185059358	0.11209864790226133	
0.0018871098736437928	-0.006083127275296048	-0.017617215484744844	-0.10335870310863977	-0.08406310535819489	
0.0021522479466585423	-0.0577826622139889	-0.05683997513874725	0.049553926928280416	0.07257757489513744	
0.06930345468708438	-0.020813792912132714	-0.012222790873622614	-0.028490466795044016	0.057682396797410516	
0.08687444207294708	-0.07064224848787218	-0.004808572790150436	-0.017242509485904986	-0.007428748739502631	
0.025619519247496468	-0.11834039947787353	0.06621672331162132	0.16069488953736139	0.18037154235705102	
-0.11202215042316582	0.12617883257168966	-0.19716695175153684	-0.10003866739476647	-0.17925187967109155	
-0.06227605790269228	0.1713075234299358	-0.13956179339293015	-0.20638158237649176	-0.18279503571004874	
0.1515711851868669	0.02829375556798299	0.09472948951514386	-0.019476911409073656	0.0961359890167009	
-0.0839964075008983	0.09760931234013592	-0.13670552775150238	-0.07842351873063642	-0.0626637708456342	
0.08087071300968385	-0.001469931893369645	0.12364630782843032	-0.04995940518167625	0.141496221149109	
-0.07415143320530808	-0.0711364027303714	-0.008227971001022509	-0.07705520658569844	0.023414748185616837	
-0.08422515903737426	-0.04392561391068217	-0.0888633020229553	0.03444588522659133	0.024542629438664306	
-0.049934234176841084	-0.0340464050089951	0.011574089719680327	-0.0653773817633063	0.013660237039155277	
0.05920583308993873	-0.04930067804792455	-0.020664340685284645	0.09109138170369645	0.047077240243674594	
0.05315165529084956	-0.0978900833570962	0.11097871492211937	0.10548515670509206	0.2403547929085101	
-0.11105200952221389	0.14865950533546904	-0.1007749928678912	-0.014411482244403497	-0.15387882105242456	
-0.057318416570224226	0.08185473879745998	-0.08053091783678047	0.10247584925889301	0.035465885927134656	
-0.5089353508262393	0.8660064289463805	-0.7148795787298485	-0.6718746224766073	-0.848591215367294	
0.11729381320724434	
