TESTRUNID EPOCH: 99 L_PCC: 0.8279930156767715 L_ERR: 0.00819620916302819 T_PCC: 0.6505347393611858 T_ERR: 0.012675325969537249
180 LAYER: 1
5 LAYER: 2
1 LAYER: 3
99 :ILEARN
-0.03686809995863131	0.0711836347195778	-0.11069439932872986	-0.05859680252763009	-0.11452382207754236	
-0.06027751756393669	-0.07449194444794992	-0.014231285813649425	-0.014556495834201074	0.025606832301456543	
0.04579812050340973	-0.02908870351015453	0.004574191366673621	0.1378834724333815	-0.004562931328758691	
0.11373300486361411	-0.09968196051411143	0.08831156356514971	0.0038900608972381443	0.048803216786306614	
0.0704732244914415	0.09077522612998101	-0.028801728706811677	0.03861535948452339	0.06401909134354308	
0.09070737165448632	-0.09322767964034649	-0.08121881499783538	-0.056955882112722934	0.09013508332285733	
-0.047115806616153555	-0.04759482936697946	0.12377209951669128	0.035436118654801486	0.07923950907523383	
-0.03125020172296233	0.03686957577303	0.07249757534006045	-0.09507813616703253	0.04189779121440716	
0.19429140742206272	-0.0616903821309418	0.059640315488606134	0.16618441286904861	0.08120347063519338	
-0.012945901943913828	0.09021880217771963	-0.047948254608569704	-0.054267077472173984	-0.09998868149350418	
-0.10592962281640401	0.05187783154244741	-0.07309061079089486	-0.06649486202467879	-0.03597657091559926	
-0.07732652600666648	0.010591110789598259	-0.06000703583908253	0.019595667905582852	0.0442174288466384	
-0.08635629474698435	-0.007364942089848561	0.02991997934170129	-0.028106036408531217	-0.11019240988767691	
-0.016369601736065168	0.0592776243067983	-0.02732801910170569	0.06049554452045481	-0.026623982766089068	
0.09296940861567515	-0.07902536280039993	-0.06147864371633857	0.06585287440848643	-0.02264315547243274	
-0.05317150172512107	0.0752675614403664	-0.01299595629846593	0.059997030798897795	0.05333267713938021	
0.07070090481533939	0.034574545867047474	0.04531546223523538	-0.04287323377268617	-0.06696181632282106	
-0.0893572316397994	0.1579853436835966	-0.08964344689707142	-0.13062231038121236	-0.2080763049050554	
-0.08312399098752075	0.09335858982204033	-0.018911667539567578	0.011939744591884788	-0.022247777223144072	
-0.05902804795289251	0.09337949316970541	0.0059938725009539146	-0.11456527923153782	-0.006971566521545134	
-0.03459936769056097	0.005262703150768078	0.07637514159599983	-0.030242377657052517	0.07666264827711664	
-0.01667931345696631	-0.057892486247273785	0.04414979116339654	-0.0025992018270807773	0.038077405568148356	
-0.08942980778887875	-0.05627097300943769	0.06284038033985449	0.018968364840326303	-0.11484413786530696	
-0.0649943460148084	0.1553719510292897	-0.0301168032936098	-0.07060192450764814	-0.23688079460177028	
-0.08168803680557046	-0.10111390243632276	-0.08610309521382871	-0.04732092190214074	0.0708076308243466	
-0.07964201364720752	0.09014010457663899	-0.016397198830411786	-0.15809074239212553	-0.16294837098351458	
-0.2523568824998999	0.3561023618693147	-0.25149794070044607	-0.3639305926286988	-0.3268005798959552	
-0.017536876271051504	0.02504266740278008	0.009283406271706663	0.10503922552903755	0.09179903897727314	
1.817203703268237e-05	-0.0629742029721364	-0.09999792226899412	-0.08485872128820132	-0.1042833877476522	
0.022703900905592964	-0.13963033559544286	0.13393277228307973	0.09578310387143145	0.02051551687121612	
-0.03330874827146185	0.056940358564495884	0.05816401226473584	-0.022083517339340178	-0.0005724797472047128	
-0.013160933858537834	-0.005939583882606134	-0.044104944305823506	0.03545630639535147	-0.014997035199008545	
-0.01025366827806748	-0.03181286855907586	0.06042666955417243	0.09727529386144337	-0.02595545739709062	
-0.03180648966982109	-0.13087294679536932	0.054558659861383266	0.07160236766435166	0.07854722072589489	
-0.0203184911831547	0.07171382567061407	0.03068622059311213	-0.004602261435929956	0.04053299577155551	
0.06173681387345413	0.01272557015546766	-0.03147296168844445	-0.06756086969284965	0.000531701670781173	
0.03789988977445506	-0.07154017438442198	0.06276992242811985	-0.07396564381732845	-0.030845329809955854	
0.10460160404805068	-0.08958126179825714	0.0660961101503731	0.037746411586810164	0.12138312938004114	
0.02834489336080229	-0.15094768256312072	0.11798497130444194	0.12407097697064297	0.17709329937799526	
0.14879119816099212	-0.14582315071694668	0.0017020142654179521	0.0709902819632536	0.15510650127102726	
0.10240229870127905	0.0013014300442218117	0.09401030086148027	0.03390552490470532	-0.014459754233650625	
0.011159694885106613	0.012818176337197134	0.024271278990676187	0.09351714564401944	0.09137698702182029	
0.050068774390738945	0.02586731267051777	0.0192624856326782	0.011041574168800883	0.0342798454221692	
0.05497267111377549	-0.14223751041716015	0.14730473354894819	0.11912822735821393	-0.03141980000512884	
-0.06649629536155852	-0.025781105156508284	-0.08155192380084063	0.05074475824415447	-0.051006401983051605	
0.12348165781153984	-0.013785801095749523	0.11331826950777397	0.10013987742744684	0.12118653458919287	
0.008088591751777154	-0.0009427487809706321	0.07655813432963927	-0.030453853501348487	0.00964830380320721	
0.07172501055235898	-0.14800399582974452	0.07243709599864633	0.03888249656971341	0.12975830386388168	
-0.04245803497374661	0.08845218510411217	0.012650950943976528	-0.06770476294266109	0.04425585308720362	
0.012776249326378464	-0.07818780524433484	-0.03454014477866949	0.01624552683913092	0.05765271751903667	
-0.12524869404150085	0.1208328846246783	-0.06083503486185672	0.05768233483809076	-0.02575275983732832	
0.11121893080393393	-0.025683689332781083	0.07526715434265739	7.314965342678252e-05	0.07438789257600771	
0.04222924338221307	0.0799547728668786	0.037503459405259315	0.024888371125356787	0.05456891029121041	
-0.15903607737815406	0.15697416847160053	-0.14555264723863856	-0.1521987808026979	-0.1970793478216568	
-0.0010228879428370126	-0.0477737413854514	0.03922892448957044	-0.005390648584757482	0.10151809613430096	
0.0633591793500011	-0.08238848020669837	0.015718452869264717	-0.005920347250152472	0.09246624414791524	
0.07697190668724446	0.08400119043425651	0.032322527978759806	-0.049941525183460844	-0.0538004956287075	
0.014124127387066126	0.06663192619183343	-0.005528586093372199	-0.05317628423244983	-0.05149061559812003	
-0.08401629136696928	0.14299052454095396	-0.07848242996614137	-0.09828128002615234	-0.16080438993841595	
-0.09623750407581992	-0.011891637127680823	-0.10236849418152522	0.074994260581852	-0.09268660864735483	
0.05270965170024258	0.08430607803090434	0.024585597726997442	-0.00205897716875679	-0.08761606318237247	
0.007441471795765134	-0.04066602074359558	-0.04442489600383724	0.023852082474168305	-0.03468645373912206	
0.08596589792078128	0.08874124779123824	-0.05139720027260236	-0.09182361331148381	-0.08530346754667908	
0.004094198543931692	0.05288474714544898	-0.05996331096435257	-0.06556989777846227	0.044520860374773936	
-0.021229746337661917	0.030943516468181373	-0.06370506792174917	-0.09084188932411741	-0.015939966282430818	
0.01997332385911942	-0.08822258439392733	0.04519546060503907	0.02340973299859666	0.05053374287333031	
-0.069057761257866	0.05534000049704875	-0.05804550927417995	-0.007015926440291065	0.03804666288126286	
-0.07510399847115672	-0.04059847503901869	0.08764783463622007	0.06849985123701427	0.0010332997802666006	
0.0803003486478741	0.09306432827595504	0.0665911787089428	0.06354260276423151	-0.09781064029844215	
0.03487035065538469	0.02270309527262242	0.02785439013742797	0.08012069840048351	-0.057566854632277814	
0.053311378982316304	0.04116039136479967	-0.04578573106768877	-0.03201781681095471	0.04699210656515124	
-0.007629971496495544	0.03726438337928273	0.012146480565249671	0.07408908626675005	0.12010459898346122	
-0.034047510637088274	-0.08259047607363282	0.0874691227038099	0.025772499230230683	0.11974232333666944	
0.021235258567691716	0.10640490708767099	0.00042808955578028604	0.0018181354308957208	-0.08502145352419142	
-0.049360711060625735	-0.06300170508452566	-0.09394178222812574	0.010689395073668291	-0.15450641075655794	
-0.02858023419047823	0.08056445123970259	0.0320658592481154	0.0238914854659231	-0.08465839381215277	
-0.02008176957955665	0.025593831273897378	0.0870408862170155	-0.07085339067447892	-0.06732688071809408	
-0.0386653133901334	0.048844066931875214	-0.006873371767892423	-0.08950477041062178	-0.006724030934607688	
-0.05736236829241203	0.061926658870470656	-0.044191336079318765	-0.09791422642342269	0.010362293567694074	
0.062296402440613866	-0.03069404940551343	0.04323026812133273	0.008280984351256689	0.02578067907709899	
0.08864784684330153	0.06742714556527876	-0.10163485175413006	0.029159261696972964	-0.024204389648961745	
0.08246339604237984	-0.04976534540198859	-0.05678299137834656	-0.08876112276400384	-0.029638477377308445	
-0.06466570710920423	0.003302898490022621	0.06746667262954704	0.05639473490576427	0.08050112173726795	
-0.011832132273090535	0.03854054861560061	-0.0025113995353888375	0.08487941479087142	0.061079831818700595	
-0.0714797172387847	-0.07838716772682644	-0.1066563838818217	-0.10100987316235911	-0.03243479251709521	
-0.09981508983382842	-0.07323139911775393	0.024546217596600136	-0.0372723313176549	0.02516756845654155	
0.012596553044157148	-0.03993247158529866	0.013650404996693604	0.021655247207405783	0.10186717781401491	
-0.02096596351868587	0.08598534379895667	-0.10052118144756714	0.044686860681336225	-0.09284635979715192	
-0.018237088119876288	-0.05530944970950741	-0.03929191660358121	-0.13859332718315992	0.018834126950239127	
0.08328317384158423	0.06496443573328756	0.07811105691411355	-0.08376626040725219	-0.08661479942878848	
-0.09048205119944623	0.05953950919660268	0.04676939201485973	0.05647173638357019	-0.01526131398085476	
0.0520887924816866	0.07079170558268057	-0.01526845032835671	-0.038882345072757986	-0.051783366254895505	
-0.10133884904734967	0.09386997349497746	-0.10048332890734346	-0.08011567663577113	0.015660311846052502	
-0.07791674563874128	0.14937244758188345	-0.08719984018508799	-0.04021093304714703	-0.12483148565560963	
0.07244547089275609	-0.009705927674878032	-0.029959426103584447	-0.017243714257690546	0.05446266002839788	
-0.09874979629089091	0.0466325638527037	0.0668632253496547	-0.1033597877872587	-0.008826860733480709	
-0.026714889494278943	0.06317879348953678	0.014277307855385574	0.04026661175654939	-0.0037067434774284637	
0.0604551711522689	-0.058897313696803774	-0.043851986253562326	0.05747767452855776	0.00697627637166464	
-0.06351480817202483	0.16110292687231365	-0.07873936833890101	-0.11350887024981057	-0.14699841612899125	
0.09955379202364752	0.08137997669420591	0.07569281183673407	0.08325185281549106	-0.05567742854123456	
-0.10264304616454346	-0.031668361522071434	-0.057033565331399236	-0.08902158192791261	-0.01458047272297609	
-0.025128021686928563	0.07327514725703545	-0.07683389187165791	0.022583740135477315	-0.07596190243039391	
0.011539719234193922	-0.026433809126620435	-0.09597338105446607	-0.06541969887852275	0.021051714792768315	
0.013275103480657708	-0.007819706463077851	-0.05957532291879971	0.01617273963387748	0.11135577068549594	
0.0871387050778683	-0.013413530202414724	0.12994635981615277	0.1142299694486764	0.05880219460712399	
-0.10142009766673442	-0.0741759487985714	-0.10092706471478163	-0.02563806624586975	-0.039909838571303806	
0.08591356628767619	-0.0624190570320414	0.0799475677914188	0.038032423737472225	0.05747126157360501	
0.024730335624674436	0.04192012577043018	-0.014744307806128695	-0.11270008176910191	-0.05300053574287623	
-0.023511428368295846	0.06909609780615686	-0.033708594541495614	-0.042982234966017385	-0.11466709879193494	
-0.0912933544060642	0.05641381424891552	-0.025709071927842227	0.10292764780465756	-0.06618625243783548	
-0.024877589855190504	0.004875397702683907	0.058745241706877165	-0.004155174940797885	-0.08283415691148717	
-0.047546436101077776	0.01121204383460503	0.018317189845973667	0.03575965792362981	-0.09451492951545695	
-0.0954331646511262	0.009791008794813047	0.06232768196041783	-0.10139543409392418	0.020293578336360887	
0.05982263405766395	-0.026591556294916167	0.10213661902016268	0.044055380004611615	-0.08612444933661231	
-0.022366214963948822	0.09251411792384914	0.03116477692813152	0.00811670511181874	0.011292223770325599	
0.004010303362606874	-0.03515258763469638	-0.001474640995018161	0.020045191680426327	-0.048041238725081904	
0.05527655097892676	-0.049503334734967826	0.035444323158432295	-0.05339569566282035	0.03789340603696309	
0.002022029599108176	0.053687263940420366	-0.022010140179505828	-0.054786277496870164	0.04984966835733736	
-0.014174384110084207	0.028208399307161035	0.06905626899093692	-0.03960076620001371	-0.039442883293400045	
-0.06238736625276222	-0.06088590822578823	-0.019524017407632106	-0.09293880240595108	-0.09413696855078595	
0.03935215908515035	0.057946577497526464	-0.08066921441884534	-0.05087302881683104	-0.05942766075318143	
0.11922233230113166	0.017848486457992377	0.04312331405719434	-0.014846765164161061	0.09387413088879538	
0.03661254088029721	0.03562253716494845	0.09067108994242744	0.04126600649047547	-0.010296867221991416	
0.14194135198057478	-0.11952064515723582	-0.007523190954953807	0.03711945890529021	0.047573295338837994	
-0.09497091034421694	0.07990932815039997	-0.09019510033828902	-0.011531905927555451	-0.008084130856735632	
-0.04404449852752517	0.011386562668401075	0.06183495940378083	0.035335456494096786	0.025333570299953884	
-0.0195907148444943	0.028696556296123218	0.11061117393088508	0.0020890968606599456	0.07352270040987553	
-0.05002496012128174	0.027496650528739564	-0.024462831775527785	0.013950792693097833	0.0056087539092310335	
-0.07270197552125658	0.07548789933507508	-0.019606987341727597	0.005824128490869493	-0.00205648501636766	
-0.08331437813936628	-0.04919589942908061	-0.10216745200905775	-0.008082467475534618	-0.05855421684357037	
-0.03572797075399835	-0.06682955105979906	0.04368630612119916	-0.09009163276797164	0.07819323157288625	
-0.045206425381258054	0.002212998973194949	-0.0741337867144338	0.06895906738390421	-0.051627960479190924	
0.00026441373729730835	0.05692448198714463	-0.08226720536631789	5.114016324381941e-05	-0.0705780612693208	
0.027257205290432126	0.07576282638730845	-0.09848473255101724	0.03681186365639995	-0.1451762384810395	
-0.006414316327357284	0.09475435227925935	-0.09773435832260027	-0.028137447038190086	-0.08131880966284459	
0.11092290260345418	-0.05397383096599845	-0.08191767990964889	0.10084373023552193	0.08124226727951668	
0.04335321853114089	0.010988862003742012	0.0461449846870165	0.060868545244125535	-0.03430906930878061	
0.048247303381999423	0.06446172000786489	0.0069894020881291355	-0.03942633839543683	0.007942221989283932	
-0.11588428015071649	0.07493705406053469	0.05509220350140328	-0.07854637640554367	-0.10634060219315754	
-0.059663918662388744	-0.03532220069501539	0.06759037068300741	0.006034097933288994	-0.04571459912923857	
-0.029308312371927346	-0.08869632840188077	0.06605542114627419	0.011669408692237922	0.05523394099944295	
0.03805725527871323	0.020009711023254047	0.03039627856617456	0.011205043462031598	0.09233521129339184	
-0.013626435072938307	-0.04860009917205734	0.003206679439412431	0.061788884911049925	0.1291793491259368	
0.015156908036511282	0.03267063908068417	0.01496538711558554	0.05139087606458461	-0.046861649660486525	
-0.006490867037168485	0.08089740912105965	0.023414344424765973	0.05268049700659011	-0.007133053546391066	
0.05454392804372171	0.009355616351667064	-0.03281882226344795	0.06965284706911687	0.16996780647254678	
0.05098500526354036	-0.11341719293871975	0.11910552562763138	-0.0002505819300494624	0.11018852199430694	
0.03716640889237899	0.06511502019418657	0.04676865717477472	0.08571377609550536	-0.07445352489073562	
0.1363481068089707	-0.11876273025557864	-0.0018916003416918597	0.1166387780891912	-0.056402882579519656	
0.03972209666506552	0.10137922193325459	-0.03726104919923414	-0.0722083537587127	0.01843045780906178	
-0.06363541515944433	-0.006296887346968976	0.01986506297388811	0.013191290474027081	-0.09529778232462251	
0.13195704485090168	-0.07769048619960175	0.09454583449593938	0.037739063624181515	0.08363774367733022	
-0.07406916949867304	0.10892208978642218	-0.057652703242943366	-0.09563368695835195	-0.0915486977209213	
-0.13852177596571819	0.09809687141269159	-0.03462754043130869	0.00011261331961957905	-0.08275509039251865	
0.03823872247306275	0.05509219936273246	0.03351868610877722	-0.03803682662979372	0.0003077451659623477	
-0.03601604542052445	-0.06191846625573352	-0.039521861001681376	0.0056574849675786725	-0.019876787195550655	
-0.028513633009109685	0.10917049085790914	-0.04636528140399975	0.08409217290019042	0.004260918476786454	
-0.013447287719969534	0.0702420937079256	0.02773089233641808	-0.05388132506539064	0.049695727245757736	
0.00143139805561342	-0.03325808799625607	-0.022415441571030086	0.04174373241903579	-0.04404368178598382	
0.053201630898030705	-0.030433181255846226	0.0032796944679094157	-0.004597786321423829	0.05521369468059654	
0.024069804987430023	-0.0006300139152559999	-0.03959198006521134	0.010937114343760905	-0.10641911219202937	
0.14539401642952665	-0.10259049709290498	0.08067245630646454	0.09353409195975029	0.028393062218339836	
-0.06094384386052455	-0.04515146362786774	0.11816508920748073	-0.008459481072312147	0.08801859738455678	
-0.010048726734617345	-0.0823984372474672	-0.024381398447803005	0.08595504309824657	0.10302534593660376	
0.041668286552025535	-0.05972474107358366	0.035137991814872066	-0.062389800903055674	-0.034870617926590367	
0.030043726049610635	-0.08199207017242906	-0.03554486002611562	0.07598759590004234	0.11918954476147174	
0.06478952291809903	-0.008850769094440497	-0.0290992857390903	-0.03635343468314213	0.05135366573057115	
0.0842877959765354	-0.060582620637554395	-0.005733298543147722	-0.022545619976805157	-0.0166597937383522	
0.013294328815411996	-0.09851764518445559	0.034498057929038414	0.14620948476550397	0.1643363017497915	
-0.12259756756153783	0.1298806737631204	-0.17833689503757347	-0.10513984559151422	-0.19465442858420318	
-0.028004197666147795	0.12947447973699022	-0.07013592196381974	-0.16331470254231464	-0.1357512392655944	
0.1538044049869692	0.03257211127021784	0.08146697699198611	-0.01982570912636909	0.10429281668566938	
-0.04966746265969826	0.056467818722253774	-0.0742272468008347	-0.03692824508241709	-0.01121746468511138	
0.021663937758754043	0.0619302860611408	0.06318717573186766	-0.10542729057817439	0.04234229874452984	
-0.04785103048538285	-0.09874692910611829	0.017343792305520158	-0.051205519013676835	0.06619473118417515	
-0.10298582389168034	-0.021258412227078385	-0.10437338565741876	0.014779763142661264	-0.006570523331774113	
-0.0721010494550314	-0.010089434315759949	-0.0010701530215645465	-0.08720775315144458	-0.02217004245034094	
0.0746802633871527	-0.05371737406061716	-0.019311051799607733	0.09893728049459968	0.06618949391423613	
0.0177255735128121	-0.06009677537121767	0.05919409233791364	0.07122521022387931	0.19360883560603673	
-0.13045632376931438	0.15976945979596732	-0.09296744831809964	-0.02909929962371359	-0.17952731980272726	
-0.06037810914417674	0.07896981210522663	-0.08845738736643259	0.10058859405538786	0.03704026913776722	
-0.5340081244745164	0.8365051445551198	-0.49718232598414397	-0.6301538329073815	-0.9052064983358288	
0.07935040822962469	
