TESTRUNID EPOCH: 98 L_PCC: 0.8165851752474513 L_ERR: 0.00900183893303388 T_PCC: 0.8625513688130968 T_ERR: 0.010618278909586236
180 LAYER: 1
5 LAYER: 2
1 LAYER: 3
98 :ILEARN
-0.018709180646277312	0.04612014970959145	-0.09779452889498866	-0.03457000691678713	-0.0722344536334541	
-0.0775608872856493	-0.062239671072078916	-0.03487921881035976	-0.029252798046773075	0.0060585111312750324	
0.018697195591774688	0.0032167667792858353	-0.014998672512460745	0.113189379521988	-0.05240848878968429	
0.10225727975400481	-0.07872667650422793	0.09530988898922321	-0.0023043297992048225	0.01899575766665162	
0.07263345897981577	0.08581791703240443	-0.028334962939221137	0.043025783244683986	0.07507882755618489	
0.0867111711352467	-0.08898963075173104	-0.08509172252627803	-0.061074688874557345	0.08076303678419931	
-0.03692057402216007	-0.05556094853166455	0.14369893589074742	0.049019056857071336	0.08956920602093638	
-0.10468605524574617	0.1037171121627085	-0.019553567663734676	-0.16710673269819062	-0.04830746257836536	
0.1540075443694433	-0.00920626592059209	0.0292156187724189	0.1194049214790131	-0.0010025001718155522	
0.00301773918769358	0.07262341756784318	-0.03094894488757534	-0.036964806978592675	-0.07092657159398087	
-0.08740564042394014	0.03125751705632989	-0.05489986882190162	-0.04859882000532175	-0.004816150404329649	
-0.08758284256696197	0.017120925893145622	-0.07391879848788213	0.011807551555499424	0.03458107528180875	
-0.07803829520963645	-0.017069839696005635	0.03618295617583641	-0.021527842096752205	-0.0964996699352965	
0.01359928642270502	0.028850951430262884	0.003215373181472551	0.0836827979652085	0.017014517166274796	
0.11517011738232713	-0.10595358025900142	-0.02750516305635285	0.09913913312043324	0.01958883185251287	
-0.06518390902367402	0.08747326166595432	-0.029647908974961657	0.04994017259103122	0.040175891517415886	
0.08827325860284774	0.016714004562693868	0.061676332405483224	-0.022239873910567323	-0.03889057630300419	
-0.018979198180206002	0.07860304506281969	-0.03646817514979455	-0.0748838458428476	-0.11067118187915959	
-0.07853696161005685	0.09245507425168241	-0.016237479177429872	0.00709047842722659	-0.02427614460779968	
-0.04304732024779781	0.07536853939238643	0.02108842962755166	-0.09670001758421364	0.02298522323151102	
-0.03953410288587444	0.01219506880206221	0.06632344561277671	-0.03813526306526095	0.06797346124127432	
-0.004269964234433047	-0.06762835387665472	0.046448406855131186	0.0006002365298099783	0.05769439529958888	
-0.08643797803398238	-0.05424362136899883	0.05888360224057576	0.01714808321022553	-0.11567037850450022	
-0.05409200693115089	0.14807091669115674	-0.04778383185771772	-0.06972076960712591	-0.21790851059263483	
-0.0853170713376545	-0.09912766024678828	-0.09213714472609183	-0.05092377391970704	0.0678573298281893	
-0.0717105590284758	0.08500587143140033	-0.02955037159009067	-0.15923996150128478	-0.14956065387176432	
-0.22620619915515158	0.3291715698168687	-0.29338618881438716	-0.3591954261568211	-0.2691750841694549	
-0.025785460864684688	0.034907099916463465	0.006305957021697299	0.09666803554226494	0.07445005780995012	
-0.005374396600843301	-0.058445099641395194	-0.1076960496891347	-0.09264659844133304	-0.11407884724403439	
0.012627080220638668	-0.13472709600744773	0.14784366096253843	0.09879531762044456	0.009776446939356434	
-0.045393202308455755	0.06251142642257095	0.054229111499279455	-0.027998178395943697	-0.01208077307135462	
-0.002970520351540546	-0.01250335753963017	-0.04836430524135219	0.03734261140656336	0.00022134267144280947	
-0.020154179235291874	-0.026145415894476064	0.05789484659001409	0.09211966598666485	-0.036677817143134964	
-0.05353733327668917	-0.12046081070116414	0.04266784807382609	0.056775603115521746	0.05427492975285713	
-0.00047208513116830844	0.051076523698811584	0.06783056774713282	0.025427250413183958	0.06697222252575033	
0.06043254774405398	0.021754828101973232	-0.0367625073634521	-0.07540180412325465	-0.012704280547286395	
0.053627018913838975	-0.08305520056280415	0.07877252885510846	-0.05875757886612313	-0.011973145679491655	
0.09515980823853444	-0.08765235787555548	0.06629730227839392	0.03399778322229234	0.1129419573490981	
0.00795606593474863	-0.13826515257585323	0.11453742139892371	0.1106706733418421	0.1488305419707816	
0.14710278059633874	-0.14728816610118028	0.013807796661780225	0.07779840199960232	0.15747346028290982	
0.06617927797196935	0.03391658459710076	0.049570230219467735	-0.001424826400697637	-0.06038094404299593	
-0.0007328573171929225	0.02475446561086109	0.005122244134525691	0.07856261871860216	0.0744674247973384	
0.02158509433692631	0.04849226892483677	0.001072393892734042	-0.005677608464406425	-0.0024246532702077556	
0.06206597691619832	-0.15403740179374262	0.16148846841091338	0.13887039850744995	-0.012202214412558532	
-0.09193465911350299	-0.00451567740430469	-0.11323226778337539	0.025153927935819137	-0.08199709225581725	
0.10492428083089655	0.004282866536955321	0.09179831497028475	0.0826507222016198	0.0960770378469951	
0.011410369345505322	-0.0063391939971341495	0.0779162037735111	-0.02442717950063915	0.018443370831897628	
0.050792789016333995	-0.13211988383021103	0.05973733746081008	0.026007567932841265	0.10335195441081631	
-0.01536944588815989	0.05845047650826766	0.04377638125351683	-0.037376038596642146	0.08640383743744529	
0.002858575673700969	-0.06561827309050164	-0.04583434319212629	0.0011018400158593648	0.04141736539937304	
-0.12598116797926287	0.12566847068031164	-0.06379201672800765	0.04968865445206209	-0.03136049163174756	
0.07797220673135576	0.009534028947079025	0.03412049786257213	-0.03680275834385577	0.02345363316253826	
0.034721681738078346	0.09002303500250164	0.029595699529206352	0.012849913530087735	0.04063907509855294	
-0.07970402534891943	0.076765880891638	-0.06697635801629126	-0.07978856292118731	-0.08280540667054123	
-0.010592081971915144	-0.04303605529518338	0.027393025621590832	-0.011189278411225717	0.09489248182527193	
0.001702541861560995	-0.027276571489180383	-0.05898159946412639	-0.06349106580697239	0.013482968687152699	
0.027514907711043094	0.1302575615493663	-0.03201273943892926	-0.10089246111204782	-0.11889073733750558	
0.06439679232687304	0.014622409743956998	0.04543444720488302	-0.0059118555928194035	0.023407547468091275	
0.00045256722106654427	0.0579228207257698	0.00882367305310638	-0.016360699406887263	-0.03655253743015741	
-0.11750380214955383	0.010513810997711835	-0.12983803956481893	0.048822455147747565	-0.1220069868154961	
0.0712817180316151	0.06423676841342979	0.040270519596432505	0.01956457868120456	-0.054888667886458374	
-0.006663183151875241	-0.025158349632972362	-0.0662071882478387	0.009192545425503445	-0.05466091956991042	
0.11979623019612252	0.051738060669240866	-0.014447861379589977	-0.053482654655462834	-0.0239948373264593	
0.021825955565702028	0.03361525167818183	-0.04425095849856733	-0.04465245348358857	0.07869380044615447	
-0.00895119834987159	0.016520918091569883	-0.04969257823764586	-0.0770107578787338	0.0046099551481065355	
0.014422340735170186	-0.08166923185626514	0.03900549548561826	0.019039246172321812	0.04359314560230827	
-0.06506589473201518	0.05149000419447396	-0.05991566629830871	-0.002505116624297048	0.04841106430647123	
-0.0786362409066965	-0.04623631584823545	0.0816472089740301	0.07171308637299824	0.012172763832252263	
0.08888267587149598	0.08172257623081873	0.07364547936018224	0.07403655943510977	-0.07753646250898034	
0.036749543634147945	0.024705928423020093	0.04232975101764966	0.08132295600511352	-0.06840746996718682	
0.05135371670040228	0.046252503913294066	-0.037771143897170456	-0.03787142895760854	0.028963223881291647	
-0.03458919632984105	0.06751590820848012	-0.02562212034085608	0.04587089168218499	0.07994043413002655	
-0.031507545877288295	-0.08288119602591752	0.09994988235644713	0.02679761767915649	0.11318132420940112	
0.029886254425023646	0.09571820633869532	0.016071348628923867	0.01037950639345805	-0.07515841472639571	
-0.07255713332859304	-0.04725824476958438	-0.13314915033527483	-0.014918918396847851	-0.16939345283148804	
-0.017181120793802438	0.06682445826092462	0.03934619785810259	0.037728226198178075	-0.05978540020551982	
-0.010900074249105015	0.01609082569378084	0.09559402163186337	-0.06161433261502043	-0.0523080572271059	
-0.03920605516556658	0.045824854384924237	-0.005327302400501931	-0.08836707487540381	-0.004256296988483309	
-0.04943575651207825	0.05268955899064812	-0.03282316282441028	-0.08884719771076514	0.02243458704745739	
0.06806097194255117	-0.03270679587118751	0.057479145624092405	0.013396880060507436	0.02296070740448584	
0.07398461088620849	0.07910333782360517	-0.12020342100055093	0.014504386476711945	-0.04052278077156895	
0.07233760275566352	-0.03865323539386518	-0.07411368280732301	-0.10549977729037906	-0.05080302360976564	
-0.08642145330910819	0.026911554396134334	0.05086234701588931	0.0349994662381198	0.04303265247138695	
0.017375221734970837	0.01695752115119493	0.04381781816152056	0.11771319674478017	0.08484202341904948	
-0.09257949665959063	-0.06261205414576773	-0.13561885618250877	-0.1210635690572681	-0.05395245490564044	
-0.07774040874716646	-0.0947418423387598	0.05069508208296193	-0.02038396415244379	0.04443468488248774	
0.023086006054075753	-0.04636482508126036	0.0374371927284467	0.03270164720376433	0.10115116601964616	
-0.006749355831589122	0.07118001522980305	-0.08063660766188169	0.05837962674912663	-0.0666425683460776	
-0.012765912025991113	-0.06308231642690935	-0.04438239420261449	-0.13774349838885913	0.028581898724349453	
0.07427471075798957	0.06750152284031438	0.06135872321487849	-0.08988506737024377	-0.08761593525532943	
-0.08716269934605252	0.051195642467276314	0.03466711261381121	0.059400673237090425	0.001330825988728059	
0.0413639268112403	0.08685489974445401	-0.029964331905482373	-0.05837385458079371	-0.08170628358660387	
-0.1032229021945131	0.09013172269908248	-0.11379939186048416	-0.0829338823175375	0.0227627359794425	
-0.0882541574790141	0.15047207006937505	-0.11817128039672598	-0.050545291208281634	-0.11846093503614208	
0.1075403036221553	-0.043230092941273036	0.010874348838777963	0.019485402550873058	0.1029155545070741	
-0.1293025633294096	0.07685730042738864	0.02776098431256974	-0.1353154604636152	-0.05267396795416987	
-0.05216033050977762	0.08754357059885542	-0.015834730798113605	0.01585408741282102	-0.03909900033907059	
0.03301598601727211	-0.03968159452965091	-0.06076499154173841	0.03401378218599981	-0.02229297069692281	
-0.06473170433474021	0.15308317669523305	-0.10348235813939981	-0.11818365166380636	-0.1302904152086332	
0.07929377922623479	0.09454949978474382	0.049519638994509924	0.06700269075754671	-0.07332620283627425	
-0.10041319914356506	-0.0360586809486436	-0.058563172902292654	-0.0874335686384514	-0.007914074100933605	
-0.04875357601142731	0.09026591157475966	-0.10668110623909323	0.0012100632231376483	-0.10035961669681011	
-0.005433259063205444	-0.015050658078880152	-0.11869158266557076	-0.08082468205373562	-0.00047101381838938756	
-0.01325364123102788	0.00795529049160944	-0.08542478082037899	-0.005050218241072545	0.07847222198515987	
0.0606866612487137	0.025430888698792464	0.08784561663163427	0.07165594095567936	0.0028887696562539954	
-0.10754515760705669	-0.07312425050032118	-0.10893459339879115	-0.029190620540969436	-0.04392976631425218	
0.07083016599881911	-0.05456669965540703	0.06401893975653113	0.026558521999709844	0.04009989095668311	
0.01696847347626262	0.04420449969145692	-0.025634688092414617	-0.11982244123875091	-0.060356263596779106	
-0.017614808239170127	0.05758902102611517	-0.03416942475442234	-0.03088426367248496	-0.1009872452368548	
-0.062123203786744005	0.029944554723906402	0.00946564353830923	0.1363460721940187	-0.014911227649721573	
0.009303956951697008	-0.027513242595103734	0.09891075054056028	0.034361833568394895	-0.02324691794935318	
-0.07297198739299297	0.03137456338679355	-0.012927567642517046	0.008718990933005667	-0.1262723929474094	
-0.05213390601732355	-0.03164085546665793	0.11016026306707942	-0.05204439914711147	0.09220126322620899	
0.05248075426423617	-0.01975294197167034	0.09577369060891457	0.043499405090397056	-0.08762997526139642	
0.00831873707804881	0.06188899590683188	0.07510268676956358	0.03262012940295263	0.03775714948928648	
-0.01207372985802063	-0.02181635745074834	-0.024004368713381512	0.0019010822795245163	-0.07109041196542261	
0.050239439740195506	-0.04391711269409509	0.026293480053924994	-0.06078017247499903	0.02972104883752652	
-0.013135190715820009	0.0633311704799998	-0.03710152324209079	-0.06238894920025211	0.040675419161811666	
-0.046653420308766326	0.05611460020644424	0.03410446256475684	-0.061527448361004884	-0.07396087161633588	
-0.04184574423356541	-0.07893263243983333	0.0036890342284524808	-0.06936726403902395	-0.055984602034676235	
0.05241806572822943	0.04281405216229736	-0.06212215258856599	-0.033535543961666546	-0.037489480315933243	
0.09515037041481379	0.03310621297908605	0.019294851337242715	-0.03246939225384408	0.07148929919447237	
0.014535546611289534	0.052644122619836635	0.07665912888447267	0.023879943838787377	-0.0344648378845454	
0.11518892418707098	-0.09010876469169311	-0.0372465323674869	0.004405171381723982	0.002550817492036168	
-0.17151254597389623	0.14946086970828307	-0.19209859166335774	-0.0849170814625681	-0.09980659456406941	
-0.05972709158220396	0.02294361750344819	0.04247920929040337	0.02054563477124324	0.008859817128233893	
-0.0435030764962877	0.049710888026842426	0.08075235228474864	-0.02227034270901782	0.04364440531472759	
-0.06271444046229122	0.03645109231034194	-0.029832818029633192	0.005136453051391519	-0.009444353115336961	
-0.09809836786267452	0.09421564173975962	-0.050511269539943476	-0.017527620498014113	-0.028276170461612727	
-0.00403235083571635	-0.12173789306419251	0.0015542071700836429	0.07247932998556302	0.042122132345965575	
0.000920832429807669	-0.09881052604985875	0.0888746939399114	-0.054995424169412346	0.12411816757131655	
-0.06031091839825456	0.010842389255052843	-0.09024125267290835	0.0574640870208206	-0.06454764361091962	
0.03707191308617706	0.022203378881022317	-0.0342721768575629	0.037816108431729514	-0.021477360234721205	
0.04912525606973785	0.05331687451744183	-0.07645427288599539	0.05874939096360619	-0.11194582047351351	
-0.0011205868190050838	0.08508980311232509	-0.11714982449365198	-0.02827415312115749	-0.06293787756007345	
0.10025821317881656	-0.04683314006868785	-0.09493761202197688	0.09374730964899364	0.07475885383145496	
0.06111320214504067	-0.006695535436481596	0.06410748753447959	0.08200075635341904	-0.0016640939352172046	
0.06150519610392736	0.047256079784583856	0.02156612544058181	-0.023794402064282436	0.03290644515606308	
-0.10348781331300654	0.060125422792462156	0.06747709581370971	-0.06499153315985794	-0.08556403940057038	
0.009926775554970598	-0.09956543287406375	0.16038176422782185	0.07960141616331658	0.044584504684895526	
-0.03531518619432202	-0.08113157890096949	0.07151117340379665	0.011028036797533058	0.04315587522612821	
0.038496475634345696	0.01849345097661072	0.04304406004193581	0.017459697866330545	0.09128830382911321	
0.009861931856696798	-0.06647459892534185	0.03786347588556637	0.08973222456463224	0.15351658635646975	
0.011797234029064062	0.03806426187037698	0.009309823610286486	0.049499032636055554	-0.0571720995084587	
-0.0038956053877984686	0.07582912736245172	0.02936688815187131	0.05708842557413937	0.00026855324889737373	
0.06825976437746246	-0.0015546008133288881	-0.0009753430815981393	0.09031110391537656	0.18076780959996713	
0.012304175457642546	-0.07002577626084625	0.07660834685825293	-0.04001912049382273	0.044536170186075814	
0.05985197143082712	0.04652866447377646	0.07089890652159199	0.11152622824590065	-0.04308690234242078	
0.16050446909532912	-0.14219749268655163	0.03629912413160977	0.1438250835389768	-0.020547827155097866	
0.03937813104739542	0.09579747656464217	-0.03431833438633666	-0.07217346878415168	0.02710407421175138	
-0.042607909822053196	-0.03631045200278709	0.03913417503138534	0.032036637751713025	-0.055848815580593604	
0.13167752694850635	-0.07678189802540877	0.10971719764119486	0.044667444930898484	0.07774650523042105	
-0.05515390330445415	0.08559899191353942	-0.02964337432655458	-0.07508069995643384	-0.06048634114587455	
-0.16183874166622603	0.11235354736887156	-0.07214064300251055	-0.028870032199539743	-0.10194937796432609	
0.021532562236170293	0.0721566379422467	0.005240351479536172	-0.055714910502113725	-0.023235727218041458	
-0.026417650226193166	-0.07026394979755282	-0.02313210831118843	0.01944402266089612	-0.008516023781992422	
-0.02408796837160551	0.10317338570216045	-0.04411468125742572	0.08872309246532162	0.013011294696856739	
-0.024012900655513782	0.0750179072903121	0.017432230645999074	-0.062376978724527195	0.04175682230100577	
-0.01652991726192072	-0.021766853354903803	-0.03923026386981085	0.02531245430129737	-0.06004486083752207	
0.04218028767710133	-0.023170407076886765	-0.004034199384686343	-0.01476911584072045	0.0464901702234519	
0.054009028463173604	-0.03846374385834945	-0.016063783134644148	0.04261418851652021	-0.05315425185036543	
0.16113009996680636	-0.1159719797145028	0.11944911593997054	0.11365734565877757	0.04972539610089625	
-0.04265595169006313	-0.06562521387317798	0.1525184182603973	0.0170572843496547	0.11770670314886608	
-0.024576438435343195	-0.06608855384787729	-0.02655194305395333	0.07419341361420527	0.07805339796311775	
0.03944202321563789	-0.05932534507956174	0.03685820118565462	-0.059384123151959976	-0.028841101370387486	
0.023584008492520642	-0.07286413311843426	-0.026915551150637658	0.0722308524801264	0.10402133473035349	
0.059497320796273664	-0.002940287015273171	-0.023144081435402825	-0.03866598927343766	0.042543122891597465	
0.0972434348915484	-0.07808276809083403	0.012180615048730963	-0.005575299967179605	0.008504023378454965	
0.006213477147732429	-0.09142873400147052	0.044111841044221986	0.1443083116593538	0.15139363786397442	
-0.12400054421287222	0.1256318240020057	-0.21314589584588314	-0.11553311764897135	-0.19010503562306993	
-0.05336313874255753	0.15238105019532253	-0.13301626244221232	-0.20239255736418899	-0.17337124560169376	
0.1630118606064539	0.025783794882100978	0.11252896537380137	-0.005149089197563857	0.11428462870131208	
-0.07183841930015163	0.0769503846704261	-0.1227820104939297	-0.06883445268991394	-0.04379313959932012	
0.019196106997504868	0.0573835577764363	0.041301059914513306	-0.1104783859157742	0.048811279320706696	
-0.04998183647737916	-0.09643014282848761	0.028124050757412488	-0.04768358483407912	0.06280985649595314	
-0.07626823639268497	-0.05355132146116526	-0.07406892637745986	0.04565083593312916	0.04048564556195622	
-0.056771275364232786	-0.029997277643310304	0.004257617925497092	-0.07345861992019057	0.007423713343262671	
0.07098490108453952	-0.051600551304665225	-0.00855037532553119	0.10134965504850241	0.06001680545695906	
0.014756949110421469	-0.05930733129888371	0.06448733474387391	0.07244992832599016	0.18892107467381403	
-0.12150413269863466	0.1444459800836663	-0.1124823077924632	-0.02692322271406571	-0.1577197305527111	
-0.05965409003781721	0.0840929797759276	-0.08765879222382836	0.09873737864688269	0.029813029102426048	
-0.46711242110553186	0.7410016656622501	-0.6337910392448036	-0.6269264782583477	-0.711495621430619	
0.007525963924526971	
