TESTRUNID EPOCH: 70 L_PCC: 0.843300547446976 L_ERR: 0.009903079596708086 T_PCC: 0.6898450862093205 T_ERR: 0.018025440015427347
180 LAYER: 1
5 LAYER: 2
1 LAYER: 3
70 :ILEARN
0.06705461863555087	0.012003213933227968	-0.00819453664744096	0.011769191008990614	0.009935630468830923	
-0.038138393066060684	-0.10035317166115883	0.030544350378309836	0.07184644950453253	0.022687573064876673	
-0.17207484325188058	0.16679164477827818	-0.22188192783077423	-0.06305819683821459	-0.24752610923740576	
-0.10539148431820898	0.09735862178176165	-0.12307723554488106	-0.18106320068221052	-0.19967258696902213	
0.1123922875939597	0.0358132015028126	0.01574481794055956	0.08414631189916746	0.10483183001521597	
0.0775858035777199	-0.13128210273065427	-0.07804468824358861	-0.023488457067589646	0.06482606109198638	
-0.18999365543169291	0.06543073292230493	-0.00046078030854467537	-0.055237224913034816	-0.0931490622359096	
0.07331818275178026	-0.041371186592539966	0.18779741738419833	-0.001980171186783717	0.1727828327702776	
0.05192820170725289	0.05235186454523327	-0.09951688976127397	0.06695068048028335	-0.12580590292269192	
0.02245521067113903	0.03871144400084365	-0.0292770447078906	-0.08827987057306806	-0.06271787475234242	
-0.17330118076667056	0.014300742314615363	-0.17311274944206168	-0.13434183665885194	-0.08036818977004612	
-0.01633571972444575	-0.04975083797608777	0.024092165593907703	0.11694987728278361	0.09443994966518075	
-0.27124618317656957	0.08958855065473609	-0.18821177082291166	-0.2021177705428571	-0.2798624373660951	
-0.12256430635441712	0.07793768554624032	-0.1470990606973966	0.007644114069647871	-0.1270809611397804	
0.1937138234221413	-0.14866980342463226	0.04806117231778785	0.15519229429389528	0.08292562271264663	
0.004428970148780098	0.05574919639944264	0.05589542634278929	0.10953312715795656	0.11586297126742445	
0.11682512232143777	0.01768825485081847	0.08808799482967593	-0.02274243757945385	-0.013574266211799753	
-0.12274345154510422	0.10744234182361698	-0.10307008870518865	-0.07722911480038658	-0.17364521614389283	
-0.18142139580969452	0.12483578380967376	-0.10885612374702636	-0.03304258471625011	-0.13099877034786603	
0.04684644859856007	0.013370645809095694	0.11028970831222333	-0.08931320716606166	0.0911128896888181	
-0.27615506301914294	0.2298227310833757	-0.21772075111093903	-0.2553893538095135	-0.1740133197206906	
0.1784557578706155	-0.1894048914338447	0.28458161407470817	0.18783992571215355	0.255914894403765	
0.0616244830743871	-0.15056562544199684	0.21166107133521073	0.1415638902028242	0.028557152969031125	
0.1589033204863365	-0.027188113163280913	0.1771747318141173	0.11876736411836994	0.015419446086782902	
-0.12572128891038706	-0.07691193981689345	-0.1339590051363132	-0.07399961747105306	0.031066477477357288	
0.04950950168227227	0.008887732498671442	0.12851690771444269	-0.03376132099190844	0.0023455398842534302	
0.05867776969173509	0.09186809065332012	0.05967395047881801	-0.05865322398735049	0.103112471928278	
-0.04216902021777339	0.036534441027566165	-0.04784087544063881	0.05928635618581789	0.02832423854289814	
0.14671561015408172	-0.16664410602513496	0.08996013066343171	0.07248227993926797	0.04518525139192825	
-0.10227825209904366	-0.07553218359488144	0.040909013543817783	0.019556758630437158	-0.1290989379230171	
0.01805688343568866	-0.045793603091988384	0.16964874244136943	0.07635271131432982	0.06081941349159515	
0.15639052755130642	-0.1330612796110894	0.14425796091457851	0.19276352878855452	0.17480535846184578	
-0.03230461019677115	-0.029024069819768576	0.0834336958377678	0.12609175304029138	-0.04102349565687029	
-0.19397965081406363	-0.007506141108538917	-0.07164575201279935	-0.02580367958673082	-0.06841407791943825	
-0.34274396956570885	0.2901255272453018	-0.4084742915356369	-0.35028753256188594	-0.3276284047596718	
0.09271531684296942	0.0462105919317034	-0.03262157725561935	-0.07614936552943428	0.015086808581962957	
0.20652444966101532	-0.17865061568639962	0.2209962951040472	0.047466623596373984	0.13326892132039286	
-0.0204215918226612	0.0054473953752139995	-0.03611604401948165	-0.039608660246006684	-0.0009643020837592444	
-0.08272597863629542	-0.03726067044619355	0.057946642533814145	0.06309352857392499	0.05335427068089851	
0.04662458356827168	-0.08025171027679005	-0.07902812755391518	0.006494755827270048	0.04261429156785121	
-0.14348441485089602	0.2182703357633095	-0.1765561316283521	-0.17664110430540073	-0.2549874372522707	
0.14090884891805255	-0.13903631240559067	0.1888939362560102	0.24456293063775217	0.21424449323219785	
-0.033191766901471464	0.0788889068497674	-0.06470104555001872	-0.04806375228437202	-0.060657329508503714	
-0.09893661032752524	-0.01652566996075868	-0.023106087276421036	0.02356222831902986	-0.16181609427396088	
-0.15046405577493352	0.025730950722617472	-0.16610011704983701	-0.011263552892172294	-0.13783167126292592	
0.04773506957243616	0.042051645471458385	0.03256649421721872	0.09810526836021491	0.0349096757546715	
-0.16095856925637886	0.13560701477948336	-0.11314149857680782	-0.11637284655651901	-0.1485337156503141	
0.12980259991678364	-0.20913617453089708	0.11073844756550649	0.048116028648005585	0.17991687539584136	
0.013445769009099454	0.018724130062161604	0.08433386366435512	0.017943052771968792	0.10901401400481041	
0.04558650286081552	-0.11427750853136351	0.026239014492491507	0.03197938543399978	0.0654688406672352	
-0.01362400291462497	0.030308636056041487	0.08257022756906278	0.14512018285579895	0.0673334781077136	
0.07798161484456542	-0.0048340983020973135	0.04739860083375651	0.026423631787133254	0.023862731255342776	
0.05013387062216105	0.08613878923290871	0.06062684752401757	0.02826862315797658	0.04792064953224222	
-0.01507468003415745	-0.0059023829493869435	0.03240064407350315	-0.03756644930417593	-0.034327093373937335	
0.0331516267087453	-0.10776376339256362	0.043973208731979595	0.10513585389342026	0.179080506459118	
-0.1278682821991688	0.06597904882398581	-0.18855282531956366	-0.14836872761806255	-0.08142687469744193	
0.07104745090434696	0.04822344748198624	0.03390432629775815	-0.04135745319778715	-0.05301722462111297	
-0.23014299036514088	0.2452074913392024	-0.28306075705005335	-0.28480589068998685	-0.29909512747675193	
-0.0498806355961021	0.07098153863119765	-0.022594758913373394	-0.06557933488472316	-0.11154035115083247	
-0.1424686345657217	0.011497920018813048	-0.131810180034469	0.023253722109249295	-0.1587183525045346	
0.03242228831316744	0.07105174022190273	0.03108970127844516	0.005223139999597858	-0.085789855240816	
0.1125641154579827	-0.12784017882052798	0.048547324241153336	0.1042454089482429	0.07864139557567086	
0.04089353406030204	0.09084017379635534	-0.083005333932975	-0.12799280443815533	-0.08006113499578547	
0.07468049346827248	0.06370106398271097	-0.0652170404083171	-0.07563539995696264	0.12754575436037188	
-0.09109277912986169	0.03257698059737013	-0.16407102745215163	-0.1515053861218094	-0.08813880374492307	
0.0013085918764506731	-0.048440188828118305	-0.030531717065035324	-0.01872656134809653	0.013478365214491073	
-0.010105830532019888	0.06224442858573161	-0.1010450834256722	-0.021183178047533394	0.0996863736426275	
-0.14759805901290818	-0.03615837716828173	0.0369320172609398	0.06146946709503988	-0.042686521431708535	
0.08003279534853266	0.06052744821569493	0.05866679954599495	0.0878545066306922	-0.07044942519873035	
-0.04260091356231697	0.03282939685514346	0.017356782133939496	0.03813304457235175	-0.15762628320573763	
0.11408615617176283	-0.06564121412215428	0.05060814789281264	0.023820003324362068	0.07676695167632254	
0.026195215840544375	0.03401784013734739	0.01310509936430585	0.07713577023823609	0.14531387497858103	
-0.053293969392574594	-0.12518818751300403	0.10562756705381376	0.02786634503356834	0.08143659498650345	
0.02680116351602289	0.03348532729523759	0.04249522271389378	0.06348373860091112	-0.08135224637633606	
-0.04098254051793738	-0.02100319848285766	-0.07713210663117079	0.03896861438439636	-0.15463375265287124	
-0.019346389809880224	0.06073399681276449	0.03251397389243872	0.01480244353252754	-0.05416631347334044	
-0.04881642862249299	0.03720065155565914	0.060592031886224224	-0.11502645940374932	-0.08576430285680614	
-0.13947787610776363	0.10492551399540367	-0.09360539310280856	-0.1135659731573897	-0.11270049874031898	
-0.02949646958886028	0.0006662588071438769	0.019377985666194482	-0.02559443928290945	0.047170601987046416	
0.003931545580271981	-0.028125615150706586	0.03842446108884507	-0.028281590039244128	-0.04336253978171195	
-0.09739747677847223	0.19428942375546276	-0.3010620796410501	-0.09260505488084618	-0.1884797340813345	
0.1518170209760999	-0.09331847430546686	0.07235787411309098	-0.03307379855593995	0.030693720903656393	
-0.041615924804632214	-0.003028095877157639	0.11333233008123952	0.09216097713993197	0.05209373946339347	
-0.05114772008731547	0.07127739191652971	-0.0230711349083821	0.10098849376403461	-0.021049625674289783	
-0.1609684947582818	-0.05644654444377528	-0.13593450194945791	-0.13194355473641087	-0.10578968025895809	
-0.1387977053956269	-0.05033610203278782	0.02859049091593041	-0.028514395676874752	-0.0325470810545666	
-0.12261358791510746	0.05725725550244977	-0.06382990965742107	-0.060288296851456896	-0.07054010170939325	
-0.005867339622966787	0.10290286087429325	-0.16661322306781418	0.05827943934011622	-0.0658620760775454	
-0.02723169246201728	-0.04758244714791173	-0.02924154619261858	-0.15553305147106422	-0.003817265884193962	
0.11861639887699726	-0.012524627061626466	0.09235497781763866	-0.03663582215873548	-0.035238093608169214	
-0.07273655224119968	0.01093649708406483	0.044120104792134976	0.08178690448813335	0.008977079092629849	
0.17717589361552677	-0.04696030289417701	0.16737164031086113	0.09277784816839509	0.050483848834122644	
-0.1020724616046244	0.0747256021643562	-0.1182383649622635	-0.07275548140939286	0.01688727431441799	
-0.03361735824460383	0.07656459282906693	-0.059950346412839015	-0.04491957598043518	-0.0510527882609143	
0.07665828398754403	-0.041471697765729704	-0.04566777103358199	0.00404507330238409	0.11502836155017689	
-0.07561404229945398	-0.005646584378761099	0.11132764171386324	-0.04034585234068913	0.02352282890411622	
-0.10000665991587072	0.09773048977909936	-0.04413606627945053	-0.004569815750661369	-0.06260443656643447	
-0.045480218348380785	-0.003600850537045114	-0.14401746754925837	-0.055043373735305004	-0.12564189998928085	
-0.025566540957372732	0.10814631767724421	-0.039798106196883155	-0.10044422525460375	-0.07785158990294423	
0.08987118914719586	0.03514960315526475	0.0676706584752152	0.09973656424701391	-0.045705065659611986	
-0.10395532921417518	-0.06131796892427252	-0.052986400937990875	-0.06804200644262609	0.017259023340400553	
0.01982891773717887	0.0001850459247840017	0.048923369613001845	0.12249201750863058	-0.041954933077943866	
0.07812735153625093	-0.07308821325258644	-0.006768298553080643	-0.05716262750752325	0.10467189531584761	
-0.09593031538260877	0.08043194988488295	-0.14251996472604078	-0.10146321193788367	0.008741326274656224	
0.19207327091440632	-0.1258280734099005	0.2189790381797501	0.20360336430101042	0.1475380729132018	
-0.07966405665901773	-0.08429397803976105	-0.05120704912775762	-0.008971071793435087	-0.04532951810858893	
0.0030045615238277457	-0.008625192606414844	0.027008725668939988	-0.02980940343852462	-0.028053978630894386	
-0.0021653183473199825	0.053314737079857295	-0.02003264953271352	-0.11203393868752563	-0.042401459326933184	
0.06863566079993326	0.018327227872382872	0.09072861984624865	0.010209017900508406	-0.023941336273182717	
-0.08358739626943702	0.035886615012303696	-0.08533225790086124	0.11285982494405511	-0.06899130139916784	
-0.02905976398520261	-0.031233026078213016	0.0021477750299065492	0.02160744214794182	-0.10093479169626755	
-0.006348534192915668	-0.056051374979064796	0.12154208067656928	0.11358793312645483	-0.05802217153176484	
-0.06207748864745635	-0.025001492199358905	0.054800828989647284	-0.06236103640164892	0.03932708419259662	
-0.0647095822019824	0.05270775112244363	-0.0710950628166812	-0.05051808024145743	-0.20611514273988743	
-0.027740543699786693	0.06922352942936517	0.046814805943063385	-0.004111367065602585	0.004947944188237125	
-0.12979835617305238	0.0721000621541339	-0.1608190021182131	-0.10878528829731818	-0.15569557572251255	
-0.008527274861727135	-0.020491736381063545	-0.06603156707319507	-0.11352001823260399	-0.012660003872823077	
0.03732650493199816	0.014523847271084928	0.019856970654356022	-0.009445132258083072	0.08594406723020928	
-0.009608864674144065	0.029461492503974174	0.07136175342533939	-0.03332520467999574	-0.04063829970411422	
-0.057428166568135604	-0.07481785603505477	-0.08355391693694798	-0.0876368292789968	-0.09712077026413064	
-0.08077469563512434	0.14479063332942957	-0.19427424624395206	-0.14551196566651847	-0.16770975294658408	
0.11151464942278592	-0.03374822010850668	0.008066756221863744	-0.04495444220224709	0.06749186292491145	
-0.08834338602941799	0.13401942228886166	-0.006336309000793724	-0.05771874585357658	-0.13655131320669064	
0.033963844907783355	-0.04409211920058738	-0.10932854296159317	-0.06294922272463967	-0.07256644971122812	
0.09538502415024444	-0.13145776460005065	0.11897926026353205	0.22176481900614	0.20745846706121643	
0.03100259374209766	-0.04527493756480611	0.06032778883057298	0.019443204014044382	0.07805875815452905	
-0.02406646713224813	0.01134485182673991	0.05253026889511611	-0.02709675937942654	0.05925713871591993	
0.06549043109777698	-0.10186161852553002	0.15858178831703137	0.12309688301326592	0.12864801159506942	
-0.20392160042708857	0.22399818521407278	-0.2035755349578317	-0.14270340264825127	-0.1456479841815059	
-0.11368872168430337	-0.02709273914987684	-0.09855590362719718	-0.01712169181895862	-0.09781905161706483	
-0.03562895593701	-0.04960281837550833	0.05620528229281884	-0.0654060295372354	0.063186138846709	
0.15052703712487195	-0.20762268327961012	0.09190743341099997	0.20496292180559095	0.12920106989456479	
0.03850044963178756	0.05210459136715522	-0.04872133631548202	0.018224076930279734	-0.04278076542221257	
0.09982160304736358	-0.0032427259531744622	-0.012874709374934765	0.1519668195669512	-0.07163909960838272	
-0.10062941905121779	0.1694037021486318	-0.2595147443318426	-0.13062867810669973	-0.13805137334586076	
0.05912357303658364	-0.04598776047759648	-0.13757723594498694	0.07668111655179072	0.04399854829409182	
-0.14849488914064035	0.13610549223201288	-0.1503489610341462	-0.06742868450223216	-0.21177094402890465	
0.04306396048602358	0.06274165719959494	-0.01947522082438651	-0.03918251912637056	0.004167276883639758	
-0.09341797539454672	0.04267194400754613	0.07622800591403335	-0.0591136054228519	-0.09180776708410014	
-0.1822424176416818	0.04837049833974115	-0.027477364488113845	-0.07660164091779194	-0.17169597908679274	
-0.45419739276007454	0.24297343141935288	-0.38012924008009263	-0.3391928069209068	-0.40659049389697804	
-0.019012506748973604	0.06610580497893383	-0.03217672824915264	-0.04089680401078681	0.03800456102787463	
0.0977801612419567	-0.2073507980178324	0.17539608970405057	0.19823848660202723	0.248981671005191	
0.10850485446403506	-0.07751106258538493	0.12390427230998706	0.12250255331220228	0.06253803500638615	
-0.041382066140567005	0.059115514304709425	-0.0044769959743468065	0.05602874640982284	-0.050456192525993704	
0.022423959512813813	0.0692866347911657	-0.06029107805688323	0.01558752006288605	0.10582865714427542	
-0.19949525352746497	0.13437550316002894	-0.1615469921662408	-0.24991341176816617	-0.15757277138517864	
0.06177989556205365	0.039412856225092295	0.14793904312690395	0.1766791600882769	-0.038980255109127164	
0.19859160262320474	-0.16995350569197892	0.11241353612729706	0.1972364014973814	-0.008828725048020753	
0.03320300069953715	0.05622258135637076	-0.0855055677351533	-0.08453901934002254	0.0034856271407607163	
0.08180749531187494	-0.1484538319087921	0.15096925890603702	0.13662792131492887	0.051477022367189755	
0.11209278348627034	-0.04864598649887986	0.0589535955903363	-0.0026024104591313895	0.03668152250859447	
-0.013560825070695788	0.07175857589416035	0.008474880010884126	-0.054044450400073336	-0.057036107309742116	
-0.1487124196647226	0.0846732982294639	-0.03491561102476095	0.026410115443567927	-0.06722539484912483	
-0.19089643499658357	0.23420932682721057	-0.23354665367367103	-0.25236068951442864	-0.26720086730476456	
-0.15647264855228116	-0.009710220519174742	-0.15413490327848295	-0.08830711952294418	-0.154813649212663	
-0.20960026669487514	0.1963100898307319	-0.2541624630655166	-0.08487713112157563	-0.1814848504356731	
0.04351604596900046	0.052656811032494165	0.12055734529026726	-0.002554830947243259	0.11149436750528835	
0.0023265914457474	-0.04662690994698078	0.02380115726644383	0.07755213982902795	-0.03680151786366763	
-0.08795873647157679	0.03308566811938647	-0.18943693680788	-0.1378824150517547	-0.099045177640043	
-0.22271960118855555	0.1933108794696981	-0.2786467143952825	-0.16405145355804956	-0.3100748498913327	
0.2394196967951679	-0.15828996689480387	0.22330435197509801	0.19527048158711716	0.08358322196967559	
-0.1413862026695017	0.005011250630918728	0.07012148788955842	-0.04346381920075552	-0.011074936411582508	
-0.045629996438249984	-0.06336221330943063	-0.013929717688975003	0.09002312943931709	0.035437725791895	
0.01344397184383559	-0.06181730638162638	0.013780314030816235	-0.06775856693868332	-0.059377000785807106	
-0.01293320147646928	-0.012944330244531746	-0.05441847242984942	0.05194681416781192	0.04803263079068601	
0.07691168795841388	-0.005855215818058602	0.010826904981329653	-0.009687350339494279	0.04079316285662821	
-0.1895674665670459	0.1434088881175025	-0.2814669196833438	-0.2280704078518586	-0.2821159272794173	
-0.3125124578560623	0.14199826024090323	-0.3050495407477576	-0.1465334685793669	-0.21195026908471606	
0.058419508027664095	-0.08818786906954074	0.009854847340259194	0.06982509536212907	0.0397461814698402	
-0.11045459965812156	0.1807757718354277	-0.2157306763006759	-0.25507762358971836	-0.1758632835233771	
0.3026612586706548	-0.048988371568912045	0.2973194542482681	0.14800725985985697	0.22543043874103516	
-0.34160076260052347	0.28855062761043127	-0.44338209615491325	-0.3049257125406855	-0.2739744700068536	
-0.25849898256582493	0.21359599523898254	-0.3217748246746891	-0.42597732976102876	-0.23488788021617626	
-0.11631494299156284	-0.047750698355485906	-0.015508346428038394	-0.07452870684564154	-0.013154421650823579	
-0.22594977923683945	0.06952149137212851	-0.2072266692653829	-0.05798125988105141	-0.12510833169147959	
0.0037980083942853286	-0.0871710236522653	0.09243112507786154	0.0037577088221417984	0.07363533517208737	
0.06762679174179423	-0.015340105512570224	-0.1053056289478133	0.046049570992660854	0.04253818628426636	
-0.4026481977104562	0.22368447329393293	-0.4119039458762038	-0.3500773427448675	-0.2750572861612615	
0.13650587993984412	-0.12557304586128562	0.20596992459170918	0.2307948616963181	0.13826599894778158	
-0.046018659859919785	0.12367045892847144	-0.08223307001287897	0.07978664776674096	0.04945128557570466	
-1.2234337107627047	1.460155618175086	-1.4043128322074374	-1.1344703692638645	-1.2062474300145365	
0.856777121991746	
