TESTRUNID EPOCH: 49 L_PCC: 0.8279732452755959 L_ERR: 0.010833899706506823 T_PCC: 0.716328063981628 T_ERR: 0.01640376060666605
180 LAYER: 1
5 LAYER: 2
1 LAYER: 3
49 :ILEARN
0.0419426917664749	0.01183811731450812	-0.017258330063377184	0.012429792672744374	-0.01541292846398866	
0.03478012961174735	-0.19113613944640795	0.11764048684095602	0.1287341405630368	0.1131941440692907	
-0.12079435626358892	0.09696420457841523	-0.17308390065402288	0.0123423344569562	-0.16894589474772845	
-0.1340051088418535	0.06913259675828283	-0.14784602329868077	-0.1853542187790503	-0.18405085752599898	
0.10994932316742755	0.05212557318246787	0.0036959426644366244	0.07792790426898567	0.10694344105343084	
-0.0654150870239792	-0.01238948848712162	-0.24271947795191162	-0.14128110244125439	-0.03731319406109257	
-0.22627050393282164	0.061616241450814915	-0.044544559544643605	-0.08604197116962907	-0.08005515630986901	
0.08233839588302665	-0.07223453233644189	0.21266794029886354	0.03146803710962381	0.15820139158996244	
0.01914006040836698	0.06381430982318835	-0.1564022757323723	0.03274873645583128	-0.14156675827754728	
-0.011914404828295918	0.11078281232392452	-0.06925394540402612	-0.11623289093391659	-0.09969596106789756	
-0.1552053237283727	0.05007178777452747	-0.1377097966397086	-0.13057738181606587	-0.059151136861642646	
0.009514927140807964	-0.09043552626369536	0.05978372517139435	0.14770662047632077	0.13115998385885927	
-0.2441581476268557	0.0868518636125915	-0.17261284252164977	-0.1764319081995979	-0.21848645841155812	
-0.10907609866310956	0.08333351771621947	-0.14980346295222088	-0.032093760753909094	-0.08903921808142039	
0.1150357112035665	-0.12701924526834982	-0.017031539899374157	0.11263926564908254	0.014478383189980449	
-0.13851927811093637	0.11320387321566655	-0.07750143037184123	0.02697371574276714	0.008389679121577138	
-0.006408778152945936	0.07844305407684488	-0.030045388066563723	-0.09775399830593554	-0.10557063669921544	
-0.13219996807072337	0.13436273753700873	-0.1916129494704168	-0.13514563125322437	-0.16135124874881382	
-0.1874108448211732	0.13234613975522636	-0.15716835166062829	-0.07381030926480436	-0.11131865444559744	
-0.026424487545841927	0.10296111815052546	0.02636760871607478	-0.14596618342783127	0.017365976075793522	
-0.24386106361497079	0.17258818250018515	-0.18300709828816156	-0.21662691081202595	-0.09398479340868979	
0.24398027636953604	-0.2557580857045919	0.35415438883291106	0.23195672580427704	0.28597248659266367	
-0.013829824430228265	-0.10793385440698758	0.14054732218313828	0.08210785466600065	-0.04889953232159007	
0.1300265521195459	-0.023222200544915163	0.16975722750105773	0.11098338098553392	-0.014323988006359444	
-0.13484093048434986	-0.08478861925504921	-0.14620423525946818	-0.07749070229091246	0.03917970481216603	
0.10411519803226277	-0.05787143479598028	0.1834184274266755	0.0076300421620922685	0.03187239173850565	
0.07871476957509904	0.04937915525506914	0.08535434733170469	-0.03857679853108951	0.11454987080715373	
-0.1686790976214047	0.13688716204871207	-0.17248777690694483	-0.04782998131340983	-0.06709760390432166	
0.13735076616082686	-0.1557941697475904	0.06953459902867376	0.033538047163663764	0.0019472466337290945	
-0.1064628777396319	-0.05680763993953849	0.006545611773242918	0.011562694538022819	-0.11469498175653524	
0.06997392145969354	-0.060770111909837984	0.19575701579369223	0.10111492947033873	0.08684331063591745	
0.19078922180177185	-0.17027295436238457	0.1847402404941365	0.21853665812386341	0.18590857872950195	
-0.057469980893532516	-0.0022530513715555665	0.01740303210826813	0.08127671531238315	-0.0660911988355926	
-0.16792244367186318	-0.04074742596857714	-0.06779883739244263	-0.031517558576834845	-0.04009006117819628	
-0.39816951196078987	0.3381530711651602	-0.4284473114664957	-0.36227873667208693	-0.3085758710090237	
0.015035718154776594	0.070504105174449	-0.09515222871446614	-0.12652021867955296	-0.05475492526474869	
0.09143567514904953	-0.10450727236183109	0.12114216926186827	-0.02742786639020928	0.01893910083704924	
-0.009527867205170185	-0.022332446948856235	-0.04761815774084784	-0.052023463473216784	0.02619171427093269	
-0.08599123115500952	-0.04215534515399422	0.020316248575836634	0.025864581202564366	0.05419303625684043	
0.04581708900614271	-0.07828580946032651	-0.10454037600329909	0.009364413293621828	0.06642418904861958	
0.012395513569622851	0.09075605622612727	0.0037246110763564156	-0.05025583795937863	-0.07989468660180453	
0.03127698912234149	-0.06473378382739704	0.06120635507922928	0.1568628840398097	0.10876922903600887	
-0.094113353418099	0.1310272502101075	-0.14975977972647087	-0.10509511602895646	-0.10138312134210828	
0.028732228236128133	-0.0972007144864367	0.0842188820510939	0.10644723919795242	-0.06664857134146607	
-0.1662432420390238	0.024971540033074675	-0.20001919305885923	-0.03149785132265077	-0.10796871478395992	
0.0003374014270571672	0.049547676256952625	-0.013332461867921185	0.048271132315466224	0.023488384962482692	
0.009940620203337492	-0.01811205804451927	0.071812881068509	0.01378759125622016	0.020026449994063632	
0.05169953351012855	-0.12903817020074235	0.036566326396509446	0.011562368452391102	0.08823112909190335	
-0.04712932587183277	0.05202893150023516	0.008058891993490294	-0.03199713529630879	0.06070578090374976	
0.03274407490642989	-0.10668843960896916	0.02111315276834398	0.007209871443173932	0.07873151509776463	
-0.10803911281330536	0.08923983874759615	-0.01142624386788644	0.06350078266749892	-0.009425389622692236	
0.03399924251270094	-0.00643151680401089	-0.0013786368419513864	-0.015571259741965868	0.010078123345363224	
-0.05122563670934704	0.13164354007314602	-0.03160219743004949	-0.052798688622403805	-0.01775825176293291	
0.0005465917030359646	-0.023663002769012804	0.04407894775580037	-0.003687129351854594	-0.013278422556137948	
0.07505455722552348	-0.10814929091831642	0.1024037287819252	0.08864267113389343	0.18457108070686815	
-0.09526117940801991	0.04403392381540278	-0.1609447466061838	-0.12311872961531913	-0.021295571042249606	
0.09845925364973224	0.05454449772966453	0.07195422243768308	-0.02521014965638962	-0.027791273523409578	
-0.16265596599723484	0.1431223586969291	-0.18978833113346613	-0.18269408069837936	-0.1660151749250919	
-0.03952404285978163	0.05911602237576297	-0.020248729501597854	-0.04409717663786473	-0.07793875849512497	
-0.09765438140313891	-0.020830495972082027	-0.07189476546678698	0.04778160003872245	-0.08553947765919283	
0.11263605421769245	0.01343615071229282	0.11515081294506087	0.050558287892084226	-0.01234087350498967	
0.03299184190534764	-0.07406895655219914	0.002977626348896266	0.045644402296447444	-0.008154723574385426	
0.08261331425040329	0.06401354562150706	-0.05852627072343813	-0.09459182843728971	-0.07251792960671057	
0.052063670106901695	0.03203655289781283	-0.07186887546012054	-0.04041212635059354	0.08093309950015419	
-0.05167872032126107	-0.013791993993777715	-0.0936797873482845	-0.11844327205875221	-0.024028244575578093	
-0.0033674758322276115	-0.06928653169063226	-0.008768545150499105	-0.00881381259672211	0.0064586037199713025	
-0.044110592229602834	0.050620039107243366	-0.060304157670995805	0.0009248110377102622	0.05377792721271121	
-0.14024951846248157	-0.020703978984670506	0.007040545280166788	0.024666329693220388	-0.017754191895337883	
0.07638820394718727	0.07815335722674194	0.0464632039983773	0.06636578820316434	-0.09439069154222499	
0.045135359020696646	-0.028954296640061872	0.08348289814618941	0.1067208539906593	-0.06137531287004674	
0.05933610321098643	0.013399203285485108	-0.028908558671921665	-0.029487438463100982	0.026392477735821086	
0.03232691771859315	0.004892408037467608	0.0592516022033007	0.09770122446401817	0.14153649270000793	
-0.0657899497751627	-0.08532068291695377	0.07055898223398649	0.00012140526650144681	0.07378417653282629	
0.08823557606702853	0.027200329818638177	0.09282544779039004	0.0923958541299395	-0.02390810015604285	
-0.06038902868215828	-0.03910235613987943	-0.12039815262531947	0.016049918598115602	-0.13449193879705584	
0.015975871316164365	0.03639923299785057	0.07492357716450736	0.0458626636936707	-0.030056366215440528	
-0.06491300653387407	0.047136604977214044	0.05266850829264822	-0.1127520418811943	-0.09500223607063783	
-0.2093130925024809	0.15602735488647534	-0.18250809063814213	-0.1880147877384509	-0.14400307476547428	
-0.046990018855649025	0.01772183536970164	-0.016498170269642537	-0.05126285713852616	0.03273064653569796	
0.04918586906064737	-0.06818356658393841	0.08102156619941994	0.01548992738206039	0.020157205406263246	
0.10351790507467433	0.04209724264243891	-0.07214468757683384	0.06050883949696674	0.013977715030588627	
0.08954543124745752	-0.05189856459028399	-0.04089624419601691	-0.08122572711435243	-0.01853929513472845	
0.007401336615931438	-0.04051802579294303	0.15625025967316858	0.12610240195040054	0.1203167038785631	
-0.05211171248816357	0.07326184313255682	-0.03803132014464852	0.06806959951239641	0.009463755891254593	
-0.17091675274135784	-0.043700067098740386	-0.16852020281230476	-0.15047685272769903	-0.06561479705231403	
-0.15701634526514768	-0.03392956778829179	-0.03598224180077115	-0.06450660711884637	-0.013834457901872996	
0.055266033989661324	-0.05772800923483077	0.07888517837741224	0.06720884282865493	0.104277027749781	
-0.07861594179393448	0.12584335014967776	-0.2065158271883659	-0.010156492229187802	-0.11391946674300464	
-0.01298520675551092	-0.06500549486338564	-0.03860578711375623	-0.13336714044125925	0.04079333998978014	
0.11945535888430328	-0.011619458226511023	0.13425741121173515	-0.02765419733024732	-0.02925646425765286	
-0.11385250953495873	0.03435355991717139	0.012492168487394038	0.057492277126617836	-0.008540177581221846	
0.15349361672253964	-0.019714060002833617	0.10996169199545067	0.06691125262889479	0.02931574688202227	
-0.20377004437143947	0.1409841950790782	-0.22624105794749508	-0.15512015445436173	-0.04150145083358112	
-0.021830622591968156	0.07148284006167917	-0.0353111045845101	-0.0054030691158349535	-0.06039035873862616	
0.025632715258057794	-0.028219606609005733	-0.057993525774413	-0.01946406444115994	0.06053643110734572	
-0.08480855849929653	0.010043126397002007	0.10677008719112187	-0.06333894184386916	0.023369748463282904	
0.005816695742838918	0.013700013547485164	0.07532205990704131	0.0907467476492072	0.03485358187291612	
0.07148281628755851	-0.06911770507712482	-0.095800698198166	0.015230955598782472	-0.06088808917168917	
-0.033257136628504914	0.11604974060164824	-0.06907524926308642	-0.10603346980978634	-0.08816532047726977	
0.13758116565903414	0.01109099610282783	0.14421777306603514	0.13869030630883203	-0.0006881250380089089	
-0.09262887717282237	-0.06364824993081687	-0.05172994080909086	-0.06365672035290655	0.020231546842487874	
0.07725311363097298	-0.025988302943350763	0.07214164963982682	0.13243451097450656	0.0011753144109578494	
0.001140986181042649	-0.020072263438769517	-0.07804119774962742	-0.07682137937824522	-0.0020164258852551804	
-0.22656348355590245	0.13183976262678537	-0.26435038278928774	-0.16163389001734516	-0.09147116953644416	
0.22266220619861318	-0.08137759004286237	0.275572137037887	0.21397593519460315	0.15549479981929257	
-0.043949411627889054	-0.12615578345338	-0.04020719356576572	0.027965033695177145	-0.0126671933944738	
0.020003578047870396	-0.04571035401787228	0.03425249200110469	0.0018940736765057544	0.000282505300376809	
0.03847176521737403	0.019099860837189193	0.0038779473328493376	-0.07870502578904601	-0.04521205693906869	
0.050650957909218024	0.0010668961649041922	0.0513677945764045	0.02914407540694885	-0.048725501949606134	
-0.07503323507264333	0.04794030757038464	-0.0682328296863857	0.0829210020623763	-0.03955506867938355	
-0.06550775413900506	0.02195837354353769	-0.04332323446746909	-0.055449334105986535	-0.0988206586010567	
0.0617732184438117	-0.09494049842049773	0.15748934495661887	0.1546659477034714	-0.014756632174740632	
-0.07415469125447588	0.005321241342791842	0.024045520617715612	-0.11400975196790819	0.04047463377868231	
-0.05544098066891286	0.03902120991208752	-0.05497786523607484	-0.05094214480442121	-0.1541397511352353	
-0.008216370914798033	0.01837952060235766	0.08103750325547404	0.047485361631576156	0.0331772330219669	
-0.1496276895722653	0.07152633796925997	-0.15258913160943124	-0.09198267587397434	-0.1639305290694484	
-0.013261194712530792	-0.011738303895643735	-0.030588175540301056	-0.11017070349898957	-0.009479861138656454	
-0.012694056485717	0.017205885581754534	-0.04839791031824704	-0.034641446091741745	0.06211649451340003	
-0.029563199365641283	0.033022003346369753	0.03617858623432828	-0.05076718431197566	-0.05235051511078115	
-0.031106103424554384	-0.07709390682383303	-0.035398684072323716	-0.09869536699316375	-0.053910218648154	
0.05091154283821337	0.031412473156387045	-0.05543349527262063	-0.02729785014006766	-0.05632825646071887	
0.213756654332438	-0.08299148012889816	0.14864446246228818	0.06446359366213356	0.1584188614912402	
-0.04026687078785065	0.09387036919213383	0.022634694449942507	-0.030463760845124605	-0.0770054664459353	
0.034677021800369044	-0.06347246441988065	-0.12326000077337256	-0.057967626847187516	-0.055463739834727854	
-0.015685171961521353	-0.001275069870469577	-0.025249191142833916	0.08034173357929503	0.07936986101788199	
-0.0014783627407975327	-0.021001145406021934	0.08654665953829527	0.05559838842330614	0.03916882338764623	
-0.021743035796508495	0.015257495342592804	0.09339815355373755	-0.003414526315701505	0.05641940172462371	
-0.019583373930158677	-0.024764077341721952	0.02484987405864345	0.05385528030800942	0.02716222213784282	
-0.09276073601103614	0.10208645270435462	-0.05994829860345918	-0.02871098438832708	-0.0274631180588951	
-0.10200775682158221	-0.027514690045614937	-0.10506348856396426	-0.028512657721778998	-0.07358069391499183	
-0.046251592169650475	-0.05027163925916384	0.0384413555704828	-0.10138763791471492	0.07469935889854083	
0.03212671263697989	-0.0789650795508945	0.0065545373718888895	0.13277061876283006	0.004281086891453528	
0.10619987693710796	0.007894544956772952	0.04377456054134011	0.06825050369942985	0.004005289468111536	
0.09583549182604058	0.011489723994560773	-0.012993221946816324	0.11194966702921748	-0.07652852017865476	
-0.1773786739134182	0.1779461383483817	-0.3044846944118614	-0.15889702521464677	-0.17781742576359696	
0.0984412684703966	-0.0769485409399057	-0.08656526503437052	0.09890132263762368	0.07733426585313163	
-0.07531971144051902	0.07248967227307876	-0.07223440914871627	-0.031145411596800877	-0.11603103112754162	
0.05655076450143024	0.013919370483638444	0.01973800489349805	-0.0020457432632044388	0.040429241605262074	
-0.1077128588984929	0.04834368982529684	0.058750418747757535	-0.07374121322554053	-0.0986899360980318	
-0.10078938473796031	-0.008547133048382534	0.03694904445582233	-0.02907096635111866	-0.0803906091523116	
-0.4304834001473234	0.19573882156404201	-0.3741654764001985	-0.3375490267456368	-0.31540998362121503	
0.05390464347035764	0.03818929706466649	0.0710678947887887	0.02523209906275142	0.08390142307231055	
0.1416842264806797	-0.19245005806331425	0.19888651410898514	0.21803281088530824	0.24177360419674462	
-0.004297165290923191	0.012292459210464455	0.019839902116774933	0.0659045498180253	-0.046305059299509496	
0.01814064675920068	0.024168447597742473	0.04807318139258464	0.08287754107469984	0.01796050976696169	
0.03030193038714374	0.054172570831234695	-0.033573639766899074	0.05064317022336632	0.11157088857298555	
-0.13315085096162646	0.037714594382828266	-0.06810826347590235	-0.1489011617209562	-0.06336617740995058	
0.008647894379772637	0.05144848394984119	0.04208445184392422	0.09139345056982572	-0.10046823689958975	
0.17495875382496193	-0.15481049528735355	0.07544313884371487	0.17728915224548686	-0.031692455825212726	
0.06327413034931653	0.06874897885434406	-0.0627598920954859	-0.09377219305617618	0.03176437683747525	
-0.003560720463180223	-0.06762664292612725	0.04516410776330256	0.047722880287428	-0.014134412615146993	
0.16011462732421622	-0.06037188889346819	0.14855563594449564	0.05308656979477329	0.058805922662666724	
-0.03602756208719287	0.10202297724040844	-0.041272059111719404	-0.0960557654598083	-0.07622398216915284	
-0.12521503011580395	0.05084178469054383	-0.03715793427335962	0.02415968192496414	-0.014244618431030988	
-0.17601524141755623	0.16260023407948976	-0.17837462697808243	-0.18840821530216795	-0.17748724986705608	
-0.10152501974869065	-0.039420138676514976	-0.09274256172430181	-0.041706057462719257	-0.08961149527015463	
-0.06191649036584872	0.10417625240785922	-0.09392980910061081	0.04508237939595587	-0.020860944161209722	
0.03793644442925307	0.036840664095874665	0.09529664940299193	0.0033698127276005976	0.11294909868966385	
-0.004560178066192561	-0.038740500573203766	-0.01084540948537306	0.048159201686411635	-0.03246724682354605	
0.0005828026119723458	-0.0027458671402122384	-0.1016703027252369	-0.09474191981051847	-0.007425254657279192	
-0.16432552798850997	0.09434343038694726	-0.2513207609820012	-0.10436241136558479	-0.16701354097221538	
0.19223622557439224	-0.1402633418944708	0.16929656130892926	0.1523135155016725	0.045390637409676186	
-0.15339322040943437	-0.018034974584093304	0.039672500850003886	-0.05368603022482207	0.02816475451800238	
-0.04261031983656404	-0.08501923835622431	-0.0338064968820968	0.086631355361465	0.0698563395010271	
0.0037806028942438254	-0.05382302868333911	-0.01708539248389293	-0.07585668811399561	-0.05069983102671198	
-0.026265284918569262	-0.03177919708639512	-0.0746566684506019	0.03789801352587969	0.0605379518369248	
-0.004860615926202117	0.0352766452812774	-0.08548116507415182	-0.07866185254523031	-0.007025215346164333	
-0.15307121343692845	0.056688427274990634	-0.2585274473676497	-0.18943472024787836	-0.16063163918902246	
-0.3407798796690413	0.13391946741825866	-0.3262581552042905	-0.16856819209242194	-0.17683066416081422	
0.10848109240814519	-0.06366619463269488	0.043333907973856535	0.09578718026646887	0.03625166958467492	
-0.04025494142520015	0.17838312118424732	-0.1439041369824148	-0.220816609507406	-0.1432310677049947	
0.2703423841025927	-0.048418639798196446	0.24633696500580787	0.11049189864615325	0.19924065823778705	
-0.2982704288575953	0.2609926843275241	-0.3909474157100467	-0.2841809461766611	-0.2050343188652327	
-0.3631862671589022	0.30521510120946976	-0.39110293259589496	-0.49432169755331845	-0.31480659376887465	
-0.1237611088657379	-0.0700326499544003	-0.042446514349776025	-0.08159537031624332	0.017772474972360407	
-0.2369136032606175	0.03331054933748398	-0.24408416786848208	-0.059719964615752685	-0.06479508448769589	
-0.022741590328501367	-0.06968405210391553	0.042797317511869354	-0.021128721758208346	0.06599747918083677	
0.05566405807809706	-0.05330852400598613	-0.02787625273107757	0.0515008143216808	0.01341060140180542	
-0.37250718958508694	0.1755534342438097	-0.3431354864811181	-0.31449118624310896	-0.21651142367963033	
0.16758526528651052	-0.09264978868848008	0.21443216280424285	0.2454426679744226	0.11846451682992035	
-0.03340901453382121	0.12194539085243371	-0.06276712969735024	0.09659096688547802	0.03800626249766719	
-1.2734347976514073	1.291727623407877	-1.4501204113064672	-1.133213342263087	-0.924193180355903	
0.685661956568985	
