TESTRUNID EPOCH: 72 L_PCC: 0.8408351957047631 L_ERR: 0.009955490307093761 T_PCC: 0.6959565141031558 T_ERR: 0.018213679916236524
180 LAYER: 1
5 LAYER: 2
1 LAYER: 3
72 :ILEARN
0.19050279840768738	-0.11270389347986552	0.10010584395014742	0.09557843091270363	0.11714169790250248	
0.04338609804325171	-0.16338684399275835	0.08167499578064591	0.1406949404294193	0.1342598766600009	
-0.1992441283980382	0.18685197947098758	-0.2691240518439926	-0.06012169317833356	-0.22890631506740847	
-0.1637357196459547	0.1308009687735725	-0.19118655786634195	-0.19551163842204597	-0.19438960442351777	
0.13096393963856387	0.034822154669008946	0.02192139204231444	0.08698808798356672	0.12762119653303416	
0.018309989154888514	-0.056192524266593276	-0.16925621439914	-0.061726849897778706	0.03728099673358058	
-0.23221397858281453	0.12348882890141119	-0.07058147760771936	-0.07771539829171395	-0.08450066407795484	
0.12902926459782443	-0.11542410383641291	0.21886826606951365	0.02769789560529607	0.2092432151218668	
0.10111670549918994	0.0175293235983967	-0.0721414156642875	0.11494443060007029	-0.06815234958392459	
0.004650987645681499	0.07006545987170548	-0.02821077272268466	-0.1170121136535292	-0.0995002517849235	
-0.17931938402370434	0.03427618882896948	-0.11481779022881014	-0.10107396704630371	-0.10984597657957239	
0.03455792149238216	-0.09770910474759821	0.03825032569914035	0.14892433613468434	0.16901190427267673	
-0.31882922832889615	0.17348406548814987	-0.2121480779621147	-0.19169528598027036	-0.3354450812530507	
-0.2047765775296944	0.17071429721284961	-0.1668021076929794	-0.02160326921724768	-0.22265841251703417	
0.14883417649782626	-0.1517206974685804	-0.01631902424823131	0.12356641567153245	0.051087500208668424	
-0.15533555862646944	0.17730225963277482	-0.11581599894089702	0.015869049608681008	-0.005182237834991304	
-0.059549247161057806	0.1558917094910856	-0.08049688310194436	-0.12177572785059458	-0.1588138542859715	
-0.23061286555946572	0.24712426630094955	-0.19508426614561233	-0.1137391265357463	-0.30290830706845834	
-0.11651916158416764	0.08616712120911735	-0.03532663643608323	0.023770839544865283	-0.08663378503625692	
0.03669746043462124	0.03573676199285234	0.09794449362928546	-0.1259189028744477	0.06716974818966268	
-0.3875740478849531	0.3590948740002747	-0.29869168172225236	-0.2823455364077082	-0.27492853083749613	
0.2011524861298054	-0.230561445096496	0.2851853934527905	0.1839326148289312	0.26350278572495706	
0.0029263456799291155	-0.12148919149131601	0.15051039689908274	0.08761753996255255	-0.040883948466360426	
0.15019750465550818	-0.03991008916786533	0.17106374368114582	0.1132555305645372	0.01195485344427216	
-0.1715752116233189	-0.03187345372482824	-0.17132968440151164	-0.08333219829799492	-0.012289451861245547	
0.05485892022985624	0.014884340932563089	0.100122596329159	-0.057542018663630894	-0.015149914626961324	
0.023135682880466173	0.13613171359754456	-0.004680148171182084	-0.09189904034246722	0.0752776732889559	
-0.09413264941700696	0.06793088211012673	-0.07317120509186467	0.014553209563925727	-0.04314994012423056	
0.08480911718548836	-0.11657394609103836	-0.00657694395358454	-0.021189017800887864	-0.02474974229003623	
-0.09610539301595444	-0.04852438524486726	0.030247989247373364	0.03478278081666064	-0.11675472217777803	
0.03229591152511918	-0.03438029932017851	0.15749865785121217	0.07915154503364372	0.057075329271821726	
0.17497634513543278	-0.16662204335958278	0.14494299408498962	0.19088682107380972	0.18029747542195046	
-0.16263864350116397	0.130826477252445	-0.07646336655450374	0.02455834727919542	-0.18639750414358938	
-0.17193109015618332	-0.013591291050206535	-0.05560925943457538	0.006019892419619887	-0.03097454357812889	
-0.39924366856387733	0.3403400831819094	-0.39710863798217505	-0.3254736402459504	-0.3095273038052212	
-0.0581663462521174	0.15273256489060563	-0.15390296131926703	-0.1655140251211841	-0.14089153838213556	
0.16390245815244267	-0.18738503548702187	0.20593748669032763	0.02223684185250497	0.08817967188876145	
-0.013923229158260863	0.02013875715610171	-0.045309722191013375	-0.03382219609537862	0.015096378416639336	
-0.1386275472882633	0.040422012722782945	-0.030578486825421976	0.001918379674262547	0.01925982823258539	
0.034144583666621	-0.039480327159548044	-0.10420510159992143	0.013236325357107769	0.04360681203938885	
-0.06791287163249099	0.17688829069401674	-0.050559329445282464	-0.08934280137657963	-0.18873166786350304	
0.09947231495492233	-0.11840254242600536	0.1475563131858447	0.20275801785686148	0.1407000534259496	
-0.15554145420066776	0.1882090737925696	-0.15806523292308308	-0.08173313807406782	-0.1891492532925259	
-0.12988099772849948	0.01538878207005914	-0.04684071951894562	0.06891372531224714	-0.20095174721312625	
-0.0011423848972305494	-0.11952027892612262	0.008167659281514684	0.12264104327976519	0.013295214919303433	
0.09630775302429473	-0.03201943648758607	0.1037244330383591	0.1532414974146855	0.06873765989644057	
-0.16657629571952248	0.15325074720701592	-0.10954718262863715	-0.07598374345982925	-0.13901149640256874	
0.09601131272127011	-0.1776481302558813	0.10933975905101675	0.04534633060453752	0.10608801240001657	
-0.035719880881076596	0.042244956732136366	0.04580660171632577	-0.010822368431169163	0.057680487765171796	
0.022153817719563006	-0.07700916413551183	-0.0341742412735794	-0.01260819624659844	0.06429432815301053	
-0.086408223847143	0.11030906669221396	-0.04803771056198122	0.04682958335084741	0.0068512430259112566	
0.06633891551944147	-0.008086975926744925	0.06971978510824166	0.04237503024399826	0.00569884233114127	
0.01668782132660153	0.10810284786200511	0.007372199716407146	-0.016876982845247166	0.017494325706420188	
-0.023552578822340083	-0.0016258159430070614	-0.01610444901814686	-0.07922225524789966	0.005064753544133717	
0.013853562050526692	-0.08659664965579156	0.07032392349549885	0.08537381568418168	0.16553293703083072	
-0.06496089431170621	0.0038986353032778517	-0.06953733117145044	-0.05153055453202214	-0.03810058758442176	
0.03767382214892513	0.08894123942909987	0.022894082283886456	-0.04495327639899164	-0.10216554849579317	
-0.17692004213436563	0.19581308630487387	-0.2079418203056112	-0.20986618043719807	-0.18380466662195463	
-0.024804769515487237	0.039705944968364354	-0.0038779099332577065	-0.072060845166786	-0.06119612803824899	
-0.13917209018040871	0.03587073614822378	-0.15029672392915105	0.0085253678335192	-0.13697075818717655	
0.16250580173250395	-0.04705528979397227	0.14239092170864548	0.09927100265436423	0.010259405010106479	
0.03283735367164382	-0.06999828238643509	0.0044636440550925175	0.0664286292486645	0.018833551487960686	
-0.014526568711987065	0.14070502751838057	-0.10903186693036303	-0.12811427680768153	-0.17226276410655503	
-0.00019391732954404946	0.1030856170641228	-0.09996001238832775	-0.07826349894356818	0.032522335258163566	
0.0861967852636473	-0.14245577682859178	0.07585544160990872	-0.013812327901144932	0.03606238995664505	
0.0411649576663782	-0.07185117421329201	0.053137932743649204	0.03124083810790924	0.053074673011881235	
-0.0014277615463628311	0.04399637911964812	-0.012954790905362954	0.022145897957481942	0.10369618967025664	
-0.1682673245762884	0.04515267324906667	-0.011336571631871909	0.04034059987162463	-0.08396999943773886	
0.051237427274040424	0.09241263584473157	0.04985666019341544	0.07790558093284074	-0.10050628529880039	
-0.06793434405218217	0.04391737638833347	-0.03656251131637899	0.021688960573085326	-0.1541818873899881	
0.12436794400969686	-0.08865903800636081	0.03172671001275597	-0.015516615458408314	0.10336215086698063	
0.056915443375175755	-0.00034765680208864697	0.07893403925908714	0.13416342353974456	0.17824489055380033	
-0.03552263317212483	-0.13426611150902304	0.10328170301442188	0.009920318787460079	0.113217095817412	
0.01180573720236502	0.05280017562540145	-0.01294491559525588	0.003740811177032014	-0.0708859094744296	
-0.043357548310782285	-0.04687674019024475	-0.09150851546529173	0.11616869910474979	-0.121923495217069	
0.016830375452102198	0.013762091826254484	0.06870274239412764	0.07650776523121298	-0.03846991829796222	
-0.17243232893840532	0.11332102762770983	-0.0550410635607621	-0.1411789297431809	-0.18597235271966336	
-0.12715899660962202	0.14846959716661512	-0.14832246436220356	-0.16335634750322509	-0.06259810633721265	
0.026536518914178388	-0.06701629031501605	0.04106133099792825	-0.0327267509310696	0.12088801460875169	
-0.022813305930531515	-0.0266239844292707	0.00046086408196613333	-0.03304508425992993	-0.042248419840510705	
-0.025804385890711524	0.1478646171527628	-0.19588335885705957	0.0021764297654916004	-0.10899373077840806	
0.17040909526833303	-0.05264264595366953	-0.03238797210571795	-0.1156134940277247	0.09439767311521793	
-0.03765073669014583	-0.0012860252273776812	0.11331783738608564	0.08554510751157446	0.051222005592935285	
-0.1360769258596198	0.16758471612318496	-0.12498148775640328	0.038386532791129906	-0.09588961205113138	
-0.06487786977411611	-0.11226082059090976	-0.0572260360189037	-0.034075993577027064	-0.02404507223771174	
-0.1135064026720091	-0.046966707617876316	-0.004833524739211599	-0.05891976248369871	0.0190370694252369	
-0.05756562155154711	0.04754345387184565	-0.07235000043084078	-0.0413366906759028	0.029528405378482375	
-0.09301306515889536	0.15540692667218978	-0.1339450621473074	0.029439557240208386	-0.19385667847841093	
0.05154893174735131	-0.12041374715968166	0.015517655728243412	-0.09827614153019962	0.11364547431387294	
0.10839722810838336	-0.02510601607770074	0.10201104205889763	-0.015301573357380742	-0.025772544442199122	
-0.1448917856029322	0.06877944560350993	-0.04488600265276649	0.052956978755029756	-0.02507469155436504	
0.3028925993519792	-0.14536415391961852	0.20802999175392012	0.08078074071434498	0.1860130804435056	
-0.23438444562770247	0.2040423972505577	-0.27301752096959087	-0.15695287357051663	-0.07040730316013892	
-0.041297446246229504	0.07734044387961929	-0.06887739311032653	-0.02309003944280825	-0.0295104934471204	
0.11278165986701055	-0.15347748029575528	0.08907193313228678	0.092915583289114	0.1402711626241816	
-0.15036762849133603	0.06895697281307644	0.04528869351670571	-0.11061564385942285	-0.049862442102007694	
0.011836927164156337	-0.0023643957166677716	0.06750775415535723	0.07549841766498334	0.050985316124746716	
0.003271163103616857	-0.018035658276512358	-0.12674671284205355	-0.0369265284482058	-0.10955871645381175	
-0.002742352640803162	0.0828833483104006	-0.03898487297563183	-0.08049623702232342	-0.02115069081686323	
0.09031802909943945	0.03184199905803569	0.07033485618184987	0.12382270234262142	-0.0235804564323489	
-0.014635120843332976	-0.146232622134941	0.011456278262911946	-0.011183394448479005	0.08900911852812547	
-0.029626703785054356	0.03001060894405687	-0.028241381935937712	0.05636179829140816	-0.07328408708627723	
0.12527464988945614	-0.14524870611002647	0.0029668660636291036	-0.05493816709277567	0.13644871228682465	
-0.1883542793522511	0.1531167596225076	-0.2401308583955504	-0.14810829086899605	-0.06538454622004995	
0.2050889589544331	-0.09901662601213718	0.20772377950055165	0.19110323656794168	0.1663897667767169	
-0.04669628532713486	-0.13063223226122062	-0.0367226738798206	0.003358388455441386	0.004459648134610801	
0.07077125051869136	-0.07522681181477334	0.09269415365601046	0.031045950497866483	0.044132359446739454	
0.11146318524755061	-0.04343329338720274	0.05233361970968365	-0.027425819461428424	0.07384167231551317	
0.11171689674609919	-0.022164573606587235	0.11768880419068561	0.026997582868657	0.012563198815931816	
-0.09739805738669759	0.056526732687383625	-0.06454331338345291	0.11319683263365923	-0.08899860981266691	
-0.004273230994311436	-0.03999129226685522	0.06374678358811757	0.06033858917745313	-0.09162849701522105	
0.023162251818315792	-0.08807830461135845	0.10881071637550993	0.08305202979127306	-0.008596173241802244	
0.016287747058664318	-0.08831958315297837	0.148260496965083	-0.004701993396995615	0.08779807416500701	
0.02293297029592508	-0.01593107745544634	0.0867036336615001	0.06148817816512101	-0.13414766598060499	
-0.007456941938634533	0.05116154583074842	0.0652453950475553	0.010443912390566199	0.03185097102648901	
-0.05648991763754842	0.003578205959046149	-0.0760663569647526	-0.03126466559120043	-0.09161042297225043	
0.015331660822069743	-0.0403883564576423	-0.009889109756776154	-0.06863014262433327	-0.010741746619305808	
-0.08867706315313639	0.10817826413512338	-0.10235022209976637	-0.07127490968530636	-0.03357815217985318	
-0.0056157167698978	0.020981474826122407	0.09733571405035718	-0.022662207835090358	-0.044024695325588725	
-0.09139185540656697	-0.03702392755091	-0.08281774021899159	-0.09626303182358675	-0.13689826448318593	
-0.09681685932457217	0.1539770728611311	-0.18413390755884118	-0.14751350740326952	-0.15754621994709855	
0.11111415283420564	-0.035903302204266914	0.001428337570274035	-0.011505420668287816	0.10089409025825881	
0.013041142935723168	0.027081308715871763	0.08453786243496002	0.0052866051780136305	-0.034281918367543025	
0.023072680149976186	-0.03010112987768731	-0.15302892337026064	-0.08320104579707498	-0.05959605415625595	
-0.03358958582478239	-0.01941701526163015	0.006752423571095746	0.09004236116994703	0.08514313857992038	
-0.06998627894607627	0.002824998905518846	-0.026975424893560696	-0.025168732119877846	0.009477972083012612	
-0.11131969567738315	0.11028546475050029	-0.02947825162136747	-0.09751850611809952	-0.0019698523450881345	
-0.029295395331716653	-0.021387175707112294	0.01124931501382872	-0.005606614756306004	0.03511675342924582	
-0.12222480142747912	0.11833026861282646	-0.08172901028614653	-0.03595751561086447	-0.06964707376089739	
-0.02611795241979203	-0.08810690112575963	-0.011472303617802488	0.042475721038303584	-0.05171629656452445	
-0.042320452577867734	-0.015305231604519437	0.044026933322208806	-0.06768734179704267	0.027426267024187524	
0.1440917182974781	-0.22516900148885166	0.07257752087351682	0.18946879954456708	0.13836087086150836	
0.08794181129372461	0.01681338992773914	0.013652088923284667	0.043943567650782146	-0.039829907999339526	
0.04237049972930794	0.0510555459649175	-0.0476861839116309	0.11462453847518601	-0.163453396252296	
-0.04799993896570404	0.1505262589389022	-0.17342072335469152	-0.048551921281027935	-0.03386654263974252	
0.035902324182114864	-0.04409686841763977	-0.1392954612724579	0.047342846507957434	0.05018544047115002	
-0.08161241843362145	0.0840255690706692	-0.05831395484449125	-0.004140842106339971	-0.1131137423283934	
0.017391612080605145	0.008194226427189881	-0.0043741666194223655	0.033855087632711875	-0.0017740887015466054	
-0.1602122964599396	0.056862561914582437	0.03231541001770751	-0.06207234714037851	-0.16946120557466113	
-0.11820580576307303	0.015187292580462603	0.04638949719751339	-0.020513462076298873	-0.1270514399833516	
-0.4219827297423444	0.2312213917010339	-0.28708916103341225	-0.24449644733017095	-0.357542206950932	
-0.019138843130452502	0.12189082125836817	-0.0355656014013007	0.0056518393050502425	0.06090533657224367	
0.15066032293195736	-0.2277499884320151	0.21492079255345967	0.1910375324477467	0.28294009564177675	
0.03845618365058785	0.00452591692233723	0.05998960821765709	0.03600994677056142	-0.012396116190595432	
-0.013785773866687976	0.034574417878065394	0.04710870208833953	0.09118844056589102	-0.0072467026857402205	
0.0372815086099905	0.05865092594643984	-0.03860493748790614	0.049222632713255596	0.14605546320833693	
-0.08304164288667823	0.0435320848429048	-0.0024067200633324155	-0.09776210459546518	-0.014401721480817174	
0.07334872888706011	0.024562779978377813	0.11149928912585566	0.12231227645739921	-0.10569664228745608	
0.13562741723980135	-0.0773821316408712	0.022448662515394072	0.157203259996442	-0.04852472472016818	
0.035334414049982374	0.05983864559153119	-0.07540115199244204	-0.1022322584913295	0.02073010568491612	
0.04223907995705832	-0.12849249423279677	0.08578602600759527	0.08518151753296346	0.03245304452782338	
0.19736441784687406	-0.10269461927548268	0.1582951472333031	0.08170411329383634	0.1404241648041711	
-0.02649508467285274	0.0706973981337531	-0.025629959359031992	-0.07440308754514861	-0.043102722430053184	
-0.14134333419679648	0.10100048472784626	-0.04259727048315371	0.06516062638072281	-0.04280408779392806	
-0.3049292056130903	0.25225309390578693	-0.2910320821815571	-0.23363198220850465	-0.3212900266905365	
-0.1414728738209903	-0.018791458750870786	-0.09776823820426764	-0.03605632016713804	-0.13106327475459012	
-0.19912637421240173	0.18286801238210112	-0.20477153486918656	-0.011414442533183517	-0.14016838858329778	
0.062453128505527075	0.032356861412761666	0.11002583887631236	0.033259383787197394	0.13966996352928987	
-0.09640291348210718	0.09776762597790893	-0.11278911401731458	0.018576875754773594	-0.10971086179919115	
-0.07033540048332701	0.03332734309851436	-0.1468903532584577	-0.11310958226086483	-0.06089195306204722	
-0.20841292931231412	0.2164002159361466	-0.2614985849086846	-0.07417595482519161	-0.25604172148500703	
0.13540041837654657	-0.08468987110552013	0.10405747081964696	0.11281249719058666	0.005858428172596086	
-0.13658360241335754	-0.0003987140800181091	0.06923845106843071	-0.009199426088773595	0.029968770501392725	
-0.01847215276440686	-0.09421680278245345	-0.0024801123288222568	0.12826990864996168	0.0860262915416029	
-0.03233759843536571	0.0011650254356928627	-0.045428097316323614	-0.07630896891782246	-0.09248759627509029	
-0.06692807212626861	0.01499477040288168	-0.09603913601536058	0.03438507564880538	0.014940659887439839	
-0.013345130043706467	0.06863998836794798	-0.08472827908424543	-0.0650415097372795	-0.031093859882022318	
-0.09721064424661238	0.08902183194743658	-0.17403075017684422	-0.0995674237884664	-0.15748038764362515	
-0.36708056373829706	0.20494084294314674	-0.3362786622371338	-0.16010038310047045	-0.2263007203570762	
0.06183891238742773	-0.09533147996698733	-0.01059964161623032	0.08018627520608775	0.0313457046360386	
-0.11459565867047637	0.2007185835496695	-0.19280011315619133	-0.22301757704831376	-0.20834620580196903	
0.25816844699502023	-0.04168690886144792	0.22613745449514858	0.10725404769167841	0.19762593618613314	
-0.4432158797387187	0.40651922843033306	-0.48653672048819996	-0.2971677921811838	-0.36064003282127016	
-0.27231450025403975	0.27283498157443603	-0.3063389589466023	-0.4600332841732213	-0.26128272923668305	
-0.11144502556800855	-0.051424572380345965	-0.02549712206411506	-0.04984792458975839	0.008773522042332373	
-0.16067332983497654	0.019134560735695166	-0.14710534502062086	0.035371817169713646	-0.025091202069763438	
0.027830539337245705	-0.11342800634157488	0.10628775452003568	0.04444380856541815	0.11096762674099632	
0.024426258921744506	0.005164574189297052	-0.06383321445393265	-0.043155013953411	-0.01613633390374227	
-0.4173412407065429	0.2620415087929843	-0.39326114954782043	-0.3688766601335604	-0.25676855121148606	
0.11976387957059878	-0.12153943478317228	0.1547242060642817	0.2249127502215785	0.11925857127197514	
-0.019041879227818224	0.09242196192236612	-0.05524251479717242	0.0794476576952413	0.0598805964172011	
-1.3780252657085694	1.7054454251175843	-1.3790590855047706	-1.021222367899611	-1.2408537482599225	
0.7798761569424293	
