TESTRUNID EPOCH: 28 L_PCC: 0.7720953521679921 L_ERR: 0.014176053113583236 T_PCC: 0.6461830171223597 T_ERR: 0.019706011351404606
180 LAYER: 1
5 LAYER: 2
1 LAYER: 3
28 :ILEARN
0.05743761009479577	-0.0032577326209539265	-0.007828946750407201	0.03023285842920871	0.0008691334652133635	
0.0033013387204582387	-0.13327924295135915	0.07321669520124913	0.07665939899313867	0.0866481250759223	
-0.06297324255087315	0.058228240294828884	-0.11030452746069327	0.05001327803767879	-0.12538288861136554	
-0.05655178220206617	0.02842421695676041	-0.08252929885709415	-0.13676711454584983	-0.1339592024712067	
0.07778204497789065	0.06378417714056989	-0.022223241207114573	0.05617943490987048	0.08717021479415678	
-0.011910715043777118	-0.031110142294684565	-0.1943419949743513	-0.12147069846325875	-0.002414032366898684	
-0.17293056261187048	0.0403421791145984	-0.005061421136917403	-0.06267696295172007	-0.04515076377390961	
0.053709097182992376	-0.04236107228227469	0.17746999351532333	0.003027138874630566	0.14240187415590208	
0.009450993012846964	0.08425681643665942	-0.15056648725468988	0.0019161492258368907	-0.14881055298011017	
-0.01731464043913237	0.08787495976673293	-0.07129104804015815	-0.0850952895794458	-0.09882180778939946	
-0.17083633697622824	0.06746933792299757	-0.15718185357048828	-0.1311761976854101	-0.07556903667909014	
-0.011343467235710978	-0.04474420327144832	0.024288575639874816	0.10721057333108855	0.11181260593144404	
-0.19424502149246578	0.05336750836966548	-0.11282903853992116	-0.13211262174372917	-0.18961959403917528	
-0.12420424695622202	0.09417745841926208	-0.15453431920856953	-0.041333069326875915	-0.10100985487579266	
0.12031049602912118	-0.11595508922051405	-0.023273040126311883	0.10692724551112637	0.015440592229681473	
-0.08075702114738215	0.08302402147941595	-0.029696875987198917	0.061091768522154546	0.04928584429366071	
0.042974681680794685	0.04219744122019923	0.012972835216991413	-0.056579406693996165	-0.06940400089800833	
-0.07696526253131561	0.07270776461601298	-0.10774872037514639	-0.09153843660412203	-0.11057910860726143	
-0.19304660281143327	0.14773837942972265	-0.15378008712167196	-0.08862648292796317	-0.11837861481256122	
-0.03192932041237943	0.07485142409211806	0.020885482944905356	-0.11450520694173053	0.021587907306281913	
-0.14336255582195878	0.07541172762199896	-0.058930884040612426	-0.12379027910376565	-0.012108656560618616	
0.213083111820615	-0.2301385556043501	0.3127771179356777	0.2091697618664065	0.27040860035292746	
-0.0025265210063659138	-0.1252827352082094	0.15960256055000074	0.09790386521157979	-0.03365210437808461	
0.11277356925183016	-0.009978394640059354	0.15665715946622666	0.10075841191404962	-0.027401770518998662	
-0.10023852296205528	-0.11082436679429139	-0.10718917697906649	-0.04805983724423467	0.07249130641359117	
0.11318745288436173	-0.06515886157068093	0.19129157660004237	0.01776851695475744	0.04155635910628892	
0.09735552884129194	0.03216798353993349	0.10790551318283896	-0.02018204469578347	0.12958486015593465	
-0.14146150223069887	0.09956200739601216	-0.12806689897072965	-0.011885414254057008	-0.037536614962300645	
0.11978565746050909	-0.1536528221102673	0.050241218781399456	0.027327113557257414	0.002711125204108843	
-0.10095545918442139	-0.04437942293613902	0.0023985193793220126	-2.2933629274327245e-05	-0.11126353074847302	
0.017309580398029555	0.016343629968564803	0.12380787817505115	0.04011831833294047	0.04902992930199244	
0.16152767296219853	-0.1458219292055385	0.15086084866060803	0.1965759565683545	0.16639520650338566	
-0.02318120520428866	-0.01596571833083794	0.04656346077673211	0.09724320334632414	-0.03746940404553277	
-0.12093408763065439	-0.0748578945745477	-0.028085738787665026	0.0045722142603756965	0.003979360687648347	
-0.41792600383952694	0.32993101775341965	-0.43463335716776647	-0.37043617921445937	-0.3530415367247238	
0.06306442607628128	0.020062551872674125	-0.03207775698467776	-0.07560518888389797	-0.012552311413959533	
0.08755570035581814	-0.09999817404487078	0.119366495918898	-0.03014627455364436	0.014331889062909976	
0.038176152341737886	-0.061585077576986634	-0.0013252062767533023	-0.01196578654394153	0.06836829552924799	
-0.03340543312982738	-0.09249589422343076	0.07015321998555786	0.071018426589078	0.10305553863008036	
0.07212151860765016	-0.08886137612195866	-0.08259976518700667	0.01885906999759392	0.08648015967120687	
0.029761294942047666	0.05080528022363938	0.0200849433003858	-0.02096673318149567	-0.06660357317272124	
0.0012596036842236963	-0.015787587094018594	0.023087742147795964	0.11257673399829998	0.0859484258610318	
-0.0466135707466906	0.09600254106252577	-0.09215145814218774	-0.06740896107901248	-0.06912278535063154	
0.03861506392370113	-0.12444969126113284	0.12148679562634324	0.12670588592663287	-0.04436560585191544	
-0.13588092984426092	4.4258382887153415e-05	-0.17138348428300232	-0.006930951587556929	-0.09081404376717832	
0.046933928248477794	0.024213815940569993	0.03365835827000818	0.06810406683658285	0.05695232174916004	
0.004522662895791963	-0.012644567798866113	0.07313620484930516	-0.0018918585276881468	0.017532844644265595	
0.012386497583879122	-0.10757097099437932	0.004012584676215487	-0.009285298881278953	0.06036314476528396	
-0.0328040142970937	0.05513522912759291	0.018655980169302134	-0.035392402537573045	0.06656341810509345	
0.030379695728380705	-0.10111331201537863	0.004487930287280521	0.016959494892955618	0.08086572025828634	
-0.10784915039205539	0.09015473701351502	-0.026000902356719542	0.0682028388320652	-0.0040708702825857064	
0.04771440452157964	0.0007315608755967276	0.012300907364384614	-0.02403193307871469	0.015743616492106358	
-0.005679836746173365	0.09797396323545919	-9.216809810164049e-05	-0.016968569011878775	0.016915255562184046	
-0.02650255167803631	0.01995979530486203	-0.00519361979062929	-0.04095346109523752	-0.039677066302533155	
0.044670415971519044	-0.09745401474757533	0.08179822161320054	0.06439994652035226	0.1601504745251285	
-0.049138408912827995	-0.009922278354657053	-0.1098347429283669	-0.08546426032481667	0.00544183973587582	
0.06288306437016433	0.07983349877812213	0.022785925609465428	-0.052556996758388465	-0.056853631068131585	
-0.09082586328728598	0.09833619683949205	-0.13252555165802102	-0.13652517166790756	-0.11216151211304176	
-0.020669146058257273	0.06434386437289948	-0.01844794286121718	-0.040117527399152926	-0.06940795915009675	
-0.10379521759160784	-0.017695259573724476	-0.09257730136698088	0.055809185343055005	-0.0873619124120497	
0.08837413356033139	0.045305206982504266	0.0726719906422676	0.034831286642170445	-0.037689971116870474	
0.013874969456085514	-0.061245338864703174	-0.0168654033430736	0.03203492142027793	-0.022323984153407757	
0.059273015059628634	0.0811977942272103	-0.07720752755218271	-0.10472668222981758	-0.08406729531204447	
0.014258201562563156	0.03728924388151317	-0.07438544863640277	-0.05247000676779367	0.07013379833250509	
-0.07115296196555938	0.019135245037323303	-0.12195171945888772	-0.1200635858147386	-0.04202388754260108	
-0.013562136055582744	-0.06330738736980916	-0.0011367771660027652	-0.012332397301816048	0.00900044948166849	
-0.056620523279276705	0.045617381258687605	-0.05028009115320377	0.0004468508043686129	0.05451101168330949	
-0.12156799915333288	-0.030418934295391324	0.026050636443241022	0.04443201929426982	-0.004851119336609472	
0.05555561237765221	0.08424965744712322	0.04661463805244836	0.05684016285222019	-0.09791081305506186	
0.046602310956561956	-0.00412882674095811	0.05922746466119584	0.09574445219790634	-0.06986753026492977	
0.06104620577836228	0.018934927219030593	-0.04016942661991803	-0.03038775105659501	0.027157844606397388	
0.003848669017511168	0.029061073612263066	0.03465323738938996	0.07785819232429526	0.12235964889066173	
-0.05739426960521751	-0.08160253493421163	0.06797727562143051	0.0037845057463035963	0.07912285950734808	
0.062172015292958	0.053853112685038236	0.05499073446735962	0.05717454463116182	-0.04414113515980789	
-0.026726830733573227	-0.07219871450244586	-0.07788914977741047	0.03627480513600987	-0.10934219549280198	
-0.012144578369230882	0.05287638913049333	0.045545295043398805	0.040134759932410315	-0.04899360844714072	
-0.03612463495643118	0.022510705396617384	0.06868703143774092	-0.08495254338798072	-0.07728779412810288	
-0.16134155890328755	0.11595383519821013	-0.14380843133839544	-0.17277326859334696	-0.0999743364101861	
-0.053535440447853876	0.03562440145909985	-0.02475126289639492	-0.07067095780088434	0.02848703662326081	
0.06875288256752109	-0.05772182447137499	0.07303190230026628	0.021762241201243367	0.022037747357291117	
0.1249562537718841	0.03483496091412286	-0.050131188480284354	0.07387430579723889	0.023747098002552716	
0.10738754956940924	-0.07331229723317174	-0.030577855373961738	-0.061737351275841734	0.0014739099572013321	
-0.04499082047962352	0.0021442429958489434	0.08978258854978496	0.07695708974251744	0.0804610393402414	
-0.025222656282924215	0.05636535335788659	-0.01756296101617068	0.08314735229839437	0.02694836956493681	
-0.13140918032058346	-0.0534255933549972	-0.15237997816849888	-0.1349983176713716	-0.054981939974804654	
-0.11441933087962661	-0.06879387249374451	0.0030260915611508106	-0.03544273465943076	0.018486281262668634	
0.04208991414823584	-0.04919359553643522	0.053889132418364995	0.05277491493796324	0.09797872078627728	
-0.0809927255256045	0.11893757098961924	-0.18395814960443568	-0.008592367165885927	-0.120970231639922	
-0.01768648609184235	-0.07665561020799011	-0.0463084970884863	-0.12988873303905313	0.04770498978210075	
0.10364257219103318	0.019775917079011485	0.11075859929116973	-0.04636883864017623	-0.04459971408611526	
-0.10109133967480302	0.03319201795170564	0.027123724973642967	0.0640015582493325	0.0033026696629623177	
0.10983629581729473	0.03012287958098655	0.05261110538575481	0.022252455761576927	-0.005452347613315821	
-0.15176093177231126	0.10205695666440195	-0.1676019482985584	-0.11145776173978557	-0.0006161256928464515	
-0.06503455953583231	0.09021698818900108	-0.0773262838479677	-0.026743909053250445	-0.07420709072451245	
0.039735222944276186	-0.02754482100511312	-0.04237302030455385	-0.01575510129651094	0.06139476354377802	
-0.10036316930866981	0.040183839027644934	0.07738252501397022	-0.0898209259124028	0.0026000029662309144	
-0.015113236502024733	0.04809694362789156	0.03929092261820341	0.060898126459731916	0.009055875020243066	
0.03182013522512029	-0.06728294481352354	-0.1118706343105092	0.008298189616522497	-0.05665006214799408	
-0.04166544995114807	0.09920994680549787	-0.07114819822910103	-0.09619461624116972	-0.07507974207357425	
0.12770344202835257	0.03889871716133804	0.12305996468988119	0.12424703025970596	-0.01388249010839137	
-0.10223283794473322	-0.05242932201138045	-0.0587605321980993	-0.07846730095673717	0.008121552449109972	
0.06030508472726287	0.00422241694332482	0.04232673196902901	0.10754475691370607	0.001167790074935905	
-0.006771313208592715	-0.02254077757199032	-0.10446925443025577	-0.08291988213367402	-0.005478541988482873	
-0.17678952766504513	0.09221938071476826	-0.23651624451553763	-0.13077969664103165	-0.05572142397768808	
0.15172136120517363	-0.04754510773347863	0.19132552816096615	0.1608369820612425	0.09898317292328784	
-0.07118604571653415	-0.09695462680453289	-0.0633338959755059	-0.0008910933027593337	-0.025146309239732864	
0.04209740293189076	-0.05236725349907358	0.049856944726872784	0.011542285225893723	0.018474776216857735	
0.011867398628761211	0.023021224152788372	-0.01711830780671506	-0.10185973540052773	-0.056631245150896646	
0.03373872701699466	0.012017935886953584	0.0341973265764596	0.02032115019491681	-0.05219776043058314	
-0.09165524932711347	0.0519504120650415	-0.066338227823337	0.08920283611056726	-0.0502477831002785	
-0.05598900940084715	0.017975127658959856	-0.01435963796484689	-0.033442312276164225	-0.08876368774638138	
0.03295296175128456	-0.054071133566217705	0.12189978515788842	0.11789326130683833	-0.029518541960476163	
-0.08203719399111382	0.0066700000222892466	0.036051112155156884	-0.10404940508546619	0.040732850208433445	
-0.00543965033598117	0.004363376926875285	0.01161065444989503	0.000550183079691945	-0.11885204711587039	
-0.029942420249735823	0.061203539431620886	0.04058762965111361	0.013020422288534795	0.0081087053513863	
-0.09589470857124889	0.024424377656568345	-0.10744646564884398	-0.057700853471148776	-0.12639612993455826	
0.010704733385453198	-0.024538845697838034	-0.01906873445645187	-0.09424602658957108	0.005339553244009268	
0.011250242326701847	0.020303096332417024	-0.013183482569663058	-0.024352470559268244	0.0773280721670253	
-0.021803101583209153	0.029054677797776655	0.053890659552419576	-0.03975580256158274	-0.043904350407694005	
-0.04982717424981891	-0.07369007740388954	-0.0404886371627556	-0.09716374702308486	-0.06645420973124103	
0.03514769202890502	0.04308101831681669	-0.07232353415575718	-0.04177190086819355	-0.061442572487775966	
0.1702046620077338	-0.04189027067093259	0.10557221228186489	0.038429452084893644	0.13022487445320927	
-0.015741932104572722	0.0663269654723493	0.05266285924518867	-0.0020967718340733042	-0.06253093270003356	
0.05181868111503313	-0.07121364186777346	-0.11026190503502624	-0.04774742358980304	-0.05226541801073333	
-0.053284951921822844	0.01965864090296849	-0.05307972956283197	0.04982599693598905	0.056497868643961106	
-0.04579062672305129	-0.0030123990679973697	0.054173100466869274	0.04053687848310437	0.012901277456127128	
-0.05255645291696864	0.028533469274598638	0.06866233472356682	-0.019541301911891414	0.036706090519773485	
-0.03354470198262541	-0.0022551333396880063	0.006324989626185597	0.03835538258953042	0.016053114241483733	
-0.07729502878578665	0.06568589250959582	-0.029622436307260854	0.007253412046541308	-0.0043032780824693575	
-0.09404088445787263	-0.03440846249025361	-0.10476276068363774	-0.022839996113447072	-0.06570004744935615	
-0.02187668051453594	-0.07301826914864358	0.0600827605685859	-0.07895856207396426	0.09787717703195034	
-0.013857786003201625	-0.04213681421850608	-0.03436468561617842	0.1063069065435808	-0.02593517737612953	
0.07010662019464878	0.019617708793171575	0.0019000859860509292	0.05443140296399679	-0.012427504178691184	
0.08067719703997325	0.0276452058462806	-0.04268051730066907	0.09405660465410892	-0.07961730515985525	
-0.15019404839860687	0.1405315077992389	-0.26974627867035467	-0.13287653020553042	-0.14842841315612537	
0.07966962177001675	-0.06031151057729923	-0.10315126298031944	0.085214468770577	0.06420633664325033	
-0.048666356339064576	0.05053501263417973	-0.04446962417850354	-0.013728605956278263	-0.09522769974301142	
0.04865433602808813	0.04180719231299515	0.0011809797098288278	-0.020581688951966808	0.03207545751902301	
-0.1015630491670037	0.05475773811302564	0.05663780654897401	-0.06579449049404479	-0.08934668577843279	
-0.09329085839108826	-0.010903457529789181	0.03962463388545799	-0.02658269951661831	-0.07433435427526366	
-0.31967309773749875	0.11228973132659376	-0.25502284846530954	-0.25066909533195736	-0.22606108931694266	
0.054936252287482744	0.01960597007062076	0.06815421826587255	0.029758602120019514	0.08996916063519841	
0.044242979444640486	-0.09046372373898737	0.07649811397464028	0.118530007368594	0.161815980331898	
-0.0009087488100209699	0.02797857849968871	0.007967608493157903	0.05543471190422736	-0.051538279985821306	
-0.002733508595620445	0.049377275492634286	0.028353174366224233	0.0645499419726841	0.005462638337428153	
0.03694354279326156	0.044286582982293946	-0.034073045808530183	0.05250580699070028	0.11971927467766073	
-0.0474723932327221	-0.03193086133086379	0.01748952847768101	-0.08264636976327616	0.0015697590439485917	
0.01080829309440849	0.07170095663271894	0.03382426786966205	0.07558119346313558	-0.09748823060012822	
0.18125061550780838	-0.1461584790681373	0.06606855025367854	0.17159474282792256	-0.027595192545251973	
0.007890257678754455	0.09531046684264471	-0.10178537091259215	-0.11560191409458655	-0.0001717415984198409	
-0.017790062268622422	-0.07127089324258731	0.047969277601943125	0.05546476975414352	-0.01894257879123648	
0.1276670405423106	-0.0537999200358643	0.10677402785088246	0.02861600995012678	0.04186579883525198	
-0.06241337141343544	0.10066847373199526	-0.05719062558549977	-0.09829182000136233	-0.08526644203244428	
-0.09510208962214163	0.034487789089044076	-0.0023357645323782606	0.055139692707359765	0.0032052721114145767	
-0.1401248215953586	0.1427417180485032	-0.15240075547804086	-0.16961857395705268	-0.14710317155148558	
-0.12803462847877	-0.007711059175561478	-0.1268286726052842	-0.07310333147181969	-0.10966928378264226	
-0.09052388145327836	0.12898660481110275	-0.11728586794218376	0.026968729135820612	-0.04166534331277163	
0.04340249279368988	0.029494070341425097	0.09632033833913742	0.006298840703908699	0.1127555651991345	
0.0165760778223398	-0.04600247747843119	-0.0003897986887137645	0.0631525847576136	-0.021707507527579845	
-0.03222537853052878	0.006636670580983738	-0.11628082645530717	-0.09976753498146575	-0.021510884290725778	
-0.028057028896991878	-7.692052270433786e-05	-0.10458044598488894	-0.0011968443698150708	-0.07458325244738657	
0.15213405798742569	-0.09241382748147428	0.1143375411902685	0.10974547151628271	0.019872039124038718	
-0.12361837219006111	-0.015877553796493915	0.0630800229165171	-0.0407868836551272	0.04857350352439874	
-0.04080017898690433	-0.06616759260318592	-0.04129521831900349	0.07849543297430356	0.0726286563668354	
0.01439938463861067	-0.05545595272857186	0.00019061512992502434	-0.06758567472903154	-0.03772206368043375	
-0.006869326520120429	-0.04121055413089837	-0.05674653077308577	0.051621891803711836	0.07557842816653518	
0.020719356412607907	0.0235148201698856	-0.06104896816384716	-0.05998608032070733	0.014826497485970161	
-0.045510505652219764	-0.010304926380393422	-0.14571304348087996	-0.10633659015275017	-0.08434807930913486	
-0.28629294232009156	0.1001181184459083	-0.2800931537629533	-0.12106300814277009	-0.13216830958904646	
0.049750987086546086	-0.02875007543902045	-0.012982905933662019	0.049932496482242066	-0.005194402688965336	
-0.010076471108458804	0.09216385729038865	-0.08374105273236604	-0.16098921632808932	-0.1006654379145071	
0.2398287260342763	-0.0015478810872358892	0.20447633534012605	0.0724544324549339	0.17751157027887002	
-0.1852990088666405	0.12424812221003327	-0.24405463043546557	-0.16174896104277905	-0.10853607763082021	
-0.32486061688758494	0.24448676940331318	-0.3455827907803396	-0.4375709442404584	-0.27485441795929055	
-0.09098435238314784	-0.0778337243505624	-0.015413465927948011	-0.06522792658640737	0.039089202067784434	
-0.16423819834908115	-0.0032735228773100255	-0.1699051983640899	-0.009914846083554571	-0.01158845350046845	
-0.00710886775315522	-0.07673030425374765	0.06277436871404268	-0.011200471713044011	0.07963589261027394	
0.0014120381153700106	-0.01615085083464128	-0.09165140930615144	0.011278703748597052	-0.0439390078710169	
-0.3829900474435901	0.19311991187113658	-0.38009787659491534	-0.31892098043217	-0.22743994092061345	
0.09172456403337022	-0.02935712464717898	0.13286716719781885	0.17626224012805736	0.05914884897773684	
-0.023945453071152447	0.1102255088133834	-0.050425279750105356	0.10468526687813089	0.039798861437888994	
-1.0449055579232498	0.9611373395358033	-1.2087285812506887	-0.9315494187036284	-0.7952522684019743	
0.4123291891059317	
