TESTRUNID EPOCH: 87 L_PCC: 0.8426842177879946 L_ERR: 0.009875313617796425 T_PCC: 0.7059349154273306 T_ERR: 0.017517140189751368
180 LAYER: 1
5 LAYER: 2
1 LAYER: 3
87 :ILEARN
0.04685970361712834	0.007191660642459182	0.0025022986011108824	-0.0049469818638188225	-0.014195067288682882	
0.042140370320945524	-0.1760891068712742	0.1640952335591074	0.2074856152632248	0.1267173882923019	
-0.2597800149423454	0.24804445295330177	-0.2672371823579105	-0.07456906319012681	-0.28901537146259737	
-0.07320993756781961	0.03202809451397602	-0.008938024106497546	-0.09108752551862208	-0.12717189820916522	
-0.036843665222457425	0.15092365665387908	-0.12776026619861947	-0.0310451338326663	-0.029394825929340358	
0.005297302506071775	-0.04825869551182098	-0.10609455303437157	-0.03549271367450592	0.0064730893316415445	
-0.33234352369059716	0.20278253851177422	-0.10004247581340843	-0.12330997293528134	-0.1927364829800977	
0.08823648385906614	-0.10416180115855218	0.2461296255134542	0.04600927773103943	0.1742407144816757	
-0.007151808469981924	0.10967339871015369	-0.15259896459130123	0.11780781324501216	-0.16889521673283842	
0.05894622780760805	0.04076192369739258	-0.04711239371728249	-0.15746401787064696	-0.04157066022763567	
-0.10551954736970474	0.014995852659432034	-0.14938111883858304	-0.12722637729205477	-0.04366986949438737	
-0.01115847404470413	-0.06716018703008292	0.08208224367880473	0.1809904411196272	0.11975234653424864	
-0.23142573053064364	0.1364515157307312	-0.1892639794906533	-0.1869465861210468	-0.25594359481871776	
-0.09515144202285179	0.07402770578649627	-0.21253342076365433	0.022170686590540667	-0.11263405390589289	
0.13524603888345432	-0.1419082662569622	0.013780484181374333	0.12318690998846739	0.029778301265896957	
-0.08840996521076182	0.07003929725438046	0.024321005674762874	0.08886321403869629	0.04415986046651592	
-0.03404522778997541	0.11196488245646785	-0.04533218171128959	-0.14636843838281738	-0.14814442825518928	
-0.14809716838024392	0.17818246085298178	-0.24360158044696276	-0.12629640376877643	-0.22692479162004955	
-0.17773208327345877	0.15669362555527347	-0.16684597581802788	-0.01565506889373611	-0.1252412246658714	
0.029501552388533546	0.04017378038891396	0.05720048896011826	-0.20614206344072852	0.07146411387830671	
-0.20696520913199248	0.2159397129650561	-0.16371401892321033	-0.1948972267183849	-0.11229478531807843	
0.18184977070708253	-0.22371485042102332	0.2846462914487448	0.20448300585586912	0.24755912306716252	
0.05379532710734904	-0.1684136258350076	0.1889534111031446	0.1311574018876301	-0.003133990470478691	
0.15315217799183872	-0.058893543435641404	0.1660329048816832	0.12602529885173433	-0.004660448923592135	
-0.1086722529079337	-0.07936350160823778	-0.1294242981967556	-0.0569783351258346	0.03603297588185164	
-0.050391614764450844	0.07908302624531131	-0.006870916313902702	-0.11622259834811957	-0.08530677129036882	
-0.01587910012487113	0.14091118759713123	-0.050160763022479384	-0.10883397625443843	0.027574239550653384	
-0.06411824919166588	0.07927941646543982	-0.07373804591354349	0.010834631850938666	-0.02537732038014993	
0.2034054515547951	-0.2571058566214803	0.11591242569952015	0.09983109242784675	0.07239676908421067	
-0.05353020961325797	-0.09515199539028561	0.11118353427391445	0.08971529177782861	-0.05177851406755868	
0.007336709972545895	-0.0036540406490167803	0.18505569465390811	0.12826857525720933	0.0689834981533391	
0.1720226575511572	-0.1812186319390907	0.14960135038670985	0.20653884725035523	0.1794716842828337	
-0.11368762478900907	0.07474607185110355	-0.0032423933497712568	0.09448967028979983	-0.09072741567178665	
-0.2710082932919184	0.10994245186802484	-0.15193472820095158	-0.06254222029528066	-0.13111239392348498	
-0.3267989073645894	0.18885662477979545	-0.3921702207970365	-0.394701463197441	-0.2663186771760408	
0.0006389290339743519	0.13338929762242022	-0.14234372373273324	-0.1564115069596148	-0.09955437895860739	
0.18671373253985873	-0.19205775662964214	0.21908816384927413	0.04780983889386813	0.09580198879018843	
-0.06974159420601203	0.06487436324105092	-0.0956815204395412	-0.06793470534573562	-0.02996327690681494	
-0.05557406921511699	-0.0551152658143036	0.07703760851813105	0.0859474653779414	0.09323497492441288	
0.11358731822562926	-0.11903354077901894	0.0035003050185796825	0.08245209941737054	0.13016176275019126	
-0.14808145863050537	0.23880260995906236	-0.17677122631728978	-0.19387268082120115	-0.25035681399298354	
0.06041863963875971	-0.09724037990473094	0.11354994976522886	0.20355180705651169	0.12920291585157842	
-0.09457318679820517	0.14464990712889655	-0.16749557333624893	-0.07301507944062807	-0.12837650253424307	
-0.12858631564071407	0.05484449046027988	-0.12109925683057192	0.013716242197373265	-0.21022094463958746	
-0.11526362912887578	-0.010297077616411968	-0.1347917696814432	0.031711754638261404	-0.08510981428332615	
0.14030747219107526	-0.08706829219151754	0.14461479491825868	0.2244829151648683	0.13214544570099368	
-0.06291790961614475	0.036976312147689976	0.0016908643468836783	0.020920923155646285	-0.05396035358504655	
0.17471700005209687	-0.24941042583865414	0.186997603687555	0.09663140488714518	0.1996292626843809	
0.0021849543852512665	-0.010844442376418613	0.11169751511288434	0.07816222517993343	0.10988446135099449	
0.028892776805689267	-0.08874574455612047	-0.0013424423289174203	-0.051004825739982516	0.049136863512362315	
0.03448307336455955	-0.03121077136700239	0.1341442384630835	0.1372179157522585	0.1178855211709366	
0.09473719901778554	-0.0670924411936942	0.08444841230865152	0.09187406617483419	0.0457969196025637	
-0.029947372953652174	0.14114241879240758	-0.009426256572669614	-0.055475592284654505	-0.023618565456334818	
0.13303029304430986	-0.165492390955987	0.2625753010950755	0.1271338416643598	0.1366724363296158	
0.08446949281728273	-0.1462696817329229	0.05400007852362946	0.08862747919438073	0.20885194865936357	
-0.12779392759306246	0.11308777327986959	-0.2625919176156347	-0.17544502441487123	-0.0919677664657779	
0.1452722854252051	0.017112846871956907	0.04048675566708954	-0.056303853353086554	-0.012618197052764487	
-0.32899662974371346	0.2860119456709151	-0.3200001693580259	-0.2310017426327458	-0.3281138657492334	
-0.0857371919884366	0.07555262670642734	0.020349591749130567	-0.012876991384792457	-0.10349143769015247	
-0.18947346105678758	0.07887459734724894	-0.20432898430279553	-0.09042144542482956	-0.20488206583368965	
0.17744559778635802	-0.05400258519709688	0.20287040350473926	0.10685128574123888	0.03208064032831098	
0.10082068164462253	-0.1647776257138366	0.08694735091065973	0.1342345084470126	0.0806106700013524	
-0.03845063502708864	0.11836030750877301	-0.1472017502394667	-0.13489185117601846	-0.15798035626437082	
-0.09576829175076758	0.10744919325030448	-0.21868095095275752	-0.1335886125194605	-0.05081581065712245	
-0.005953975261820339	0.0012739755891584728	-0.07903246598753413	-0.12296093909066323	-0.02603914504338863	
0.04890944375306469	-0.12459970758199526	0.036154428477000046	0.05746777526283801	0.058749945318438156	
0.01830395928139948	-0.06387849371503102	-0.00854637727914026	0.06052686856541254	0.12667424517911516	
-0.0627612108870158	-0.08901079764656897	0.1089300937623633	0.11011698758125986	0.012222747812303947	
0.0523930744257791	0.0507758316139224	0.03061701636167238	0.08832132449962314	-0.08968529795499651	
0.017135403023972876	0.058374994711295876	0.04490263384269604	0.026359379724477834	-0.1068591084105432	
0.1053586728269659	0.018808318486772908	0.003931759717756062	-0.0436130878687866	0.06371303887598725	
0.03495028964799215	-0.01251702280951966	0.05823754430340118	0.12432825288282277	0.15457956279198173	
-0.015417286603900592	-0.07135378027696583	0.10707632375530744	0.0003486521906731205	0.11583817749776833	
0.003986344255416302	0.08472149578769293	-0.006684052051865697	0.008312298916444805	-0.08043072719365733	
-0.02807585599464541	-0.11353331247972592	-0.06448551985821223	0.11226861180789713	-0.0925264059053717	
-0.06360430460671551	0.07262605980379623	-0.018516833092320568	-0.021660980451625785	-0.10597547292379317	
-0.0815973635961286	0.05521469639316182	0.015870598522572648	-0.1408401121360509	-0.11715464129626536	
-0.16083232333561406	0.1417580026973212	-0.13161396400461367	-0.09327660377409398	-0.11318043735131762	
-0.012211743762728218	-0.030944278582828475	0.036132971477777755	-0.02021644307585708	0.08045209742769074	
0.07905799342884774	-0.0401107698147755	0.10610863257055632	-0.021233695745762227	0.021675114161266683	
-0.01916907351612355	0.11308268667980574	-0.17862277284502107	0.013878230938701039	-0.08958037202165084	
0.10694340711539757	-0.09536770567612611	0.023765995764068838	-0.022179895861159496	0.017797179221303222	
-0.051554215499949076	-0.0619730359421205	0.15774354509234184	0.1653229372059738	0.09560467747774017	
-0.21312950471069353	0.18053542763083524	-0.16590844042328043	0.018301120345807734	-0.13811678277882156	
-0.17373395869695077	0.004817802713368239	-0.15134513821168638	-0.13099929491976378	-0.0670701054530749	
-0.15900235936733317	-0.05897360650830724	0.0060313713664018696	-0.01694641467426202	-0.0195822490313778	
-0.1428450039652584	0.058735522419089095	-0.08004112128870271	-0.048895481051521826	-0.06251356602553561	
-0.03730853518807643	0.07090081030347115	-0.20962298366905507	0.05011989193737792	-0.1299516941306999	
-0.0073868878649016425	-0.09653315918586494	0.00044160643317478704	-0.13538065352705572	0.04210148359815326	
0.2500621686798256	-0.08105977801439582	0.25560965754737175	0.0323672777900575	0.080813104690309	
-0.1055667020105696	0.10734725967892594	-0.021030027517001497	0.007742845738194279	-0.02295074274644015	
0.18878880479429794	-0.11272093404111086	0.2094927747590879	0.14542479011727535	0.08420704860784033	
-0.2054547005464143	0.22662536875709752	-0.25939990170500743	-0.20268820131353807	-0.0702990770553737	
0.009471528192324425	0.11277392397342337	-0.054426600130561345	-0.05641951976845954	-0.042952526813526015	
0.05060978985485001	-0.11518512420580093	-0.0015100753232535936	0.002832540843289953	0.0979299416134146	
-0.1316922911794148	-0.00563591566394476	0.13944898236833272	0.004005316068615128	0.01358450756247988	
-0.14012375868612062	0.12009239805684546	-0.013097004151460125	0.035999776746375396	-0.0513382669680085	
-0.035783309429231525	0.04143449155252081	-0.25111152754915544	-0.06361299704815489	-0.16773465187478992	
0.017721550511125384	0.09992976309425491	-0.029544343173641737	-0.09381289449898299	-0.05494136335316834	
0.24129312193778815	-0.05801088507658026	0.2615321463137939	0.20483885218685824	0.09717192313855111	
-0.09735222687965599	-0.0360807475900365	-0.044211758123571324	-0.055093622574506215	0.006092328398980058	
0.0819539842344263	-0.02440872345588415	0.0966195871700301	0.17155552340830874	0.017267650133119997	
0.01337046009348665	-0.053761725984382204	-0.0767419627162437	-0.16011634817824794	0.02204586549092164	
-0.21045825737524398	0.09115611252496982	-0.2429171906171105	-0.20418959615751892	-0.10456277307744723	
0.13588876484197748	-0.013308906807935216	0.16903656831133682	0.1389003848322315	0.11056272005727236	
0.026913479456093084	-0.2500096762686153	0.09000798162744852	0.07432551067075034	0.07174179482077275	
-0.0440947256561948	0.008889821709365727	-0.01644153873533696	-0.051605668212583125	-0.07142274349190826	
0.10740510535855044	-0.026935741895547663	0.039190231858747364	-0.08088267847917742	0.007133296128201501	
0.11033016091676283	-0.029722646930109564	0.12452796261088864	0.029821452236729534	0.000679316681814663	
-0.05824738315440486	0.013000355366091744	-0.044840575062048825	0.14072547733378785	-0.02355904225926404	
0.004218540083548904	-0.04740636414066451	0.049996278025447	0.0636361556906775	-0.05879433687358487	
0.0017574830929965892	-0.030410277511646995	0.10071629516297628	0.11584887699689701	-0.06379460619747813	
-0.05373867913122048	-0.022252801735885133	0.07810026050131808	-0.05528569329953647	0.05977287012779278	
-0.12426026426760266	0.13373833032207352	-0.13938802769025202	-0.05596299272407759	-0.2301512775392627	
-0.08025498270578338	0.08927080365920623	0.03175956909593804	-0.0006830967156532632	-0.03232139919012251	
-0.09106803122188294	0.027905698114661908	-0.0930060603889904	-0.08517968412415904	-0.1323942872555551	
-0.04238179895224917	0.003954517905367394	-0.06804844535548092	-0.1196937437368133	-0.0505446464282427	
-0.06189865703449825	0.047230702719417206	-0.09401153409639573	-0.015251790353900436	0.010855073204683662	
-0.07548055609426664	0.08890969776497283	-0.009746233716538088	-0.06382592580284338	-0.08089387644874659	
-0.02533344853655205	-0.09752339573439973	-0.03313011454451687	-0.052665888246446954	-0.04915993080178442	
0.006001923661476136	0.056730517863882474	-0.11885502301064406	-0.1028622180273748	-0.09171848976562295	
0.002337530198848625	0.03380195038444698	-0.08063322904399359	-0.14114513980103446	-0.011102849804647746	
-0.1110263895916193	0.14460118542405648	0.0005076025076949721	-0.05340404466987157	-0.1263510538965948	
0.09064700218881303	-0.13296463172122958	-0.02622235700783005	-0.04634684315672856	0.014756096922939024	
0.021523594703439772	-0.07213239982014559	-0.03273257955601585	0.18363117205728763	0.11981526502704026	
-0.03194441373639243	-0.06094483706180369	0.01929850548598088	-0.04779595912785652	0.03227269364300211	
-0.03146711646115289	-0.01677821476354672	0.06330208220204271	-0.0853906197474003	0.07554830785919431	
0.08371497092828506	-0.10155458800712117	0.13609644861040882	0.07643937189718816	0.11893389342399832	
-0.03169740879154593	0.020366877434517254	0.032155974685859595	0.04278846184171745	0.03262084904673743	
-0.08749499307396157	-0.036657024153776016	-0.06538595075184486	0.03222869839370589	-0.07912758290772165	
0.0020423709823643604	-0.0651620906311454	0.0720273821611307	-0.01707829976717726	0.0874326551938864	
0.10151285671686032	-0.22294786144217077	0.06211635891307596	0.11473182108911277	0.08079242569011093	
0.07198804242837017	0.012484029356695184	0.008348701345173225	0.07291360186437897	-0.020378921622172766	
0.06465117692204053	0.06303614247861646	-0.019286398808890808	0.23879110375072843	-0.09834284807996374	
-0.07825685525232343	0.1301207805587463	-0.20719556046733828	-0.11939772065509202	-0.13822970373107452	
0.007743111673102789	-0.015172166956397169	-0.21064866173755603	0.017585200814525442	-0.012546554113223269	
-0.12224843594440825	0.12786615381513317	-0.14326187645324656	-0.04731775016222591	-0.196814494052314	
0.005653430300497598	0.08667219806347448	-0.024583232391594424	0.022924170550226344	-0.006085949476106162	
-0.20875836695547226	0.1254533664636792	0.023167528439673585	-0.0028063608322432872	-0.16423475037561186	
-0.1623550385848065	0.04209978232649646	-0.013556675041900607	-0.04175941487090364	-0.15369356721083036	
-0.5196591928303367	0.36349614743449443	-0.47612099954760323	-0.37571587708140464	-0.4592181242813906	
-0.04847310047264578	0.08911961987408448	-0.020909151785014752	0.017256121353233275	0.04838189995517144	
0.1280965691934813	-0.23821181401410282	0.20186841465135202	0.255551753262081	0.2697490461291088	
0.09571035252118483	-0.10193441912533152	0.12393481870515301	0.07644632853873516	0.039451754366126045	
0.024674676669766516	0.010032704278156244	0.06145546554398327	0.1186599347435618	0.0029115655333221174	
0.03312268708401104	0.03388371396827913	-0.030739067377607173	0.06094545635271448	0.12858992341203748	
-0.19734614173791057	0.13976017049484088	-0.15072397636402984	-0.20560081158311794	-0.15131006354533977	
0.0026295693471156123	0.09747656649301856	0.08966543016364634	0.13302099283340374	-0.0955477489630429	
0.1331295657373095	-0.12214315679992288	0.05793736759460395	0.21208285374564956	-0.02965734943218987	
0.15465182339854033	-0.033891863554286444	0.01840391240239666	-0.0180965870446723	0.09039691646637435	
0.07327580876259257	-0.11837816710045168	0.10027054676058696	0.10229128692397621	0.017339216883375367	
0.20558165467912473	-0.1599120523742828	0.20579965254535548	0.10533622036076257	0.14216392952295756	
-0.033379443109460075	0.10524556657350917	-0.05648252257552944	-0.07002692192186387	-0.08368097886251785	
-0.15425124311521238	0.14205138845609724	-0.06167729220941926	0.05549504758677479	-0.055385944057206135	
-0.2762542835154277	0.2525769323603987	-0.33786533167894484	-0.37954066379084744	-0.31955416121256813	
-0.09352641384749406	-0.08741745136347302	-0.05804272455841994	-0.0005667022610712588	-0.07815226300046528	
-0.1568089062332769	0.1451220731716063	-0.19832536746035329	-0.026548401398190934	-0.11558783221503005	
-0.003178839070061803	0.07899926811952372	0.05613081031906092	-0.009804648670653318	0.09138672926704662	
-0.036579828172798846	0.00979278693234197	-0.01937220936723527	0.08994596500339755	-0.03342085853150194	
0.018206970221684615	-0.03924295704226074	-0.09082021821458836	-0.061510222938582174	-0.01617877045230704	
-0.1250012819159494	0.1468917895982881	-0.17425419409357903	-0.04774176093517222	-0.18827499352989424	
0.18964316716110313	-0.1269161910831124	0.1724157972260795	0.15502555823401543	0.053527745849114065	
-0.10576677096009988	-0.017477393373077316	0.1075642010473587	-0.012669313268269138	0.047597752587000663	
-0.016634226910512234	-0.09842559699733885	0.017043006863834396	0.12534255441153272	0.07922053027322595	
0.015486239591869597	-0.0463051939820946	-0.005655723144822134	-0.06972204711646496	-0.06413248408925083	
0.0005577948646243202	-0.04730657855442008	-0.0265097581411153	0.06785783886477516	0.07940386848080885	
0.05186326031604898	0.009097207162974286	-0.011187314086772617	-0.025258997234666316	0.029127292829115966	
-0.15302477758046334	0.1340813800007908	-0.23379702410254086	-0.16023420429949606	-0.2075275252700824	
-0.298317907467837	0.14232309355757963	-0.2913957404658829	-0.17484038897832896	-0.15238530863155328	
0.11236018936394819	-0.1263904032916261	0.040245396055472685	0.07703115785093388	0.051181387352476376	
-0.13395338532445936	0.2073851303347441	-0.2570032105509199	-0.2834094671672645	-0.23324080540705658	
0.2747213215764787	-0.03646278028602667	0.2715889052767881	0.12356530597094018	0.20905975510028965	
-0.351587015952661	0.3405253225062997	-0.4571285678713034	-0.3329649385546854	-0.2843971035580039	
-0.21534894377792324	0.19091793561645976	-0.28496035093667665	-0.4671110731544707	-0.19141196377095226	
-0.10997799580512185	-0.04552060442069224	-0.00460069980584205	-0.06319220754495669	0.011548339900939023	
-0.18420516203332515	0.05100921379271618	-0.16735194952809684	-0.002239731521640919	-0.06178680170887247	
-0.006958799676014563	-0.07023510371530171	0.0723082924807229	0.014579730980755712	0.059696548601636014	
-0.026149374377874325	0.00768180269768511	-0.13535284308683324	0.059265040326619965	-0.02199495281725961	
-0.37063825839841463	0.21366724785697333	-0.36709782028398535	-0.3804312999442631	-0.18979491408989865	
0.14445472154822697	-0.12319807842012746	0.18667218020737347	0.22481556489232216	0.11152557272371312	
-0.04663512773648145	0.1363575724530348	-0.08024785957198569	0.06324728923385724	0.04276809908616971	
-1.3237112450216666	1.6425352380054739	-1.523634492997542	-1.245687487293796	-1.1691919286619628	
0.8321155487324232	
