TESTRUNID EPOCH: 99 L_PCC: 0.7501501089245919 L_ERR: 0.002004031406533536 T_PCC: 0.4742938483763976 T_ERR: 0.0037929545530751346
180 LAYER: 1
5 LAYER: 2
1 LAYER: 3
99 :ILEARN
0.07004654316760058	0.0685643998219994	-0.013163880950402284	0.04469034212567431	0.019703796310258728	
-0.09803932607191435	-0.05615687822633507	-0.0374603149662123	-0.03627479485575936	-0.0030580410898454523	
-0.03461369690423175	0.04559211813532939	-0.07533375242382918	0.055859513814220996	-0.12022764894943076	
0.04142847210626535	0.0004043288987151986	0.023002581808184767	-0.066396956186522	-0.056274539583847566	
0.05733378043765491	0.09942933526106648	-0.047330175501738035	0.031148068920787086	0.053960003638886304	
0.06564654503433448	-0.07420796408777713	-0.09143526604074201	-0.07070275458930862	0.06891296544527382	
-0.0662153113361862	-0.0018145689013712085	0.11162876257404468	0.019707372192390864	0.05716141601149877	
-0.014643026350314474	0.05425130774962445	0.0901658472645711	-0.08144721336758277	0.061356102723415296	
0.041099985697205715	0.03698930396481211	-0.0893122625197365	0.002028604281553481	-0.1185470502942899	
-0.028632962642857702	0.07209688377725193	-0.0721426756435467	-0.059880224671099894	-0.120944657555831	
-0.1287328994331814	0.023094630946744354	-0.10091465703455149	-0.0755554195402651	-0.05659947511500377	
-0.06198006872438652	0.033193016017334785	-0.032690933386630344	0.046164272346208964	0.07538344369886957	
-0.09905284769140901	-0.026134067228603754	0.014299016983436491	-0.031896890284202485	-0.1273665180130201	
-0.15015329481843828	-0.01627534621952659	-0.17463802442085138	-0.08011847629096527	-0.16710184041206078	
0.12470639190263302	-0.054157854511235504	-0.024835632902925467	0.1019256330144337	0.01962837275222729	
-0.026372337803059132	0.10471784279425811	0.012981089166879949	0.08839586007764161	0.08875250717840102	
0.12215580151880814	0.03914610081471205	0.09458914777743518	0.014693340644055999	-0.001575539049983234	
-0.024685871932920305	-0.03904092776875404	-0.009636200256471147	-0.0697158560580932	-0.0915256956869144	
-0.21683490398010252	0.04767932303977326	-0.1507934061857876	-0.13047593485722947	-0.16220166377953402	
-0.034387456091773634	0.08043479999592146	0.02460326884370648	-0.07999554667623032	0.022597180817666394	
-0.03468050264284044	0.009574766669259544	0.08132217923562528	-0.026921038227137133	0.07982178144142736	
0.0068134853769221465	-0.08690218247932983	0.07340055087733813	0.02499585864809885	0.06854181068683896	
0.007260959984456881	-0.05246536123327677	0.16727167829854772	0.11592992269459122	-0.011572918820438318	
0.06047731590816058	0.057023293059906374	0.09498691498641185	0.05607486788554036	-0.07518854325612524	
-0.06402967140966573	-0.07956881684029804	-0.06062396610495496	-0.026372476004102103	0.09835233003126789	
0.053432758623062925	0.023931150251172824	0.12108659663456439	-0.02610840345665113	-0.000836350513448889	
0.018530303108805768	0.09888687630932788	0.016102681216485493	-0.09135482832461438	0.05328026217108896	
-0.08360639641295525	0.06337083111928522	-0.051356159718693686	0.04089347997231035	0.0010114523599690855	
0.08383798723090984	-0.05277740938606645	-0.00513202274776355	0.0032203436505906934	-0.020260574486977562	
-0.059728787147294286	-0.049176027412043924	0.058264317608411366	0.016173134572839854	-0.07629754626763062	
-0.08459735199439453	0.10043890226124548	0.0142323556328648	-0.07521606903546736	-0.05212464949990776	
0.045169726152596464	-0.05536574785108823	0.016484259421365163	0.09665940279531782	0.056946802842499235	
-0.00041276438078667214	0.011647821005955902	0.0803984859242417	0.10701224215341607	-0.013360458483988702	
-0.08474436766355946	-0.07839396347096604	0.0013751014377863342	0.015095921673463414	0.016526409158056973	
-0.19692257908670072	0.04061468283383088	-0.16435619997093565	-0.1549740422355692	-0.17268773148034952	
0.15859612653191338	0.057784700295295956	0.0727068697653237	0.028453657255907754	0.09805959857656589	
0.12006875254059865	-0.037404418174725895	0.15020647188121508	0.008684211292746212	0.06379631732441036	
0.05532557732879303	-0.05400672760580224	0.017329756972900963	-0.012302427555867808	0.06084644768947772	
0.021779660137770322	-0.0697153422052452	0.11653091738677647	0.11483936716193453	0.1521423516157632	
0.12106230615388007	-0.08741946624968408	-0.019028969817913927	0.046126595350263595	0.13188616647606988	
0.022882227269597766	0.003834393710211757	0.016846352139343778	-0.03296324512667535	-0.1002096467180447	
-0.2805640884872877	-0.04909617638716011	-0.2916531259697599	-0.1891435003810431	-0.22486740585583379	
0.04605738346272744	0.10405691484073665	0.003854111829873366	0.0023543648919597186	0.0021494142906798145	
0.10486375171095293	-0.07191099872315965	0.19415484123541366	0.17416244376913217	0.01697417971129114	
-0.01839774798825236	-0.018325515929653136	-0.01927586805658298	0.10959645710570337	0.0018716801038575152	
-0.03909839916755385	-0.01686653692938827	-0.05785898925882313	-0.04229055980963292	-0.056790537791608316	
-0.05315603018113876	-0.0032508814297809905	0.010865803674909195	-0.07796004303799405	-0.052680426948724844	
0.04832086181502684	-0.08451884987422154	0.047934675950501916	0.020271754267920356	0.08867516611907486	
-0.05092833166308684	0.07400468820951378	0.004543361136295362	-0.06136847001258278	0.0430619672533722	
0.012678376603898624	-0.07780683390235499	-0.0233513851536565	0.012021423672642135	0.05744386135222302	
-0.1254881624815279	0.0996147312979405	-0.050045836857789634	0.054633161704029876	-0.023860331166586354	
-0.18578288311682903	-0.0445173957530678	-0.2473361269443852	-0.29028525582626935	-0.2606262913183174	
0.01026063998430601	0.06972087436400493	0.0125713057141736	-0.005331449666023563	0.019371334240344325	
0.03426913633478862	0.05927897868623363	0.06686047448385599	0.036668149536448105	0.04809920077153502	
-0.006313298632218683	-0.029437577762534282	0.03498598499592529	-0.002096583565075533	0.10317487361174336	
0.04339084739691119	-0.058690722549991574	-0.004186575965183623	-0.014974181673939305	0.06888727073901402	
0.0795487184881644	0.0841370206907941	0.04256909542158774	-0.03821293613867455	-0.04625749556544876	
0.0225879907022948	0.004076682332646728	0.012522867585958287	-0.0327395461715364	-0.018110115811611822	
0.014822701915415258	0.06245861557698987	0.02990569866019257	0.007764817151267176	-0.02037276356218339	
-0.11257822740298022	-0.01856239078207558	-0.10721872450400738	0.060567357540627115	-0.10625175943136167	
0.07018539345135108	0.07885938327906941	0.04137726822462569	0.020983438019989194	-0.06396140070099994	
-0.10629001409594821	-0.051540177713921075	-0.15769829889961454	-0.09698522990527327	-0.16784277719620572	
0.15405914259038395	0.09299405775133265	0.015260640726962352	-0.020095369644170195	0.005754208256675074	
0.08363101977940776	0.06268583820900167	0.015296149997956908	0.011376903467890245	0.14652663826221887	
-0.04556305811722348	0.020361387185644533	-0.08783498253700939	-0.10211530787694521	-0.03708022945733623	
0.009545629785493656	-0.06954179048576731	0.03661516600309751	0.010845309974780433	0.030840471278839147	
-0.0423912558477993	0.056429839104329735	-0.03307834036887733	0.014399134833160526	0.06876393240887542	
-0.08445409559305697	-0.02943738850471613	0.08186179087056566	0.0756968962874132	0.015163424285982816	
0.061560329511998566	0.0906315228769425	0.049268711042780584	0.04355792028944908	-0.1153729911888733	
0.011692585139926931	0.04115549127651392	0.007577884154145702	0.05874755678894061	-0.11036281878101002	
-0.053053732261066584	0.03219956098350519	-0.15152700393925017	-0.13631553245296452	-0.09187053844758007	
-0.10700752383169637	0.04552238196442821	-0.08907172038730032	-0.03618227491730136	-0.002520176161958953	
-0.08534606593403916	-0.07778417987794374	0.038897360237985214	-0.02347307955727565	0.04348332388049332	
-0.027239172439492483	0.09647410278757537	-0.04244379583517356	-0.03755272135597985	-0.13795779631215882	
0.006161107664101912	-0.07793661571534104	-0.037746396721542855	0.06486147024737932	-0.062498802629784876	
0.0013975336333951543	0.07598115841672208	0.0594762935057422	0.058474187672659945	-0.040340609536694376	
-0.026911442525263535	0.012238150085400619	0.07569064460964244	-0.07226480382115784	-0.06863337654909842	
-0.07658659923946513	0.050282711552219965	-0.03373732629550648	-0.1062993861627072	-0.041399343897319876	
-0.05616994425295025	0.06390309743825275	-0.0370543619879959	-0.09116720853443346	0.012117663545654453	
0.06252864516131307	-0.022902212490788325	0.045420458356035705	0.011235763148957332	0.003097908562101246	
0.1288354572102099	0.06994989706332921	-0.05807408030158469	0.07232686464440076	0.02726086415690813	
-0.07684907747891619	-0.08424143238025741	-0.21064067769638337	-0.2239708644331624	-0.1985735269619436	
-0.11548667788240621	0.019761347897555535	0.02854340160595011	0.008288854870346819	0.007702737335459654	
0.016539592707573245	0.07890183138514671	0.042036608320984194	0.12099300771351126	0.07572100357812662	
-0.14335467199227186	-0.0931481862926317	-0.17334985204800443	-0.1668226944286416	-0.09778136822635737	
-0.08445073051424815	-0.09672657671121711	0.04674071495908037	-0.01631830514447073	0.04058878396094703	
0.019824344876001966	-0.005006509259887035	0.029841042942606564	0.034253687285078015	0.09166440299683973	
0.0044934750960306065	0.09000568886654547	-0.06733610135194826	0.06946957193008728	-0.06408583346176526	
-0.05363080633066208	-0.10960944975304529	-0.06650751510639057	-0.16626521737053504	0.002819490600775357	
0.08610312125417967	0.06601446109646968	0.07548134729128898	-0.07892757637513007	-0.07367036731043411	
-0.06598410726044739	0.029070032833359228	0.06435458694146493	0.08597073011382761	0.028743905071125363	
-0.004986018975149411	0.07180424829765127	-0.06915412126986971	-0.08278011055507696	-0.119186971905661	
-0.07669158472780384	0.06618100947207427	-0.08047465330740732	-0.05431583021302826	0.05602156509891949	
-0.06987987767608068	0.09593706316900616	-0.08466284525360687	-0.03179129802408153	-0.0853907217127625	
0.13988507044549706	-0.008179365238358306	0.045747589481427806	0.058949681230963766	0.14261516440716082	
-0.08011603683984442	0.04774287147780648	0.09532286116218365	-0.07689575826293965	0.016360870163005213	
-0.04559086921356829	0.07338248318892886	-0.0001085762846844342	0.027520716130417764	-0.026360618607266326	
0.049180207413435977	-0.038340128468566506	-0.07445264109298536	0.0197474538026917	-0.03201465839137254	
-0.029049561333674118	0.07975331319650149	-0.04781566643627348	-0.08312400930633461	-0.06907983083476456	
0.07477126381926431	0.0907549703225865	0.045805529348446075	0.06022743213264348	-0.07702390819452003	
-0.05098752480041046	-0.04402250445574503	-0.004232304744440828	-0.036404908253076206	0.04534640164372167	
-0.140328909217618	0.050089425663270036	-0.1846922090120946	-0.08388601574593496	-0.20780383505575575	
0.0601686913059158	-0.008172926066635795	-0.032897051040695624	-0.004432061014649449	0.07607929249640745	
0.06675937586503078	0.028797451098821453	0.01055892879397456	0.08064101252688302	0.16213390014662202	
0.1322708244381259	0.03399153839119161	0.1697429903170566	0.1462013584876566	0.09417362998803294	
-0.04021038061982062	-0.06550208910002067	-0.025720596808731976	0.04569855615395612	0.028949188863753073	
0.14873245498381266	-0.05054189311014009	0.15384486394666388	0.10570257708291812	0.11575659583209578	
-0.006828323618966454	0.03896818617403225	-0.039746708184792284	-0.12059040911965695	-0.07885491138235898	
-0.07644681554031188	0.040398190172087046	-0.07568466177058603	-0.07402892311812719	-0.15911461006308594	
-0.10967087447459949	0.04580371009152256	-0.055763207845860016	0.06995045194177876	-0.08061340063013288	
-0.10643180973620792	-0.014749185595554947	-0.0344480714406935	-0.09495923901940213	-0.16067483129905197	
-0.04860747269098108	0.009026793186268667	0.029655995965144597	0.04211376306744854	-0.09980341832416471	
-0.12661499439537044	-0.00615309188334941	0.02401780833722654	-0.13587027008573885	-0.0016636933285126918	
-0.05968781212725711	-0.03721414909343725	-0.031466813293481874	-0.07615263861984764	-0.19870715310687845	
0.07980251901429064	0.09592519176271795	0.1513518843638401	0.10535956268093058	0.11557326777848309	
0.061156271891078404	-0.025766833793939833	0.06407719577251987	0.0789141895347861	0.01592035202840658	
0.0865713369623113	-0.05107204501959844	0.06856374668565697	-0.03249668385887553	0.06676865094643482	
-0.036260944174668006	0.0510338307882375	-0.06125065992752106	-0.06419419347226128	0.028021635344437537	
-0.0678568804042692	0.03514690665762681	0.01279269506767061	-0.08631467910596086	-0.08914030307621734	
-0.0644040032079483	-0.07477087830505653	-0.03409005639146995	-0.11280519585260104	-0.09806476835343601	
-0.0007022129989149859	0.051899041237135596	-0.12904889349340395	-0.09968278807251563	-0.11462503704261402	
0.06532870677236065	0.03911590089572561	-0.011738655700056971	-0.055832582157073395	0.03856262825304504	
-0.08107822608384135	0.06946095815125257	-0.01686434000900042	-0.07323365798936564	-0.14224257063025408	
0.09089056589328418	-0.07182100981313969	-0.05365619503983179	-0.014857394141974772	-0.009380712277591298	
-0.1267535672719933	0.042860971989837564	-0.12424901395822581	-0.03518684185460653	-0.03197712786491086	
-0.11764109888047589	0.004679397999872325	-0.018050968586957053	-0.02754002098162779	-0.044114640661701815	
-0.1003510440459492	0.03270566267188507	0.02321480765828925	-0.07595884816228766	-0.01190547588886207	
-0.07366285180495104	0.0736798168901862	-0.03489927747714557	-0.005879994487696484	-0.02492484194409415	
-0.1127421440239926	0.07354007740661127	-0.06190333520687609	-0.021150623400317665	-0.03509483429068376	
-0.1157748856018973	-0.060122554681132416	-0.13619219051823522	-0.044063972268777514	-0.1111409289327738	
-0.054336252028933135	-0.07563598888393791	0.021256943139602316	-0.10838643640528287	0.05164645608011856	
-0.11280543840031663	0.005249564935703514	-0.14166735485465498	0.012491316176862034	-0.12135556844707061	
-0.04214819808682934	0.043082198463970565	-0.12893800781093334	-0.0395357779767734	-0.12646112121309383	
0.055959818572597964	0.05490451966145134	-0.06867041050785035	0.07076237253321535	-0.1087380960845663	
0.05033843530335426	0.009780666633273066	-0.040611028979429316	0.03058474641570296	0.007534531506892547	
0.09552687547618699	-0.04670502966413386	-0.09870100512943117	0.08273592933917823	0.06799328109716969	
0.04516139085473421	0.004103173812619348	0.03927051041673068	0.051645782317193	-0.029833892615493206	
0.06324672139499647	0.05904900686100034	0.02496674181862744	-0.015140002010368631	0.03473715988399919	
-0.08815413655957247	0.05998620076301469	0.08350017578185659	-0.0426779642106511	-0.07076091614290121	
-0.09322072013780879	-0.042313847456703954	0.02823364789314907	-0.03387590362355407	-0.1017254747089612	
-0.1896449778392066	-0.06232894730588638	-0.0990147091274156	-0.14849354616407798	-0.14682310049564576	
0.00844242777402649	0.07233632624455706	0.002623786729503576	-0.015905075132469883	0.04093821488884485	
-0.019086978037820047	0.002025550400560823	-0.0006581574291034886	0.056333391005545005	0.11733909286538365	
0.010418246979456931	0.06397982270969442	0.01067564687447466	0.05142260366200387	-0.051960632811171976	
-0.04326891765565323	0.07807511076723944	-0.01633459636547242	0.013849728528716725	-0.04760384558900585	
-0.023848535790233653	0.06530749329434825	-0.11817118296617787	-0.013474502702124223	0.05786503310960009	
-0.05756863179006272	-0.06973859086959601	-0.002993954373169844	-0.10771646012385153	-0.037576122967211786	
0.11730774623711095	0.1146986586285371	0.1336295237278289	0.17309094643295111	0.02261452359684359	
0.15716191391063136	-0.06950426567237034	0.025813044541767076	0.14571645701510047	-0.034550336220402204	
-0.058311924997719464	0.05301232590909614	-0.1337891876616187	-0.17250987072579255	-0.08659157997623856	
-0.04575974351068771	-0.07861762160711419	0.042878166815642986	0.029082110331334576	-0.06234079342325626	
0.03946439068485907	-0.01927086033749772	0.0015330281751651678	-0.05287567849293674	-0.04015572540444728	
-0.09108826662017072	0.08892934156411836	-0.07181549976784006	-0.11494395728189237	-0.11266644270513124	
-0.08078417447603113	0.05198099978090981	0.03597240106551174	0.07354214749531601	0.010757060785565199	
-0.05121011215274864	0.0209894104549139	-0.060533823335526295	-0.12110327116850349	-0.09515812215581085	
-0.11497705563893851	-0.046083295710343176	-0.11997251222691215	-0.08050894388407907	-0.11363584262784741	
-0.09387435789414286	0.07796395866953591	-0.11634907113307426	0.010197849984774845	-0.06905601571015771	
-0.02733012033157724	0.07831092866861016	0.021785196552725414	-0.04869707576557807	0.042848463940771166	
0.024546520836406814	-0.016032553082632923	0.01318112030236889	0.07980763768689797	-0.00684882807783133	
-0.0947751203668016	-0.06750789658971805	-0.14898226709140674	-0.1589208386145109	-0.11694617187468184	
0.032941955997163284	-0.06940412069677468	-0.03479478091089406	0.03377352290657817	-0.06734887880569035	
0.13985190969226274	-0.02092603097835292	0.07937187561482245	0.08556470528896444	0.0067477942425313185	
-0.06515746498447403	-0.0016733668055063519	0.11612162847552987	-0.005298211214244444	0.08401734468734012	
-0.03842034790587013	-0.015634332469095867	-0.04553812024051697	0.06545380336450507	0.05770877116463071	
0.004154147878026575	-0.05507161032752528	0.0008092858289377339	-0.08898651537546214	-0.0647412472570772	
-0.0058075532699153895	-0.014991375434144931	-0.06652031354250301	0.04419593541030003	0.06337813127743454	
0.030140216295143168	0.04292106591712208	-0.05981956021391875	-0.06899169574516185	0.006784371968104567	
0.0812980249066359	-0.053552356194222724	-0.006337988713274855	-0.014049867639439632	-0.00767663024278464	
-0.012818202859576262	-0.009218879737611691	0.00599141351313638	0.11029324024393403	0.1174277412360594	
-0.1061094465407259	-0.010539825114240625	-0.16718002709716825	-0.07803401033491057	-0.15253302789566542	
-0.11819050882665526	-0.01136313041842094	-0.16027005363771613	-0.2503647918662749	-0.22144663781712495	
0.17621284515455368	0.11601204918641041	0.1103976817606164	0.0059375046534002026	0.11625253327156998	
-0.17454134271957275	-0.04940913954437347	-0.2063334527999819	-0.15882728715637998	-0.1407089256522793	
-0.0014276790314378884	0.005768506532259384	0.027760492714643595	-0.152379337244839	0.0342748241299738	
-0.10842012230247366	-0.05558246388975241	-0.039910151338272415	-0.10114471281741601	-0.009217053748367315	
-0.09230472611157703	-0.036460665918635275	-0.09294805216132587	0.03493697354171144	0.028065151724505355	
-0.07529930930841358	-0.07105125039034405	-0.00232333516598343	-0.07928648483593508	0.0035519569952748974	
0.047179393805656916	0.0271691751522587	-0.04199385388428123	0.06687965963083255	0.02243000147674299	
0.06596135052270928	0.012332239348536169	0.0969429481570673	0.09696023459258145	0.22942457370628883	
-0.08448012252449195	0.030981957091186303	-0.05101642876148401	0.030568834511344085	-0.10117871598746797	
0.007056878788616787	0.08110281688418952	-0.027153736910252274	0.15402778381081914	0.10424909732739795	
-0.7591334032690582	0.028835098317698066	-0.796382503079752	-0.7709850700656774	-0.8682210849097937	
-0.06653249887648291	
