TESTRUNID EPOCH: 99 L_PCC: 0.7125274322875194 L_ERR: 0.002312199812104732 T_PCC: 0.630703219738458 T_ERR: 0.0027414572889991823
180 LAYER: 1
5 LAYER: 2
1 LAYER: 3
99 :ILEARN
0.09441289476006302	0.09000599333025297	0.020644401596356544	0.06944160979136349	0.05551980167229513	
-0.1584281806908169	-0.082242229539039	-0.1157063581331577	-0.09549539166731798	-0.0883764927561503	
-0.01724046516305539	0.04703775738137005	-0.06505298902409452	0.07372686488523145	-0.11174738780274109	
0.05926711305735766	0.006459252987745432	0.03403336693015579	-0.05016920562839666	-0.0496049451893305	
0.08509934771009556	0.11336763801532464	-0.016853326361059757	0.06081274486185617	0.0871942330779252	
0.11466563957254913	-0.06300216433156969	-0.04884782765319984	-0.028187449862377353	0.11646057493805367	
-0.04264461154152946	0.00515631653739167	0.13183832248828478	0.04318398719032962	0.07675633525762246	
0.025670057455018415	0.06931767729645294	0.12968716968331473	-0.0400610684109581	0.10441154951228236	
-0.01762336477108369	0.013117751737543907	-0.15901935422582236	-0.049215299064344964	-0.20487872152281464	
0.01577294202800293	0.09427261948686629	-0.01679480243480611	-0.016251474453765343	-0.053778141312101804	
-0.09441728956610407	0.03736913227245459	-0.05951358599734134	-0.0452330858636003	-0.007019270715486915	
-0.05974372534096386	0.03387911924729715	-0.03781077942336349	0.04722974164574962	0.06924866767780531	
-0.06752536520844836	-0.012194574207405084	0.05287501334680924	-0.0025987860927169505	-0.07823469105770536	
-0.1877998622024331	-0.04655457010715169	-0.21266520833630095	-0.10208624571628956	-0.20813104844781827	
0.13709296895365308	-0.03964061750337645	-0.012574220329422433	0.11693745062094399	0.032637847008217855	
-0.008779703559610894	0.11388992333091887	0.032134487448806	0.10591370552364869	0.1061080701021325	
0.14022433078410645	0.052621665622932474	0.11806186911270151	0.0321488914699845	0.02313034353081784	
-0.03425585103195464	-0.05137769079317772	-0.027135859654188677	-0.06980818624191905	-0.10518457669323061	
-0.2642465077103983	0.01540641366076787	-0.19725061112035625	-0.15736254765818397	-0.21850966033169317	
-0.0019935756634837237	0.10282358880361567	0.06870224680992232	-0.04815097145213493	0.07530027740868817	
-0.011992240238866138	0.018894127703084546	0.10295059696872776	0.002514153108054039	0.09963579134849009	
-0.014438640068237819	-0.09830495870422261	0.05306304908059901	0.008948942782461928	0.042324235222948606	
-0.006091061022250235	-0.04501402175677876	0.15114023930615486	0.10098342161062782	-0.022541553840370324	
0.05611481006926022	0.06215954930055551	0.08664988335181975	0.04969453436160018	-0.07591085547015763	
-0.05352916071589231	-0.06905205180964331	-0.05226287999581355	-0.0098023383514386	0.10738208132839866	
0.060227749867685046	0.031042675838405445	0.1277828760494474	-0.020330487538316212	0.012608707928591182	
0.05289139649914304	0.11117363604062175	0.050701685686974134	-0.05884309144953326	0.09481987707205908	
-0.07377566248439194	0.06761326670425737	-0.05015165399113442	0.05318239227485458	0.005480872904592999	
0.056006775120250346	-0.05347424863706482	-0.04418518769818773	-0.03973894874894437	-0.051173916123760696	
-0.061601269239740866	-0.0463225267927621	0.059042234377089824	0.024552637177266228	-0.07926319810706185	
-0.09225001236034965	0.09592013752488619	0.0034438840510518758	-0.07605187151610326	-0.06440471889792394	
0.04873496981039557	-0.05434191087034578	0.02046579843591431	0.10205794668038418	0.06250387942555033	
-0.021387955916158052	0.010350762551747007	0.05626768463642444	0.08852982340244349	-0.03724399380063624	
-0.06724755770462457	-0.07149072367052463	0.024231216767106115	0.0335959969852445	0.034460077474777584	
-0.16357906360090593	0.04644479444325881	-0.141467686580378	-0.13737463581280693	-0.14117148268797639	
0.14626180085775567	0.07015404032205858	0.061192259105879554	0.016852244265398494	0.08957942425369125	
0.10265399959549656	-0.02939853120689002	0.13579502794324125	-0.004702359739461704	0.04816177475310084	
0.0715397319768996	-0.04612195896435458	0.033815184447180485	0.007897985698505425	0.0747038922298261	
0.00421285097408905	-0.0665774553001432	0.10182884676488925	0.09489114996957979	0.1316815293748729	
0.11699125454116914	-0.0836852429035074	-0.01960131304294886	0.053877412383831744	0.12561032958578278	
0.026522193360071705	-0.001795326143550595	0.015486248722121811	-0.0328113497327425	-0.09792933870196698	
-0.2178687801101686	-0.05721775939436617	-0.23671008419278106	-0.11949095511334235	-0.18045381564522728	
0.008058129374839353	0.10461675866141834	-0.03663756943264025	-0.04055508355216608	-0.04226876672856443	
0.11285383512307515	-0.05372804190461782	0.2099062047400034	0.18057252809900617	0.027310985876429328	
-0.07866925996453682	-0.024694677047088442	-0.093932903496587	0.044084148577643034	-0.0639463110075757	
-0.00508868494738133	-0.015483279288464845	-0.029147682944110475	-0.016282409327242287	-0.03835176902038102	
-0.010891344531786576	0.00939073250661297	0.057060242148235685	-0.03675944219542858	-0.015145606031890503	
0.062110371298798886	-0.07422998872506402	0.0647191128105081	0.03317177084563003	0.10719950217284852	
-0.11094252297577085	0.05786277462585805	-0.06443052673822458	-0.11857835978463693	-0.02708501800062019	
0.010801958778024307	-0.08181911005767596	-0.036252933570461	0.006050212751029035	0.05392963571009507	
-0.12708658781113688	0.09480135908596382	-0.06362536114443272	0.04857808014084257	-0.028512778415052564	
-0.15714871757822788	-0.06124417386225616	-0.23012648744303787	-0.2622204869041177	-0.26414099925218604	
0.010771257130855538	0.06424759586356839	0.002426085130330044	-0.010680374964952763	0.01580923754096567	
-0.010232347298433005	0.0513646039396715	0.02070190330123693	0.005236738180508375	0.01189193018860624	
0.019861992408079766	-0.01190224674817638	0.0727292679002416	0.033196987395176125	0.13192554957678795	
0.03324543106392721	-0.05746298211195854	-0.01700134251580264	-0.027469059333937555	0.05515788293019976	
0.09492817526476428	0.09084991334803388	0.052544200997517755	-0.02744635785443117	-0.030270799550914797	
0.03623542127327645	0.0026006744825522662	0.021845582151855468	-0.013297593121713221	-0.00460892264472767	
-0.04292190879679352	0.042207040802376625	-0.033250679269371745	-0.03721067366844172	-0.07832794687501764	
-0.10394605380147255	-0.02053958098766939	-0.10894200772741139	0.06563538015370737	-0.0970909416210339	
0.07038045199598836	0.08207262332522595	0.04324800190278184	0.022849232198942894	-0.06327930920272186	
-0.0835738642606706	-0.05299743013383851	-0.14915479878160773	-0.08907349862527125	-0.15922244777476588	
0.15394853122150193	0.10452490518375217	0.0171670927590834	-0.021927890151231953	0.007926778010328825	
0.060714963515461226	0.06519459138423248	-0.006211885972379806	-0.008521215615755745	0.12454476085512779	
-0.048838730433957735	0.021473057771306304	-0.0964421400446762	-0.1027566146550266	-0.04533182880584871	
-0.01808537468465875	-0.07469672535979614	0.0016671246365870074	-0.02256909622509092	-0.002957067915465263	
-0.03933723929877436	0.05895569333753252	-0.03080559558323893	0.016388861114033062	0.07348769584440105	
-0.056837890372591585	-0.017567821283584438	0.10986719796480408	0.11356314479276769	0.05445220620710057	
0.08356732490187656	0.09587361871002349	0.06736256098117452	0.06271539404841539	-0.09441198240502262	
-0.0064837058408940265	0.0387230858087941	-0.005510006816173442	0.046113709158612355	-0.1330238507195832	
-0.07319663619476591	0.01652296302683577	-0.17528725401973405	-0.15214400999937952	-0.11832477233695707	
-0.0998111923326699	0.037736519866347934	-0.09596160728125343	-0.03875686146982002	-0.008468011185386062	
-0.11032524702660303	-0.08747290695517358	0.012321971724269739	-0.04644872887481153	0.013378765713973341	
0.03796877555306405	0.11284169290662965	0.027194715514656367	0.03044586313536861	-0.062095770069239976	
-0.011047182267339528	-0.08188311361158218	-0.06038497296772798	0.05902344113607375	-0.08492143838079137	
0.022319347696631235	0.08882312184659331	0.08234509119048451	0.07618352015072427	-0.011909215626164298	
-0.007957630594448291	0.019513026087449228	0.0968243613985818	-0.058958804344573325	-0.05056553914971606	
-0.039344413990951975	0.06683518768314294	-0.0039282143306674944	-0.07821510417743849	-0.005121083616049037	
-0.009125092508988842	0.08180786897288295	0.013787357210145531	-0.0460060641767739	0.06766724045114267	
0.057520803356519344	-0.019212530289322363	0.04775506063305597	0.008779107325651165	-0.003690216043511299	
0.1152242476384666	0.07172227183115125	-0.07011699583458117	0.06379878170912873	0.01322086272047174	
-0.05253514834144589	-0.0960578243997047	-0.1979216155469959	-0.20738566684606954	-0.1924829641197098	
-0.07668805665414308	0.032857035298363674	0.06940684505379487	0.05352541659596837	0.04660240638539903	
-0.0025307261193539096	0.08643359406729952	0.02610241648127221	0.1096256014639481	0.052646980783129356	
-0.07536141772973758	-0.07921428081133501	-0.11124783468906527	-0.09157742092812793	-0.029003312156680068	
-0.09133510732200671	-0.09611700483407926	0.04256486139946003	-0.02214986037566581	0.03093021034771972	
0.010312129515597356	0.0005653911682223331	0.02174769559618434	0.02793423311710934	0.07900922730163461	
-0.013956822244640794	0.08764431709073503	-0.08042251933630946	0.05622857163601365	-0.07704163878657766	
-0.025782119973996744	-0.10660361402600216	-0.04291528934223418	-0.13734722802845578	0.022411447285106217	
0.07876486206454086	0.06678813336960837	0.06058753332669425	-0.0854807352324495	-0.0848201649256622	
-0.0839851695708227	0.025410955034698177	0.037849158716403465	0.06527186317905902	0.0024730256358194975	
-0.060573725629782464	0.050760342691083954	-0.13657054585226558	-0.13839639728549796	-0.19998561254970063	
-0.08047176811480042	0.06661870971821054	-0.08824654290093226	-0.059561239504622124	0.04956254013990955	
-0.016483372265538254	0.1116257266940201	-0.03705332049990884	0.016679280242975957	-0.026320135574943396	
0.13523552992591553	-1.901857090950274e-05	0.044448996259999776	0.059257509376372974	0.14033841016304954	
-0.10020433351440308	0.04674169882850501	0.07479873396761516	-0.09131291835643668	-0.014364192012432084	
-0.04317456159575607	0.0749809967669594	-0.000672087254945071	0.03214202125388433	-0.03088137140230126	
0.03793527208494738	-0.03364615963351482	-0.08318824328330979	0.009314810794237668	-0.02803680511360746	
0.005237168156812556	0.08922394588409194	-0.01686142222317571	-0.051877677773995406	-0.032335788298129976	
0.07648022199649775	0.09136858142564336	0.04069511154575502	0.06326300209112296	-0.07903131599900723	
-0.06893891318243593	-0.04203452364857839	-0.023152733338160127	-0.054828008980840115	0.021421968222224266	
-0.1581285020469813	0.02741348975327598	-0.21996422284602551	-0.11339957902861603	-0.23932709801308283	
0.0637311775470043	-0.0015152458631109453	-0.02639740240961367	0.003459085217870105	0.08253913158979637	
0.0850137152358542	0.046225480733805474	0.03375157634948053	0.10390581192080121	0.18668058230950174	
0.061976341200470686	0.026000361137581553	0.0868106827394157	0.07725125269772262	0.0014569787935352666	
-0.03207578873305303	-0.05625217510567546	-0.01257224682992666	0.05305703001046903	0.04650988796367952	
0.13873189787940743	-0.04550977233396986	0.14319618907426857	0.09631304652503717	0.10821999940278915	
0.028569473935388556	0.05175693787436138	0.004381088968378589	-0.08575238884621583	-0.04758374705494345	
-0.07978475828559392	0.025967231537694323	-0.08327347919954618	-0.0671289139048926	-0.15373525660202722	
-0.07301349860284698	0.05727227759761156	-0.018151399328980758	0.11920246895429788	-0.030454831925994005	
-0.07402371670556965	-0.014157649778490653	-0.004305524619968819	-0.05219688821851854	-0.12210481906984516	
-0.05162462661518243	0.006135902975460767	0.021528529241794853	0.03344069826458821	-0.10543189867065296	
-0.09373520006284748	-0.0015186222615638204	0.060838197984274714	-0.09259876569781773	0.04454931326520792	
-0.10407543780475559	-0.06317551234485061	-0.0893447078235216	-0.10951185898703016	-0.2577037769158544	
0.07103846538085772	0.10896232597360973	0.14350861290657746	0.10374561172777728	0.10799321705061671	
0.04003346704544627	-0.025559470100357494	0.04206995306384081	0.06189412846199159	-0.011751650787085618	
0.05692427517338554	-0.05694128074707457	0.03203406825010537	-0.05464196430141925	0.026581788957673175	
-0.00645204568239698	0.0681119539810371	-0.026896189448419233	-0.04756832569542561	0.058234064274940024	
-0.08481536488244527	0.027117469453076186	-0.005631308242722173	-0.09544965242286635	-0.10043896167107895	
-0.034212368090870596	-0.06373597801736088	-0.004987741416047445	-0.07370569983598733	-0.05608959183764944	
0.0087330929843466	0.05615143434023418	-0.11595112402463678	-0.0830278498869422	-0.10116297388736689	
0.006830418541200876	0.020736029519510382	-0.08873304633468697	-0.11115076824847998	-0.04255046506986056	
-0.02998800135887543	0.08097944509654698	0.0285308249695818	-0.023273059011331795	-0.09006317124683116	
0.12035725461888225	-0.05722395194910601	-0.027676491609722752	0.0140194725700397	0.01741123467109134	
-0.07634907950286315	0.054795328617565524	-0.07370476977180235	0.015347297509279732	0.0231163737888731	
-0.07493360447442242	0.01362304173657529	0.02096825713056903	0.007381765313679395	-0.006757902455112059	
-0.06472515977628997	0.03843875204834938	0.05248858252541301	-0.044565364249919116	0.017509036166705832	
-0.11934698131178767	0.06945077140678159	-0.07360570892420532	-0.026896067068039486	-0.06665535116847794	
-0.0446393460193485	0.09404775171529774	0.014929791970166159	0.04348003423879502	0.04536264565826523	
-0.052694809573974495	-0.044816412816329095	-0.06767724941399098	0.011741012726855491	-0.04159420688777376	
-0.003118360718548148	-0.06387528288325897	0.07941711936595282	-0.06319766273151473	0.10993641138835566	
-0.10956473004012954	0.002541602626299819	-0.14936564062432947	0.014994348451603835	-0.12995875487645492	
0.025530520040872497	0.05893655442861727	-0.04903734618559456	0.02330932999285201	-0.04585336488367263	
0.031658859393496365	0.042866719758636575	-0.09827878409567602	0.03802310164003687	-0.13843909614357347	
0.06308297363973685	0.019464953718522447	-0.025966031204669292	0.05152396275260024	0.016813265820907235	
0.08535681803129219	-0.04459970609896884	-0.11038108661693756	0.07631837941251714	0.053329058242499484	
0.026824467647989958	0.0021505572743705367	0.01763714728934543	0.03270386846545973	-0.05715370647635831	
-0.0033491860280829	0.03964793828787088	-0.06107745314271779	-0.08849901415976781	-0.03949464794416937	
-0.0967895468480228	0.05693955293702741	0.07203270041647157	-0.05941180490084592	-0.08095910039634588	
-0.04412049927820704	-0.02984290656985525	0.08073767879190061	0.00972082570956678	-0.04824978806677388	
-0.23713985582339828	-0.09224633994640846	-0.1708135630995296	-0.20563838425578607	-0.22033819327218496	
0.007720801609758535	0.07644844006087839	0.008292279698458103	-0.01571406701162638	0.054284850247431175	
-0.01600772669967487	0.008609170392848404	0.007319211988319258	0.06300403563098937	0.12837468647706907	
0.05410833745458939	0.08162101816502039	0.06217795101507245	0.0956616228252143	0.0023944579161135123	
-0.03341618707264826	0.08121886149387916	-0.011091914162651515	0.02708160475650481	-0.041383362964773726	
-0.007351165809223415	0.0660838695138947	-0.10008040052761501	0.0021331191187714854	0.07917364229591706	
-0.004368501317652504	-0.06206536359428115	0.05267513403971705	-0.062475119552316105	0.020032632317117445	
0.01768198071507683	0.10084946461191452	0.02933114798919888	0.07814128428496978	-0.08483154663995023	
0.17269187131235672	-0.056567577187519126	0.04788632199465474	0.16001480661142123	-0.008948049162100317	
-0.032207994835010974	0.04884707046519716	-0.12147472849170485	-0.14262587164914076	-0.07363937762274159	
-0.029273002408401246	-0.07443825441504917	0.05520837392972937	0.054305540948815345	-0.051148691076029124	
0.04594125126756272	-0.02173979834439365	0.011916287200413211	-0.04554159190299271	-0.025465938775432382	
-0.09125444707643768	0.08769340794580488	-0.07697933768027015	-0.10980804010692027	-0.1186052041413578	
-0.06422334621636555	0.06321051286821212	0.049965098036281214	0.09207887278614868	0.025029184898005746	
0.0045392875805719685	0.027009441481280805	-0.01179478454133812	-0.07341296263732507	-0.04372031216083026	
-0.08659602324957247	-0.04555909915604792	-0.09887066978412294	-0.053279934906890834	-0.08301400454177628	
-0.019506119882304725	0.09206138119144978	-0.04651397876813282	0.08479936353522909	0.01338032308418159	
-0.05289539025477363	0.07604177758428868	-0.011946994955239971	-0.07175480226084237	0.005758876400876159	
0.019202808581400888	-0.010725509064061056	0.004759529839097363	0.07237098205035672	-0.014159360083815083	
-0.05698848436462535	-0.07352465449405886	-0.12858181350503312	-0.12152920877173437	-0.09328691681710187	
0.025850916679988067	-0.07234147299839601	-0.04938824037794437	0.02555890631693319	-0.08007580897791278	
0.13881095052122708	-0.015229192316135265	0.07239636720707247	0.08429878713547967	0.0019252482011479029	
-0.07516467171003054	0.0030372724243634065	0.1018677315176437	-0.011021426138863269	0.07096091245739716	
-0.010254304627358522	0.0018635889416279716	-0.017998126488585075	0.09919489650246252	0.093595542313528	
-0.052223245040246356	-0.07000623067111908	-0.06782475066604136	-0.14604833031805403	-0.13585553031694925	
0.015313641138977145	-0.007158995888401984	-0.05002732255148949	0.06721111217469092	0.08619398095566327	
0.01795187462105813	0.040472664172288085	-0.0820149756933219	-0.0792685765768124	-0.015243482978192115	
0.09061798221602879	-0.043654508982107494	0.0019764736484318233	0.005762148840790845	0.003300831046087984	
-0.030193356633601377	-0.011452243324908806	-0.017575726821301006	0.09886641546092967	0.08956451173004548	
-0.07279813341131636	-0.005258030816393081	-0.13004587303432608	-0.05231084351122479	-0.1081025290694238	
-0.06014607580687157	-0.017858204071815365	-0.11399492886624656	-0.1982110805698223	-0.15753979357882023	
0.18660388725631763	0.129607305945006	0.1208676930294485	0.017222357657402935	0.13124862522567474	
-0.1573340123776286	-0.0707860562207971	-0.20729443181464885	-0.14548475543606412	-0.1334700202056896	
-0.06933578377136232	-0.028075098823115877	-0.05065336496086493	-0.21648014981607036	-0.06471238410521693	
-0.11198929010236609	-0.05300391520652655	-0.05030831693022394	-0.10125051515701164	-0.01822143388706152	
-0.11861831214515349	-0.04182443070445854	-0.13024193653623983	0.010085806590750026	-0.007266897249477644	
-0.10819574554918222	-0.08419815793289608	-0.050511490545932965	-0.1163681579917843	-0.04063686999247877	
0.050536498971917664	0.029945267432456006	-0.032089871298133385	0.07705763329096832	0.013512014081825655	
0.0398252238963215	0.013051575994450384	0.07747780785835699	0.07529867705471895	0.19608150619674378	
-0.06515311789915619	0.03729081265485833	-0.028548999827077353	0.03977674883292245	-0.07275599974657183	
-0.010650727230510044	0.07343299562634634	-0.03584055189966092	0.13127479382555104	0.09244774399424585	
-0.6852481398995525	-0.11509181875197014	-0.798837638730026	-0.723490840144959	-0.9136373710674137	
-0.15374834689318323	
