TESTRUNID EPOCH: 99 L_PCC: 0.7599325217695461 L_ERR: 0.0020203860406520467 T_PCC: 0.48697985309968356 T_ERR: 0.0033496902945076867
180 LAYER: 1
5 LAYER: 2
1 LAYER: 3
99 :ILEARN
0.08456100566907183	0.07556342151301125	0.0045979487032960535	0.05797328413660512	0.04309857010064709	
-0.17829428689169372	-0.06916256588034696	-0.1312986728918214	-0.10724807026623821	-0.10538626710429141	
0.048415607728835415	0.0623358022387442	0.009784237543929236	0.13411601196530754	-0.02875055615487375	
0.07806815942940529	0.009462825788887628	0.05848003170607567	-0.030850345798121598	-0.02084459919660584	
0.06963878197161752	0.10450520094189546	-0.03087185632406196	0.05129771473588007	0.07083081920808519	
0.0665194069497353	-0.07156936062723256	-0.09213724471985757	-0.06609314946063975	0.06646302013535277	
-0.0698088772960523	-0.0005932905116726852	0.10604144343055173	0.018600263669325153	0.05087796204153896	
0.015503344141159121	0.06384115185855603	0.1260472673155632	-0.047988767612268335	0.09880418135141418	
0.04996808610838985	0.03980826554586606	-0.08610412865893734	0.0070176054451731576	-0.1324142695638466	
0.006610651069530307	0.0784184455921502	-0.03220807503106362	-0.02164350563362501	-0.07153194049403404	
-0.142544724340796	0.019111402941382475	-0.1104561285330195	-0.08185935628334647	-0.06477940034951331	
-0.0891405561191523	0.03137818233979355	-0.06690331018474749	0.021685171497019515	0.038406391854889324	
-0.09004568790552725	-0.024205762210984364	0.02798280340473593	-0.0199752202378235	-0.10719171393488022	
-0.19919780491664701	-0.030933644258565957	-0.2169400393053095	-0.11113827234207853	-0.22585069880516095	
0.12245777403764917	-0.049633357098780716	-0.027443319515982965	0.10267861293501698	0.01753479877882686	
-0.005254714105016875	0.11113564405519434	0.035742148383445124	0.10865978434637104	0.11286205302516213	
0.14219771389321886	0.04431932821621861	0.11607669604694008	0.03392468360201528	0.025079772147119875	
-0.0643199846501868	-0.04401043965275218	-0.04693188456868075	-0.0917580028202361	-0.1398587058360947	
-0.22194485510481637	0.04262576580656247	-0.15303553391413138	-0.1285008367988706	-0.1839323614278408	
-0.004711330574708261	0.08698081883764468	0.056693442867411785	-0.04966567509863217	0.06435832334479671	
-0.009076762971956488	0.015470823482095225	0.1079629889242629	0.0029402433992545647	0.10651116148723991	
0.013446618924864642	-0.08867891369767694	0.07820381802126823	0.030941056248004407	0.06583133453951506	
-0.022170292891570006	-0.056060617823892545	0.13441300825787847	0.0834929914620825	-0.04790788471052043	
0.0004964550794804883	0.0486904766079947	0.03015786952417888	-0.0004454983446987463	-0.1482423236933296	
-0.05964523789735316	-0.07526069002301757	-0.05535285502001793	-0.014331529457647223	0.10526033277205042	
0.05195952857351727	0.0219581344960728	0.11877692563693301	-0.033499257290075836	-0.0041965313351072205	
-0.011046787428366242	0.0935709625418242	-0.01621239238662281	-0.12032360857006497	0.015396492383414357	
-0.033554993270685174	0.07322412948805906	-0.0021957453195178118	0.09756678148573786	0.05273111719310992	
0.006136149641356542	-0.06829043469816183	-0.08849232559181414	-0.08289876139705299	-0.11130770196057328	
-0.06592987479968639	-0.04507973661224002	0.058308420563434826	0.02170417725601934	-0.07242102218100306	
-0.0830494933320429	0.10417048966429732	0.019705393109702696	-0.06477650287164519	-0.039132480160743985	
0.044111656473252804	-0.05713945850374277	0.01353702543166549	0.09373022137907938	0.04827571789036087	
-0.002562702861732199	0.014340276753521553	0.08155488856815254	0.10642812237032002	-0.004543087947996677	
-0.08770554109751309	-0.0756565606723152	0.0008686224475517024	0.021005898965078755	0.019616504482997617	
-0.2074605240722087	0.03864459193604929	-0.1787558654308203	-0.16347388124414064	-0.19532983191766237	
0.1737611214143124	0.061798592970426836	0.08522431470421099	0.0340490893593856	0.11283435933257782	
0.1381595055979087	-0.03201467956966808	0.16842403242741494	0.0207139123160111	0.08814343413809919	
0.06540014963544337	-0.048886239643287914	0.029606541049417838	0.008407107859066875	0.07332003879044116	
-0.011800341412554717	-0.07322210530820308	0.08345597670446668	0.08192966668743551	0.1148283398482923	
0.12021082109790152	-0.08285766983369558	-0.014164198120864424	0.05475083210343389	0.139045530949754	
0.019530697078887188	0.005260981226871576	0.015246170420887686	-0.03557699671309313	-0.10459664962776384	
-0.2740182343088424	-0.049166174953484465	-0.2893872076601806	-0.15250907027480243	-0.22910597099799215	
0.0008459938086250985	0.09774916358873903	-0.042440651321121486	-0.04464420774240324	-0.04678946283613557	
0.08882227559308704	-0.073698563248719	0.1796646888888615	0.15496933838254234	-0.0008167659871091259	
-0.042257029602199195	-0.018688472906721723	-0.04375218113624907	0.08619115090597693	-0.024119042578108766	
-0.016438174119497006	-0.014117941538533688	-0.03832428333014767	-0.013530491185772856	-0.032948216052457104	
-0.057105226861945635	-0.004585229836288136	0.0074248377298652855	-0.07565468046972407	-0.05839674399820755	
0.06784352898450062	-0.0777042457387711	0.07117744238159122	0.038159610299968096	0.11392171500310044	
-0.1446693109660913	0.057836201046777364	-0.10789437124737647	-0.14956473468491904	-0.06923207109144015	
-0.003401603799578847	-0.08051489375971782	-0.039453433958705764	-0.0011098849231855933	0.03710182761558828	
-0.14911361058526373	0.0958747068274419	-0.0778314719489562	0.035873644982043984	-0.0525321906972114	
-0.1564160382327271	-0.040901619957906934	-0.21520415984308583	-0.24042803987918068	-0.2393458057118419	
-0.0006204398001583671	0.06720466529068388	-0.0031207432076865	-0.014526156132068641	0.006431516104902549	
0.022107849160338644	0.05686689597170444	0.0509165693283366	0.028558627031651154	0.03816568183286183	
0.014822221931696617	-0.021226294931160992	0.06627002223167199	0.020857587441401367	0.12767201769822675	
0.037502844342274036	-0.05832470365101386	-0.009691837849998606	-0.021498633530663475	0.06292542764203815	
0.059505993115773634	0.08194909177101799	0.022011441937978014	-0.05645748172182747	-0.06940889944333747	
0.0787310406363669	0.01597802551762671	0.06864803943618383	0.03096394512379857	0.04945758032243555	
0.0034121524711276255	0.057864434155984926	0.007113159743907701	-0.0012601229812854488	-0.03374942155115509	
-0.1323538324403564	-0.02167970766327085	-0.12803693266807886	0.04504040339237268	-0.13103001024035713	
0.09298803929706202	0.08375346637556223	0.06523056606321355	0.048400836266423275	-0.03245570552076045	
-0.1390369969562814	-0.0623428120981223	-0.20288506963684166	-0.13673143077910524	-0.2170060867676448	
0.12979367155820232	0.09064787967740272	-0.006143951096045243	-0.039374016754307656	-0.012079338547874185	
0.05782350306570017	0.060011461839595416	-0.006070026424507546	-0.00397818231199286	0.1268287791883078	
0.0036974938219186556	0.03724554300102032	-0.031929160527505634	-0.05178766905263315	0.017126980459849627	
0.00788143077862847	-0.07205916232020303	0.0323457995445676	0.0059737131204675425	0.03224035974725027	
-0.05490267934614989	0.052594268685965506	-0.04662481056203139	0.00410955789901074	0.05820245942736666	
-0.08026660466501227	-0.03026152254851871	0.08722520059572933	0.09878143999462272	0.034073021038887055	
0.062195071077924366	0.09014765674651902	0.04899989114176573	0.04677345537651153	-0.11322042547660573	
0.014959082798062247	0.04834017888918035	0.010940963638466836	0.06249767504932007	-0.11672162158695606	
-0.011910642756979062	0.04411179363257488	-0.11157581208499202	-0.09983263329042656	-0.056907937816568555	
-0.13229779528606592	0.03657806181730816	-0.1236536311649745	-0.06206936921881061	-0.03882318675534012	
-0.07318743055866105	-0.0716519354411581	0.04896118266434836	-0.01586298754085125	0.04950408322093031	
0.01819596363604375	0.10881980229337314	0.006256552455704721	0.008146953806601421	-0.08711522167730258	
-0.08441180649744338	-0.09923165411204507	-0.1290297238577975	0.0009074131021287333	-0.16898963007157308	
-0.008283417058961122	0.07520719362867352	0.051250628143868486	0.052674847126421884	-0.03957770800680591	
-0.04065050690957053	0.010460230676443078	0.0612181635098301	-0.08500131751337289	-0.08540297809565729	
-0.06745935237519292	0.05654338393887292	-0.02180243882853833	-0.08925729282500308	-0.025855721009989206	
-0.032140929629142174	0.07117824626128182	-0.010976901703248618	-0.06800316134670374	0.042436643800822356	
0.06140281317551082	-0.01702429192519484	0.04384342783105673	0.009268458306092476	-0.006764339280710958	
0.1347925070932267	0.07340063830076825	-0.048214863443353566	0.08258431273143146	0.0325925799520512	
-0.06539533691239871	-0.08766860271320996	-0.21037346452149	-0.2114216407280668	-0.20309613710964292	
-0.08319069242494707	0.023571384473035733	0.056918191646876656	0.039722647077173864	0.03880689296896719	
0.03912168159487111	0.08534340340157785	0.061943626577824165	0.1367655957742688	0.09961218986658567	
-0.16017407241243298	-0.09504067453552739	-0.19257035464316455	-0.1693152280924612	-0.1249962719331637	
-0.10457388200991229	-0.10374013222276096	0.02527981943700765	-0.030924368077699552	0.017053925884452655	
0.024176871994428913	-0.005486894729406847	0.031285243568296366	0.03763436765507054	0.09394989349760421	
-0.006247968827763882	0.08832409962522969	-0.07332837861692915	0.06389243513125228	-0.0689209886991221	
-0.026934534557730483	-0.10742158110860926	-0.040272622274705044	-0.13124293449860874	0.031832412351583655	
0.0826700717619714	0.07219202446141314	0.07512274736407702	-0.07256940077043111	-0.08268055634199768	
-0.10093357349080842	0.028153409715339445	0.028200518304014884	0.060143289019576426	-0.015800514045179945	
-0.09226733626765608	0.05202410628449757	-0.17190567840715398	-0.162489294143821	-0.23556109757264385	
-0.09311649441540559	0.06607312275743898	-0.0952311693449582	-0.06255353715943372	0.0358427950565038	
-0.06196808182793888	0.10133813535647793	-0.0704484653616095	-0.011834051674536265	-0.06743796294980993	
0.13893543396816527	-0.006320778392227348	0.046025722926719984	0.06055052142486392	0.1420713930495089	
-0.10779606469388774	0.04268999059417375	0.06696846647831545	-0.10161182899228459	-0.01963107991599945	
-0.034318624417856824	0.07635549135835656	0.010581702621666245	0.03952341879522374	-0.019098062250939622	
0.0043865396348668866	-0.044035351070099066	-0.10903422509370023	-0.008601053414426388	-0.05534356369010282	
0.010759497661271801	0.08814822740343593	0.0011147166288946154	-0.035149117108449146	-0.011206067655456082	
0.09522097059818181	0.10028954165152248	0.07099987487838974	0.08844668223486318	-0.059744214795390646	
-0.06884060176605877	-0.04465596455809143	-0.021666331473253433	-0.05179643073817247	0.026884538801431577	
-0.15459639125372499	0.042762229899881904	-0.2053196102886932	-0.0966561818626928	-0.22566369473344278	
0.08105940108918966	-0.003309947568601698	-0.01152413018046969	0.012887322053258045	0.10348751791275651	
0.07223604374533774	0.03432587669247072	0.01884286856595848	0.08687992859436465	0.1770745608729229	
0.06594147199856416	0.026701467060336184	0.09708360268001709	0.07953788505500593	0.005685307190007894	
-0.023100411272659296	-0.05968224585764728	-0.007853811332248124	0.05672317508657629	0.055597245349567705	
0.133255487961035	-0.050147236494549954	0.13752975486356211	0.08826890074727729	0.10399235607521577	
0.02648046810376288	0.04598439565709633	0.002965783363729984	-0.07970603324413955	-0.04062874780858817	
-0.08238896979945902	0.03943636350507243	-0.09248307185621332	-0.0835002512316957	-0.16959105431534616	
-0.0994297449300082	0.051011747339192046	-0.04275639142759946	0.09393567480856205	-0.0657847800436428	
-0.0636703367484911	-0.004791588929701245	0.010090462344114412	-0.041775485380252636	-0.11665136449598171	
-0.05943158166299331	0.006123279784885229	0.015622143712948944	0.029555427289859014	-0.10977759693828944	
-0.045764380522348796	0.01096846150257408	0.11056062421003716	-0.051740407649860855	0.09481543241448506	
-0.0861901140675803	-0.04276486827915625	-0.06304722937172934	-0.08709915822085543	-0.24683799966065179	
0.05814868329220554	0.0967034000479889	0.13189084229869813	0.09016260731700028	0.09692499429196239	
0.07015413156924513	-0.023557659640667528	0.07473481340096347	0.08887441879283121	0.02728963843539647	
0.09442294037985093	-0.04902733982035643	0.07661884158430635	-0.017449915818717115	0.07488945757031265	
-0.013420237646750223	0.05739068008042414	-0.03269892345274775	-0.03257396381330379	0.055461678166536466	
-0.07487271642568832	0.0344856208538083	0.005689704439975618	-0.08636868111638835	-0.09900934884617048	
-0.06740251873426169	-0.07258992669911545	-0.03440499712488275	-0.10274150265278914	-0.09581663163422287	
-0.0002458821996934197	0.05533584198363607	-0.11875043219612723	-0.08653091889340148	-0.1075367439693541	
-0.01928850950003251	0.023838257272718696	-0.10590957162921	-0.12486439436190248	-0.0634898780816196	
-0.09180313493428599	0.06821175079264438	-0.02839678428527717	-0.07290360721209224	-0.16607094605376996	
0.1322427504653966	-0.061440854010707535	-0.012446616622610603	0.023447795081482883	0.02321224700924297	
-0.11539413559533239	0.04881547829306301	-0.10657285173381849	-0.011264157053811535	-0.01682259970516827	
-0.09881011157891256	0.007934727656215345	-0.0009052722118450025	-0.0035593512649332425	-0.028491625162162016	
-0.043089046030138085	0.04344140544263536	0.08324238060408075	-0.01509706892153772	0.04832137802325639	
-0.1231372811627463	0.06810916343542055	-0.07970232181375862	-0.03789677150665868	-0.08542366226644793	
-0.11184698876779159	0.07320570676189249	-0.06409428030429218	-0.013612762747240987	-0.04028944775567188	
-0.05424564224142184	-0.04707229542522149	-0.06487112044008884	0.01714288930099835	-0.03248096128698261	
-0.0018218665497745138	-0.06569870402071754	0.0825354370730614	-0.05430270063511361	0.12126384946422757	
-0.11822202590425715	0.003939872544686118	-0.15111513146556987	0.014550747553772364	-0.13139140995695028	
0.0220068748620025	0.05346514692738745	-0.05152482920982117	0.030055394273416153	-0.039387911212852615	
0.033828029836385304	0.04803583604398702	-0.0948894436713457	0.04497903641631123	-0.1313510395059762	
0.06796754001879718	0.017479689492610653	-0.025201377653006993	0.04772632155371345	0.027441880785508927	
0.07302248766439057	-0.047000314865807545	-0.11691290959806293	0.06984622236111847	0.041906235567227425	
0.03244775228133384	0.006094957652595258	0.029908211582882576	0.04501036740014233	-0.044314626995174966	
-0.01434210754131366	0.04302093094107955	-0.06563609161903664	-0.08625775065327425	-0.05262319874973034	
-0.10847331126622844	0.05379921435955437	0.05887781135741007	-0.0658305594352311	-0.09375857320122816	
-0.042401882258365914	-0.029886018670484106	0.0896184794489471	0.019732546856471526	-0.03491465245196412	
-0.22286063728139038	-0.07149266875104074	-0.140681552194318	-0.17412302558562864	-0.18946227813225974	
-0.006166264733994757	0.07464434472610286	-0.006875605189568356	-0.03150188681066764	0.034722261953471216	
-0.007992997782505725	0.00488768112774732	0.013661362166312979	0.06681162121992386	0.13858880742713975	
0.012117064230698714	0.06397990347030745	0.007691164392991956	0.04817298022477053	-0.05206991600830586	
-0.03780023175521864	0.079404001416059	-0.013950698341221228	0.03119541503666989	-0.04093318154612151	
-0.005553414039030188	0.07029619493301419	-0.09962025279009702	0.0003685623777417287	0.07894231515409054	
-0.023474370795705236	-0.0629958101089676	0.02977999271686966	-0.08173499254510679	-0.005073760811359712	
0.020693043851616987	0.10071961714897865	0.030281203111049825	0.07989859436394105	-0.07367362483533083	
0.18085599650632175	-0.06230519646329321	0.05217119927048164	0.16309997451009056	-0.0003967810689408772	
-0.047798535558509846	0.05459831610790853	-0.11877415237670644	-0.13909004178488202	-0.08737083259668095	
-0.05116057365777795	-0.07716735290923782	0.04131119992512476	0.04148622742907713	-0.07828985507308966	
0.07971904383084995	-0.011234779582895807	0.043145182158556034	-0.021537513033922706	0.007390494698285017	
-0.08993007102956657	0.09201656565914916	-0.06511350431871904	-0.09988163224082665	-0.11583739899293005	
-0.057808989164012024	0.05972675833071473	0.061911117674075866	0.10192647294073619	0.03418106999805663	
-0.05461568132376065	0.016733596527008177	-0.07167878720090927	-0.11964841480492158	-0.11346853675667952	
-0.09895456307575458	-0.04483897775235577	-0.10665324804298885	-0.06126405213995913	-0.09216025232033871	
-0.08337476922410966	0.07853687655834095	-0.10732883719839097	0.02797199194233825	-0.060511556241226734	
0.005348228420945211	0.09003973538988735	0.057284748371381304	-0.01859680425489858	0.08267028287757716	
0.043370777060678496	-0.009263766406765832	0.03508425218214866	0.09739897077959794	0.01813899892599072	
-0.0845878953892708	-0.06678024256461947	-0.13426738795485446	-0.1247460089224794	-0.11645910900126184	
0.01896072879299098	-0.06970996439043617	-0.052785942811334974	0.028099543570094355	-0.08702719690949418	
0.1491958550663714	-0.016237854485304713	0.0874714529838813	0.09495172230523456	0.014726621712328932	
-0.06954849547590342	0.0021550124331810843	0.11188908348723663	-0.0022732740262872693	0.07844669457732094	
-0.016578264576434583	-0.006090306742250679	-0.02073625601630464	0.09493960817353662	0.08278258923952372	
-0.01473357224787706	-0.0568126334380742	-0.018059626157935587	-0.098056196595202	-0.08759249799077704	
0.031520405890966566	-0.006656557802153613	-0.030999027550351915	0.08049419598854828	0.10227470957106403	
0.041309586492511825	0.047264018466987606	-0.0497462515693866	-0.05347501744552218	0.014514641393912744	
0.06588084313305868	-0.05059704116704397	-0.0186202607276293	-0.015557998164913756	-0.023856663499566597	
-0.0014056170343368008	-0.005552204160824618	0.01903533178893982	0.12531411328316783	0.1315444094132266	
-0.1308283037509159	-0.015326102013880377	-0.19701946430321535	-0.09895157851097268	-0.17696075494387603	
-0.04166782949162327	-0.0033639808048498464	-0.08959071433670186	-0.1766968147117435	-0.13569489918639702	
0.17523082642523477	0.12067581784932808	0.10750178328496254	0.0038476891932331422	0.11238202101634123	
-0.10823919164344754	-0.04300572278439079	-0.1483944732530574	-0.09227123449079239	-0.06773658929038535	
-0.0366742657575927	-0.006085066243683039	-0.005807626408769103	-0.18053985623892743	-0.004278254052656542	
-0.11116492284466348	-0.05003497669231452	-0.04369583015739603	-0.09442281607944254	-0.015420867512784434	
-0.08156150812158258	-0.03163654675034461	-0.08378517972199756	0.05094731288032205	0.03795355979912704	
-0.06196811040576409	-0.06824956001094082	0.005463392797695425	-0.06495889688933897	0.013541035783472368	
0.018519372939909216	0.018450721487975944	-0.06727946706202666	0.04098429294665901	-0.019348333062349236	
0.050142981551785086	0.008105932657253895	0.08641928240871546	0.07939234625987526	0.21985613284836233	
-0.11728209382337032	0.02564392649897325	-0.0888308851143701	0.0007085889586862845	-0.13585197630162746	
0.024032945000542344	0.07888667371374031	-0.010014666267184622	0.15162893275138833	0.1270286139112681	
-0.7724587962270185	0.009224890735796213	-0.8288845636566369	-0.7132783067929335	-0.9707543050639875	
-0.021414874211115202	
