TESTRUNID EPOCH: 98 L_PCC: 0.7582845933975618 L_ERR: 0.0020324440446439188 T_PCC: 0.4841493545775 T_ERR: 0.0032835305554914525
180 LAYER: 1
5 LAYER: 2
1 LAYER: 3
98 :ILEARN
0.084252852556902	0.07557244231097478	0.004311076081967133	0.05769669325083383	0.042719723799868325	
-0.17711176514270358	-0.06916706558536066	-0.13009595143299046	-0.10630547667566495	-0.1041691667824586	
0.04816969330838222	0.062347235154399896	0.009523219141865442	0.13393691852141537	-0.02910041086255348	
0.07815412569976407	0.009472077779723682	0.058574158700379506	-0.030720511926063412	-0.020808237742585885	
0.06978254251368393	0.10451224843005116	-0.03069996688060304	0.05139568648372659	0.0711395638079268	
0.06693202171375467	-0.07156486320568035	-0.09185863258438155	-0.06586567430598626	0.066748121738317	
-0.06962537232618835	-0.00058786401407062	0.10619625487207429	0.018730588457178055	0.05090764221053483	
0.015434287121855987	0.06385214912200135	0.12590656160875413	-0.04795574506683324	0.09872614033803052	
0.04971988909351191	0.03982021773406738	-0.08651553736653812	0.006801127832035986	-0.1328184570443615	
0.006488476597154414	0.07841883769347578	-0.03225270961163995	-0.021822572463575333	-0.07128379530620088	
-0.14242390543601802	0.01911024250619003	-0.11031755753542344	-0.08185182576434645	-0.06436217028559285	
-0.08851798625826574	0.031379299990484825	-0.06627761415819793	0.022177390264498477	0.03896095881186491	
-0.09010507820456984	-0.024204130502645645	0.02789580949737062	-0.020124614203490966	-0.1070688821026925	
-0.19873547037407444	-0.03094286926478056	-0.21651418553497576	-0.11074550292930155	-0.2250409221720684	
0.12241652277085092	-0.04962195975473202	-0.027478068651410444	0.10265325480210828	0.01747429159551344	
-0.005345662207642649	0.11114392195231636	0.03566434425689827	0.10860341652139495	0.11267140886637197	
0.14184293954118588	0.04432789527855512	0.1157776456010018	0.03358405137717192	0.024673798282375002	
-0.06362608534923762	-0.044007919063889116	-0.04637482980458716	-0.09132758559631302	-0.13896801790365437	
-0.22197274457286387	0.042629110855188154	-0.15327253234676208	-0.12856577190615257	-0.1838400672620998	
-0.004944529975390297	0.08698427420281353	0.056539616980389104	-0.04995273056321077	0.06440508937876764	
-0.009172106503616403	0.015478053738097072	0.1078222451808958	0.002769711591679945	0.10643564127759342	
0.01394392965105631	-0.08867605739677673	0.07871503059188556	0.03135586073360908	0.06660796798285813	
-0.022336515300588684	-0.05605237913607829	0.1341768881094772	0.0833172418611616	-0.0480641933089307	
0.0010919941125098103	0.04869078392404126	0.03073003116052769	7.265056340255918e-05	-0.14746173812526964	
-0.05963072402366467	-0.07524858816230479	-0.055379330051353225	-0.014367433082690034	0.10529837191629629	
0.051520397553574585	0.021967404436037674	0.11826580338906612	-0.033873719627154235	-0.004612255251061607	
-0.010845416318870376	0.09357409684907081	-0.016039154228762887	-0.1201414153990419	0.01573068794165019	
-0.033656292255134376	0.07323521050514398	-0.0023336942408262013	0.09739342667816714	0.05278265109722861	
0.00615189912383498	-0.06828954953026617	-0.08854454322126877	-0.0828876119855311	-0.11121407564620986	
-0.06571254398330452	-0.04507445952066763	0.058493268036036924	0.021898985911666738	-0.07231525776132994	
-0.08254458130812242	0.1041729312107149	0.020183062767306026	-0.06426340784906612	-0.038609212374579815	
0.044228005163436085	-0.05713543361200745	0.013645954354338841	0.09381799486912254	0.04856990128211536	
-0.0026979690386630274	0.014346609696477716	0.0813502298823846	0.10636044376722584	-0.004778928869688993	
-0.08754839311843	-0.07565249634327333	0.0010926969721421242	0.021158372242585908	0.01975484913392714	
-0.20751673871523565	0.038632307274796635	-0.17867546639900453	-0.16366466093499799	-0.19511334354044166	
0.17282000693935254	0.061812318413988855	0.08420614041856114	0.03316736086662859	0.1117144985045983	
0.13746827033734466	-0.03200451804157691	0.16767744855669015	0.02007127633579777	0.08722207788753651	
0.06554372379062352	-0.048876082232780574	0.029779349715361565	0.008507350397304247	0.0735948830331919	
-0.011957175905887393	-0.07321707863158086	0.08331236541253491	0.0817862623561516	0.11461584742528205	
0.12028370506476165	-0.08285068709969302	-0.014134061429090709	0.054797382301279736	0.13897347119794606	
0.02037405670558323	0.005259074655348281	0.016041306164184047	-0.034841544205297545	-0.10364587893099311	
-0.27297049709537285	-0.04918325187523225	-0.28818347565926344	-0.15184259358573493	-0.22774344908551694	
0.0006226342800823633	0.09775650869841729	-0.04270535687657354	-0.044939471051182824	-0.047060767846535116	
0.08838356015530377	-0.07368745160549656	0.17915522411785625	0.15455290570470392	-0.001280232733481014	
-0.042388866651312876	-0.018674217352438575	-0.043956934940253184	0.08602980447450623	-0.02415004076661717	
-0.01636823960449409	-0.014118619812151453	-0.038258627794589425	-0.013634372491139817	-0.03283265273541955	
-0.05725974012009347	-0.004579289247565169	0.007215436885121244	-0.07591814259674372	-0.058511605518794384	
0.06785685039402993	-0.07769620794998287	0.07114375164122332	0.03812115672196145	0.11385764112905078	
-0.1437827804066144	0.05782665023865425	-0.10685555870264547	-0.14891562709275435	-0.06804824851821037	
-0.0026910164730031896	-0.08051348754796334	-0.03872195904495312	-0.00032616137933524046	0.038053540135983076	
-0.14843776528216465	0.09587236396394758	-0.07707660262185262	0.03660656742135252	-0.05156999808500778	
-0.15548962697713084	-0.04091332704532403	-0.21420518533089597	-0.23974414727554946	-0.2381421262947144	
-0.00017894078525679805	0.0672033357799504	-0.0026207594281364615	-0.014073026460933466	0.007032291845802397	
0.0220709727575119	0.05687223128583781	0.050904210731918274	0.028520769052821696	0.038192217412806824	
0.014843859494971611	-0.02121474035236072	0.06616334328046945	0.02087272595050634	0.1276627442148333	
0.037461789705319604	-0.058319912370400885	-0.009807074643686147	-0.021641742046038564	0.06283055246663116	
0.05968492537496974	0.08195211073601012	0.022090317323730776	-0.05639156386957611	-0.06923094474541223	
0.07879064708700079	0.01598545038906875	0.06868288264428465	0.030893278832268552	0.0495780254849826	
0.0036250916228328794	0.0578625220068936	0.007419579451873468	-0.0011436906340537604	-0.03343913186206275	
-0.13161976681763946	-0.021678851175433604	-0.12729775774230562	0.04578349447518393	-0.13007264542153463	
0.09282895464409827	0.08375918868606994	0.06507776229546343	0.04816321182626882	-0.032637231301654995	
-0.13834373255607393	-0.06235858604279933	-0.20210020422602573	-0.13575364731495693	-0.2158390655610483	
0.12933144026881765	0.09065394651021595	-0.006516056602935153	-0.03972069412731971	-0.01259684112789372	
0.05761415799256399	0.06001662604512795	-0.0060987772956487924	-0.0040630509003124855	0.12665629646356216	
0.0037356143105010627	0.037257421059982726	-0.03192013334375284	-0.051866740237454446	0.017247632168077825	
0.00741778909677618	-0.07205670320908324	0.03194462706375884	0.005689896038012073	0.03190210961092693	
-0.055028588316275835	0.05259404127479003	-0.04660783891503568	0.004154995021901441	0.058303833868926395	
-0.0803462633542822	-0.03025768526753716	0.08711202633607842	0.09852066458766776	0.03381824666069481	
0.06229052866548309	0.09014808047211559	0.049172551855384335	0.047046054119619256	-0.11286151906972827	
0.015235032569846464	0.048351956552236786	0.011122937398564625	0.0625480804380934	-0.11640295376858459	
-0.011131996772073108	0.04411607393584105	-0.11089212551329605	-0.09924623131268807	-0.05600598649414732	
-0.13154962510447255	0.03656552736374987	-0.12278723838088365	-0.06112522406838314	-0.037611545650249795	
-0.07286095901901936	-0.07164714901647923	0.04921373529768807	-0.015651409280791	0.049912008837781435	
0.01837339901568015	0.1088318512567819	0.006312257911433054	0.008211473255015589	-0.08695973938947027	
-0.08370126753779496	-0.09923442965939581	-0.12818999437037265	0.001435742678461425	-0.16794438795855607	
-0.008454083495551655	0.07520903678571457	0.051164356153425884	0.052557965760958045	-0.03975869640403556	
-0.040408525595113376	0.010458475699693917	0.06154135202654683	-0.0847829098737251	-0.08507698691845281	
-0.06729038274132156	0.05655355858171095	-0.02178480811981641	-0.08928448331463766	-0.025670621844037615	
-0.03235875224561221	0.07118800984821184	-0.011271604461153353	-0.06820895388994759	0.04219866998200798	
0.061556400096992175	-0.01701459455364288	0.04393510685140164	0.00923915115853722	-0.006555740096993194	
0.1344899386887208	0.07340697060146906	-0.04853110649813205	0.08229616841601928	0.03228793069661556	
-0.0644664893945802	-0.08767911447010668	-0.20940649789648366	-0.21074904532972813	-0.201838236918072	
-0.08315944319129107	0.023566914295713882	0.05689137139260364	0.03966329414161811	0.038895193137880625	
0.038630622453534984	0.08535120231799535	0.06134445312445519	0.1362247251848196	0.09896301324389921	
-0.15956642525802048	-0.09504007004075611	-0.19194654685048987	-0.1687899605970728	-0.12407806413926996	
-0.10469327066788348	-0.10374003613592943	0.025121225074416893	-0.03121170722073928	0.01694454883931506	
0.023547369595727206	-0.005477033718036788	0.03060596581762313	0.03693454003156706	0.09322046884157127	
-0.005966334933639496	0.08832395770038151	-0.07313796957027716	0.06413092541838768	-0.06866624041786645	
-0.026738961922238996	-0.10742100955862763	-0.040168310205276385	-0.13125275990039678	0.031991076525284434	
0.08296998935202857	0.07219821337640749	0.07555520496504572	-0.07221042982012066	-0.08212094838949704	
-0.10040944064587701	0.028157901903315317	0.028898455314695863	0.0606901367381869	-0.014986012377015362	
-0.09134801224663472	0.05201063201560489	-0.17084463986140408	-0.16182909325115893	-0.2342626196842322	
-0.09289156279976024	0.06607668526857834	-0.09491234325888463	-0.062320279260530985	0.0362384063003957	
-0.06175337819040149	0.10134939392380597	-0.07025039889585259	-0.011661162345872283	-0.06717393973969558	
0.13891525133013463	-0.006314392901678899	0.04600514135253476	0.06048195248459744	0.1420799538107583	
-0.10769066251219821	0.042689123801747726	0.0670250022113594	-0.1016129028211049	-0.019453107042504608	
-0.034227490652412595	0.07635732463008807	0.010692731209984147	0.03959005552492465	-0.018871988836615766	
0.004452179792825926	-0.044022128159223156	-0.10907018725117708	-0.008595213625524444	-0.05527980952359741	
0.010521286263851869	0.08815900547426536	0.0007651695506660656	-0.0354638258361059	-0.01160174826368169	
0.0953545269270727	0.10029700915934056	0.07122837365792378	0.08865160113900483	-0.05939466888169393	
-0.06872016363884655	-0.04465305549442544	-0.021503399315353004	-0.05168909870236535	0.027087119602233315	
-0.1536301944493064	0.042759965782194875	-0.20434009823317267	-0.09564704568449015	-0.22443988207904225	
0.08093842818213319	-0.00329961148575044	-0.011642548167532175	0.012747847821880326	0.10330080234968506	
0.07209768896147611	0.034339656644080487	0.01871896744452757	0.08673356347355063	0.17682645054183718	
0.06602136010307297	0.0267071428287792	0.09713995753254473	0.07963446969774926	0.005903332911230675	
-0.023503118794808854	-0.05966961579209398	-0.008290893495717641	0.05637055730411929	0.05503292793188701	
0.13302347513741042	-0.05013554640401855	0.1372992561140604	0.08809479300027553	0.10364695730100214	
0.026710807818118888	0.04599362021790251	0.0031893397205374563	-0.07971625379321498	-0.040216591761964675	
-0.08149903748551349	0.03943436758401802	-0.0915138397076774	-0.08266178683140984	-0.16854710230187447	
-0.09925863958370451	0.05100968397146386	-0.042625753738600655	0.09402629030900943	-0.06545505776653696	
-0.06347354444055361	-0.0047921633921680605	0.010289950655207599	-0.0416140329364699	-0.11627227311479911	
-0.05911499350902452	0.006128245740270745	0.015943469523417304	0.029916058447136386	-0.10939173258769225	
-0.046225850095099996	0.010975527397984654	0.1100465168092873	-0.05219745881204896	0.09429046481882858	
-0.08564007108083699	-0.04277148527025676	-0.06241765998104319	-0.0866254440684255	-0.24601802331868797	
0.05795121467536029	0.09671390840894625	0.13171650215070757	0.08997892994583456	0.09666577251496702	
0.07006279456045217	-0.023550122211358455	0.07467066679777813	0.08876552051680253	0.02717766678219087	
0.09457592761312017	-0.049024769764348636	0.07679304232394134	-0.01736019148549755	0.07512575745680532	
-0.013737639725515215	0.05740021440838678	-0.033099461400662056	-0.03310056590462319	0.05511055800806467	
-0.074967644059471	0.03448757134283608	0.005545038731961418	-0.0865010316748117	-0.09911175224309518	
-0.06718435515561319	-0.07259318746953448	-0.03424661889002982	-0.10260274749315602	-0.09544083506368928	
0.00013866916280770548	0.055334465626728085	-0.11837395009932854	-0.08621884649107732	-0.10703023513011246	
-0.018626691005319936	0.023840479057997736	-0.10512148289310484	-0.12434516361573267	-0.062467285802422105	
-0.09131772691165767	0.06821327724062588	-0.02807414076631437	-0.07255577045504968	-0.16543987804498958	
0.13167974506229704	-0.06142684070301946	-0.013184810460486418	0.02288351232276046	0.02253139899755309	
-0.11465176668197416	0.0488163542613262	-0.10585901352856364	-0.010644324877528033	-0.015858460089966397	
-0.09881602631487765	0.007937725913510926	-0.0008392122865593939	-0.003630881631732514	-0.028396982124095506	
-0.04340431077077678	0.043449342219123985	0.08290866319016298	-0.015405614798636178	0.04802245500796163	
-0.12265391719380206	0.06811475132960021	-0.07940490517325152	-0.03770180118749675	-0.08483293430931794	
-0.11196890109275891	0.07321065040170208	-0.0641431279078568	-0.013792442962882338	-0.040263311430618454	
-0.05407779029556066	-0.04707077716539463	-0.06471134926555243	0.017325947718107533	-0.032298362040770245	
-0.0018282914699549355	-0.0656945505101137	0.08254159476849891	-0.05430496930838504	0.12124454206214809	
-0.1179386300702811	0.0039434693474736	-0.1507631586679913	0.014759349056931697	-0.13086140058111292	
0.021699160587131987	0.05347164392236124	-0.05188187385923443	0.02971119375311716	-0.03979919601571294	
0.03416325036215216	0.04803081807786434	-0.09445820527851091	0.04541599478419941	-0.1308911933689635	
0.0681544971904692	0.01748318365344078	-0.024964293629573305	0.04792546680887654	0.027738128792620272	
0.07323675127239428	-0.046997405920101605	-0.11679518424120583	0.06992912872393701	0.04214570815035609	
0.032856083029403266	0.006095569990021204	0.03027139485449102	0.045333501450158784	-0.04383413271372944	
-0.013894422281013681	0.04302046971420031	-0.06502957828554828	-0.0858154298158463	-0.051957751614149734	
-0.10858476309611162	0.05379961108807599	0.05882921849857304	-0.06584856359573146	-0.09383811341978247	
-0.04220469147526296	-0.02988446795566105	0.08981282296244228	0.019923816960916784	-0.03468408748521809	
-0.22161126110739932	-0.07150869975136587	-0.13934457813279222	-0.17300686438225665	-0.18786865316392748	
-0.0057344635565666005	0.07464607968432083	-0.006428757627030742	-0.030966279515033366	0.03535991987849078	
-0.008313827983539647	0.004894149341443647	0.013336590777559706	0.06658827605225906	0.13814595553620615	
0.011962072555733744	0.0639840625934941	0.007616426617257993	0.048112924301396055	-0.05214984477962175	
-0.038135389780803094	0.07941702523778602	-0.01413519666096799	0.030845850828593938	-0.04130192140248714	
-0.005269797969904264	0.07029395648711104	-0.09920468346577378	0.0007929461526797114	0.07940118130623994	
-0.023011839963284167	-0.06300158500387658	0.03042526235084795	-0.08115805301435575	-0.004312044877552477	
0.02097498423208546	0.10072141730665181	0.030618402127975074	0.08017018545036926	-0.07345848577170343	
0.18042351643136484	-0.06229577279255078	0.051717120723639494	0.16277974841066845	-0.0009445559421204493	
-0.04699755599788689	0.054598340974482296	-0.11812509455300843	-0.13863031562287315	-0.08630514866259101	
-0.0508527934460813	-0.07716118179051827	0.04153937022791276	0.04161136813697932	-0.0777538021412514	
0.07985757991930774	-0.011233437960236525	0.04334691115652053	-0.021227874739292135	0.0076755910547623915	
-0.08961721018821737	0.09201947445421808	-0.06486202273338564	-0.0997115814882008	-0.11536422463011405	
-0.05791700178162471	0.05973774775181025	0.061674800153007275	0.10169903461338432	0.03403399709493272	
-0.05385849176823723	0.01672420240359869	-0.07084472699970598	-0.11899777354979342	-0.11234182831770936	
-0.09876633919831333	-0.044841843819652956	-0.10639764440866534	-0.06095474313503498	-0.09184582995808532	
-0.08308029342104736	0.07853203901483656	-0.10698306499112868	0.028341420342447684	-0.05995942782819574	
0.005574966195877537	0.09004681829739695	0.05747935716203014	-0.01840045271846443	0.08295479658481775	
0.04330327926237445	-0.00925687324496437	0.034905032581077786	0.09727118265389902	0.017990965477520247	
-0.08352892839479822	-0.06678554664797479	-0.13333149409420883	-0.12403200815946906	-0.11505528768922328	
0.01950724859689023	-0.06971095831233082	-0.05210788423225939	0.028580927474230324	-0.08628408831113178	
0.14915912426322378	-0.016230773002552094	0.08747909509400609	0.09493552213427857	0.014604622179548731	
-0.06947393593798704	0.0021635466112644806	0.11202505139609038	-0.0022546861892772095	0.07854267864066102	
-0.016717759884558103	-0.006076233953755777	-0.02088635651571093	0.09472192511314809	0.08264634587901967	
-0.014411222243602983	-0.05680846982693806	-0.017783637624333385	-0.0978608011154319	-0.08715047289552955	
0.03128747719714808	-0.006648614173393793	-0.031195293739109575	0.08027844054813404	0.10194452731733455	
0.04156670094148584	0.047268472037174665	-0.04942326770631251	-0.053237871708363735	0.014818952250079658	
0.0661844970765021	-0.05058685631581632	-0.018298661721219907	-0.01537318657521455	-0.023448833069533524	
-0.001459896814731802	-0.005545132242812521	0.018990516258633416	0.125297501186687	0.13138517855312512	
-0.13042377963155333	-0.01533264626135208	-0.19658538889244043	-0.09865241161004036	-0.17629605021651187	
-0.04142248976674401	-0.00337029675096361	-0.08942348468364711	-0.17653129856174474	-0.13528049603190856	
0.17509353463873745	0.12068281593224217	0.10744540620119815	0.003726801801485745	0.11213709536218121	
-0.10773232701302031	-0.04301544933013622	-0.14781907151815404	-0.09182792811051989	-0.06702957342416396	
-0.03570024119911271	-0.00609775911350174	-0.004850917821570603	-0.17957060748784381	-0.0030262922361336078	
-0.1106477020109812	-0.05002939237796089	-0.04309338522336951	-0.09399884953536478	-0.014718579101665737	
-0.08139425688508921	-0.03163182752790511	-0.08353850582314676	0.05107280280785873	0.03816550180893684	
-0.061727787689353615	-0.06824975582478664	0.005770215290242808	-0.06476197963840123	0.01387063048210505	
0.01859121354517775	0.018456627878355215	-0.06725056714984591	0.04114915957389607	-0.019134622167610506	
0.04950747910295532	0.008113465103083086	0.08569238870483223	0.07891149228710281	0.21900056773976906	
-0.11703685701044692	0.025640132709473237	-0.0885504927861305	0.000881491181650588	-0.1353974238833426	
0.023160347765866965	0.07887593749790107	-0.010896040064958094	0.15095336634929693	0.12576415144158223	
-0.7708866599834605	0.007096043862580346	-0.8269940067142498	-0.7120776350758145	-0.9680540354239552	
-0.03020561255635138	
