TESTRUNID EPOCH: 99 L_PCC: 0.7192010505480146 L_ERR: 0.002248603193724503 T_PCC: 0.5927511803383981 T_ERR: 0.003029832787417459
180 LAYER: 1
5 LAYER: 2
1 LAYER: 3
99 :ILEARN
0.08153766009603894	0.07676433713362958	0.007401305943384096	0.06307170744046221	0.040635833550217305	
-0.1651605170861077	-0.07998986752938365	-0.12146279617896551	-0.11554930200193049	-0.08663550857397206	
-0.018975770099465675	0.047283216443206266	-0.06475913867248913	0.06770289339809521	-0.10680683259462126	
0.06701844109840543	0.005179817686370422	0.04669542578290139	-0.04299031985066333	-0.030824210067659105	
0.076730605581629	0.10703434376605857	-0.027204571801506584	0.04605963537170012	0.0775116001384483	
0.06487495038320462	-0.07930176385611412	-0.09666430887526578	-0.07412470540393083	0.06356420804578385	
-0.05696847089884233	-0.001478971357965916	0.1199314246248151	0.02772168703817813	0.06329572552184685	
0.01760546612118458	0.06505890915032797	0.12085344201684943	-0.047449585089765337	0.10219048294251887	
0.030294069557968418	0.03400379651810188	-0.11193282211247947	-0.012839209656035386	-0.15511718659776183	
-0.0038234584288355856	0.08015905349228408	-0.04060217512572101	-0.036818035601006875	-0.08078000252719883	
-0.1318471050059697	0.023201894038691592	-0.10340882393859095	-0.08565123525391993	-0.05428265591071297	
-0.08939803532596652	0.023090270459747157	-0.06686754058384906	0.01423301881908248	0.03939824004884276	
-0.09519645314610617	-0.02423821946330126	0.021248096613475435	-0.02933748993691201	-0.1141849501176759	
-0.13939213651179724	-0.013696396211987302	-0.16669320701392232	-0.07122853924605611	-0.16320964245384267	
0.14163929354970925	-0.0454761782035683	-0.004725615575225578	0.12196331007584577	0.03863772597735218	
-0.008109538238896884	0.1107205813954254	0.035814192682720805	0.11014040715689484	0.11185422783319071	
0.1318644146193273	0.044287321050728676	0.11138524083762834	0.026701368795192932	0.015205030827211917	
-0.011554675219578477	-0.0368777288616663	-0.00433557931558887	-0.05584005919380884	-0.08879838766290779	
-0.18544060933872525	0.05254184347087745	-0.1161680803750052	-0.08346312688010839	-0.1328660811316683	
-0.012066260716056555	0.08882797374826784	0.05607736813812062	-0.056010064228528104	0.06181523610692229	
-0.02797137966000016	0.011694999560906067	0.08617892902949627	-0.018641391838940015	0.08079494147392198	
-0.004675208493932368	-0.09633929210468153	0.06692003693121334	0.016476602908302686	0.06604202006384226	
-0.008382361154538836	-0.05435548066236275	0.15559893496057556	0.10065315834258866	-0.02156581013788333	
0.03235504510832012	0.048598103944737264	0.06372611082352844	0.017703988887207672	-0.09870973497281947	
-0.05162947939669528	-0.070185463331866	-0.04737270676346962	-0.010897328504605659	0.1087342396970925	
0.06973991252366395	0.02644300605239505	0.1458324002872982	-0.00316302294388094	0.03126334160322112	
0.026337699062085922	0.09790397029355204	0.026066629168080512	-0.08590073891004522	0.06969101371087034	
-0.07588344166952107	0.06098051507941095	-0.05022931824690982	0.04139654214241651	0.008463825849925234	
0.02431351195092351	-0.06588951760783612	-0.07095460536145323	-0.06813761957653773	-0.08341965181897276	
-0.04482310103111361	-0.034421626991415495	0.0758356261145829	0.03632993710980784	-0.06744270304071318	
-0.057144252704824545	0.11448742645096695	0.044139611128092164	-0.038711044543134156	-0.022422616999428813	
0.045261120712956314	-0.060020832534660284	0.018487754348440445	0.09605362786164162	0.0639014509475031	
0.029064816275941083	0.027786904229039948	0.11872091737658562	0.14973707534124137	0.02563574865519457	
-0.09113745521248463	-0.07205397073778112	-0.005572244778772907	0.012862413270765632	0.004983638858095795	
-0.15456096642003375	0.03680589984475029	-0.14856333503908484	-0.14551220578426297	-0.1429794158026247	
0.15045014899824077	0.061286226085378814	0.07332042625551015	0.030885459103131587	0.09601832343878146	
0.12437438622394346	-0.029937549843267776	0.16478702486805377	0.024637755365430284	0.07256887290754972	
0.07059807919826608	-0.04734404196580771	0.03261898933946914	0.004606287432404997	0.0774541066353854	
-0.015466312338826673	-0.0706371628997806	0.0821498478745445	0.08056080494710148	0.11000472359035318	
0.13303274768498305	-0.07315437982622365	-0.0014506350617645009	0.06574181152405278	0.13715744276606112	
0.02295090930519796	-0.0004544102104267675	0.011919390851857035	-0.051012073702181235	-0.09676340248567476	
-0.22951207344791663	-0.046582758505348675	-0.25712967417536914	-0.14876547770361095	-0.1971363222016377	
0.01052901534460032	0.10037035613036584	-0.03983422608336985	-0.03993470645229639	-0.046948550433065776	
0.08059618814952609	-0.06984857197729777	0.1720483940648477	0.1564518039050085	-0.010005738134321795	
-0.039298779019177284	-0.017455933578825467	-0.04444909048771609	0.0797928472285567	-0.014293801364212532	
-0.03770717623934372	-0.024638992627763603	-0.06879629432870177	-0.04807199043105689	-0.06983971116234705	
-0.050311209453353455	-0.004274747756723028	0.010231863738698796	-0.0744269066776972	-0.05859168908943463	
0.04593069831664675	-0.08231963492779658	0.042972067073814395	0.006669967513189707	0.08553735245720723	
-0.12418653547543484	0.051757641827449456	-0.0892772670169119	-0.14416007574211592	-0.04717626684777551	
0.036457272217799194	-0.07450864560080214	-0.00027072266096967297	0.02895460515207545	0.09117760747863864	
-0.11214669904832372	0.10048432222268762	-0.04152795344765892	0.06344624339564953	-0.004324296961621001	
-0.1362578025646006	-0.04369278320621669	-0.21331747717934815	-0.2526869207199031	-0.23326541476476104	
0.009688191510865505	0.06483484996214706	0.004037571149914184	-0.013738780318833615	0.019154649352435233	
0.005324304772508439	0.05200740683089409	0.03882281266272566	0.0141818121117705	0.02733219562721528	
0.007460936820455817	-0.021998704549865678	0.05675649152882768	0.01251492219806157	0.11944852668658851	
0.026001757297240316	-0.06109126264598456	-0.024258281539467297	-0.038381299225306434	0.04846127239019504	
0.07603285629405857	0.08556070020956555	0.03661372834464806	-0.04766662185003507	-0.0519097554284178	
0.0007855306746993007	-0.007223777343569729	-0.021115825327768182	-0.05964085331873877	-0.04754448318805232	
-0.060855650128391656	0.03761755912725937	-0.05624643841374397	-0.06677674641002426	-0.10138827239087797	
-0.0934371044658678	-0.016402641925785985	-0.08941582448957544	0.07117419798372518	-0.07861292252958693	
0.06279877633629052	0.07850164623475704	0.03248132149500334	0.013642709339492864	-0.07346727913448323	
-0.05538972314313313	-0.037660407656757704	-0.11343327610057358	-0.05763621921212249	-0.11616364851850265	
0.15704725686867432	0.10446388926164994	0.023399298890555427	-0.009416196956278461	0.010674017864678188	
0.05107102151328915	0.06615365983927408	-0.014843999117968316	-0.01910650896429564	0.11292144985755048	
-0.017404843244057517	0.02741630593490334	-0.06037106462381386	-0.07685228409480299	-0.00466932115517758	
0.03761847809255983	-0.053602395465470194	0.06964448312901984	0.04378069741482363	0.06990017031108883	
-0.019061787520925903	0.0705329009391108	-0.0026655290871810777	0.04487288697715201	0.10253614190955482	
-0.08488611188042683	-0.03090967757828166	0.07666573163820858	0.07696328728069976	0.01219756803142346	
0.11734308086732649	0.10859981815643549	0.10889194402003534	0.10435557670126906	-0.04277898584459368	
-0.0025271758263738626	0.034673036915028856	-0.011538951997179045	0.03787446700839123	-0.1343388947195697	
-0.027527971926070934	0.02821891268552039	-0.1261819973514228	-0.1219593887085028	-0.06179053749596997	
-0.029855542688003594	0.06478092971491338	-0.013758530798650746	0.041158839453178275	0.08259107446455663	
-0.07057727328365376	-0.07821927285502872	0.0550786858173833	-0.0127728527034973	0.06256647978439168	
0.023199410882469414	0.10340705471976272	0.009612301795590077	0.008517592239495976	-0.08041126365501028	
-0.053153337073710956	-0.09392656880688323	-0.1092778307738871	0.002173818442218574	-0.13526356356376684	
0.027671459119906348	0.08837044296811106	0.09204222761337609	0.09102954056205996	-0.006271075248847404	
-0.006604618018416293	0.018656989769163704	0.10222043102897387	-0.04942430848516333	-0.046576038355969525	
-0.06634484926943852	0.05481344967374221	-0.02761316746843715	-0.10131856162345475	-0.03068243577175295	
-0.022276568204691528	0.07511338624216228	-0.0011347434568381718	-0.05660956644470943	0.053104246847763444	
0.044831359636504566	-0.027787894297844274	0.024021392017516567	-0.011842996674997353	-0.02405648257524382	
0.12031951887055307	0.06868389168884195	-0.06530635699858699	0.06163908302788748	0.01823056790564387	
-0.09498846954192976	-0.10659720491943234	-0.24398510866001025	-0.2505242920568561	-0.225399314259378	
-0.11990451738529088	0.012045449457361308	0.01618107392145403	-0.008373906515801544	-0.007674696219296751	
0.0020878833090857644	0.07577097244178808	0.02449597836708666	0.09827876635024965	0.053241586444841955	
-0.100111120749191	-0.08448736400644259	-0.1347508324598534	-0.13621284554553142	-0.057254686807804	
-0.0941823022938518	-0.10506820123935418	0.03386723084525362	-0.024071192040514163	0.026476085077027908	
0.014572783777488087	-0.010177590152222029	0.018372135348895674	0.026343367546376586	0.07675880545907465	
-0.009583010174325972	0.09168683376153514	-0.07315080266659146	0.05063910304924381	-0.06614835693858662	
-0.05888359191549555	-0.11861272962351073	-0.08628265971152278	-0.1806048800492419	-0.02129025289214368	
0.07281419411118724	0.06786020580976611	0.05695784317742679	-0.10107492664938918	-0.09108353218756154	
-0.060147956012136974	0.03554505101691692	0.0706847996695501	0.08976260973598343	0.03336008271232366	
-0.07504650769665584	0.04426011401731731	-0.15551758858688788	-0.16219113137066354	-0.20708865189954495	
-0.07635099093530201	0.06899989901519304	-0.08092412248922543	-0.054297689342913465	0.05443219197558093	
-0.05777522911113089	0.1028077008000696	-0.08045645151273137	-0.022847638654668233	-0.07917318239827623	
0.14732648586752095	-0.005724959715476351	0.054706078974686254	0.061321856417722746	0.15236528088569762	
-0.12092070181753233	0.03588282532144012	0.04892674171028132	-0.12778104880175564	-0.03854998543250745	
-0.04760740265498593	0.07040809580354776	-0.005957822139586294	0.018691044455071405	-0.0350336088170043	
0.09481374037599673	-0.015974374084344087	-0.031000115748390372	0.08936301482076664	0.025074410081625444	
-0.047650034880698536	0.07660341435632363	-0.07995883391025532	-0.10520009556945542	-0.10055532350340972	
0.06714280085754319	0.09162790542138079	0.03138381862849373	0.04267415077004346	-0.0895484901942942	
-0.04951707446184384	-0.043043496045650415	0.0004780001496800362	-0.03977881290303439	0.04736879137988196	
-0.2095758830308893	0.018706451494774526	-0.2819745387771357	-0.1899112138118615	-0.28938643560093963	
0.05434552564430225	-0.013197644113270667	-0.03417392215836441	-0.01278182222796723	0.07490887577363252	
0.07298838426502684	0.03118004996101155	0.019981249274908658	0.08661531746154637	0.17172422677825663	
0.11251933341797137	0.039039076443973635	0.1538906270429739	0.1310922233444621	0.06831007328118019	
-0.05396063859058137	-0.07112700645897095	-0.03913927976162693	0.030151320154181774	0.020395648360348677	
0.15351898190173935	-0.04955631435793237	0.15668428476647378	0.10649442817972178	0.121135468783003	
-0.010953244425476655	0.032002336906293095	-0.03940097326285661	-0.13575615120506004	-0.08915573863997196	
-0.08089398831004978	0.02896010799322801	-0.08357515336807014	-0.08607732179852055	-0.15306242167244444	
-0.07428920851857942	0.06325196741098808	-0.021931330973810757	0.11309113648352967	-0.04082741725699474	
-0.05242267043465021	0.0029750845784762823	0.01048217042491703	-0.0353160707051878	-0.10730949446009434	
-0.06823263187574215	-0.003968738984608189	0.0017777287729345433	0.007921515866264299	-0.11812362496858811	
-0.10518230163488868	0.0028207790806185286	0.03872994305880129	-0.11207385209662633	0.020325887491669543	
0.004802567154906534	-0.016710851673947043	0.03134064368400078	-0.005182169420380852	-0.13702025397757278	
0.08798691778400766	0.10038525627501765	0.16453460229129552	0.12034640199516457	0.12880014700323808	
0.06997769944187215	-0.02576898636038566	0.08010562790300038	0.08868831943041895	0.027120513662834935	
0.0818336080035115	-0.051959145394890924	0.06136644626544882	-0.035816058758298824	0.057953687210762585	
-0.026979603983013127	0.056889982670563145	-0.05295168553722521	-0.05538922363774334	0.03744569226708645	
-0.04694677927764025	0.043877427133641254	0.037834845118149434	-0.059544049038300205	-0.05972226051633214	
-0.04623940770119819	-0.06263035316247118	-0.018102956576806193	-0.09124264337290218	-0.07639463246836904	
-0.02599292408487166	0.04688293379321794	-0.15336181255921102	-0.12246685524739584	-0.14227012325554447	
0.014577522827339791	0.024164971685167253	-0.07968569334972832	-0.1141312302945458	-0.02942616182008669	
-0.03456566289325023	0.08050609223764804	0.030947093107285103	-0.020079180862244295	-0.09430902298617636	
0.1318404521068064	-0.05814401787936804	-0.007580400802634902	0.031459559758300205	0.03109804472459146	
-0.11172693277092341	0.04575148462773775	-0.11378695941245084	-0.027769344229480877	-0.017964451170574276	
-0.08141826397153622	0.011635341712138652	0.023024228286156596	0.012384095442757951	-0.009502927990337895	
-0.06631777972368984	0.03943296953584297	0.054545936180228516	-0.0464970267276349	0.018045974633501344	
-0.13508654347457266	0.0634199866908952	-0.08903012027363046	-0.05170214807267964	-0.08686755774177321	
-0.09790729348128645	0.0785478101408534	-0.05050094299714763	-0.009764589140871409	-0.023861698389468427	
-0.04620885723702178	-0.046475514379467	-0.06341973533757889	0.018311306073393582	-0.031764075786494796	
0.0011406230066086204	-0.06549266419139291	0.0821836342693323	-0.059667362852471185	0.11856136047343971	
-0.10206776252744662	0.004652126393135634	-0.1351121638725651	0.021830390458744547	-0.11445317531973698	
0.002688856359866464	0.05022284044253245	-0.0775315589746479	0.0012956396419338534	-0.07208927349852393	
0.05043189302992536	0.05364297470061769	-0.08605630210659504	0.04397328441960773	-0.11675745674095572	
0.0824680890724324	0.019097222925132135	-0.005271982292540422	0.06535290596603492	0.04081175700707034	
0.06418374320169021	-0.05080403184095686	-0.12713715027985265	0.055959243946339464	0.03175318127972626	
0.0384392066766138	0.003173883211137499	0.03598439260456927	0.04479035366936359	-0.0354973597157108	
-0.000407427112020385	0.04482053686410902	-0.05906270947423392	-0.10035660180038031	-0.03450943338666739	
-0.10274683536987153	0.05818850764052294	0.05879536860150734	-0.07039142082318844	-0.09108893175973294	
-0.05073420328812787	-0.03459932202805517	0.07000879906796086	0.0008260747225408264	-0.0547110099406898	
-0.23685982704803113	-0.08908601277777255	-0.17739045648504673	-0.2285945487242526	-0.2165475966931055	
-0.01686507729809025	0.06865901625926206	-0.016925094023454695	-0.04136011448978172	0.02468569757088901	
-0.0008826548780918192	0.007954558177248671	0.02273196231251345	0.07934212238622272	0.14170061323817598	
0.049096968151231594	0.07331885054695043	0.05450745576248656	0.09440502147568856	-0.0027585818313458545	
-0.04301355397657765	0.07839311126815572	-0.021374615492439387	0.007539375489667682	-0.05226835613563655	
0.013228168647621222	0.07290745050913461	-0.07237194526520138	0.028549693539784145	0.10320543195464774	
-0.015097747093946205	-0.06628166126007065	0.04147798169147275	-0.06872514466111246	0.014703066608478225	
0.024735874099862623	0.09814030033993476	0.028903821129999775	0.07222216116443016	-0.08428536630615059	
0.1557622242338478	-0.06433774266251419	0.029441852975847397	0.14899372841521324	-0.03334629963040096	
-0.010925144057745275	0.05878551542638815	-0.09375965690088647	-0.1343060272522738	-0.042667681066356114	
-0.009398528191430607	-0.06794112368461323	0.08193951976858697	0.07295184893669707	-0.022499003211725627	
0.04026441984218451	-0.02246656918064697	0.005166315016125131	-0.05418879557011852	-0.03192186716881642	
-0.06207062229519971	0.09693309227012643	-0.039368033058278074	-0.08058939237540722	-0.08085043389492162	
-0.06190002005309577	0.06271523676484546	0.05405026044316147	0.09368626021672723	0.028020955377880567	
-0.01738052042364433	0.020862830498050457	-0.04238430675130126	-0.10328867076066073	-0.06876764552499173	
-0.10390586231309254	-0.04901795813466445	-0.12061840719605264	-0.07680133769689584	-0.10520728298675612	
-0.05764563973478636	0.08236677557399441	-0.08621691525063538	0.04159773204847845	-0.02974418154511332	
-0.028593226616154106	0.08276571467975176	0.018096415779544475	-0.05572379162123587	0.03562718688400652	
0.0354171199802673	-0.007876851487257662	0.027774992553146596	0.09257946033439059	0.00480290045401621	
-0.05108549448489059	-0.06641553428671705	-0.11702139416018775	-0.13041728988428244	-0.07793860570044914	
0.071714849274144	-0.062020634532426136	0.00435360515307833	0.06952259744452853	-0.023287845402021487	
0.12884943956513775	-0.019069329238888388	0.06489589193407551	0.07187853002815033	-0.010594860777691959	
-0.07043674897526638	0.0015928267282058779	0.1063063171581081	-0.015346940671185905	0.07411323198240129	
-0.016240747502646	-0.006808550913677435	-0.02586019135007674	0.08413064027660783	0.08318075835773735	
-0.01724289728972236	-0.05785944309967093	-0.03199534206034318	-0.12177235659041559	-0.09269211759083684	
-0.0036630902624096877	-0.0137710711346699	-0.0677807041469781	0.04154976779552061	0.06101446721835263	
0.04752315777113819	0.04758365112558232	-0.046270381812629234	-0.054930712903537314	0.02226174289088813	
0.09595756012388726	-0.04641065842045565	0.003005181391567862	-0.0045522347596720315	0.0024072837417953834	
-0.03493799563851157	-0.00892749772812971	-0.02096546511169603	0.08745026889682848	0.08106247689384205	
-0.10872448265827017	-0.016089920689416157	-0.16937503404366513	-0.08468475253326938	-0.14521689674679056	
-0.09493530385048729	-0.020940641513862157	-0.15050146372949727	-0.2432432870029922	-0.19487324868201258	
0.16683544545130904	0.11931505632347471	0.10199560576486745	-0.0029204653167019287	0.10534760905794571	
-0.16677768553011393	-0.06124312563483173	-0.2129300881708739	-0.1691324864293013	-0.1401118947533601	
-0.024710477161467556	-0.0017621745447739246	-0.002578890493183045	-0.17473697691905204	-0.0034032242191916664	
-0.09440165471477412	-0.05091934621161269	-0.0315849016502069	-0.09453591765814946	0.0035576433877312864	
-0.08086329554451657	-0.03237979265741781	-0.08784959730036856	0.03965026036141606	0.03739655731342317	
-0.07714459397068188	-0.07464988714530493	-0.016226032869235057	-0.0949813745715137	-0.0011175145258479743	
0.04443340595643944	0.02842136172961338	-0.039240884792601474	0.06763160945452468	0.006636238169813027	
0.015018256738720526	0.01086102687928301	0.051665419830665686	0.05829564480950263	0.16436535815645714	
-0.08167996417287775	0.02909105548931173	-0.044681216023557416	0.03183883279405341	-0.08582087603911591	
-0.00635410827867036	0.07743202102304822	-0.02902985144831265	0.15433309173622134	0.0953079734860102	
-0.6846456790535893	-0.03646818985686286	-0.8233607694222119	-0.8153964173054248	-0.8650506040325555	
-0.14722415131082497	
