TESTRUNID EPOCH: 97 L_PCC: 0.8678214590170041 L_ERR: 0.005399213903294366 T_PCC: 0.6595745336669623 T_ERR: 0.010536725308570555
180 LAYER: 1
5 LAYER: 2
1 LAYER: 3
97 :ILEARN
-0.11338134869568874	0.12968676770538884	-0.20933172250982648	-0.12275888297255051	-0.169956429329643	
-0.03367467446185791	-0.09343399281850943	0.01587891645821099	0.008225304622306709	0.04920580043613575	
-0.04067312442259632	0.056348955670053415	-0.08746417568447477	0.05488122035807803	-0.11797394851047975	
0.015643003647311155	-0.012859169669967214	-0.013514345863373894	-0.08295758794706157	-0.07820084773124633	
0.029115902789357682	0.1245471981329562	-0.08235584413514822	0.0012369612815638746	0.0338360295161339	
0.07241801764358705	-0.07713094447980734	-0.10200223499935886	-0.07383814724501503	0.06812804452361938	
-0.07718601076872629	-0.021845915578469446	0.09135300369230782	0.009321830733045594	0.04126270013854661	
-0.0919455214448609	0.0850782430309803	-0.0016735680481762515	-0.1487135590715547	-0.010707260370647256	
0.199728515593178	-0.03943939331630278	0.08656772076315986	0.15880292910655033	0.04357244939987553	
-0.0011772044517111585	0.07605912571893027	-0.04243790408413365	-0.044160269081398563	-0.07554602701860007	
-0.0778226316268322	0.022849121581965313	-0.04919852477462653	-0.04161539842475941	0.006584905881650035	
-0.08701230241776589	0.018194560385827528	-0.07210380618616727	0.012913027306518306	0.03849876624830633	
-0.06578680206980399	-0.02555603725200715	0.04777588540826867	-0.01207142259116631	-0.08158252791345426	
0.055247847770267935	-0.0042902930637223535	0.04829113780430972	0.1218836786720576	0.06001227316608559	
0.09374034052530607	-0.0859282517764037	-0.05636495912872702	0.07278041029691833	-0.009354121955020542	
-0.16279690970745836	0.17259068125906538	-0.13610683238931445	-0.03603926037220667	-0.05563147966698422	
0.02894176889555392	0.06951681067888939	-0.006173002223305365	-0.07728696472091033	-0.10060347081708343	
0.07808045144241535	-0.012545093339973803	0.0741237719337886	0.01909351791113346	0.012793369458142691	
-0.024256801551012792	0.04790925177513582	0.04753094625933233	0.05922175739741212	0.03696122384111344	
-0.057559748237625274	0.08890672202417588	-0.0005518607735699092	-0.11328654958095624	0.007586671374075607	
-0.007962653566337742	-0.01831514825981851	0.10780059132193158	-0.004900326456923727	0.10894753732154455	
-0.03267378745977814	-0.05451517333003473	0.01748115890366422	-0.011167531174816907	0.04011752268577774	
-0.08322736850275214	-0.06426151190910004	0.06819518348581159	0.027778033788910077	-0.10117893329117902	
-0.11530637097796392	0.17637170931015558	-0.10936299575722487	-0.09872852771404693	-0.23856841093042935	
-0.04726203400508685	-0.1322348394547231	-0.048000322886214246	-0.017009286326701525	0.11362937263341816	
-0.12605980691729052	0.11293099748930414	-0.08608975023008777	-0.1875017505276689	-0.17533312444600785	
-0.3368687490370667	0.3701728782645144	-0.39789127739356656	-0.3969069889236628	-0.2898206774675848	
0.029706906278233185	-0.009600840821352463	0.07127527433475957	0.14212279049966736	0.1298601532006802	
-0.011641099556852478	-0.055805019105700834	-0.11394341271893788	-0.09416101362629271	-0.11502610064311404	
0.05918496137185309	-0.15417690200533535	0.18632917221028128	0.11346463019241693	0.02629273078636862	
-0.006058294606744908	0.039830445925696574	0.09168876682988523	-0.005175866970890717	0.017343537634348094	
-0.042675535809198875	0.006772961774243708	-0.08959882561601415	0.017535568979338185	-0.020253578041581944	
0.017675611886639322	-0.04878356723089716	0.09566325656807391	0.1161306679747662	-0.007440430338583543	
-0.017982324250064893	-0.13697315147245095	0.0754241257698255	0.07550616673505803	0.07826527911089147	
-0.03705959730422733	0.09009389306248093	0.013483481018696569	-0.022169225522091086	0.014008070418066985	
0.10414220507364554	-0.0176266490351522	0.02489771831103847	-0.029664051425233	0.03893035494157846	
0.07157841420253543	-0.09676811444343118	0.10503420977999631	-0.04420877166905648	0.0014848630095521797	
0.08155665875652983	-0.07149132908827364	0.03636785005837128	0.009044580076887103	0.0914763782056258	
0.014316383009550356	-0.12807486415773722	0.11181721227640364	0.10024520647050592	0.13405212913767733	
0.18191060493654593	-0.1656029533866058	0.045005112869243	0.09249494337111547	0.17481596808912783	
0.0798853590677106	0.02431292218279373	0.06966774798385106	0.01846551994877475	-0.035776712861623795	
0.05962395428676279	-0.03011465488401167	0.07809346086791899	0.13753229892487123	0.14824026618587088	
0.05405517296731526	0.042343813445519754	0.038875676661525485	0.005688804689413418	0.022144193461870663	
0.05962677430091066	-0.1362509864078074	0.1590186760397815	0.11792524782085882	-0.03295159806190264	
-0.058927398252078204	-0.03696708021424125	-0.07671456156168452	0.059507941728255645	-0.03324665456194287	
0.1365702497826202	-0.020955776725975272	0.13161347038748075	0.11093262605500682	0.13269652662337875	
0.04108795670216956	-0.029099398976751848	0.11436592840068113	0.00018807679434448062	0.05008720871251281	
0.0564101808674904	-0.12048576819472356	0.05743381673173355	0.016287452069459973	0.09705638968020448	
0.014792755744961738	0.03833767727699509	0.07499052514403377	-0.016218451036861304	0.11384266084648303	
-0.04962869750263377	-0.031886172219352936	-0.1079941541586994	-0.03863717874472703	-0.002045434233126506	
-0.1474357227725344	0.12547335530943493	-0.09135476330939706	0.043143616593876055	-0.04074395259113865	
0.13553871835801137	-0.04016027950976288	0.10845672416741477	0.01892573637715006	0.09426528298681972	
0.01568748520883011	0.09589259229281011	0.0057914862788185	0.003792316186058733	0.030465271250982414	
-0.07161079418491297	0.054875561300951135	-0.06730781592344492	-0.0655987235767714	-0.06854917936026947	
-0.020997451238989915	-0.030847214970893475	0.013140618662336208	-0.023380319206963554	0.08770540690013158	
0.08356183192518496	-0.09282863905747865	0.042609315704339235	0.01139771431057825	0.11005261160294097	
0.08960532517535241	0.07240785931101497	0.04692410315032971	-0.03569695724505658	-0.03719709106541541	
0.07319918015519025	5.813162451362135e-05	0.04621331376230681	0.004766938760838948	0.03644083382664648	
-0.001938669207405498	0.05520364573120499	-0.001992426211608266	-0.017502026645301157	-0.04406352819446367	
-0.14960250882181308	0.026614094472197883	-0.1665947517075289	0.030528340822730277	-0.14018297737556756	
0.08725184968438356	0.05209850949430428	0.05868344284217728	0.031789859614693	-0.04647502692895478	
0.02024236954517589	-0.05514745576865215	-0.03478739924450218	0.031859621245288426	-0.01589908555369483	
0.08410032138244707	0.08407788223959844	-0.06395505229103196	-0.0972730768015802	-0.07007761703372173	
-0.03506614980186197	0.08320965325402528	-0.12081300597453941	-0.1140639216476314	0.02249960380798003	
0.013442483809614611	-0.005049240826871478	-0.03097134214236743	-0.05776512995635041	0.02704608246247444	
0.014003988622191618	-0.08130173927032262	0.03645058803302291	0.012056181597314324	0.04449149517908451	
-0.07462413104056613	0.05561650808313017	-0.07436543181086898	-0.017757299693196237	0.045599853263700606	
-0.067510981447686	-0.04974125053724767	0.09062739377434188	0.07060021652379822	0.020091095016670064	
0.08315853517119903	0.08472970281880182	0.06207320543301107	0.06293208913015201	-0.08000151580404233	
0.06623675066260769	0.0011520226209576444	0.07034274781665824	0.11315764350621899	-0.047246160417867514	
0.06771004142964412	0.03139767581541068	-0.025291709780896943	-0.01884425467935587	0.046924448807288396	
-0.0017846430234487289	0.03228896864486006	0.016278186416935403	0.07423817331208969	0.12647168472634632	
-0.017521055470369407	-0.09342412271161095	0.11170610019409008	0.04243183261622259	0.12285156147116964	
0.029970573429704404	0.09562330206588869	0.013040892526377752	0.014913653154867909	-0.07304249815684961	
-0.05186896604000268	-0.07408191314669285	-0.1097477552297201	0.012272360219453958	-0.12509137990039795	
-0.015278660049904339	0.06364612373705099	0.03790785839003887	0.03385589650139286	-0.05829962755436543	
-0.007767826621306554	0.0103874094919865	0.0952799954569891	-0.058706002566664695	-0.04873373326838074	
-0.08284370232452601	0.08825277613856324	-0.04237050209744433	-0.1204583693210117	-0.04639739982778835	
-0.053317707644060096	0.05629745781266205	-0.037622060938584806	-0.0906465905566369	0.018389863855231964	
0.10798456899486235	-0.06786383249760233	0.09919160794954797	0.05635734467936203	0.055542072580496545	
0.08956724203450797	0.06372655773978325	-0.10402381969470907	0.027819019786834473	-0.017352150105051926	
0.06716533638862547	-0.03866168383115518	-0.06439238240693682	-0.09769202633733898	-0.03800124163244912	
-0.08654336941015363	0.02210025191907272	0.04654624544351578	0.03679208926829173	0.04174910207206897	
-0.007203966555447856	0.027611612765565917	0.006807250542629108	0.09599136640904288	0.04860254602380076	
-0.07066626547796817	-0.08273549663447878	-0.11400963804221566	-0.10544346216092498	-0.022003662169293663	
-0.06641584014058122	-0.10747726368159495	0.06919457463509886	-0.0036442586642943158	0.06472581979048354	
0.03136693282943858	-0.05351339927235461	0.04670659751526677	0.0406819690168223	0.10801952283144622	
-0.02231320070812498	0.07925521364949313	-0.10671616546474956	0.04587410237888105	-0.08643397436961797	
-0.05455565274015403	-0.039051538826751046	-0.08053791635310102	-0.15551675494926512	0.009954314152280423	
0.09331907536260291	0.058584222424568136	0.07632781292038637	-0.08720965154122348	-0.07092558461832768	
-0.0746988739132448	0.04495777731345435	0.050304762207237806	0.06210908933615175	0.018340643522836274	
0.05446134894793814	0.0691308943332014	-0.0027801848160212373	-0.03566652137917238	-0.05320960568366347	
-0.08778210344585609	0.08155086779137244	-0.09446073759612685	-0.07422550112079855	0.04444958662929026	
-0.0691004200983447	0.13011574220033525	-0.0942388259890008	-0.030075953162833912	-0.07513619066103888	
0.07870270695451365	-0.028595692195172405	-0.02862294270625494	-0.005666981557627467	0.07799369279736379	
-0.1036682763664732	0.0448878021821316	0.06077927729191031	-0.10647784884181312	-0.011604191522266091	
-0.031015261485479485	0.06721493962585191	0.009113168907942353	0.032757376499594544	-0.012380179252840353	
0.11330221896343164	-0.09634929192589342	0.018201990601188888	0.10503386645574364	0.06489337021903864	
-0.0477589120825184	0.12780412695451995	-0.07645618819581344	-0.08932534016524006	-0.07799154878856969	
0.10589830487215468	0.08080063175247687	0.07363184400759179	0.07627622598852538	-0.048787502558243316	
-0.09214621487964433	-0.04746868909501365	-0.04972654047134689	-0.07612198237959979	0.00930841734980099	
-0.018934165820639417	0.06699109649405012	-0.07547715506157118	0.031142676638218073	-0.06133451783130295	
-0.015440101835799929	0.0014223816054014836	-0.1291677446805471	-0.0888805833346511	-0.006107407854076304	
-0.006991426621256776	0.020207825372994485	-0.07319700584414474	0.0006534996851384271	0.08129908386922233	
0.09820545399659159	-0.019068877201742458	0.14254378690539654	0.11739868533451474	0.0636379282894922	
-0.08976322343346374	-0.0820764415212932	-0.0895606998020578	-0.012199621048354616	-0.026242478677146207	
0.1294773481515556	-0.09166618084589703	0.13396694468225961	0.08301937443035698	0.09876936200414019	
0.005252087121100992	0.054037067654013386	-0.042619429202428116	-0.12908621822502814	-0.06385027359081137	
-0.012066552244712727	0.05680862817052469	-0.030348041180505034	-0.02775792385297152	-0.09101667628840007	
-0.07651122272819542	0.036425617759879056	-0.013693733441738666	0.11098742121478046	-0.03594600345224838	
-0.02902081799475788	0.0041720363148968756	0.04696312613143537	-0.01229724949907553	-0.07696522099827163	
-0.03517696736286287	0.0006252331374962598	0.02874759922273668	0.04946463886750224	-0.07750942134418048	
-0.0909800782859906	0.0015396460952729098	0.06016484040829094	-0.10045007529582246	0.035710507599680405	
0.037705650398356445	-0.0100982501662227	0.07081058770726392	0.018697105923661438	-0.10402485526783417	
-0.01061541815099239	0.06814266484491177	0.04322484399559336	0.024850120109515466	0.022827240121004375	
-0.022070537462843008	-0.01259075243999905	-0.03523326983282251	-0.0012595413543233281	-0.07294760491072495	
0.02106541494988918	-0.018425319139514767	-0.009315464164927807	-0.08362366618822385	0.002151883183257549	
-0.014760947809591743	0.0629226947341677	-0.048059973834317496	-0.07184341695867484	0.04215241698091807	
-0.04690143881646203	0.05467917131316244	0.02896008000508218	-0.07183453521950957	-0.07029514529524293	
-0.03178501956537636	-0.09477794133982682	0.011737003512567066	-0.06741991526784502	-0.046100923063881	
0.0593697325478477	0.03914898577672585	-0.05963642150132921	-0.03308872676588371	-0.03492203686588498	
0.11836132987351126	0.02058174846539968	0.03912296210472583	-0.02055732262618746	0.092802061160119	
0.016812458483555927	0.062142901750948984	0.06612224986680239	0.016088076578235102	-0.04606813261434525	
0.14091067460753925	-0.10907455913624838	-0.01189545567626317	0.024479066755556392	0.03006623385688153	
-0.09943987768045033	0.07361319529571397	-0.10126256503502147	-0.010113397642838551	0.0132422448652352	
-0.04348138356033312	0.01066066063883812	0.05561031590836127	0.03093784279606783	0.028224076042786126	
-0.017596979566155517	0.028320600267079003	0.10735168528455462	-0.0009169060734273915	0.07689252004559334	
-0.07491765310882227	0.05680911113262865	-0.06024671865403551	-0.019432157973067427	-0.03424660478585634	
-0.08270960140207238	0.0831181023049587	-0.03719639144147966	-0.00390681322707986	-0.008831421275811116	
-0.0517530503007001	-0.080729631740442	-0.05405814252945326	0.027433551742872146	-0.023338260750128154	
-0.042657246002567234	-0.06460035278446381	0.039961194016798894	-0.09531517842193184	0.08018992793405859	
-0.049133884669271	0.005561946500162543	-0.08490513351515719	0.061158193755530776	-0.0533874095383947	
0.001220544470934713	0.052826109053491305	-0.07736112381647697	0.0029171586394883126	-0.06423944722889782	
0.0015805897854444554	0.08760256146618371	-0.12454876613703186	0.027375273994631393	-0.15480416521489493	
0.0816740889901494	0.00145958766498025	-0.018613895309567995	0.0568398023140397	0.049001085743607294	
0.1168487689557306	-0.05821921038479419	-0.08098988048583486	0.10383659166949191	0.09203137824175706	
0.07453568351237418	-0.018262903570273447	0.07939345385028064	0.09115114973561465	0.01118626070072263	
0.021074985559579498	0.07752690044539992	-0.03108669629003986	-0.05849390465294029	-0.008910229170686167	
-0.11544973820787684	0.0678913244052593	0.05728153291139176	-0.06826405663851877	-0.09889605100702852	
-0.014935369671757265	-0.0768200219911897	0.13075917647440322	0.05263454971580504	0.0029874286596821053	
-0.01952682921272451	-0.08661725757318192	0.08393000281647423	0.01475106949789041	0.05049642587001946	
-0.004511278587538487	0.058287060973485266	-0.013380172884107602	-0.028210688048271006	0.03633711583631464	
-0.05803074122006987	-0.015767317329976344	-0.04132371792601669	0.028713513270327062	0.07152902512253842	
-0.04847878343462947	0.08428641902133342	-0.048156251350391255	0.0011338970115173845	-0.11637200611030252	
0.02009049256086774	0.05390908000473231	0.04940500459409142	0.0772451783547651	0.030033087256278238	
-0.021021053999391585	0.08283269614742614	-0.10906558860701622	0.0014443764184008394	0.06658022295818805	
0.002241260547934941	-0.06656763492938472	0.07372039770962201	-0.04341404081651215	0.04153757982979361	
-0.008169032634629527	0.10796951215096115	-0.007111141964678047	0.03256755168271687	-0.1252668314422488	
0.10064391350081613	-0.08882886692769916	-0.038813851779578475	0.08524115867156307	-0.10303853019329817	
0.11680263443188536	0.032556232313711624	0.043328591040371726	-0.0011284697839389515	0.11351578907288976	
0.022373813005566342	-0.09063726247240111	0.1075212082400228	0.09602829400598356	0.021547036629587367	
0.06957794697527375	-0.018846759548444635	0.03126115456019896	-0.02112138847658985	-0.0029049911680621016	
-0.018705061004078514	0.06022142287860705	0.0016747406310398296	-0.04474802286839679	-0.028739986859765514	
-0.07667384366576656	0.03304288665921438	0.024429742686475776	0.05845549609681871	0.01051843448974878	
0.019826939707681315	0.06789338497361906	0.001908731474554686	-0.056442960533301174	-0.013717675166928156	
-0.06553160314661462	-0.03710808238476843	-0.07015119974847034	-0.019982330959026833	-0.05437087067636245	
-0.020762810706313403	0.09423141556713358	-0.04106823153982862	0.09703124610040396	0.02600233772410895	
-0.006896220876868479	0.06233247105030921	0.030287193439641164	-0.05080829803732642	0.0639619625410795	
0.017340653272395305	-0.04772344869175895	-0.005028058681982282	0.05486600935135453	-0.024773174920414403	
0.12582547217672574	-0.09154698601695599	0.08147817339457833	0.060791393461707345	0.1397824219730363	
0.07099996264316501	-0.055400493375083674	0.0013474232739202178	0.06156562584427754	-0.02483107022197003	
0.09266738301435341	-0.05007441418948364	0.022993632168636594	0.035783768417969236	-0.05389215705013729	
-0.08340545314963116	-0.024823827991068338	0.09154812993758978	-0.0323401546624693	0.059286222438541404	
-0.018469141330728318	-0.0672541404700435	-0.03081358640041797	0.06960454575007886	0.07470158657242568	
0.07026219554026403	-0.07915801920353627	0.07004957696082764	-0.03033402000899099	0.014816621751050875	
0.0016695314365660376	-0.05033301334066061	-0.06481252555160451	0.04136122039264942	0.06372558374808314	
0.04149927946271533	0.015650342975729956	-0.05373142958282175	-0.06360721738242965	0.013170993605316539	
0.0736533697877952	-0.0570668952590476	-0.02590203007178338	-0.0330040307078453	-0.015365070200054759	
-0.11024531124513284	0.00626802012830905	-0.10106466130420158	0.02901446456428157	0.010228701150277825	
-0.013452486730369521	0.016861650109744823	-0.0679093729782752	0.006393991275877669	-0.03550522791986634	
0.08051022270242085	0.021866429790470793	0.04268744154801222	-0.05833831358336657	0.013425457863306995	
0.1291604395122527	0.06377736749330426	0.057213783589656425	-0.05175364848988588	0.05268350749215811	
0.003906953796279718	-0.0021286961594155474	-0.021759416676752404	0.01685191295191146	0.06827201000729291	
-0.058459042279675084	0.10519056584577981	-0.03151996827398039	-0.16616361600630739	-0.009410708926965225	
-0.07793494425899898	-0.06698550638185455	-0.017106457572835954	-0.08346803650563399	0.023633487336592113	
-0.08731014514561075	-0.0433957075646016	-0.0936397244591875	0.03236111851404983	0.0281409768440814	
-0.013119590085122788	-0.07118441434369306	0.05654308485205004	-0.028349193413054963	0.06665336238914886	
-0.011622432936162849	0.018764082806280065	-0.11434850213592945	0.014266131375708726	-0.046575879521235576	
-0.1514059527020481	0.06919440719033197	-0.1263492904403703	-0.0779849869247796	-0.002668272595909646	
-0.019630650024832632	0.045968241465404354	0.019074171869971554	0.08482105958995888	-0.01979288622017146	
-0.07190479654598315	0.09724836256544603	-0.0922416262026881	0.09110998097907175	0.007501988603047744	
-0.6444999930560859	0.718311368800866	-0.7881369685911945	-0.63697626417707	-0.6222833244401857	
0.05522095647335085	
