TESTRUNID EPOCH: 60 L_PCC: 0.8101461848241942 L_ERR: 0.009472222243255923 T_PCC: 0.3457950440236594 T_ERR: 0.01213568606126525
180 LAYER: 1
5 LAYER: 2
1 LAYER: 3
60 :ILEARN
-0.06749238261037424	0.08219006834214516	-0.15961861293036367	-0.08166724048329342	-0.12471223242530366	
-0.04403034888273295	-0.0849248813165889	0.008304853599030914	0.004304577068930009	0.042053350460373194	
-0.030697699659243766	0.04543057785595527	-0.07550275442747534	0.06398109166095965	-0.10896018001768755	
0.015076603850240424	-0.00788631025233577	-0.013071932747727812	-0.08801290600915247	-0.08087305579136429	
0.04295994111782086	0.10511286765301373	-0.06341793686013493	0.020197622657739524	0.051186632707331425	
0.07580840505195115	-0.08171495569556572	-0.09627256284546934	-0.06898796928625685	0.0721925331936291	
-0.07788652208102512	-0.01874882552781477	0.09227624105144304	0.007819498369028689	0.040221898932299605	
-0.06790443684349214	0.05790612825815456	0.0273598995662133	-0.12410023599895334	0.01430291595990787	
0.16852958867397178	-0.001173226768830505	0.04976591109070282	0.12598298785038248	0.007606779863382741	
-0.0048600207214499385	0.07780533065583504	-0.04317164311086145	-0.042581476276979856	-0.07526721405060564	
-0.08404302449444653	0.026790216772696062	-0.051774247831437886	-0.04168071448430065	0.004220351105264254	
-0.08314101962709523	0.012008934045714313	-0.06535011943061432	0.020010491385833485	0.04405596385415242	
-0.0682221787291207	-0.02500458651426072	0.04781693063513196	-0.01008684855008262	-0.08151936696618442	
0.039273103126341344	0.009295534154785184	0.034660317822549754	0.11272069215204136	0.04691666027058957	
0.08307442627366685	-0.07547468786911014	-0.06852577950539984	0.06420593535126362	-0.01842100280418221	
-0.12946831332337794	0.12889640302059047	-0.10022445387998451	-0.0017366426778169925	-0.02118724898987204	
0.04452130786624784	0.04727025644658882	0.01164679260893905	-0.059010443298841225	-0.08288460531565456	
0.08244035339949898	-0.01916049072993192	0.08617653312876328	0.029727088639091518	0.020204962247376387	
-0.0384276869465549	0.06263270917787622	0.034022289178681185	0.048187791599942596	0.023081369462424475	
-0.0551884082613185	0.08360288244659897	0.0044680856100552495	-0.10625196516578517	0.0138519806860099	
-0.01722566259007376	-0.007696364878065783	0.09784136418358945	-0.013112369976781422	0.10020432810131241	
-0.01649221575978437	-0.07249538062922495	0.0360137754401193	0.004192466708328817	0.056087345506924305	
-0.08253262192669024	-0.06439576890707008	0.06774207350299034	0.027388651568568838	-0.10160404268680334	
-0.05829935612629297	0.11686857024883258	-0.04508459127721649	-0.047877655606502464	-0.1858137493174535	
-0.06230444587121249	-0.11776716218470132	-0.06071599169716414	-0.02613442146663235	0.10204680485924474	
-0.0803146961408055	0.06488439756698064	-0.03513512093332764	-0.147282926317389	-0.1330634427382082	
-0.21059122718865567	0.23725418022842348	-0.25656008795597895	-0.2851303414280803	-0.17208755469251522	
-0.002839596042901874	0.025191980969493703	0.035943075138653545	0.11505552633496181	0.1002373112474553	
-0.009904822636221706	-0.059318194133031604	-0.11289118427111756	-0.09260261831732211	-0.11315999598538169	
0.01731800531933609	-0.11290980087451154	0.14550216443374858	0.08286451821659319	-0.00845818081186962	
-0.027217118622793874	0.05911193773232329	0.07353412147358054	-0.017948348447056364	0.001857237429834722	
-0.013391632233286823	-0.023848469419209692	-0.05696360381984296	0.0433854625027703	0.006723639472841457	
-0.0022529027962232607	-0.030052256376607783	0.07683237466539888	0.10229041189280479	-0.02320440300291252	
-0.0395798097187306	-0.11816693061038237	0.056205669605459696	0.06210127605435829	0.06268745933970886	
-0.04075176215702241	0.09527562416160522	0.010446850562403775	-0.026076923020865325	0.008344046136575493	
0.08198561763988606	0.008625115465983975	-0.0024025803171713487	-0.05298582114307679	0.015003690795681344	
0.05571241703499154	-0.07885899135946904	0.08694580722763737	-0.059541814696399825	-0.014540727399015276	
0.07794093087755836	-0.07140306071814947	0.03829967128404418	0.012631126072778517	0.09291720933937178	
-0.005725202369572271	-0.11015159783019932	0.09181497526320448	0.08572480561911988	0.11830821601376196	
0.15416085553943892	-0.1383774699154204	0.018813980712540167	0.07297415408205818	0.15229321115370634	
0.08566103390056716	0.014039923000514867	0.07665613975252626	0.025473993173664316	-0.028156994991483934	
0.04758158197488782	-0.012939386609391479	0.06594149097428503	0.1266983311457298	0.13635593429232679	
0.05932055898042777	0.04901648482468353	0.0359248169677436	0.0006113539327932042	0.021178681321318026	
0.05921225179557017	-0.1296439971196517	0.1564777403302278	0.11531005180547711	-0.03455088609284625	
-0.06169978643931111	-0.0364995409536532	-0.07613223843076768	0.06090263247498884	-0.033251366484761895	
0.13129790731144877	-0.011215184510791934	0.12527875105564976	0.1054411044337252	0.12711559379469503	
0.03605438269994088	-0.01920930038548767	0.10887583612458625	-0.005498930039615257	0.044670117651336154	
0.05757806950017764	-0.11984702226273036	0.059085016823631265	0.01798664717078712	0.09908722901766588	
0.010602645365834837	0.04880938932431875	0.06942872330558882	-0.022408714956129828	0.10831476832418788	
-0.045881543526724966	-0.046990454929323945	-0.09868076187445686	-0.026775224654846067	0.006000176962532315	
-0.15151992985662424	0.12414110323777185	-0.09063958842084173	0.04525550512301944	-0.04119704566932991	
0.1247710033521013	-0.023441599882376013	0.09549910478600232	0.007946639604449118	0.08247957390536398	
0.015415714752472115	0.0920313187325712	0.008161771288874214	0.007259127566353152	0.032294075288621174	
-0.07870851904034332	0.05690582534165553	-0.06851446319530577	-0.06631133000374986	-0.07214411181671235	
-0.01114524413865927	-0.04305544134444055	0.028006610836800554	-0.00990099593116864	0.10016440210792367	
0.08023059647869973	-0.08641154893549266	0.03726864949737081	0.006813768812365716	0.10661569974176398	
0.08826592640296091	0.073929867117552	0.04569880435317515	-0.03648365157986532	-0.037863778430989904	
0.0664589326501962	0.004260879487356355	0.045374500561334595	0.004695802985634598	0.03351920898231072	
-0.007359810271963337	0.05884062277393193	-0.004243882944007347	-0.01948857032118216	-0.04771004876793737	
-0.14702224200735126	0.013034661717688667	-0.15838038088474046	0.04079342453814098	-0.13319425235100232	
0.07902854618073275	0.062228786420321494	0.052034936581673956	0.025202182889850436	-0.05376496717310229	
0.010814555015581474	-0.045765273184496434	-0.04078523891878188	0.028492978373704188	-0.02308950171765289	
0.08120462228094676	0.08148088808005846	-0.06082484549984556	-0.08914977734026304	-0.06972433635294727	
-0.027851372997418886	0.06409328611245203	-0.10402582415375876	-0.08913498127018751	0.034111152839524365	
0.004863724573170244	0.0070920341404014185	-0.036343130568041254	-0.0647847410361617	0.020445613125287497	
0.00899892483974649	-0.07892754553878373	0.03501781404418158	0.014313951604328419	0.041797191579434186	
-0.07492112743890847	0.05120586027745982	-0.06876210426493515	-0.00801978670117551	0.048129646668117074	
-0.07605188776746984	-0.04703409394721993	0.0873827569012155	0.07400554708424235	0.017358869307989716	
0.08054758520763769	0.08378471944178303	0.06502918680257871	0.06929132296819915	-0.07895509117307821	
0.05532963161792485	0.022927500744872032	0.054478402926187615	0.09006823203243357	-0.06187339585089248	
0.07069643005330367	0.03825529833320542	-0.025381694586619825	-0.027252582966158623	0.047824386274497845	
-0.012271256704872377	0.042743773884283215	0.007715267657961193	0.06929756599756763	0.11686675314125534	
-0.019954522137145526	-0.08323154150800313	0.1063824362641003	0.03126944498506996	0.11878079627059915	
0.030874636190240567	0.09684961536962935	0.013755040816884908	0.012031440169008423	-0.0708575697708593	
-0.03932289926069188	-0.09173215952737293	-0.09004533893862644	0.03312292194928871	-0.1108551688361508	
-0.019237064620865007	0.06583804284780487	0.03862595449100797	0.037078245914748204	-0.05990298539337341	
-0.008010832868988488	0.012555674578117645	0.09733996304611989	-0.05835600423160665	-0.0487814424159657	
-0.07581577474823713	0.06908437090020006	-0.03464014948105909	-0.1091648818841755	-0.03391729604569503	
-0.05623040556549893	0.05806376929000385	-0.03973168718234524	-0.0927569153701791	0.017349537300648213	
0.09412254344390883	-0.04273539253585021	0.08092657922732466	0.031086077423263823	0.03815386163191825	
0.08915480561609868	0.06015541320334314	-0.10091399230101429	0.03518234494906613	-0.014519304358168781	
0.07039190996938888	-0.04774145730840967	-0.06157530130020025	-0.09347984705831297	-0.03372434614601585	
-0.08999169488242462	0.027236774916509502	0.044665497012068046	0.031943017907651985	0.038259763268394066	
-0.028515567044013573	0.05763750732014117	-0.014664449926216412	0.06979129912665968	0.025769182878752284	
-0.07249185331086136	-0.08664074809591156	-0.10852330806051724	-0.09609770720093812	-0.0187883659384631	
-0.0716391070389365	-0.1012532872790637	0.06190276911294615	-0.011032103225186175	0.05836876149063341	
0.011552695560583958	-0.029590193442581104	0.02414826042067123	0.018476354195442347	0.08621905489520823	
-0.02242258992151431	0.07887202620867143	-0.10278867261104992	0.04942886045921576	-0.08386132786890069	
-0.028516684469965276	-0.07051559075392501	-0.05110474801435449	-0.13470145349039334	0.03556864296783467	
0.09084478295745174	0.05504365756265545	0.0816265594817634	-0.07651621566492278	-0.06808056993591598	
-0.07163493906821566	0.03327536580888775	0.0602553820667078	0.07819359282454716	0.02574630206083506	
0.04827124705259966	0.0745682356535632	-0.010772281824538018	-0.041905715151771605	-0.05990852160990244	
-0.08197947537300214	0.068890719709442	-0.08375450715991975	-0.059673495017886685	0.05329897411702834	
-0.04968676466873154	0.10770978837943791	-0.06802618850837922	-0.008383558321891213	-0.05403590419506897	
0.08124148114237888	-0.031083214651470868	-0.020706991881952536	-0.0004478035689036614	0.08245308390958181	
-0.10562963561419911	0.04539604281972682	0.061309624242833975	-0.10514578837862876	-0.011860584572361185	
-0.03735913032031922	0.07092639529534092	0.0044662755567954175	0.03221587978687105	-0.016462970949543198	
0.10988438840641125	-0.07970500066119543	0.0042727949291112444	0.0892906405287072	0.05822548795525376	
-0.019014142151896656	0.09970339036687323	-0.04276118154002554	-0.0672272983045847	-0.050439696559842456	
0.10066174120805443	0.08013903494733991	0.07477044182594482	0.08369274723939005	-0.04877268345170989	
-0.09008506157094974	-0.0508119807599219	-0.046971736299799706	-0.07208502499022526	0.012288261934035155	
-0.016183322081538953	0.060721668202499114	-0.06832143998444787	0.038335671028946985	-0.055990644923634064	
0.0010004407967978842	-0.021134888683879145	-0.10943405118939045	-0.06920367798021232	0.01268891015573573	
-0.0024085384671464435	0.006639060894170882	-0.06731639291344704	0.009950362630195496	0.08980235831667124	
0.08769748599569821	-0.0036975259569598817	0.12951347326057638	0.10677846676310465	0.05158700486829781	
-0.0890845754989583	-0.08544754276637204	-0.08607125629111169	-0.0082759068555682	-0.02399904110561813	
0.11947174808783063	-0.08328792192600022	0.12358656926643663	0.07489940515909205	0.089330386741876	
0.015209745129618663	0.03894663366882317	-0.026771250338287145	-0.11287782914749936	-0.04992470482426557	
-0.0061447820955341645	0.046730864130030345	-0.019260642531619483	-0.0166423923372015	-0.08263827562676337	
-0.08874957679137412	0.049322718577555026	-0.026309031772548626	0.10187678466053833	-0.04663904142169068	
-0.03379371537600316	0.0064975272099920735	0.04529332026136417	-0.011651570873263444	-0.07896447561371156	
-0.03318974824871576	-0.00339812553064016	0.034066985516108324	0.05461318421229101	-0.07387369824306227	
-0.09515378217278417	0.004400734209166921	0.05843161129973863	-0.10030853379959541	0.03333632975533981	
0.03472551504823937	-0.009787388427014319	0.07284138180701774	0.02232913086021723	-0.10445770180960234	
-0.0015855444522903642	0.0687664356321468	0.05600122046304931	0.026311236285012654	0.02966063659883652	
-0.0052087931561017025	-0.03327788019434085	-0.015468211483730848	0.01619067373143537	-0.05491375865975888	
0.042638501153457256	-0.04298457607092087	0.014482883675554994	-0.06450609179205076	0.023641772803313622	
-0.01557776571505547	0.06004614205275662	-0.041764447265455966	-0.06467541808267975	0.04526840577954941	
-0.047119398346564874	0.051509946485110356	0.03288852325362138	-0.06666174417909289	-0.06856966770834173	
-0.046306233808830664	-0.07751748977738453	-0.005538098374875654	-0.08188611410811929	-0.06048390150681567	
0.052317764374565395	0.04867177980090567	-0.06613594921489606	-0.04031970809698393	-0.04188016060977828	
0.11580430806156004	0.023717067565153842	0.04054585728064389	-0.018962860670597256	0.0936115029740931	
0.02172772721931097	0.06295722628324471	0.07583062055372669	0.020808883477597975	-0.04093248623951242	
0.13750048851774915	-0.09828072230549409	-0.012652916626182108	0.020925890049739264	0.025998968325726297	
-0.08900873590452611	0.057301135240207315	-0.08692628194479132	0.008816730842411915	0.027366228625005627	
-0.041640395388245766	0.009935580437022513	0.06197454326192399	0.03607975830974251	0.03197008095470355	
-0.01692096909637545	0.029952490952503807	0.111794160847302	0.0020671397335478	0.07887469274459624	
-0.07266782757542119	0.05518155629112682	-0.05186105822871987	-0.012886564918115333	-0.02928204848334794	
-0.07670440263162784	0.0754502107283717	-0.026001945797020812	0.006841314172255528	0.00017260304131342665	
-0.07180015893067004	-0.06056201436324443	-0.07894166150649409	0.00570530418166066	-0.04467076057458942	
-0.048356317447812	-0.06485076132469315	0.033646944447001795	-0.09715193182454629	0.07543246212280615	
-0.04433711265685916	0.002439264241002301	-0.07483479338289468	0.06853512270471566	-0.04652157765878975	
-0.005339950151984005	0.05571639727251361	-0.08425380897345602	-0.0009898456770166895	-0.06997391279748685	
0.00875894470176751	0.07064666321661396	-0.11717422303148703	0.03740991751069507	-0.1447914987807001	
0.08434588657243236	0.002190758344531353	-0.011496806007441759	0.05960361813612401	0.052189116204651616	
0.12252972074914877	-0.058545863699984914	-0.07313115850925167	0.10669522009612133	0.09719260599093009	
0.0753096839396	-0.011030196339487704	0.07799097749680887	0.0838083569442761	0.009313180908526104	
0.024732153251784957	0.0662201777925486	-0.021456327015115875	-0.04786414326758708	0.0004699798609399305	
-0.11681811521863827	0.06420214371220757	0.05563199821144694	-0.06691111540472296	-0.09789626278072837	
-0.03898042093966452	-0.05035755192912184	0.10088134720096674	0.026006425916465147	-0.022745030774710757	
-0.037748352599071	-0.0647960977842416	0.0636626340563066	-0.004487555031487409	0.030662101677863658	
-0.0063216357501685826	0.05909502930508658	-0.012963485989723321	-0.027793954783557263	0.03624783047519555	
-0.06376788444873628	-0.005820305313874298	-0.04791341428856751	0.01894444535743004	0.06401620746285339	
-0.04250018650439952	0.072916682431206	-0.04195070645688912	0.007550861561191021	-0.10989654817007359	
0.011109302705106053	0.06522854134110237	0.04306621905203255	0.07071603208194403	0.02299333517495561	
-0.015437574049056754	0.07380943981769661	-0.10321616688249212	0.005893043742475063	0.07224632957103486	
0.0009543100897120607	-0.06540733186657319	0.07108680873640444	-0.04626266419861139	0.039335284668019235	
-0.009909167710707234	0.10123770248197743	-0.0038459203623940046	0.042429695219832135	-0.12421467409234872	
0.097320842672817	-0.08763550364997161	-0.040145720044150214	0.08574286151868023	-0.10437514242086753	
0.106338594611807	0.049664627026221084	0.03272328900570503	-0.014531907278809576	0.10442332236377311	
0.01817808708205244	-0.08587543708979453	0.10618139066002148	0.09496979486495537	0.020185672020729423	
0.06919623961197183	-0.019061454088161556	0.032169073310384017	-0.021265919881879747	-0.0031065038249386734	
-0.028829776124125277	0.07332980517670347	-0.0073857003346308545	-0.05401323609176795	-0.03730746265963689	
-0.07951576240033187	0.033079522937773095	0.026048314477526004	0.0654945819888516	0.01319707786864667	
0.035531117486100744	0.050424981888416424	0.022938663111079463	-0.039609336243114204	0.001181048527566426	
-0.06622450759411912	-0.03648715882568055	-0.0698042204184922	-0.020401818724213948	-0.05558531620398583	
-0.016044380268518437	0.09243314810101178	-0.034993967079379636	0.09937006706991827	0.029750876353881732	
-0.010632145224659563	0.06162059853318514	0.03164654899286166	-0.04509445169865064	0.06550416426518763	
0.009624789656340577	-0.04171903705911541	-0.011348234186109436	0.05310039099516006	-0.028203849130469173	
0.11251561436881227	-0.06911928357320374	0.06631554445571945	0.041820990365944985	0.12671145756680502	
0.07406089162924862	-0.06239342933901214	0.008243298252838687	0.07218499112560631	-0.01838630959972942	
0.08887683021177227	-0.04731302984054479	0.02075984660573826	0.035838397004830935	-0.0550113364088181	
-0.08777899805306931	-0.02311678301688385	0.09047707129341839	-0.02980750889993379	0.059086802421281885	
-0.03671349270098292	-0.05094593651801414	-0.04710035140120557	0.06017265860726354	0.061590293844829315	
0.054570235039529666	-0.06409298378929362	0.055186165560478555	-0.040904774075256924	0.0015599559580136398	
-0.009007059758258293	-0.03992462199061683	-0.07490992425806305	0.03565754800277449	0.05537719325340842	
0.033492703099087466	0.02181442442628721	-0.059719043771136605	-0.06579820485018613	0.0085733956915572	
0.07877873837146492	-0.0665387183850108	-0.013414391194231537	-0.019072741886910282	-0.005328100872050967	
-0.09392519939546286	-0.011329112588371748	-0.08330029674954333	0.043490043244099726	0.027432584777460883	
-0.0148055515859501	0.018822058896064666	-0.06900639231300482	0.004573380325074199	-0.038060494476914765	
0.078728894582414	0.026353534317622326	0.040475959352000296	-0.06328154012252969	0.007924347688454705	
0.11579393102501755	0.07628285084466212	0.044634281607908784	-0.058790661457951324	0.042631976325266635	
0.006805162821887974	-0.004021915659775629	-0.018843821332169178	0.017816970317989327	0.06841976524109018	
-0.01697148847768836	0.06319707908489794	0.011527227418932369	-0.13798114141604984	0.027825669089741135	
-0.08151069983176659	-0.06672257145049064	-0.015722967319760656	-0.078783374139561	0.024817519436151462	
-0.08794283542422446	-0.045737808664565685	-0.09090274774110679	0.03805196543492864	0.031037516510046156	
-0.016256743894948186	-0.06944027483731337	0.055781071987880806	-0.027223028622602657	0.06536824914962117	
-0.0038092258924935676	0.011421824344720668	-0.10360414696987773	0.020940781013057654	-0.03787316264095957	
-0.11686968393976105	0.036152128321280355	-0.0954576592984766	-0.05739440078168287	0.028289649778112883	
-0.023928972883292675	0.050470077608060056	0.014804657026984027	0.08172483915793999	-0.024203789223729257	
-0.06637018450736872	0.09530789324558216	-0.0950879879341273	0.08618198373133928	0.00692377558818907	
-0.4623437697526173	0.43671442234600866	-0.5521409024694416	-0.4191456027541767	-0.44140533368295604	
-0.029007836108565208	
