TESTRUNID EPOCH: 99 L_PCC: 0.8404802544597758 L_ERR: 0.006629235634263749 T_PCC: 0.8763601446057444 T_ERR: 0.006163367289967809
180 LAYER: 1
5 LAYER: 2
1 LAYER: 3
99 :ILEARN
-0.1116089041297576	0.13332549016774395	-0.22631727291953838	-0.12682466833672418	-0.1647044268588136	
-0.07381437873576784	-0.06184228227508501	-0.02805040950003214	-0.022645382461864684	0.010315228861586055	
-0.034364931579731806	0.05369896642441783	-0.08309758627763458	0.05840305050992685	-0.1126729988152454	
0.036714394483522116	-0.024602697563237873	0.014205399327655762	-0.06728437548325508	-0.05902262653665249	
0.031492056090443865	0.12298008667584073	-0.08495276472924336	0.003636975295997713	0.04000938720040475	
0.06734538611438691	-0.07055642636284873	-0.10948602891457322	-0.07852468464759266	0.06366478751270532	
-0.07598294041997311	-0.020452286275547717	0.0939614757487215	0.010177319091883312	0.041873481720566805	
-0.0868351870929387	0.08455584728735957	-0.004706120985476147	-0.1470063481122219	-0.003374888285804612	
0.1717556552774182	-0.018723869823670913	0.0584937796284114	0.13477163909650358	0.005243256148963533	
0.002274701635199648	0.07031809068442543	-0.035785107453383966	-0.03664664703495298	-0.0681409177314888	
-0.0746532559312531	0.01792703352268686	-0.041792838766878226	-0.03511367355803456	0.01255366098485724	
-0.10797899081158892	0.03669430573584296	-0.09898419854110428	-0.004614924179378706	0.018942144324621553	
-0.0687442948383832	-0.0250156869993688	0.045072172202614426	-0.011980813913245174	-0.08285521869971176	
0.07023508359005712	-0.021380611603926004	0.07483274892727812	0.13820710627788746	0.07485400394218693	
0.08578185525268951	-0.0814049891004561	-0.06184017784143112	0.06984251142336106	-0.014682909127064103	
-0.1587588694666635	0.17377116940849802	-0.14619385657482914	-0.03899024038499616	-0.04810265812773466	
0.02858945464714208	0.07153727823518397	-0.013525751989609274	-0.07955036874875668	-0.09753922202891735	
0.08780974103562186	-0.020452722492023345	0.08644256581443474	0.029522347099343208	0.024224767539261	
-0.024670401809823366	0.04553631256513233	0.052751516236997614	0.060671506918505126	0.033920121853992485	
-0.061024464157127215	0.08946300037037085	-0.005606036391218805	-0.11269727433051246	0.008686670765776802	
-0.011433240971876259	-0.015604118852811297	0.10503028290527346	-0.0062581989227224535	0.10345464328065829	
-0.0036864359333566134	-0.06969365740710873	0.04339802531439288	0.005263470770057983	0.06897411326152005	
-0.0647755624331274	-0.07635323820760348	0.08890190518983193	0.04322759741510081	-0.08355120058106369	
-0.07453392303361542	0.16088987476091987	-0.08248394386559295	-0.07670909304610603	-0.19630943255769892	
-0.06184237123716978	-0.12354635900556542	-0.06222347063776282	-0.024953810181218526	0.09893292440233113	
-0.08640699613927813	0.09545897350310933	-0.054554725127855044	-0.16413347555042376	-0.1351011595718978	
-0.3076913272525923	0.3937710593089716	-0.42340031538156075	-0.41209095962115827	-0.2592132444824316	
0.03170540275152819	-0.020259316242047888	0.08852859210097057	0.1545856451694236	0.13152113116313227	
-0.01428081278206977	-0.049890228449635705	-0.12106603831694732	-0.09991831498143375	-0.11578461160081517	
0.023785590935875303	-0.1430204639286235	0.16527802953037893	0.09985178565502574	-0.006502246291218946	
-0.03658496467478234	0.05464239420808708	0.06493281387678004	-0.022721006833963817	-0.010774285604713671	
-0.00727129163050536	-0.011059947699713378	-0.05774653377104959	0.03982556239109989	0.014969208340741634	
-0.005994299861144071	-0.037355697289920616	0.07688801961694139	0.10309401057476747	-0.029549673379843856	
-0.07157031782127161	-0.10238781567052181	0.016012331127625817	0.034198031508422364	0.028367934690153855	
-0.029391854413858234	0.08365454117039643	0.02443687646723831	-0.013073303070675018	0.022011492365931286	
0.1153186889969093	-0.030151384351781902	0.042498800855579874	-0.016737826991270178	0.04376871240101685	
0.09052663531586785	-0.11740267724293273	0.13114950800437908	-0.02271406376182213	0.0159102593343584	
0.09116193540619319	-0.08443897940252204	0.05960927893836562	0.027080889161430324	0.10480273124126302	
-0.01825922652419153	-0.11028847784459914	0.07956731196468174	0.07700646095684277	0.1047944474965508	
0.1538663578520127	-0.1532796576857269	0.023520776921296675	0.07869002108067664	0.14764975485246698	
0.08962592376199426	0.01232401477650332	0.07870167643173856	0.025403965705838943	-0.023913497311224486	
0.03465381573893386	-0.011636386410931697	0.04976151597878631	0.11781812972388483	0.1195135520005569	
0.04530146615715085	0.035067542923858726	0.03678455315741992	0.013583649387710442	0.0170465871923714	
0.08831349508396259	-0.17277745540145345	0.19881985726914234	0.1575075421852981	-0.0039895785685015155	
-0.06018284621710655	-0.037021306030855766	-0.07578493374621081	0.060133237440936266	-0.03167410487447038	
0.12608851715104388	-0.015889739078483924	0.12041955519338943	0.10500737247966896	0.1199933207067235	
0.046470484173011126	-0.03924368103249628	0.12211947285349495	0.01005446992406973	0.05316190515637864	
0.01427563032847511	-0.0939810870416188	0.012217043102294172	-0.01054101461875744	0.06164131125917457	
0.014564647514284306	0.03241542546581201	0.08048825324550322	-0.010408099706987008	0.11384437945962929	
-0.03458674780907012	-0.034564680313239705	-0.0934596840959617	-0.032712169133102195	0.014728629303210594	
-0.1401236884832391	0.13000661972717653	-0.08435820229533199	0.04128868481716784	-0.03338926187448261	
0.09349544195050288	-0.00692941198680335	0.05618946051761411	-0.016894328617029393	0.0463746732349511	
0.01938189578929192	0.09964653416734862	0.009452955298395672	0.0014572242137451063	0.035046896595577935	
-0.05376224347628737	0.04728612478120601	-0.04364241904700824	-0.055939402375842925	-0.04954357423848656	
-0.023448196695024588	-0.028340476653539944	0.005249744412530322	-0.02504692363048915	0.08664049138795005	
0.07992255971858682	-0.09835496926688073	0.04277043669067118	0.014612391765779302	0.10769047231902258	
0.09187269869321021	0.06803087168061671	0.05114198819417022	-0.03182967873794361	-0.03405658741574092	
0.07550382122568	0.0002582945369927329	0.052347210551776435	0.005920752823229834	0.040353803731288364	
0.029374233146907725	0.0302464722132463	0.041135688152825534	0.008054104264376447	-0.012648833701217955	
-0.12861908377426823	0.016694697175969945	-0.14392891587426315	0.04251644914912144	-0.11758485886241274	
0.09868467728110578	0.038752599230262794	0.07216034017804943	0.04492870402140446	-0.036579642275570194	
-0.006047499735212357	-0.030392250775604392	-0.0692227142755181	0.00801625017018091	-0.046338956958138666	
0.11515783314321919	0.057998544559019705	-0.02365880293049679	-0.06869045069565771	-0.0413771504665812	
-0.022843125569437496	0.07604884318415613	-0.10984540428755785	-0.10216913363943088	0.03347628271313288	
0.011964631962688254	-0.005103400254026446	-0.029659469989201687	-0.05679130127205804	0.0276531678565368	
-0.017934808795293702	-0.05501306812449664	-0.002161616822087501	-0.012931633077780565	0.010403266208995182	
-0.09767325782831708	0.07615866974940817	-0.1052376104940094	-0.03544507175908712	0.02144012197211741	
-0.044172417528619126	-0.07375012971501857	0.12489468009721119	0.09738807979636945	0.04327806931444654	
0.08003681829602947	0.08756642917195102	0.059239698554397285	0.06291170832703405	-0.08380177377199709	
0.055597736613360725	0.006971061958059137	0.06290298111700464	0.10285314377941021	-0.05354702964303769	
0.04689503235625791	0.048771930370166486	-0.048620094530043796	-0.038563697436270354	0.03261910405786594	
-0.026813440779141405	0.05583795087959589	-0.01877562158616031	0.04999596496344099	0.09395372600343689	
-0.034505274342074586	-0.08123105803721278	0.09484386131343829	0.02787144002054852	0.11035290746737043	
0.01742259835351789	0.10598407744954425	0.0009513038581310898	0.005499028890353667	-0.07889318799840864	
-0.018894964644880177	-0.10245266577413248	-0.07254335824353528	0.04517429166863109	-0.09402143238216197	
-0.004556835940237599	0.05494162985140425	0.04982653760727127	0.04445709929731192	-0.050177317663883336	
-0.0044998476063375465	0.009283281876162156	0.09790860052738186	-0.05677945969248471	-0.045653435981040304	
-0.10769251645511455	0.11050746164272914	-0.07148755724162127	-0.13840397554889688	-0.06644308413118886	
-0.06599734126963504	0.06705203223064898	-0.050735461266959964	-0.10005990984753554	0.008495928009382609	
0.09563736088849509	-0.05988836733858922	0.08896572930636973	0.04451781479494544	0.046368529464065264	
0.0797670414702569	0.07186772262826413	-0.1148684671624048	0.021075620299375826	-0.02586188097309066	
0.03955738381994862	-0.014150276885786161	-0.10306181840584121	-0.12339610995525722	-0.06633795021290825	
-0.0872606133838398	0.029241604186448215	0.04141422759174493	0.02887492792943648	0.03975653269796758	
0.0016416142218372714	0.02739221342792378	0.022277695090253253	0.09795450687112936	0.056146452163445354	
-0.07801348193233566	-0.07755071017779419	-0.122080787091305	-0.10775602234061912	-0.02720822205857934	
-0.06849309787241681	-0.1053275065145593	0.06479363708448106	-0.008056597964851437	0.06043762102501516	
0.02572591641541333	-0.04995153933876624	0.04529491386407378	0.036276245688093046	0.10098313857896862	
0.01616864684986121	0.04952585274680321	-0.05700087400012159	0.07657001475720686	-0.04758786279765209	
0.0004559424050815523	-0.07988001817629421	-0.030129810261518727	-0.12102393539676516	0.063458872866362	
0.05906958976893371	0.08265600849517092	0.038638420688150696	-0.107372420613384	-0.1022705022574682	
-0.07063466213413727	0.036565776146936756	0.05441640221424883	0.07405945547026027	0.02333487609890134	
0.03248817402606702	0.09018166620965663	-0.03470009417227397	-0.05999021136009432	-0.0808255224493448	
-0.08935407873724191	0.07871956091820273	-0.0983065570909664	-0.07003677993374058	0.0439068060290989	
-0.05226908918388404	0.11544509742048707	-0.07798165119349802	-0.01231122930601533	-0.05528794267491319	
0.07601502086796874	-0.021453978805270085	-0.034536754345540585	-0.011077670555150713	0.07568083648574454	
-0.1050565713739516	0.05009093355757923	0.05667395633183074	-0.1110237541078825	-0.01364529721150898	
-0.04824421119889948	0.08204492809530482	-0.011567755683343077	0.019738253207377786	-0.028725805845413184	
0.10152888522158396	-0.09441998831696917	0.01314381135014514	0.10291582522087281	0.05875023412572886	
-0.03348423394891991	0.11979651612782721	-0.0688550120078505	-0.08138356389932462	-0.06194750078766694	
0.060736929530773316	0.11297489349901017	0.024926648915460294	0.047822221278045356	-0.08977490921852306	
-0.09750093210425537	-0.044550874448691796	-0.056157393015352115	-0.07924329308077102	0.00621057444650916	
-0.0109424709237418	0.056683749174990035	-0.06358155297377692	0.04296344905144783	-0.04946409666442537	
-0.004277037299887229	-0.0126951698448314	-0.11421093007388784	-0.07346056853811357	0.009411793315153731	
-0.010716573852760175	0.0161648951587218	-0.06848403446449337	0.0059426290563805665	0.08431584366486411	
0.06625147111849339	0.01624154599852593	0.08985433942222841	0.07772266646826952	0.017585918928024864	
-0.08321186239377612	-0.09135004899907151	-0.07898186672198804	-0.0015429829997899512	-0.01674808372504495	
0.12456034808070389	-0.09630822734252725	0.1372000293901298	0.0866921653852593	0.09742736885114497	
-0.01786428559571421	0.07106974918747212	-0.07029114483464298	-0.143487993679042	-0.0805265804878267	
0.0010568022582678254	0.04501974251692299	-0.01507364681738269	-0.012987045687727648	-0.0767252777380609	
-0.062111166804838455	0.021481881334027973	0.009467403799575962	0.12764161645896965	-0.02008991108955347	
0.009404494808949847	-0.028658172599925896	0.09550616474802237	0.023153452676333047	-0.038009559769799375	
-0.0358715109264877	-0.002280257609319411	0.030620392413294957	0.053082493589241955	-0.07478338719137441	
-0.03933946461814677	-0.04563562206325176	0.12484015065833066	-0.05001874174320512	0.0867417792123984	
0.041342175969203	-0.006494458036170356	0.06820532535758898	0.017711984344563256	-0.10323839554428255	
-0.01778087875265974	0.0818144583904121	0.03403442290383766	0.012607290417717834	0.01719141292741165	
-0.02295255939982814	-0.011304666865124376	-0.041176394875066996	-0.0032559194916662267	-0.07112171557511907	
0.03201858238467921	-0.02633110462951706	-0.0028643242451419893	-0.0781528544962684	0.016000189891209462	
-0.005924540847482362	0.056641015426041975	-0.03841116897890641	-0.06127296619419506	0.05299925243390071	
-0.030819993514881783	0.04388181185584429	0.045878993986607275	-0.05711965700103439	-0.0555433208012802	
-0.023314806270479223	-0.10626050280203671	0.028647445681879876	-0.05595081506419425	-0.0362620718446835	
0.05206276128033915	0.042483937023576196	-0.06292558137542602	-0.03463027615598389	-0.04071325451774553	
0.13096061206254458	0.002943781837476344	0.06247694407129345	-0.0010426985064188484	0.10770264630858781	
-0.025407714161841972	0.09416409966275209	0.015243935671252406	-0.01672846690950764	-0.08964838211162766	
0.08841836661507738	-0.06121239156671298	-0.08329409703915336	-0.024968133857803484	-0.03142621896148121	
-0.08398389626461318	0.059524273558717	-0.08249711217901311	0.006845363083188881	0.03208124373264553	
-0.054084211430542914	0.01901809772303521	0.04351159460039139	0.024920963688011163	0.017728247112677935	
-0.02856708825423075	0.03723359955947699	0.09151574454970512	-0.009616803687696017	0.0631609811179298	
-0.1418874151913469	0.11168697521647286	-0.13969546261822743	-0.07219054147493886	-0.09652331992387825	
-0.10309079153050069	0.09767087266589365	-0.06422352306284734	-0.018774213519728345	-0.02681509991309359	
-0.017776795448978613	-0.1108953432514681	-0.0016835124189581872	0.059122151347391065	0.011293524918165479	
-0.003750408290317797	-0.09643628672047927	0.08995926837777364	-0.061608827308230286	0.12032564759532101	
-0.04627491002656091	0.00047897751782030335	-0.07770317560129958	0.06874667631744487	-0.04986807615690055	
0.024907029584614743	0.03218220356221141	-0.04338567382403248	0.025537622598038556	-0.03812594840958975	
0.05662188987758856	0.03913929453042861	-0.06098361245719103	0.07306796821953476	-0.09436683954908938	
0.04283661714486645	0.04106725155411902	-0.0752402446944354	0.018278237096975472	0.008545727753417122	
0.11520454757150211	-0.06058853187006051	-0.08178324121288717	0.1070386766654143	0.09012260230298896	
0.11558557595004651	-0.059131740943530936	0.13501584515075038	0.13316407399154198	0.05124468132203411	
0.05782600581867337	0.04546539403990907	0.016685220026113785	-0.02188194000669905	0.037231109121515345	
-0.10312609090283674	0.05334738816816388	0.07281343475237129	-0.054951280586799676	-0.08085640042073731	
0.01965782712103213	-0.11052113753444494	0.18722453454883733	0.08842574979725536	0.038670834388026314	
-0.022042088371574266	-0.08997236545455581	0.08910179651847983	0.018524842227864016	0.04866547467825648	
0.0028284085807437514	0.04920462137642577	-0.000931462590879582	-0.020747624081862894	0.04431131495874431	
-0.05209696503166985	-0.013915218495459368	-0.03535065538850769	0.026953708085699718	0.073899605927955	
-0.056793557064096466	0.09967541805373124	-0.06763525332244086	-0.014681124404328599	-0.1290796017145828	
0.012883076293052041	0.058413356312429	0.04620275271889562	0.07533073767185626	0.02581206730463766	
-0.021355750654234756	0.08187677152950637	-0.11261810505624034	-0.0035083028614747804	0.06564901274182347	
-0.012772704959275164	-0.04932974247449311	0.04903373599871267	-0.06465508356555628	0.020082389813742045	
0.029509863529922332	0.07495578983102764	0.03510201014408668	0.06894594573624706	-0.08929772099230977	
0.12897353294562006	-0.11509280295800979	0.002345274352988872	0.1092432054677494	-0.07511644149933681	
0.09116358589524572	0.04974461595319253	0.022513845771198113	-0.01521630034286293	0.0950192214134506	
-0.0047060686868435776	-0.0719523657939347	0.08005513886360499	0.07868492087179711	-0.0005339940553827975	
0.08649049361667427	-0.035641752450221824	0.05381914349655798	-0.006894275638966726	0.012718379234511317	
-0.04914187258611313	0.08008502020005072	-0.02661736194793972	-0.06486501645350426	-0.05505806480731451	
-0.09874914926911903	0.04699991058585021	0.004635346097655291	0.047117415236996564	-0.005654786262610989	
0.02352078700682396	0.07186285344507863	-0.0032408839210616176	-0.05850859814775944	-0.011763582907980644	
-0.05907914298221791	-0.041321173265742514	-0.06280608355731179	-0.015170394339358942	-0.048362287644760554	
-0.0274161262694261	0.10378182497448041	-0.05157195391270315	0.08920514356449652	0.01990156167002164	
-0.023469433599503296	0.07037606201168167	0.01564341100944196	-0.05803247001006288	0.052771919584795664	
0.0014467728326546647	-0.04227361767439237	-0.01293036027217921	0.04946141011602749	-0.034364376308556384	
0.10069014279695727	-0.07452927355624683	0.06185668679716463	0.04674353022520743	0.12119993777776474	
0.06824030833648471	-0.054259300024883404	-0.0021893358442538246	0.061621378611695476	-0.025513119477270335	
0.14180796613782795	-0.09308493760719565	0.08995565533659969	0.08036453031524556	-0.0025689619587206803	
-0.07389485568542958	-0.035492891563191506	0.10685194883440002	-0.02036407014251961	0.07213601716443595	
-0.030349542367484668	-0.060920990554758254	-0.04010236355054584	0.06359942286033161	0.06588899116600476	
0.05664777605105804	-0.07233304776753517	0.05918662799755041	-0.03716439324788742	0.001832386709543753	
0.021058528879497836	-0.06970809953524214	-0.0344812110791346	0.06227840157370329	0.08448995908439817	
0.05308595533750368	0.0039351845850221275	-0.034918518531079246	-0.050300388881042934	0.026926243594015062	
0.09003375594017109	-0.07460479544052333	-0.001163504423103031	-0.012270471477083959	0.005065541448945414	
-0.05325568682168824	-0.037370542770360005	-0.03393003147544967	0.07557837204572268	0.07064263320124801	
-0.06823570555076187	0.06794203988947148	-0.14494721735636093	-0.0461781203530703	-0.09248225061812783	
0.04798133175075765	0.05380427752799173	-0.004808007440836291	-0.09143885343008329	-0.025440923299644213	
0.15280714750668734	0.03932920730094041	0.09544941711755743	-0.025571045673813925	0.07898209449778197	
-0.0048820962035924734	0.00949174441037685	-0.038939310688176104	0.0056188884473064235	0.054963709658927835	
-0.029649891313124826	0.09369765384277515	-0.012351269457459511	-0.1525518089326912	0.019425529958468232	
-0.0468622665722726	-0.0988205396914622	0.030944623185014307	-0.046636886986346326	0.059654520862153566	
-0.07393874754122175	-0.05678639822235604	-0.07432011649954669	0.0473152457167391	0.04412439650361164	
-0.021234707674746438	-0.06502121426606691	0.04692644370292826	-0.03417051890436644	0.05891871968987283	
-0.02132332696520341	0.0281027963768598	-0.12367435043487361	0.008132510056943494	-0.05327089113846113	
-0.08688301990381389	0.025579774041946095	-0.059820538035020375	-0.033311317535395915	0.06507057629506084	
-0.07169527781706449	0.09359228831069613	-0.053058122957108156	0.03521101526080524	-0.07309283128454565	
-0.06497205317390164	0.09255988395507361	-0.08772932415853385	0.09157612214098869	0.010296351015760846	
-0.5508976886539299	0.7481857458207672	-0.811564487569745	-0.6284064357665337	-0.5121151498731789	
-0.0019655386288550862	
