TESTRUNID EPOCH: 99 L_PCC: 0.8567300274743217 L_ERR: 0.0059049861389511476 T_PCC: 0.7534444834078441 T_ERR: 0.008275393542216325
180 LAYER: 1
5 LAYER: 2
1 LAYER: 3
99 :ILEARN
-0.06888162985990065	0.09259567467605535	-0.16671145792275222	-0.08417360424045167	-0.12570830284225495	
-0.06995316370709746	-0.07077443855330849	-0.02484321492536259	-0.017380434055954245	0.0159476121467262	
-0.04920325693429774	0.06417705967734093	-0.10185575670510515	0.04227739208490991	-0.12948242537087704	
-0.0043749162630593915	0.013762371730617484	-0.04147795494161887	-0.11362195683952792	-0.10353672495795162	
0.0493863658310844	0.10542062481301687	-0.05976241783824506	0.021707516432568224	0.05648054658034727	
0.055726690075571135	-0.06519602216474651	-0.12441941746468792	-0.08993410400718038	0.049696966531271376	
-0.09010163643137645	-0.008825944503086675	0.07524908445898111	-0.005164883046170872	0.02632214191754075	
-0.07645318392088535	0.07344344182706615	0.009612317895127571	-0.13898988724236003	0.0032690380439572486	
0.16217936837148542	-0.01542070458098666	0.05620642058965214	0.134430009855248	0.0028790603627441855	
0.01576567111455264	0.06133295105060806	-0.017603511634097232	-0.022791499625481597	-0.054393035354585034	
-0.06368462442576907	0.00956297812263687	-0.026087319198303517	-0.022906514151240474	0.02482535606959413	
-0.10843258595671651	0.03216406788744811	-0.10102297513001414	-0.0054698380766849885	0.016842873453995322	
-0.05642271063499144	-0.0366098708123335	0.0636011462552444	0.0025918257031624734	-0.0694585314837339	
0.07679557328560144	-0.024588384577153514	0.0861731157697144	0.14810998513732945	0.08616403076129392	
0.05839764141127095	-0.05248550381790549	-0.10842790725504745	0.03476768678968531	-0.04976390185212654	
-0.14872428531084753	0.15803631720919387	-0.13284662557891655	-0.030114145485599986	-0.04225170028511963	
0.037455968736037626	0.060521048977808245	-0.00263598621589495	-0.07163781804933705	-0.09107814403693641	
0.10982091344956867	-0.03734311605619394	0.1169656572077994	0.049922234564288084	0.046305593728388675	
-0.025429072897469564	0.045684332961784084	0.05634085326199528	0.06392004884141123	0.036942280278936646	
-0.0392626293461035	0.07175973467776561	0.023788388051119255	-0.09020937141850773	0.03051499027823547	
-0.02827539161887022	-0.002149107022667433	0.08238254612372595	-0.02280739206921997	0.08706817797977329	
0.011561210073493745	-0.0859572800461218	0.06823307992926177	0.02217925155944215	0.08459080735000991	
-0.08251952792816053	-0.06359801099778395	0.06606608318172195	0.02568076052944938	-0.10220869980728689	
-0.08618355799386156	0.16147807232474515	-0.09884570199701825	-0.0964062005474286	-0.21941896589455262	
-0.0687806463361135	-0.11654725228628013	-0.07193267950216284	-0.03215186252077967	0.09243850859528878	
-0.09219377905572776	0.09248885105391558	-0.061740923105491084	-0.17458967500257705	-0.14764578357224384	
-0.3072360010584921	0.37162969808280855	-0.4252668790476939	-0.4313476630066174	-0.2847195179559057	
-0.002016000477485503	0.013554980338444938	0.04142248203362253	0.12310094471471196	0.10062021217870833	
-0.008672537937609538	-0.055364096491084674	-0.11211135480143766	-0.0949707297877356	-0.11173630141998422	
0.029957762995259422	-0.14168268426857414	0.17045957330913253	0.10934614034235851	0.006971536116107015	
-0.024104763194740697	0.04822112243681613	0.07980554292707528	-0.009288488136779073	0.005134499952785549	
-0.007688818363341663	-0.01644360197669001	-0.05631795324983659	0.037772066379266264	0.011503325448972162	
-0.008317062565471059	-0.03333749256134443	0.07204343665386671	0.10190311547929175	-0.02898673002185874	
-0.039335802409699624	-0.12271120490517987	0.058404566122261595	0.0661079537519112	0.061974441484617206	
-0.03172260783062796	0.08514580530744775	0.023614249485736583	-0.01619045399241115	0.01715940275870693	
0.08795071089576015	-0.00694999854035929	0.009611195376860497	-0.03966473649481639	0.020236898139985453	
0.07647837830195957	-0.10433940154968195	0.1155108824775219	-0.032532371382247724	0.005372967487547124	
0.10369358621318958	-0.08998079169983669	0.07489624712567093	0.039390586432878974	0.1185265201379357	
0.0097196408536019	-0.12755206523942572	0.11780712615172828	0.1067326609168549	0.1356096676584123	
0.15690460910172538	-0.15247251822477229	0.02540834902101129	0.0835936503723038	0.15532749683976335	
0.04676999039786121	0.047147552116879723	0.028615533576424917	-0.011888391732593918	-0.06869463029175299	
0.054149216223696534	-0.02802058615315522	0.0816069411114235	0.1421949660878755	0.1456145290231484	
0.04491456954146481	0.039027137996844374	0.03755816632528458	0.015040029829618055	0.010391912860060082	
0.08826021352522316	-0.16880182959424128	0.20234662541555165	0.1630818461481301	-0.0049503567619056344	
-0.07605683284901257	-0.02281808921939764	-0.09745994959765719	0.04316289528699908	-0.04999249451769815	
0.13633385744749302	-0.02418426142653198	0.13830397941211112	0.12005340037937037	0.13410818499963206	
0.05161638385812707	-0.04140051172338658	0.1347782964936799	0.02058312010944848	0.06109307923450166	
-0.0022141812033682606	-0.08108695260029289	-0.005499711343682717	-0.02523938403591873	0.040521053684692214	
0.023608575653445533	0.028175943282951376	0.09498362878639473	0.0011642902527452506	0.12376577230873215	
-0.032438008842227584	-0.039077660298832174	-0.09982860835457112	-0.03939911082113418	0.014471091674486519	
-0.13020031381152394	0.12309973903557521	-0.07982632784230485	0.04418618239707338	-0.023914899425775658	
0.1237723278889429	-0.03542999576114539	0.10452012968020655	0.020279221532149738	0.08561633042134882	
0.024541526870136565	0.09567515073027322	0.009746864255799901	0.001213378226443035	0.03900580701385486	
-0.04442162893405629	0.0424565687591717	-0.037970692357270706	-0.053447909983313675	-0.04053739597752402	
-0.028619005402684024	-0.026900450236805273	0.0014275600402110708	-0.02930477916222829	0.07956095709319143	
0.05076746972854072	-0.07376054705552856	0.008615958810577974	-0.00795575847852215	0.0785523445550265	
0.07460513348633209	0.08270050429473177	0.02842523695172983	-0.047785444232486415	-0.052520032030836813	
0.08247563551905877	-0.0033611630041557278	0.06043325891394698	0.010361276918160215	0.04804601272634219	
0.033837801235619566	0.03013741322304458	0.04487205214840109	0.010940081779556613	-0.005878961974591563	
-0.14272294759149337	0.02638712058700835	-0.16883261722080445	0.022107286920439274	-0.1336662034833016	
0.0907358632582181	0.04748550786153175	0.06645625201052588	0.040315002659593424	-0.04351351675269268	
0.026528161263886182	-0.06176584859048037	-0.02050606000878318	0.04346640876139031	-0.005562895599804591	
0.09883425083391731	0.07038704564735401	-0.03973591935883925	-0.0813505992725273	-0.051765988989079664	
-0.03953737488710182	0.08435067009302213	-0.12356750269191365	-0.11753709786187935	0.019875180571790284	
0.008897454072528895	0.0017562378025850027	-0.03051615621226513	-0.05895205976862737	0.02227447090739941	
0.02565969125288886	-0.09501017491440335	0.055930889621697844	0.02901209900518738	0.06091740096299206	
-0.0762052917228981	0.053721135272617834	-0.07191750107024956	-0.014663348039371426	0.04765169957301159	
-0.07571229603442482	-0.05036068699006373	0.08222188567752758	0.0711233136643541	0.017015733326321114	
0.09507244999164796	0.07274038160038564	0.08034884399624442	0.07812975713122762	-0.06407161640723992	
0.03084686397955488	0.03847576378832787	0.034653820381448756	0.07876113367501965	-0.08900907168614654	
0.06609047946909419	0.03971031910289541	-0.024898251126689138	-0.02062199911837402	0.042232293330932584	
-0.001660931624803052	0.02886835457956182	0.02466049766043825	0.08175037886472043	0.13070597610490547	
-0.01923790377431292	-0.08786547012819074	0.11317075631680812	0.04184483993568813	0.11942172835894903	
0.0333106910063589	0.09568086863177018	0.013716230696198156	0.01604333626663245	-0.07060190276945139	
-0.05640673190507973	-0.07028197594586452	-0.11954089056258217	0.005294555374264463	-0.13142718796745329	
-0.00676180455389731	0.055417316317105975	0.05266710587374714	0.04562347160208743	-0.04797309000749697	
-0.0014029456325024804	0.007875851653620794	0.10638957341154767	-0.05263005616856499	-0.04308176753526159	
-0.019678228686111708	0.027945637515133664	0.014116530508449307	-0.06791383961198513	0.022358985626693313	
-0.043823305588349806	0.048673780732169894	-0.02857578126063435	-0.08306816836621338	0.028772781848787985	
0.07465065461126554	-0.03161696466970338	0.06606259295721044	0.023436333064795277	0.015971515497353997	
0.10087884229099543	0.05113884719693163	-0.08898601264030775	0.04480354719997956	-0.0023844898011184555	
0.07585105460768435	-0.053567861774577334	-0.061165135412988854	-0.08928697349740311	-0.026155351910190913	
-0.08394698358759085	0.026541725857566395	0.04767318920279325	0.03309504050655157	0.04223509556166577	
-0.02583495973856588	0.05707727313794069	-0.015199296917229583	0.0668610340654667	0.023729498008880235	
-0.0784646062061759	-0.07990151855040392	-0.12245709933572063	-0.10719100711100614	-0.027652391528890045	
-0.06280338315130098	-0.11037722838905772	0.0744406822728597	-0.0005296182177018669	0.06715942196594221	
0.011274622543576166	-0.03569981098217174	0.025817969289657246	0.02145779686793102	0.08350543670750617	
0.026358133481084872	0.044514877207681915	-0.04348239199959087	0.08902630225151933	-0.0344537086401693	
-0.03839188677066376	-0.049344736725964705	-0.07078967982863324	-0.1505785891590402	0.021525351690092568	
0.05898253863534885	0.07867349083714163	0.03779667604597157	-0.10882551513397601	-0.10155972612724672	
-0.08088671728850931	0.042596427649191075	0.042669060573580345	0.06326128984987593	0.012998137183286353	
0.06550576505512647	0.05543096419066514	0.012179869151832282	-0.021977043481134027	-0.03958731883027856	
-0.09236185325096703	0.07864783047434329	-0.10030471712893073	-0.07243007694027222	0.04095007695152379	
-0.07521928982537052	0.13468622970485408	-0.10844306263624645	-0.03822729497020081	-0.08406479934809913	
0.09912309408554344	-0.0437663132327474	-0.0008222161852425821	0.013073285467017349	0.09868018125266438	
-0.09381926066823433	0.038546741999032894	0.07127828278679026	-0.09813702284825819	-0.0008056500062324287	
-0.04068741103820375	0.07391339563384011	-0.003523862558712474	0.026386593669367388	-0.02087303051695126	
0.10265395578374374	-0.07826437039580311	0.012456571082860819	0.09720688590219302	0.05367199038067639	
-0.054435294869340685	0.13657438806907343	-0.09586796449151322	-0.10431633665198531	-0.08917716621041014	
0.06099846320261994	0.10810147145274396	0.02198450745718135	0.0461585717543567	-0.08932117044376096	
-0.08219040806459117	-0.05581067030842617	-0.03604758999195855	-0.0625509313707933	0.021400854917034036	
-0.02712345988910513	0.0699740511417164	-0.08704091583673806	0.024918937143037737	-0.07089954487780564	
-0.02261162409618416	-0.0003472262206420105	-0.14472089175778818	-0.09526099056718715	-0.013140421093430912	
-0.025110068700600983	0.021351995046061494	-0.10677957390725797	-0.016289138761453662	0.06554828533512919	
0.10171766443398059	-0.02196512026212673	0.15810789485289606	0.1310724219390491	0.07202098729304238	
-0.09242156492421726	-0.08579036585812584	-0.09456310639888132	-0.012442555240005612	-0.030674468930597668	
0.1036989520449174	-0.07984540489707287	0.10091662353068441	0.06161391434038533	0.07028279678563719	
-0.013363670587355301	0.06303927250876394	-0.06688225828602692	-0.14137948356765462	-0.07910003872944009	
-0.017827248574760472	0.057431528619041425	-0.042072699147889504	-0.033665001824798896	-0.09938550870140687	
-0.0459346590896225	0.01947958505948368	0.03114597870765554	0.1418142930359092	-0.0023964501247282716	
0.010505719865282594	-0.02364497434270099	0.09931161631222882	0.025622609990954465	-0.03596884664466491	
-0.042789593204574664	0.002314035812087568	0.019163145445138346	0.04418831374937286	-0.08636829447425386	
-0.03777550831531534	-0.03941856495689318	0.1301872307407416	-0.046298808940385267	0.08922532282561794	
0.032503321001904194	0.0010919294751527706	0.06145297686809971	0.008771865922818697	-0.11290564859658839	
-0.01703264697203758	0.08347332110128237	0.037267825061786476	0.008963661769184299	0.011467374651957237	
-0.029268952309185903	-0.009561928660374584	-0.04831295592220608	-0.008102490365915664	-0.07984239249692632	
0.016641156798422176	-0.013383446509867059	-0.017538158468935507	-0.09090985421745698	-0.0030386911571311003	
-0.01737175812318156	0.06721542088603372	-0.05250077862613817	-0.07485650842677194	0.03743452199941073	
-0.04922752387335814	0.0594910760358112	0.022220026101229022	-0.07723809658893063	-0.07564295088379527	
-0.010651756758145512	-0.10415218442543557	0.04671041840322143	-0.04397050486340225	-0.02166701533257196	
0.062015764839948764	0.03795902990483529	-0.05379986111739813	-0.029237752525034338	-0.03237309785065079	
0.09536595193101517	0.03437585263728969	0.014637642643549128	-0.03344192652593257	0.07339597820680668	
0.037920126747905396	0.04048320416499031	0.10133511614851226	0.04511151694025896	-0.019293871083761783	
0.14515351867397924	-0.11457002824852752	0.003892886860854319	0.038591368210112165	0.03943082235126459	
-0.03594167478593521	0.019727211376858022	-0.026055333980330973	0.05650345395191593	0.08040724770807246	
-0.05124513146863913	0.01584239326849737	0.04775577025508398	0.027241126566989196	0.022407443424066975	
-0.01849829201049919	0.02732672650694203	0.11049559106638158	0.004342951553657424	0.07818318098115912	
-0.1133138466914302	0.08454652134914306	-0.09955313156601744	-0.04680362893647046	-0.06810199694463404	
-0.09572683047192207	0.08993522342059974	-0.05016419438968865	-0.009769125147739331	-0.018387198821325598	
-0.030816378114776593	-0.09194230983143009	-0.030282777132022116	0.03643896126932481	-0.006845036067677646	
-0.03588990104722999	-0.06696264904901875	0.04482910239697364	-0.09712571508132777	0.08275952653613727	
-0.05589474060729047	0.009832896395489413	-0.093071170715166	0.05773332145324427	-0.058320666175995475	
0.005351857164449981	0.051802998409472834	-0.07477550948345016	0.0001693070203538208	-0.06285926522658468	
0.0030777296193399465	0.08585237789452303	-0.12660766533632237	0.024099049175197368	-0.15551927852111552	
0.06620091256662558	0.023018022083105816	-0.04521915357304914	0.03485260466291566	0.02938634262973425	
0.1393811010028627	-0.07742589777145979	-0.04784204940646191	0.13170811317855147	0.11681070181396586	
0.11750866825928594	-0.05061612672474727	0.136437713678871	0.13462000254239462	0.05364248321629226	
-0.000273785113803202	0.09324138352191545	-0.05876830215870104	-0.07961591264128227	-0.030611013414802296	
-0.13763392357543913	0.08347344217833856	0.03020048590549732	-0.08763167362791574	-0.12042660853609355	
0.006639673768645297	-0.08990111462731297	0.15814044014677736	0.066756857631743	0.0207177197913867	
-0.0395099338776474	-0.070594320922657	0.06706965400116299	-0.0009300799367785635	0.02613409950735713	
-0.011634335702160088	0.06189204449505165	-0.015519869931251404	-0.03103787036113616	0.03244007754242307	
-0.0598495850204315	-0.0021843705151372815	-0.049214438595512645	0.012831524114220434	0.0653189303375033	
-0.029785063865850687	0.07177928509002446	-0.040780728605010426	0.004880476375637136	-0.09916277481412882	
0.0057730531013675075	0.06753286726523783	0.03659615071116683	0.0662214880854563	0.01511581086298791	
-0.04843283620083119	0.10299400443224595	-0.1383753117221485	-0.023672654608428843	0.041156675973382115	
-0.0014497318326872803	-0.0643689647931056	0.0702746059649241	-0.047635650217602764	0.03992972932547524	
0.031444288587622764	0.07614447715936448	0.03915552853925559	0.06865713252548272	-0.08999965528511347	
0.1151275534415109	-0.10133213760813733	-0.01483463598695314	0.10017902069165135	-0.08267812109480546	
0.08444745211339696	0.05937810111958546	0.011186673652936891	-0.025249406001564566	0.08225511090445874	
-0.007898978968840268	-0.06977773181785707	0.07551462140982351	0.07458630513455049	-0.005800939951595557	
0.07242822324452679	-0.022437146099890167	0.041049066423241756	-0.017074478079201056	0.0014965562062765894	
-0.05275623078672247	0.08574577595206406	-0.029902092747645822	-0.06888048375267028	-0.059623504913287474	
-0.09048730467712723	0.03689738534877202	0.012049007557430434	0.05994158243173318	0.004762346678294057	
0.03564982104078034	0.061191311980062515	0.012553057459383433	-0.05166059992421664	-0.002966500958301742	
-0.0677618290542492	-0.031952223198603816	-0.07513886132006686	-0.027157392909339863	-0.06024667068166506	
-0.03225543130230302	0.1085566102689835	-0.059110204069140145	0.08013539632993014	0.010747798665245492	
-0.03607628156634143	0.07935518224810206	0.0014216587077187201	-0.06567793377374972	0.040500374707414515	
-0.017723421660191887	-0.0277553551077148	-0.04016685188584152	0.03658783879249607	-0.05082332733282121	
0.08927282994677545	-0.06056945695250744	0.04596444998157461	0.03304188941158248	0.10345757971475998	
0.07703858938059822	-0.06078168982505302	0.007407719717569909	0.07121856488525811	-0.01711018531672393	
0.12787730327979743	-0.07746145731126994	0.07424480940778773	0.0711011540888834	-0.013763667721033096	
-0.08390668754453529	-0.022116526360170415	0.09438828698574739	-0.029546855224712582	0.061367370205447705	
-0.019385168687457627	-0.06605505168111946	-0.021367629701723526	0.0788193322952458	0.07969682808142277	
0.024771921733917394	-0.0390345946308691	0.008835123506306003	-0.07559807204844189	-0.036745855928688495	
0.012614829939619357	-0.058934611253105784	-0.04077612397041608	0.0587027536905957	0.07881580667910054	
0.05699382858599645	0.0030473262539940406	-0.028354958468407146	-0.04339530438638263	0.0331260603364906	
0.08402600294567997	-0.06319658149483182	-0.013843629114094662	-0.022021674683785537	-0.003767401615115695	
-0.08582406710264355	-0.010316774893854595	-0.07235708804816737	0.04723367468152865	0.034479674595302046	
-0.05853798015146352	0.05039798811799505	-0.12694101895685522	-0.03631811563964692	-0.08402145211285401	
0.059173430803072025	0.03520652773955595	0.01626931726600942	-0.07860514342593428	-0.012346403887470898	
0.14522188938191288	0.05101543349104213	0.08723532553127784	-0.029009792289164893	0.07459410200970928	
-0.01285501988167886	0.009128042360125646	-0.04266823763908743	6.888630095600365e-05	0.04797101237794681	
-0.047337488079833796	0.09837956798962436	-0.04119524863744498	-0.1773314193948826	-0.006839033554767724	
-0.04867357393371408	-0.09259910078675784	0.027940870635705092	-0.04550465333549466	0.06057338716436968	
-0.07890683281623194	-0.04910466260503133	-0.08232017494130803	0.04300161461396013	0.03862279655740798	
-0.016508520619556863	-0.06900787723605951	0.05361997604999592	-0.02896062192439066	0.0641336039329794	
-0.0028696969211983734	0.013265073250322567	-0.10407128584098949	0.018185174566489406	-0.03764598361210996	
-0.14540382458375478	0.07008929124785718	-0.13110884410027976	-0.089087061027695	-0.0024577689305746307	
-0.06284556153470416	0.07844741084101395	-0.03620764293161883	0.045143660146908994	-0.06546022386790308	
-0.06792570482767889	0.09398205098387223	-0.09021882161550908	0.09149859098480538	0.009531381811269566	
-0.5402173598297623	0.6899638040508204	-0.8143972091036173	-0.6593467121697686	-0.5622341507892927	
0.04356609084351801	
