TESTRUNID EPOCH: 99 L_PCC: 0.8696851109013061 L_ERR: 0.005274474733839018 T_PCC: 0.8036078896958115 T_ERR: 0.009828517914306325
180 LAYER: 1
5 LAYER: 2
1 LAYER: 3
99 :ILEARN
-0.08362795268169039	0.10757150443348454	-0.19424191310583153	-0.12005902950086098	-0.14366413416005783	
-0.04729023691138822	-0.08673181579820768	0.007570007725832623	0.006987045089069232	0.03820285106882362	
-0.040426472096587465	0.05575031367226777	-0.09154244498748057	0.05189947457959505	-0.12013425273336556	
0.017680986935282413	-0.012843037732920623	-0.011660087582323573	-0.08186212199340728	-0.07718000367174296	
0.03570455723102342	0.11902363953029146	-0.08443307308206997	-0.004154776186080678	0.039586656572372	
0.06946605411184076	-0.07665099582618896	-0.10633591521525425	-0.07557772011748609	0.06398013925681158	
-0.07650398808584168	-0.022395905099657748	0.09325509239984849	0.01089533841245716	0.041376103344997646	
-0.07382302350029751	0.06989924604354508	0.00953651816372224	-0.1436060003798106	0.005744474552056845	
0.17435764775751283	-0.02245597934480406	0.07813486080619728	0.16327903554406492	0.016129274433399128	
-0.010605319380101116	0.08590890919120965	-0.06078786086360318	-0.06283728488038832	-0.08492887252980026	
-0.08185961962629494	0.027018956123650538	-0.056357142899345514	-0.05011048888178224	0.003155525500268723	
-0.08820595652506139	0.015790587984682344	-0.07231388260059071	0.015527564818601848	0.037801204285843645	
-0.07169812183560967	-0.020635175551333762	0.03825273542052465	-0.021003448782096083	-0.08796911754649908	
0.06557242828613292	-0.013471097782934718	0.0706813960815123	0.13872208148323162	0.07310031913710538	
0.09175513451455872	-0.08702634125207616	-0.053223800040324586	0.0795801705311658	-0.008125879694896058	
-0.1448408635114611	0.1552637712411508	-0.1281375372119969	-0.03061543191974906	-0.03882265924172661	
0.03264260266365952	0.0656152063291381	-0.011371417946646537	-0.08268914917878765	-0.09725401851505734	
0.09014693780243645	-0.02238581916037753	0.08401869697655244	0.022715991059455938	0.024121563855299864	
-0.022068097359485398	0.04351036942423924	0.06223932506849039	0.07388529280521695	0.04040342928687416	
-0.0684561600096711	0.0997977222401205	-0.024007051949500417	-0.13607325038634904	-0.0036439355053739272	
-0.0254739021877114	-0.004748947485856926	0.08606435504039889	-0.019409684189084838	0.0917404499347514	
0.00922709921607209	-0.08750908080844	0.06586727479207996	0.020490627006181122	0.08311149953928329	
-0.0938747621641158	-0.0555244242041813	0.04787645249074382	0.01041912120542424	-0.11515800423695144	
-0.08104828444433157	0.15234316084285196	-0.09834115179605676	-0.10728193166489726	-0.2164529393823842	
-0.06125779322229387	-0.1233899293803335	-0.062406376852599546	-0.023170947139651364	0.1026012069403796	
-0.08631113079041526	0.08368123155553518	-0.056973784258586055	-0.1780827156667615	-0.14253151380111403	
-0.2925344757629601	0.3503504222767465	-0.42119358102378573	-0.4580229661685588	-0.27397268449997625	
0.01203480571140436	0.000291338615145473	0.06580584064845153	0.14767891722796644	0.11811429968995263	
-0.038332561369673064	-0.0327647527615787	-0.1601753070898084	-0.13581773073292935	-0.14702623625956834	
0.03749185092978358	-0.14340195206011275	0.18345667918888448	0.12553542977711576	0.01614402097700333	
-0.011322700468989888	0.039401691336579024	0.09906476283417663	0.00936197049728251	0.02069101680976758	
-0.006892751313238859	-0.020289470853329498	-0.05667089006515482	0.03383220260418288	0.011853483721888741	
0.005796718136748696	-0.04275277701751465	0.0929577343784782	0.12115885870674249	-0.012530792773855081	
-0.036877157185804824	-0.1246425051720243	0.06213760375311745	0.07162075624851788	0.06582399377907909	
-0.07421708324491569	0.12598252979699384	-0.04683523609888222	-0.0747770135169306	-0.03473381555386927	
0.10341549591563252	-0.020929303731563882	0.037298652743151216	-0.008994840256811399	0.042348123924058755	
0.07519719240148622	-0.10197932148733836	0.11484882147020917	-0.025849301301225244	0.008829708477544659	
0.10386952260123285	-0.09120189207529074	0.07494987288545622	0.04163817245884202	0.11955126456897819	
0.0019092999305349682	-0.1213726002393821	0.10793375000233836	0.10285973010381394	0.12756922958701977	
0.1664941209011039	-0.15739831330223694	0.04007991829394114	0.09860601122096241	0.1673708695370836	
0.06193655168342369	0.03623548397505617	0.044290557962441864	-0.002987703016550811	-0.05432496724400944	
0.047366413850700936	-0.021175627660665018	0.07062776864741815	0.13407932956839197	0.13765271613510688	
0.030188017000241218	0.056296372218629424	0.017144019020983003	-0.004751111500094951	-0.0061352192437033005	
0.07217498565288274	-0.15031401228614583	0.17686691602050186	0.14501998747794936	-0.017915750154680384	
-0.0708897814328693	-0.027874949143436203	-0.09320748735566126	0.04351479012565167	-0.04628386028028525	
0.13285418640009095	-0.020217394192445746	0.13311937991327535	0.11634045672375129	0.13048558374923447	
0.04426952552138411	-0.03304814232462996	0.1218836526918103	0.011542095359178597	0.05469619865143501	
-0.00020469520284258284	-0.07861267632500643	-0.012326976311953536	-0.03764286937492249	0.040122960645000726	
0.014812781070409991	0.03758066139442168	0.0820899978880412	-0.009965279059013002	0.11402261883724246	
-0.029808962508980404	-0.04687514981486995	-0.09189315579438741	-0.030996053056590745	0.01683456416491392	
-0.13356761484057142	0.11816461717407072	-0.08055383725789408	0.0451176095439732	-0.02760204413257829	
0.11862244779493293	-0.0291104737739414	0.09706532720336758	0.015785078127387664	0.07941733401966304	
0.02358064926296258	0.09115325162089798	0.012252235242648533	0.003601216664216586	0.03706242602459974	
-0.04795889506682995	0.042502966844222584	-0.04171524088777332	-0.0560445600578705	-0.04485562990266627	
-0.00013247735250975203	-0.050853595800736985	0.038057871882146495	-0.00261128541595106	0.10994289830576809	
0.0635165586234072	-0.0800741433188123	0.023382810850640503	-0.0004193777300625254	0.09062911693302156	
0.08264900546994033	0.07657354856967798	0.038869991804435844	-0.041778022559563116	-0.044859029792506736	
0.07922474781226158	-0.0023437978475183887	0.05346892562429366	0.00404047489479252	0.043567593992047224	
0.027536457572958584	0.03497333609409669	0.03785891455316783	0.0071190016174257804	-0.012578838712939196	
-0.13525928418562458	0.015630318694980775	-0.1563367799663314	0.03334661311084984	-0.12652892588775533	
0.08793056233041491	0.05052435502407562	0.055959737772911314	0.037082518891898404	-0.043030763220056736	
0.023444585710046966	-0.0589472007269554	-0.02802748134375073	0.03976583844593985	-0.008674107781247551	
0.11048048360557264	0.06149195554709144	-0.032664031070206594	-0.07001704451364958	-0.03822219742463823	
-0.0015354788918679001	0.04862316562646799	-0.08552767204235308	-0.07830485290631006	0.0624292316774305	
0.010479210207367386	-0.002434740488947945	-0.033669990677309726	-0.05952665201964466	0.02475558367834313	
0.016882699918022746	-0.08622121379536044	0.0426532314251859	0.020250310009286752	0.0519262535396651	
-0.06876875956334882	0.04602325213222373	-0.06958990767180659	-0.008607142411421272	0.05687749944469245	
-0.050761972637248756	-0.06689066528007934	0.11336982407722827	0.09388233934904319	0.043380718872228254	
0.09597019927384759	0.07261614164816348	0.07754154537109521	0.07597063436901014	-0.06316274001774354	
0.029067137746533415	0.03477447506352687	0.03062050976500989	0.07871183135853681	-0.09102170075703282	
0.06269903247942751	0.036913362540313945	-0.023591699045674645	-0.02500346505739441	0.037040992096233835	
-0.00232735176248727	0.03154763418001246	0.018583463417154857	0.0804681033793762	0.13019314015411457	
-0.030024794126406705	-0.08137013334255147	0.1030041161165535	0.03051042148944016	0.10691767083371634	
0.01583058795672055	0.10926378004904169	-0.0036879284925572906	-0.005917101458149392	-0.09144418688321646	
-0.05288239983770771	-0.07189881887533027	-0.12834007368271086	-0.004599895697921546	-0.12842605371919136	
-0.0009367028805161194	0.05080994199150314	0.05231414282105542	0.04957095938065158	-0.04011947922213455	
-0.005640164522773192	0.009992328268685497	0.09435548254578359	-0.059908928796613574	-0.04702562729714289	
-0.09112545885549017	0.09783961685743348	-0.058063481247936456	-0.14135326378274404	-0.05705201347850708	
-0.062330327227160545	0.06482838272755814	-0.04874162236265718	-0.10257387097812036	0.008172164220864439	
0.07152952461282965	-0.034925739432556495	0.058984541883126115	0.02383828615923571	0.013792084783403333	
0.08886288240739044	0.06324527364644722	-0.1044824374599878	0.024142111359421143	-0.01711132166231725	
0.04836018412273637	-0.0246162329606579	-0.08816006284415157	-0.12013299953812517	-0.05813598227111413	
-0.09582665674629344	0.033794826322895724	0.030938104213323513	0.01827146689083284	0.027971288187389604	
-0.022240726408729088	0.0458928594425361	-0.010364914188167545	0.07912791901135051	0.028141174538297505	
-0.06726244626115975	-0.08826154393000973	-0.11201867703236941	-0.1035602210762823	-0.01589231561174963	
-0.07760673566371046	-0.09777351071384204	0.05709889649381327	-0.013938546315313442	0.05027408607374176	
0.0007783158009672035	-0.02675828939722059	0.014171737356983207	0.01534636952078762	0.07133629621723273	
0.008205746898418142	0.0569873564569555	-0.06699578338387427	0.06937683439764462	-0.05475235764492724	
-0.03405041230053075	-0.04994225844789159	-0.06889342434745221	-0.1581872684285973	0.02375737533122289	
0.09772343540864206	0.04823796893655494	0.08348140907263901	-0.07387750137973592	-0.05805697443397284	
-0.04787082200770094	0.01512815784280239	0.07938175892468316	0.09732663379634512	0.05306609905140534	
0.04014702107759291	0.0795456490824285	-0.015840810688114586	-0.04706300361718068	-0.06877774510968933	
-0.07094495225151436	0.06243397788609	-0.07667484302007375	-0.05326641318684342	0.06626099270927775	
-0.03747278950949682	0.10447138341443862	-0.0636898703077546	-0.008489940161607364	-0.04268368970557258	
0.0753553873304285	-0.023579676839252408	-0.0381274110616877	-0.01871179181585757	0.07107801697500966	
-0.10289462574125202	0.04548544764612184	0.06020825095924847	-0.11172008295172972	-0.011916850249418234	
-0.03913281765221625	0.07208591956919444	-0.0013948594491803724	0.02543130583916555	-0.01941260930807113	
0.08678714726687163	-0.07248017422905591	-0.009021570649299225	0.08343902301068357	0.03381084724333261	
-0.010272826211924374	0.10171065556807667	-0.03711513525374895	-0.06981239481850586	-0.04302544794929363	
0.09671401357555785	0.0817954138994911	0.06631598408217527	0.07658432111647649	-0.05038235171594861	
-0.09276427515689573	-0.04645058042832514	-0.05165484681477616	-0.08073713500398468	0.008542962876912934	
-0.031289811233065686	0.07534694611834213	-0.0963989020757091	0.012385658393810587	-0.07641208783511066	
-0.027916308890093024	0.00749095706464706	-0.1492792130928684	-0.10854033748512087	-0.020886994813895974	
-0.037357214855123264	0.04069320944951118	-0.1091818053379105	-0.032334316316125454	0.04805098375807852	
0.0997977971567118	-0.020261212158535893	0.15246146240444117	0.12935926750841062	0.06875909647206024	
-0.10062059298085824	-0.07599014554131722	-0.10604189220212404	-0.024314373375247958	-0.039531921478864224	
0.09095037081724866	-0.06296033759303585	0.08827518403856091	0.04615545789759567	0.054632753497860606	
-0.021344281874629407	0.07115655419557444	-0.08061418023453183	-0.16216319416781277	-0.08983057396209371	
-0.027834409642662834	0.06868034530954327	-0.05922641429622123	-0.053372712642881306	-0.11040996623308233	
-0.027770437134707098	-0.001166669976677151	0.052664551380370746	0.1699209559679496	0.020058111645275954	
0.021038054009066817	-0.03469574854260746	0.10924006845100755	0.041090793529695385	-0.020979042912266144	
-0.04592354053779258	0.005605227507281608	0.013452591119362268	0.03726497307811992	-0.09073306156839608	
-0.036679605948224184	-0.0417197395639896	0.1259968994192052	-0.03960268886573834	0.0963050395157491	
0.03882159648007266	-0.006201216344981699	0.059441176683013276	0.00813482239502377	-0.10408684276963291	
-0.018679883008649978	0.0753374445064562	0.03231122045624656	0.011000269095793887	0.010027772266755318	
-0.03468799532042315	-0.003517830526643064	-0.057236212126378735	-0.024349802505998063	-0.08782538403417256	
0.023331408818449674	-0.020107646163589305	-0.012651716503663856	-0.09194585396950906	0.003122741738844163	
-0.019406337891189684	0.06844022949716767	-0.06506023648688586	-0.0872291784959183	0.03624968924271979	
-0.05219098551840236	0.06300258627555151	0.010004341475317674	-0.08996798088838052	-0.07797342070560476	
0.004138425782650006	-0.1207844048553428	0.06411833903494914	-0.021801741494657675	-0.0043848257327563905	
0.058733329947689816	0.04141144589697433	-0.05785616653962542	-0.03226972798017023	-0.03536519933077377	
0.12764175664825322	0.00951999631563643	0.05618406541489531	-0.00491650306773699	0.10630043248749405	
0.011682477061203173	0.06454022005048782	0.0601458560392876	0.009596774997028407	-0.048837166244712155	
0.13509002481039384	-0.1056486667311631	-0.015125149486362425	0.024186298425348723	0.02755259109800772	
-0.0754758264286794	0.05441157243711369	-0.07566960630374736	0.003648413679994526	0.03627541588332476	
-0.041260161171365474	0.007406177611191222	0.057154178992885475	0.03230409299466811	0.03224140769128022	
-0.013208268872481874	0.023541726139070643	0.11283086882292723	0.004203725512849888	0.08291693887780731	
-0.12427565676161306	0.09570871891974958	-0.12653370129422928	-0.07539166298459848	-0.08277682153186194	
-0.09494968884084673	0.0895973813187794	-0.05696936380747901	-0.02084619598039027	-0.019618709087865203	
-0.03091339697748108	-0.09591955560847597	-0.017164889493956725	0.06066770153190905	-0.00268023165216317	
-0.00488470236573305	-0.09828438569679558	0.092560610194122	-0.04683114680277354	0.12009306097693796	
-0.04519625118340134	0.0018751782388285862	-0.08209215380520854	0.06162759097250014	-0.04833045109353061	
0.021922794377748724	0.03425948469869696	-0.04742512892267202	0.03057550985297305	-0.042300208959076505	
0.01783920726432312	0.07114227294026929	-0.1082797412919022	0.04035601376392773	-0.13908410895708848	
0.05398868847404754	0.03045882004999386	-0.06860067354806973	0.01163638083608682	0.01597756239559904	
0.13725196907796763	-0.07475120868607515	-0.05328771319534024	0.1254022306000848	0.11480417350903185	
0.13698246546188592	-0.06886691748612016	0.1692049244580123	0.16680675217817773	0.07861129498339295	
0.01651596120749057	0.07903347839708018	-0.04474551588306756	-0.07181222470088969	-0.014155213906790878	
-0.12862885433740973	0.07470889778204201	0.03956629823424391	-0.08173473789766024	-0.11158084803750704	
0.006763788763851642	-0.09248919380788216	0.17221961448002343	0.09030798998308075	0.024966998927351106	
-0.030112852426644285	-0.07811325387180441	0.07829617082592905	0.016072450060342223	0.0374299115851013	
-0.003547666381036176	0.05548623470147361	-0.005726563693171389	-0.022307855102975997	0.04037172633343125	
-0.02717587308186274	-0.03842917794527501	0.0023884620699287846	0.06785787155928508	0.10479976573494075	
-0.03624012423190554	0.07786770364897276	-0.03831325965411035	0.008717113794259549	-0.1042959597956009	
0.008065069086857021	0.06416094124905937	0.03538516433695438	0.06453922786175269	0.01627685611914952	
-0.042387158401706364	0.10022505089207467	-0.1349032660736856	-0.020402317374373764	0.04645467472670252	
-0.0070340586779029345	-0.05747948059416547	0.06616628741646093	-0.050820766244927006	0.03274139778840051	
0.06869748476960631	0.03765529624171555	0.08835892536429933	0.13200129977392094	-0.03955386104360495	
0.1287708370770064	-0.1133854914067982	0.008200446577734059	0.12153300859112168	-0.06738102680527819	
0.05988620477901887	0.08203454854153601	-0.030645938240706185	-0.0694992369548989	0.05016410067579046	
-0.032048888295077356	-0.04535657919108577	0.033179257754182866	0.02731356703611855	-0.03705477028063582	
0.08235438269352187	-0.03134715237172468	0.05474302661377682	-0.0005661646781734	0.01314010422181403	
-0.06643251675895816	0.09942032355128956	-0.05648218558608548	-0.09626203986934664	-0.07800162254008111	
-0.10734570192826226	0.05527452452476252	-0.01419332650044673	0.019978849596257186	-0.019315027380893315	
0.05623987148399974	0.039020488605181015	0.042686457875317003	-0.026353825938762572	0.02146059980924338	
-0.0453040003604706	-0.05376061225995625	-0.04244544136318781	0.005999393521398831	-0.03372827179232588	
-0.01371047667076425	0.09033817833959625	-0.033444105724051654	0.10007485278326	0.030188854444361948	
-0.032342827193957556	0.07874922437992334	-0.00036690258588821935	-0.07552641811831225	0.04134755246964212	
-0.013758959721012648	-0.02637974333347291	-0.035685978055284034	0.027338568038387363	-0.05156697078258726	
0.06818502059799214	-0.0408686081166968	0.00915960175362978	-0.005472814567251155	0.07488330099459006	
0.061570490185417576	-0.049109290550605075	-0.015881706205276222	0.045334723260792555	-0.035378500971440255	
0.11490250780271462	-0.06652287452691351	0.050856911252305174	0.05643579053200511	-0.029573978319615953	
-0.08555169372385116	-0.0238091176025073	0.08694088619952842	-0.03504821827821646	0.05871009421160327	
-0.02263865506066173	-0.0667488266011229	-0.029115135730716852	0.07632851719734433	0.07491008926994747	
0.05746238159244089	-0.07195905283360635	0.06079370913549586	-0.0360608961539592	0.002355382520361722	
-0.002853764828938673	-0.04679436398156127	-0.06940702639215864	0.04070129696197097	0.060620897611856114	
0.04827019751717684	0.009760081696782252	-0.04322416197816559	-0.05435536838497014	0.021913573266872027	
0.07775690726934865	-0.060646302961377435	-0.02642572064125588	-0.03601971466257458	-0.011102357177756905	
-0.08305628822432472	-0.013149297036273249	-0.0769414545934784	0.04695999922613592	0.037943974687431596	
-0.05856675608918308	0.052523853515760624	-0.13150648820746758	-0.04470996071628982	-0.08514281134830975	
0.05026215676836829	0.04756166897039027	0.0017479995855284726	-0.09202631163641205	-0.022796870065038298	
0.12487924936913411	0.06830738452352578	0.0521390587088971	-0.0546368024783767	0.049083897186557826	
-0.02295548974691804	0.02129910282080975	-0.0628285448189615	-0.017641082900892724	0.03647975037895513	
-0.01617036551830887	0.07636159879612364	0.005384327615116859	-0.1463886464708554	0.02914618658767225	
-0.05240940097846423	-0.0919632660294605	0.02205410452499707	-0.04971802801199806	0.054697513716524725	
-0.08268672447185343	-0.048235185856441994	-0.08944361219513605	0.03499499990733829	0.03347100010356923	
-0.01851232044431158	-0.06863129956334367	0.05009606664933855	-0.03354156905560359	0.0609943822478334	
-0.002334431179408189	0.012742665224471948	-0.10651308419863809	0.020708680823810464	-0.03507567077780018	
-0.11273866511650975	0.040736656539785095	-0.09364585184682568	-0.05146126743503342	0.03664406179140541	
-0.06148654054852824	0.07756536641112019	-0.03844023105116716	0.03974334354252351	-0.06476077061942001	
-0.06870284261300232	0.09615066643251503	-0.08588468159128078	0.09744607938208112	0.009660825697910495	
-0.5142669398988001	0.6638441656045883	-0.8390125144029493	-0.7712497688012013	-0.5540843763754947	
0.02752630279479573	
