TESTRUNID EPOCH: 71 L_PCC: 0.8643659815086487 L_ERR: 0.011313042394407127 T_PCC: 0.7844138535165547 T_ERR: 0.017329347966629938
180 LAYER: 1
5 LAYER: 2
1 LAYER: 3
71 :ILEARN
-0.2000169192112834	0.3436489951409514	-0.14060445213154416	-0.04253553953286044	-0.4064244538166125	
-0.22199831098921335	-0.18855769711590453	-0.07214752705635492	-0.014800431081630441	-0.04131780116513905	
-0.14391428684401245	0.17810479683755615	-0.11107701995363753	0.08877589506303983	-0.24270846972881602	
0.35959813468952456	-0.12980851273566205	0.12145911512900344	-0.01974724013457883	0.34914332019264716	
0.021023947498116435	0.29450618578293214	0.027633566323579325	0.05216475044924236	0.07330117564279591	
0.030005341938306826	-0.04324637894765381	-0.10714213989654583	-0.0578039760886826	-0.10412665987128142	
0.08793278914277526	-0.22047412616962148	0.15196389597902973	0.036382316968353826	0.2461688457873702	
-0.12299510438383203	0.3009990334949497	0.0004940289688079723	-0.09676539218296559	-0.29795721690673316	
0.13340331690400167	0.027738225460818573	0.00827606051591641	0.06363643558167478	-0.17733579212658523	
-0.08431959121315592	-0.011548021739792011	-0.037414777639063417	-0.045549490346208435	-0.12719556077517682	
-0.2896600242155674	0.13235538837977212	-0.13864009457145623	-0.06507518525179001	-0.20500603078860613	
-0.4654089110693394	0.32742802088042855	-0.24619392344119526	0.010734769188138966	-0.4524189995281431	
-0.34322202461329154	0.13751647009746418	-0.06295002289520567	-0.040065106081579975	-0.4443345248443312	
-0.43909851250459514	0.4295119435880873	-0.18272491160119836	0.042838571455437034	-0.5101463112680829	
0.15986346197342421	-0.1459337462891509	-0.0017897690950715657	0.09101130331299023	0.019064063663245596	
-0.1740610972231399	0.31961302845691586	-0.019873578107153397	0.0507661549846918	-0.1361957227318988	
0.06539804709191023	-0.07867989948121817	0.1107462599979064	-0.020757560283954965	0.01663976872725707	
-0.07729099596715791	0.12891050796792872	0.03553526018492893	0.015836745166922975	-0.2083115071618745	
0.012149601680460427	0.1550773068064919	0.04851343498033779	0.0005416068909367123	0.07747751831592538	
0.10760971474802208	-0.26403183771094824	0.14900064350558034	-0.08705823790945949	0.31257568042381717	
-0.10067331175279554	0.08501760810883413	0.05894504356581389	-0.014396822195506493	0.03464560054257986	
-0.032466184257928	-0.06313439944144204	0.1113109218355438	0.05463808788126169	-0.04850216083734383	
0.1408397089958966	-0.4317017215073914	0.24293436696205903	0.07771879991869124	0.06479796880766411	
0.10801554431872681	-0.1502589740335688	0.18324089297317098	0.07428196970011972	-0.051832006589593034	
-0.14423237122997787	0.06227207126138776	-0.16617834953797822	-0.04061882846965399	0.29506230893921515	
-0.09831877478790019	0.08743481200332957	0.04573140756560882	-0.07090921559469433	-0.3133663495271322	
0.03749856731175634	0.043828981591241295	0.06661174886710292	-0.07632955606077534	0.015601255928712494	
-0.09220261821688275	0.07440874535697209	0.002589332802521423	0.0961838699818404	-0.04526248381743451	
0.03100836964509451	-0.0967429031536088	-0.0453397441983161	-0.061414648266407225	-0.19923125439510103	
-0.12443813165458091	-0.1436820437646166	0.0004974243425278483	-0.002195859596083338	-0.1247216241939681	
-0.350858716712016	0.66743326262889	-0.1920131836152673	-0.1236814496781014	-0.46450609013524546	
-0.010268182437899332	-0.08103299394498302	0.03481558045768767	0.11222920097536898	-0.06507469904173749	
-0.15560217504862686	0.24870486552092058	-0.0807391274668007	0.020480141406794453	-0.3588635584744521	
-0.2627256163658477	0.1877342438819943	-0.10146614820220294	-0.0014411492218759235	-0.21932182852771273	
0.12565028238962198	-0.2940182954240989	0.17654202885683168	0.019086293646482698	0.23015556723430686	
-0.08645693872808853	0.11837300745801545	-0.045562507209142004	-0.06662637280331023	-0.15588950265045382	
-0.13658909446754386	0.041873785367926	0.03337085571570564	-0.07751839447568297	-0.12683372345981375	
-0.062051616221076335	0.08942445644887925	-0.008724023539432397	0.004570505692591907	-0.16760373953759783	
-0.07418768512835879	-0.07904916667997255	0.04875309491482643	0.056222702321206755	-0.0237668403524088	
0.11007314081630179	-0.2708665084175464	-0.0405650164670775	0.025426339434258975	0.2082069093787065	
-0.40357721021552506	0.38186960031300776	-0.15818038345851748	-0.014537652160059974	-0.8525259580381809	
0.03269150377147971	-0.0379208049525304	0.04874806568486705	0.10723962900424526	0.08807776833573623	
-0.054646040965606824	0.13199613986560954	-0.06645870838488863	-0.08414225617145855	-0.23359390350271064	
-0.11108168838790462	0.0370179062349055	0.02474461928182809	0.06650300773130008	-0.2819859849257684	
-0.008417204809894874	-0.25982931214696287	-0.017387644977590024	0.07549738627119194	0.04560973020332195	
0.15859469321026223	-0.21475414037386126	0.10459725998212248	0.07886182707609143	0.11829134603333376	
0.02678638147274551	-0.23696204729897816	0.06791207968687692	-0.033143729974680215	0.00562767310029404	
-0.002423419227003403	-0.06517632521248595	-0.006046551149734648	-0.02345415030444494	-0.039168226210633705	
-0.02300061789930345	-0.050379501762281446	0.021484908568570965	-0.06477016857269759	-0.10788436224500557	
-0.006185171614716906	0.0007129411782710288	-0.01660954591369603	0.04350315423438089	-0.021811170289786158	
0.07981252654519201	-0.07654036402436092	0.0841876714128526	0.12053015025807867	0.33074557100855884	
0.028491858844491864	-0.025290932303278398	0.017593705078609755	-0.030220731523374605	-0.025680726775916197	
-0.2612036073109444	0.43194030087908225	-0.10591448917889791	0.029929162144815755	-0.5067910589965314	
-0.37150766664321705	0.5213714728651495	-0.09574944976927693	-0.029424039189075782	-0.41303013649141623	
-0.1906083152175314	0.05317345062694997	-0.05237274323341205	-0.017672668083276943	-0.06418593654014498	
-0.4017122673907557	0.31787332823763265	-0.2513566388234496	-0.06715444418405639	-0.5245894053088932	
0.25306520061885146	-0.25591038917574666	0.09018398597448435	-0.04226638567052592	0.27792830738121993	
0.04990992784940283	0.11773930052901485	0.08199228618496346	0.024546530109723835	0.09706733611893091	
0.10561897044479716	0.300012726453039	0.05428590285939762	-0.009157179985664503	-0.011024553364575116	
-0.01578130222406572	-0.07917875446496571	-0.06464737794166912	0.10272873961258489	-0.052826905866313036	
-0.11136473240479493	0.1634580284841776	-0.01979178969635289	0.00435753721758194	-0.22050943101458378	
-0.01702666440252239	-0.356709782567098	0.003388249288772291	0.035141386027971976	-0.11583392049595713	
0.3065620938097147	-0.10489170454491278	0.13195807465484852	-0.05635699561575693	0.15762395681599542	
-0.03712320021702956	0.16403629493546465	-0.03594798271977911	-0.056297390814699526	-0.09098416258338743	
-0.13394997376594367	-0.0834962669980647	-0.06063747860817115	-0.07486619325857652	-0.11704779945623793	
-0.06655259128058501	-0.3316878215139837	0.052858005067231865	0.014541447070511195	0.037327626952017516	
-0.25670371107931	0.0773180461333937	-0.10662375482699832	-0.005924891447613636	-0.2894339850294006	
-0.12677854832382998	0.20198508740594856	0.09390088812709127	0.06507255542232439	0.09761743621465827	
0.11471064447552143	-0.07834724260536137	0.11428163243420626	0.08072835926694735	-0.09349683295924345	
0.12208111143719777	0.06442836559546199	0.021705908055311054	0.07914036250141585	0.14655627345622607	
0.00806997649386545	0.1765409886997226	-0.07376619973915428	-0.03216986024548581	0.09267337555543151	
-0.09022351947695528	-0.11330734447920857	-3.2189643651522055e-05	0.06207379449133066	0.03616960101157982	
-0.08787763047573331	-0.07396685854300408	0.05720598682309435	0.02380141844171355	0.14847509548773122	
0.14786193462981465	0.17303148506339602	0.008050595602102875	0.02333058939815498	-0.05768290243765506	
-0.06859163563492424	-0.09812963244265382	-0.04817014772978575	0.05224880500706519	-0.15492882769031535	
-0.12756499558965056	0.00352287091256836	0.080878707276337	0.038646896563331805	-0.2582302397291113	
0.08025549910423715	-0.26666889395569726	0.22182939041100494	-0.04472032947408091	0.03777166730803715	
-0.14880748933138555	-0.00136412597205894	-0.05963443693759254	-0.07690509606289518	-0.2161293137118198	
0.095439254341713	0.044557926325779144	-0.007466279895026691	-0.08182289009197294	0.12016247769854599	
0.07307166816189871	-0.024980630460835887	0.03274385843229966	0.01465678301127552	0.102894279434879	
-0.02932559496143748	0.18780549300979768	-0.1350587071694896	0.043515365434593466	-0.1388235677296857	
0.07210944185360825	-0.28235801200688987	0.01810423427770929	-0.0709451010245245	0.03995471208178769	
-0.13533060698281194	0.05803097004788104	0.040686864211273294	0.0444117188883166	-0.044051452567683995	
-0.006360902622765286	-0.029017725315769606	0.009311464986002643	0.07359261279261457	-0.04955718105689924	
-0.1287020521797729	-0.07541918603264679	-0.07148278161524536	-0.0784057698545207	-0.07361060130900862	
-0.42226732244484455	0.016509461334105635	-0.060531295736947	-0.026297860525878555	-0.25104979405616984	
-0.09194932645917794	-0.049834267436343054	-0.007683571932633041	-0.002166594048831764	-0.0545920358847167	
-0.07557886637027661	-0.1631907343532769	-0.11827328235729032	0.07280281568023954	-0.09376375506221289	
-0.037065848891066705	-0.21340486405041142	0.022201338434450817	-0.0995681141430915	0.02627462805580317	
0.042791070922878066	0.4909408709861624	0.06872689146939388	-0.07606473744531572	-0.256000820610776	
-0.019050553877375302	0.1528431040083975	0.10135996487020717	0.09752161765643672	0.08035583957479948	
-0.1520378592899636	-0.058974410126979994	-0.0541810289864605	-0.04783669055620873	-0.17013742702405324	
0.00649258178719587	0.11800163501882775	-0.027720928382171325	-0.04803146384327986	0.17739944251241535	
-0.0686268408498411	0.3061542786866164	-0.09207362512086495	-0.0024369360723568837	-0.18230605217460635	
0.03155948537113855	0.08384285441975337	-0.03985105462303545	0.018447282396679955	0.20145572927735644	
-0.14315361784057204	0.06673888936223384	0.058133231440258226	-0.08946081504348131	0.0172198179459753	
0.2611116095014405	0.05029458714320018	0.148874194027392	0.05356850949287031	0.30616668411977865	
0.05313499599239934	-0.22847207662509045	-0.07737533008595567	0.02820609623815621	0.0381484978965113	
-0.08040955626351817	0.23533617998508127	-0.033124916863859835	-0.06406592310473687	-0.13036623506315193	
0.2392235849424587	0.3346064691841459	0.1629542810431282	0.0884829750004357	0.006380969549281005	
0.04594776018371953	-0.007802788878701782	0.04023705670498904	-0.0462921766789115	0.1329210335965602	
0.08141891347773417	-0.04222767316896847	0.009590026277605928	0.0682616077029456	0.08656102024129288	
-0.14098284505418937	0.03218354474948533	-0.181402188129913	-0.05514658777542101	-0.13484100691858533	
-0.05812627383421576	0.04485959626064756	-0.12272242791173552	0.024630538382531375	0.11118399467629525	
-0.05123093600571482	0.123110688372063	0.08834972149877618	0.0821372850589002	-0.15476094648648872	
-0.27551815817656244	0.1331143240987296	-0.15863511763895177	-0.0026214482897275347	-0.17394515177133488	
-0.02957995399298565	0.07018287718637853	0.03408855885948008	0.06036178232377719	0.04923407188279321	
0.10317316895021175	-0.11824183134279216	0.06080890565156255	-0.06868356045980249	-0.07120382498135301	
-0.06143723659400864	-0.10472984189247635	0.00794420086838762	-0.0009420938021423716	-0.12409758549336358	
-0.10104643367662908	0.1290936072843226	-0.026316902823515766	0.08797715271588342	-0.07479514497405405	
-0.1792349013747448	0.14170306481873468	0.016232485763773348	-0.0225345411901409	-0.22869190297336198	
0.13100966093097416	-0.22190079732273185	0.13776977528076945	0.08356680360173732	0.21538233276279886	
-0.1039983098328174	-0.030852967620544538	0.08390872260656636	-0.1043608206377064	0.12211997723947611	
-0.2572584949639259	0.051567852216781125	-0.004990942288578783	-0.0016202740166920745	-0.5685331182562338	
-0.04377770160291703	0.14641912135071736	0.018009427092235585	0.0470039831258433	0.07622258910008878	
0.009796650458079488	-0.04763895689251922	0.0038921779828090817	0.04250735145458061	-0.14791807526560347	
-0.07014419774508472	0.055087265234323626	-0.024319018143847886	-0.04665645055588211	-0.1582821618771323	
0.036895921412299366	-0.1256771808632064	0.044095460521521135	-0.04301569975548248	0.1321563359539874	
0.030331150696980735	-0.21028743499455077	0.12103753417200713	-0.05450112232998621	-0.004140004762062435	
0.08460938229518404	-0.0394168043126561	0.04628207379404026	-0.09272907925987783	0.06349492901253048	
0.04120481405468627	0.31462602003128187	-0.039507354182068445	-0.05335449569576373	0.11219530754559512	
0.24560367243726514	0.05585366833466219	0.0649729223130045	-0.013397639335994846	0.27591026962971826	
-0.058022611331884764	0.010782631549548742	0.0006647196065743222	-0.01086151367951462	-0.2371386466921125	
-0.1383292515458101	-0.1126208355822959	-0.17058893271275447	-0.03296780890801886	-0.5130952003885615	
-0.03228153321389201	0.19152594993559757	-0.07384357076204894	0.03267049422797676	0.04933090602627627	
-0.15106579610951476	0.05770067710315254	0.012882778613457612	0.030370612163304618	-0.12399926558341087	
-0.25052447854355564	0.15965342604094096	0.005979726466231724	-0.027614540447973658	-0.338804423144202	
-0.014074151742928228	-0.030501469885209354	0.0001701933000092748	-0.0012131597546751912	0.05043613929265736	
-0.04924127416615713	0.09338611427914763	0.012665709592658596	0.011074962689953543	-0.09647291538368706	
-0.12994780886542362	-0.10135806189632783	-0.08200295597377576	0.007924428710590499	0.06132788327745441	
-0.09268891703302504	-0.19544289107247145	0.03905449873925779	-0.07396285742337663	0.13404472402437162	
0.23218228657208778	-0.34146594420352894	0.04032001245293244	0.08934833566793428	0.35119643575017256	
-0.05416097588851975	-0.004221948075667386	-0.09460538484601497	0.013166334410777957	-0.05246008566919707	
-0.019127823509732012	0.33706565275895223	-0.13178229265876937	0.06645465621666417	-0.24371044394642688	
0.011812154526259716	-0.15472812449129056	0.07454034481634683	0.06848496675041321	-0.06913163556554758	
0.007357960695804807	0.015361461310376584	-0.16195290048795496	0.07357593183586356	-0.09543549471648907	
-0.194552480550658	0.007568945663902829	-0.046304596098312265	0.03303386225448882	-0.3360551720554385	
-0.07992701501390952	0.25136482345722133	-0.0020648339050173842	-0.014817098308622398	-0.09994187164624518	
-0.021363426274102346	0.2542802366429654	0.10800890680609873	-0.05236482205827744	-0.011249581980816504	
-0.18126263634331027	0.07383248138419772	0.051282105295186106	0.007494628990966783	-0.03187201082118085	
-0.14046170773691993	0.13163299867896425	0.011701885952513771	-0.030971183435822048	-0.12459676385621249	
0.08876515506770459	0.07961913959397315	0.019445923571017844	-0.01630663482363826	0.18041611403193764	
-0.21515065576268214	0.0545946049674396	-0.06781175386743556	0.039936389585818584	-0.3107594264245516	
0.3059652773766443	-0.24799135277147613	0.1321725405695153	0.06974514171905709	0.2814548564175808	
0.0682744404654166	0.046503436616288404	0.052809741519253994	0.07286972326227419	0.0591143408759858	
0.12266532691665374	-0.02984003316041986	-0.017597945910509685	0.02268331203658389	0.09323112601551996	
-0.18792403355170595	0.18672623720106024	-0.024944362014821565	-0.04782067821057016	-0.28637313376301526	
-0.04019588107123192	0.05212882837121623	0.08248553961115271	0.07081569082864438	-0.4141426822099672	
0.10350663680399469	-0.28272528149789405	-0.009251628423027465	0.09560207059743005	-0.17406483090541133	
0.18462903992722504	-0.029464036402381943	0.062295224130567456	-0.031195536059879004	0.36551877504270186	
-0.32797982499031475	0.37515308586421814	-0.06462543964535704	0.058411380487427236	-0.2652511585598055	
0.12437696394496113	-0.07646746699560975	0.06729841627215828	-0.006620717369160333	-0.0021866124293363643	
-0.030748401746122242	0.1418745616316251	-0.02517023325370887	-0.08579572876118924	-0.012412383902927636	
-0.482877627056611	0.16325057025504489	-0.1597530168775258	0.03101600121222602	-0.38258850593726124	
-0.117130804702835	0.22516754674899886	0.010650766647563885	-0.015019029245735425	-0.1613829607227334	
0.0028477585131795823	0.08463867716982133	-0.048284360214497564	-0.005773112091271619	-0.032913386845444065	
0.1527723285171772	0.3643883410107483	0.03676107085026471	0.11361034071375418	0.3236338024808617	
-0.045559689603163575	-0.09592055001788435	0.04767084067470927	-0.0548337554705365	-0.04311959196466181	
-0.08148296759073705	-0.22826358778842598	-0.06079867986519835	0.0347632933527243	-0.07877302513759643	
0.23018930840693966	-0.06736816467955462	0.09209017041006826	0.021625686133527295	0.4454130431859993	
-0.21404718556450164	0.47038566277523175	-0.1459576629548161	0.06854253844268046	-0.3455512407058629	
0.08339559987273569	-0.18348986269015913	0.12433749749051294	0.07835932849024295	-0.07002493484736132	
0.17661891109665429	-0.39050519716718524	0.2705814472453726	0.012432061041486333	0.45276905261164624	
-0.06198692270547017	-0.13941996975214163	-0.008029328054122889	0.0753286588549536	0.04096425537131049	
0.1392873370084269	0.1589981955491512	0.11622354818001115	-0.04703475946548549	0.11638663014615654	
0.02233299800568516	-0.15804546722484386	-0.005581253941400941	0.05671036181376972	0.08368948761900803	
-0.1106273900024321	0.1281896568962312	-0.05822090777066281	-0.045206419898846786	-0.19191506411216744	
0.031280775365530006	0.013138946215974615	0.013503988886138726	0.011929309876273648	-0.054928741988661364	
0.11005676704197064	-0.29951118004146887	0.10314366271902019	0.11397590884862588	0.2927871555108978	
0.05769965705430729	-0.10172478753882021	-0.14907490135830953	-0.03796698115001591	0.12265615734458248	
-0.4841186187668253	0.6051645186223803	-0.2976897580208316	-0.13831765123905385	-0.8605159126237728	
0.36550010017212387	-0.3357679669368071	0.2505607755582283	-0.018168015106665745	0.3833627780356508	
-0.02872947025260051	0.015685479966240947	-0.094945381695432	-0.00581916724346881	-0.021655399950915415	
0.17231155589321567	-0.20734384588268812	0.12573565333321593	-0.08587213457804609	0.23062348852381181	
0.01944421056421186	-0.24801358177593527	0.07503261318249596	-0.04769548319383646	0.19914376057154687	
-0.195533482568291	0.049676952836176035	-0.0931508754016713	0.0597917816959325	-0.10162087306230198	
-0.13717249580905175	-0.04448747703721019	0.015894767475473713	-0.030490144303655035	-0.09181460368142677	
0.0028289643484053426	-0.10917547897546555	-0.058226649609667544	0.049918619350909764	-0.035650987517526475	
0.16289804029965335	-0.3281085272331855	0.07925570233888368	0.017902314915027875	0.4328554995152327	
-0.2632910262081579	0.33220820647544697	-0.2007492110300634	0.027647657604343703	-0.2546167342441159	
0.05693493755053354	0.047694680969068266	-0.09517283267684647	0.06646683896222368	0.1658525544899307	
-1.6936716091697803	2.575909663231278	-0.8229957657651312	-0.0042286367838512235	-2.472897869624377	
0.6664100425239237	
