TESTRUNID EPOCH: 46 L_PCC: 0.8316676893309308 L_ERR: 0.013790799703476414 T_PCC: 0.8207987008362191 T_ERR: 0.01463420757097651
180 LAYER: 1
5 LAYER: 2
1 LAYER: 3
46 :ILEARN
-0.1509766701172398	0.30411170683009153	-0.1863676472941166	-0.037472827425199154	-0.27558809113961674	
-0.1517598603301702	-0.03817775032267868	-0.09173632589834335	-0.022142790459895877	-0.08290300949689895	
-0.02398461157541252	0.11028373332481334	-0.055490511418204706	0.0927294488290832	-0.038146760789415445	
0.3021395059176991	-0.3369726825901507	0.20530629078983406	-0.042639254635040244	0.3926770814732095	
0.013074175441666636	0.33966711656980597	-0.07088841390914946	0.03693181251410638	-0.04674336184798474	
0.0021719434723795807	0.0308019401889312	-0.12825312343726752	-0.05676998903862089	-0.07009232645575256	
0.009134260421738623	-0.08056748693001077	0.15029091287538784	0.02360972512461184	0.12873965920073918	
-0.25716223473640204	0.3246451094885568	-0.03904886221154233	-0.09067267449745096	-0.17623778893691536	
0.08694413692452137	-0.018764567286731405	-0.019406900600618893	0.055726699121946395	-0.10398452947288538	
0.033977675566115494	0.02331976883886009	-0.03793688680053905	-0.043621481856715945	-0.13186815165106977	
-0.19542213241621662	0.10940050679792655	-0.1339793453176562	-0.05322686511166486	-0.20888266858222482	
-0.359494845529586	0.43925708911591893	-0.2516097694220113	0.02610178535738701	-0.37182246267928154	
-0.2337932574202183	0.16735760877637063	-0.07288899412837856	-0.020385788346422896	-0.40510491834970885	
-0.3477104912089832	0.4454521446197291	-0.25457222337591007	0.06625049553175635	-0.5635386553799538	
0.22110181875053103	-0.1464577876461839	0.022590684901403067	0.07701831887678035	0.09286606834085895	
-0.1557865510589681	0.3804771746447955	-0.09576562403493336	0.049666508697742875	-0.06128563601870733	
0.13076818586306413	0.061766824517032776	0.067498679295479	-0.02947368796249522	0.006493535302934902	
-0.015311568936867732	-0.017318405985982305	0.035680549562214746	0.018977146594022092	-0.15876508363985797	
-0.0991041840182436	-0.02308691613366965	-0.03730083756771598	-0.010204696059290391	-0.14484045129134154	
0.1750051106068598	-0.20182156335986368	0.1300630241995907	-0.1042524873488329	0.22413472513830077	
-0.09109578339599737	0.05565067977691567	0.055724722063707065	-0.003290803881698621	0.019418267714614343	
0.04166648404084141	-0.06817513420325855	0.09926707000022077	0.0459895438424625	0.02667471196324778	
0.1518446994580355	-0.31561324504498695	0.21630357912560996	0.05523393549934228	0.10904018529597788	
0.12796593114932547	-0.013123762034869193	0.14129475525343527	0.05862845656199913	-0.05456089108716018	
-0.1404780829274636	-0.16952465334046732	-0.13324091882767788	-0.042934119986760666	0.23041287137313096	
-0.043884271359865404	0.12854824132385	0.03484688265852247	-0.07330886625336538	-0.22370612980768734	
0.03649373630000987	0.11641915862280112	0.02200376281717205	-0.08572960766097916	-0.006920949401216957	
-0.08568203492735467	0.12127395276045767	-0.03502125126019703	0.09031428709015905	-0.05337482448503084	
0.03102534361627214	-0.041464965781934246	-0.08623640558362192	-0.07418291002554178	-0.18067978773872392	
-0.06615929725026871	-0.11216329770791653	0.05172983511341311	0.003923223865928857	-0.04422734318383138	
-0.3769054872630482	0.5545128981376293	-0.19800756298960426	-0.09974963146022722	-0.4631629972351528	
0.0741814476837715	-0.07356455297559615	0.041310097309899436	0.10496639029566895	0.03449378066339702	
-0.2092394277768039	0.278930576866297	-0.11408341462390033	0.0328107204821708	-0.3927207654967583	
-0.25360622871920446	0.14828951784832323	-0.11380022551274897	0.003895650256154077	-0.20886075828529638	
0.15153700234261966	-0.15223256906175728	0.14943850071260162	-0.0019910528883400405	0.1665126388823397	
0.013932018622068998	0.09340195192330919	-0.053197102000493025	-0.0618476339845079	-0.09478194537530203	
-0.02183898045447692	0.05204859908947083	0.020259427306063997	-0.06635569442339953	-0.1348410974017672	
-0.04381243371811565	0.13446029596486475	-0.049286808330839586	0.0014633424319367325	-0.16164247788050298	
-0.06849006553478701	-0.03479504464812225	0.02842747726156067	0.05117231770023826	-0.004849358226350947	
0.15654776930013237	-0.241803739880092	-0.0021814171974066355	0.029442753676184628	0.2414319576220136	
-0.19936694545341138	0.3613552976090915	-0.11022161115857598	0.021732673539437947	-0.43841937756739124	
0.1063545822342746	-0.028874563409344835	0.06208630864163386	0.0957808942969929	0.13966183346980668	
-0.09853112907532481	0.20761620284808707	-0.16027736856235222	-0.07298761436495962	-0.2747498428532788	
-0.049326372097606395	-0.07523457221488736	0.045600174584649655	0.07807382559461165	-0.18952779670699685	
-0.03016547262032397	-0.10799661386963104	-0.06348950573817572	0.06337113661811117	0.035120813579270674	
0.19671265464069745	-0.09361572767610901	0.12955614563878862	0.07819297699324018	0.15162790840788767	
0.06502724213705156	-0.10447884635995805	0.10062249057479487	-0.03358934115188638	0.06190155947718168	
-0.07144453002473168	-0.0784886309032238	-0.03429166009084303	-0.013778537766641116	-0.014327363752490814	
0.030797606200505673	0.1139202683106894	0.032464892077874494	-0.06459918116431053	0.03325065777299628	
-0.05412308934843866	-0.02551385481482544	-0.036899892307140636	0.03233115560687167	-0.07422644473126248	
0.0211750138980806	-0.16521222353724457	0.1083864771817534	0.09224893143882988	0.2517751935772357	
0.10580292962499438	0.012169671837847769	0.03490647227507911	-0.029158486255936946	0.001213539286088214	
-0.1793843754262116	0.38608785979573906	-0.07892004137933097	0.04537913356064469	-0.2953123025712219	
-0.14706467463578646	0.39919296287792155	-0.083951870974885	-0.030517622653292813	-0.21508298651708857	
-0.14726646792522394	0.15037322568025094	-0.08532871701371679	-0.00705183171278664	-0.09252427968496282	
-0.25747134240923064	0.3865014708332385	-0.256983452109797	-0.029806472184588866	-0.39647778496694014	
0.19571277249402289	-0.1384805999316844	0.07729359269350115	-0.054884956243137294	0.09294782466070417	
0.1302876803940126	0.08011729330104228	0.08008417025450741	0.010985219096879691	0.0698290180440957	
0.008873715489968433	0.30590123794518487	-0.011707493628789853	-0.02218637284305106	-0.10244113521320838	
-0.11161051617648149	-0.045202652993034734	-0.08728921816513593	0.08780659261614732	-0.14979831856097375	
-0.008486674683898849	0.1809535320533494	-0.004966917318278678	0.009978243221647086	-0.1796346480558798	
0.10067089046892834	-0.12178261771194415	0.03907612467940222	0.03069357936137019	0.026946819754362562	
0.3412089876027848	0.05199009113237133	0.10677858522340454	-0.0858028272801058	0.18089512807696295	
0.038062003873274575	0.19706313738665826	-0.06035746328454656	-0.06303712795352781	-0.11980338653706422	
-0.02780902312487465	0.0887050581290422	-0.06593118912434177	-0.07512934046917082	-0.07495295999003744	
0.00206775415457783	-0.08308016631782034	0.07441783533241937	0.011584253893534235	0.009757254433741019	
-0.16523105374877245	0.21208985620803975	-0.11262320972774817	0.0021626737258345504	-0.24127514769113936	
-0.0702290251920796	0.09457340021642847	0.07886205783300401	0.053938482447015386	0.025341820105106546	
0.17838217512689256	-0.024241847583014887	0.1543436016975985	0.07369153982389993	0.01122163529358426	
-0.037817076054211585	-0.05484168788878084	-0.00555166504978487	0.07435735910346754	-0.024314475744348873	
0.028187035511886314	-0.0728935242546972	-0.05523298109080672	-0.03300413292166416	0.13084694711174633	
0.03799602284812937	-0.024399669057451934	0.0648720635392331	0.06061417272644571	0.18802107418010966	
-0.12031026090881591	-0.05595222177180966	0.046203816829064256	0.025098024164385314	0.11207030281373334	
0.01040261202329002	0.0718432161164089	-0.025596285431964114	0.01757239811302289	-0.09883918712195176	
-0.09995202615154523	-0.004311950292768186	-0.10327974079034503	0.04483099633103113	-0.2543538390685267	
0.06956355669317885	0.1833743247491086	0.07226560669669645	0.033716215738902496	-0.10841845651756706	
0.1461180140720844	-0.07842636989337562	0.1685957538107601	-0.06027951407439867	0.04822662808991746	
-0.1120305676939091	0.049334480373810406	-0.056549333386333535	-0.08351535658586343	-0.0410065338434013	
-0.016129207164321303	-0.01065716468114069	-0.007028826262320797	-0.08667511671796731	0.05040572182557927	
-0.01598828006036141	-0.07059769459531576	0.006753288263871769	0.015452446013069205	-0.01054435978936988	
-0.018715259885884013	0.2411176453199979	-0.14530040594230295	0.04301993012675772	-0.1563370867985083	
0.1264897656099524	-0.139551909518741	0.016699004898279465	-0.07982587057207081	-0.0017801112605610638	
-0.0035007178588032867	0.10117648021581009	0.042806769506884036	0.04633004123382163	0.011962125091867426	
0.03226204635023801	0.17466280634185238	-0.0376262330345465	0.0729902529792742	-0.13204470943639499	
-0.12836270094158203	0.08321429287196273	-0.089435213408349	-0.08419639355031158	-0.09036043026594065	
-0.19694984008437874	0.06545344564486248	-0.013199608553018168	-0.014434681063577225	-0.16715760002984734	
0.006420586673537214	0.015969469327590784	0.01713892227701497	-0.0002785248196661375	-0.029876106941392862	
0.04562278051717702	0.12258499621514485	-0.13985268050343766	0.06263359954362524	-0.024844125161971396	
0.059864746873675385	-0.08420083143917309	0.007357354774453939	-0.09758372788071673	0.03125834710893051	
-0.143684846607083	0.16718899773697615	0.011863754620588777	-0.07575153467805021	-0.2458674641950464	
-0.11610245908428167	-0.05830584397530983	0.09347716608262187	0.0909529621827789	0.07019103903273026	
-0.029604384994670472	0.11686372977440769	-0.02251819056499757	-0.04485564098300104	-0.1349170672711526	
-0.15424596258865877	0.041961234356443076	-0.08834776366792409	-0.05170476226609822	0.020463081690054386	
-0.10086871547394038	0.09280415660939074	-0.06726239504207707	-0.0016149714470359143	-0.08183929011825608	
0.20376483588574065	-0.027411288652929383	0.06358303838032568	0.01755444299021865	0.25514602040156464	
0.021400298665811456	0.12970230931668206	0.10815151099063483	-0.0913247244365536	0.06592649060971671	
0.2229216321054939	-0.056777915790938986	0.17509820685293656	0.03248983070961976	0.3226813271572522	
0.07288989797751523	-0.1892293111255431	-0.11666349957674993	0.011532031303170723	-0.039253327825646535	
-0.09341309647675325	0.17518368452719163	-0.07172196556197742	-0.058515175417998846	-0.22390848399355678	
-0.0360456301353749	0.1067355846735085	0.06821222132194273	0.07714712650787715	-0.1264402469930238	
-0.06645662296115663	-0.03357801398042199	-0.0007226565389996421	-0.0631864880067022	0.11519194247521426	
0.1629152959825345	-0.10096592594741831	0.016643200461350895	0.05102431422796082	0.035551047949889183	
-0.07610211956943093	0.17691937561122043	-0.16621658365311712	-0.04403774335249058	-0.25473818977637314	
0.04959251968348466	0.02332879528044497	-0.05937043752602236	0.02537509067595975	0.03511483466509706	
0.035467837209414904	0.10388509852671342	0.08765759682381145	0.08087962717739437	-0.030691348473733695	
-0.14228101726395373	0.03931682215245561	-0.13459534953370633	-0.00027071080455301206	-0.2207110255263344	
0.10415867231875338	-0.02919242083846489	0.08450813667693886	0.06402049598978829	0.006331260704656863	
0.1384468586670686	-0.006008695726684442	0.05810884651952147	-0.08825784822035122	0.046135107381746254	
-0.008265510547697929	0.04791626474677524	-0.021812196431608106	-0.002178764660920129	-0.19144840919932068	
-0.23024210609055895	0.08264122601374733	-0.07436548993185373	0.08547843014139109	-0.06605588888548525	
-0.27006736578676466	0.17987641127169257	-0.07096611309437845	-0.017927984895254	-0.26801560520923745	
0.18414563353127741	-0.1594789990382343	0.13414670375936658	0.06496009736409299	0.04718713676858268	
-0.19699266766937457	-0.03595731685086862	0.03445387961965989	-0.10826084182657741	0.018437537949051935	
-0.16967713060310083	0.15598248897092787	-0.04089948243508845	0.02013177415343735	-0.32553122265323753	
-0.05655053639881123	0.1362844848019568	0.043142349148533425	0.042430746790045715	-0.012851819464704631	
0.019913833626998313	0.05405856513148936	0.005980153659859653	0.04175772735816537	-0.12336551133086904	
-0.14656127849459819	0.2436724705466113	-0.07698831621521486	-0.035936218067196234	-0.22836686611750645	
0.013734308591385112	-0.009133603895208705	-0.007622544112579188	-0.05545480614133722	0.041337660995001704	
-0.02339947404368243	-0.10583789501228257	0.08100432514280742	-0.060371702790634675	0.009426062565215302	
-0.1156624865822878	-0.14172632243520475	-0.0014734389842699525	-0.10524222522056655	0.04695261542828184	
0.029176282483771535	0.2868789891402497	-0.08312179183425697	-0.06427213853227666	-0.08820808569309532	
0.2529497436071779	-0.03144281908009303	0.09184584920886181	-0.024077312610757583	0.17512845442730224	
-0.027740594876854888	0.208859946644374	-0.022573319209748373	-0.004437618584330533	-0.2371602250194531	
-0.05284735089923167	0.12200237377724334	-0.17535099265954845	-0.014992571517941497	-0.37169546632896056	
-0.18587727592129247	0.05220023468737557	-0.0896060399190217	0.024871500180833443	0.03235131231479734	
0.044343059433764286	-0.023783721481682233	0.10209467509835302	0.03193385927731782	0.034803232095496295	
-0.1491845467282147	0.2537953033609062	0.005475463584178564	-0.014337237165058296	-0.21912168605285215	
0.04000975234528598	-0.006410074830273732	-0.006627907828215888	-0.019729744449468914	0.06335499233908538	
-0.07462492944676993	0.15947645055650933	-0.059176363777665296	0.0056407089303096005	-0.12932930278621751	
-0.13752890554795805	-0.08874381970263744	-0.08025416053772062	0.005422462481253451	0.0010636299403386429	
-0.11584289089902329	-0.1892502522741955	0.07457850024819902	-0.07503912909451388	0.12716131581438794	
0.27219639274833	-0.30560909617076215	0.09548009793306349	0.06726910661808043	0.2647332799365295	
-0.05204285639230754	0.024990329324089195	-0.06945131464217814	0.014214945058878756	-0.06577077097224843	
-0.0920723681261697	0.12068578810905307	-0.13790805072216455	0.07040482369115074	-0.1875716639652321	
0.16845638984797567	0.053188832127296054	-0.016909015535518022	0.05462112865540406	-0.03177782756669068	
0.20362269672320238	-0.02969821231831518	-0.07420098545761306	0.0810687798816728	0.09526698365285625	
-0.09436297896426168	0.28153044055897924	-0.07013430515720837	0.05565130738406356	-0.295682701259801	
-0.00039897488251532424	0.25865450283143115	-0.025136214043991387	-0.01790297495032876	-0.11120212167750958	
-0.12568004111109524	0.14659252765635752	0.04453837845879512	-0.05624830848908682	-0.15476416146014543	
-0.17660676250555216	0.09860529963909463	0.029047001370566032	0.011494026601644095	-0.11608458007702252	
-0.20041133772679712	0.06642125180168205	-0.03617835031656581	-0.03311532133976998	-0.13428369751277724	
0.10681892930923206	0.03131066884675195	0.03167514530519207	-0.033291269973461476	0.1295834597323231	
-0.029985507914064936	0.026378977248647316	0.003111601655178122	0.03636619587641005	0.09733109668765486	
0.17625795580538034	-0.13576797923666084	0.09746722522274356	0.040687431649082374	0.18373107866992522	
0.016856837206996725	0.0811792654664993	0.07275260904467447	0.06289316060561333	0.015564777261376894	
-0.027690743058877358	0.14849070329692923	-0.11034211669961219	0.014110563061801267	-0.007932000641770465	
-0.1303864961299597	0.20026603756433578	-0.019888200753342064	-0.04360007768194975	-0.20330452707908286	
-0.05805975540007617	0.07574858881688279	0.012442498177175316	0.06724332351634661	-0.2504014467303796	
0.18269692332919615	-0.15022088809695808	0.021705673119778425	0.08275949132281044	-0.05426462039722796	
0.12104131555177652	-0.059050414433341095	0.04249159131239572	-0.04075444213350566	0.24230459178904315	
-0.18976549092023826	0.1601979758113521	-0.021316309974703254	0.08398339397721283	-0.22071927037351802	
0.1679800820970373	-0.028057257526110782	0.07644162819918911	-0.019828459703985928	0.028968655671487813	
-0.02315661259073092	-0.037632854601013094	0.0004744586505698793	-0.0827941046295645	0.02769413954221542	
-0.3057133904496309	0.27554770579965593	-0.09345697689738575	0.04919590334033401	-0.2615255291123563	
0.07833062774490246	0.2200030150532754	-0.05407245355407885	-0.016984319722910802	-0.1912781726622463	
-0.0733546278168526	0.06925104320836771	-0.07886814143936144	-0.01620930115977018	-0.04286329317829913	
0.10507196621806096	0.12753448450826638	0.02450536242294398	0.09398855903984754	0.2137121557275563	
-0.10899334000737436	-0.01869381324678051	0.028687858372281286	-0.06282061048961025	0.007089751908514202	
-0.09976947391384619	0.0634512144579956	-0.07208112784563935	0.03012509913180348	-0.13151269601654844	
0.13071589277507398	-0.15794144644157776	0.06719311993197379	0.006495687617542403	0.2834391172940324	
-0.1690163834401481	0.3184196586124064	-0.1392218235328764	0.08601361814969527	-0.3793255005575756	
0.1859130373532892	-0.10813827001985127	0.09044336051019854	0.06274620069160457	-0.002720278883441305	
0.19999224230422344	-0.3557091447372539	0.2646863602513428	-0.01718198185419618	0.3696112126985999	
0.07033047141708616	-0.1550056403267874	0.006599240619137838	0.0600278188589041	0.1270113838058965	
-0.01507276026047127	0.09093240400546618	0.017429981339471275	-0.058059293127311166	-0.21868596380686892	
0.09137781925067044	-0.15901431290291287	-0.0028071672761564117	0.04304903901863374	0.16623547269640823	
-0.034129821327304306	0.16836337305742916	-0.09666636958056037	-0.04863207204842159	-0.15953057114113256	
0.08603107388480793	-0.02982025309174511	0.01067312854342118	0.0012133511189754333	-0.058528402320009	
0.12645991773142404	-0.28686835272705824	0.10540315454478154	0.08779670722021402	0.30003800364456695	
0.005521207026443416	-0.11849622047877811	-0.09981311399350141	-0.03294393262818202	0.12272512906345118	
-0.36977626336779956	0.5357116169926837	-0.24344613019582884	-0.090681015942336	-0.4838548884420123	
0.35683476627348837	-0.21759153946448587	0.19954578466451275	-0.04904764922412535	0.3278073458370721	
-0.05796918205088554	-0.0019216514711161124	-0.054528988505249426	0.00531950906285538	0.09995579789628779	
0.06768229142680109	-0.09975163706472397	0.1285678558265314	-0.09349396260124822	0.2042452624114098	
0.08494783963158985	-0.2552017393938389	0.08390169523271006	-0.06793625697867998	0.18990329684113114	
-0.05810465406999522	0.031613045742389045	-0.09172323733775517	0.060356452636457864	-0.082418399738911	
0.08853240642504731	-0.10663227036466867	0.07158499725252983	-0.022819254772572368	0.0631418496620535	
0.03163135100168354	-0.07880335150373204	-0.043906019327776116	0.03728027652936018	0.03426543270561725	
0.15059802834597713	-0.3696207693520244	0.13624140646619662	-0.004127774500948182	0.4523918590597153	
-0.23004159466676277	0.2855285642542111	-0.17849545692395946	0.051621090397698154	-0.25389536512952277	
-0.022938596250630643	0.03128433971576979	-0.07511048496906358	0.0809343655414391	0.11712720590802254	
-1.4970662887983481	2.1876522503543354	-0.8270340300209283	0.10111910998764435	-2.0361174295668887	
0.5913219018487574	
