TESTRUNID EPOCH: 50 L_PCC: 0.8515366434746575 L_ERR: 0.01231510021544794 T_PCC: 0.787036363506473 T_ERR: 0.01702020431036307
180 LAYER: 1
5 LAYER: 2
1 LAYER: 3
50 :ILEARN
-0.11286221232809338	0.228452643300727	-0.14914927189327412	-0.037732744815050755	-0.25442042811450494	
-0.15479957428117852	-0.02851244425562786	-0.08040207894457482	-0.02324008353701101	-0.10184258512786343	
-0.033891875559260425	0.1950141273676606	-0.054807881115123455	0.09285357040009494	-0.2748764121695178	
0.3461251224272532	-0.36004090047664294	0.20569044730834535	-0.04022352652008787	0.285236752301121	
0.037186016288129134	0.4004982616470212	-0.03587308529986753	0.04072609091883796	0.06084908383232243	
0.0281414896752651	-0.0042858861211552855	-0.10416329751443139	-0.060238865997576024	-0.10066987020289841	
0.03248241610119845	-0.09772746546013213	0.16728926137956723	0.023529724479298682	0.12305708274102065	
-0.21303598910781918	0.3965914816160203	-0.054400674288450725	-0.09126819277116936	-0.38098729093407957	
0.1515400505328768	-0.13312109814830914	0.0007577318091441357	0.05414097739862439	-0.04457241015441907	
-0.013552464461187672	0.01816398043649413	-0.03286925872699862	-0.0438310878529853	-0.08811095807521828	
-0.294279924554578	0.16594547889271702	-0.13607483944889065	-0.052703746275942	-0.1721971156051849	
-0.31762475804680795	0.43451035397669957	-0.20787044125059043	0.02036535350898848	-0.4352261163767868	
-0.2804804761200332	0.1620031019096573	-0.05518336249099886	-0.02386371730370243	-0.35877401004844445	
-0.38226822301767666	0.445395963974127	-0.238232685222389	0.06245437308527573	-0.43107413170158415	
0.2397642527941908	-0.17360711504653042	0.013403107766311831	0.07932672918131897	0.052102928090186316	
-0.1090538984574635	0.2716190932416184	-0.043434589243110736	0.05097494989655472	-0.08714657451831813	
0.10490344561388518	0.03801590154104767	0.08864281544297696	-0.026579276425305155	-0.030014220695561	
-0.07644114501813379	0.030076899244634595	0.008334631284021631	0.018381652169489764	-0.13137243480709604	
-0.19729350865698872	0.07676429009929672	-0.11790661482382937	-0.010031355955387657	-0.1410517875379103	
0.10110694301210307	-0.18436719423185982	0.1090220049941758	-0.10059265575675562	0.24846918268117654	
-0.07117738259252071	0.038940864001751244	0.08235973265723691	-0.009338353932046364	-0.005987626994477043	
0.005790833156978358	-0.0019432016560381787	0.08829495359606837	0.04673512872385829	-0.00327530385524239	
0.1493437051500284	-0.29197881908884254	0.2112981682510838	0.05862021001389874	0.06504445468159827	
0.09963030632775413	0.0488031615797053	0.13044816898322525	0.060926822013036036	-0.13357959071975378	
-0.09142887438534386	-0.2878402159308135	-0.08040026260669514	-0.04401703584265068	0.3027676848369818	
-0.07679381012977922	0.192994389358077	0.027608736392012313	-0.07269994625753305	-0.19811556868791866	
0.026187065915132517	0.15170516003324594	0.023397020468659296	-0.08531810829514867	-0.02445365158988382	
-0.0894786810367649	0.12934035080415202	-0.016490982056249402	0.08959345151151256	-0.08459596185974659	
0.04153803946759995	-0.05405821655881857	-0.07007904705847702	-0.07236806653472208	-0.1279633135926829	
-0.07411645609528277	-0.06525907539176207	0.03342476744878141	0.004084620196689809	-0.054862541107935925	
-0.44899050580157046	0.5924462022400834	-0.23690306337277692	-0.10182161712913504	-0.48380616597169923	
0.06114793398006485	-0.04164230087920979	0.043751391538143454	0.10593956523791126	0.03276405425708456	
-0.18338595742927188	0.21572232890545626	-0.09683315185441829	0.031144346103286643	-0.19820366422771313	
-0.23077382816934147	0.09944227980046516	-0.09461031661181181	0.004048448763209165	-0.151873594333583	
0.2974649346830839	-0.3162253727847848	0.22496243810050573	0.0013357375739222641	0.32529500001647854	
0.031277860274892565	0.10020417998326961	-0.033233915371777265	-0.06453422085353233	-0.13282711999501953	
0.0067075815627013315	0.03887242420037272	0.03424661611977681	-0.07023276205631526	-0.171691731256957	
-0.03750464211014357	0.13917972899683026	-0.033357791225404755	0.001585293014434401	-0.11902587387759711	
-0.05351219783978617	-0.03208155144496868	0.03928518769750087	0.05190949757975332	0.03419605199668734	
0.14218691477928935	-0.1535135624367973	-0.027971246866568496	0.028337520218109317	0.16003795266501528	
-0.21120525224007697	0.4095404455980538	-0.11011245357854878	0.016378730870757044	-0.5972056016061614	
0.06640802147988907	-0.05425736046270724	0.09142233588382251	0.1003142714351328	0.1101841830697408	
-0.0472531060913337	0.26245432324909673	-0.12609656420046372	-0.08062958017598502	-0.25959418689894076	
-0.0072835636513655455	0.08169838864372775	0.05957613202954097	0.07348622978143825	-0.2596771085000933	
0.06847651736984843	-0.09415988875680659	-0.02356552700136151	0.06685253579493133	0.04764492248916515	
0.19020741186776807	-0.141088057404483	0.15651685034630225	0.07511646176047247	0.18271879636136637	
0.08394671346769714	-0.0857900162539787	0.12051547105680478	-0.03314165746769364	0.054583643687183186	
-0.048654345568154546	-0.04813687466216886	-0.01999663798695593	-0.020466787552625338	-0.10830257313045803	
0.026085388588237245	0.07990604464101572	0.05745682646018333	-0.06208565974511016	0.06389619312870111	
-0.06066844706981263	-0.056854790268410504	-0.07210507455355032	0.03335612464755639	0.014764794626640041	
-0.11939402738615673	-0.1555583560447577	0.008835071357551363	0.09605745177595927	0.3056971819217971	
0.101837428051499	-0.011861477480605296	0.07958735067783035	-0.028161461370673053	-0.01181303000739412	
-0.331715785209555	0.4548579561520995	-0.13078448741128718	0.03950722680735829	-0.35810449371091135	
-0.23387493458464478	0.3070616475329738	-0.06817743454290458	-0.024316233521237407	-0.1644313356308432	
-0.05617835649468129	0.08162852785016914	-0.015120483619840315	-0.0078261736407871	-0.09226864673697939	
-0.21999611373006164	0.37362438124298086	-0.18823855939987127	-0.03600643917283136	-0.4361977730016503	
0.25899139252116593	-0.203511268976928	0.08647135314713995	-0.050877205287717234	0.2102398057291012	
0.016460677263060677	0.07325003296183191	0.06888712289213265	0.012868416407146734	0.027926199955428	
-0.07178830134479096	0.17609949479175682	0.021044489046489888	-0.016683075397607567	-0.05076798356168086	
-0.07729238745671611	-0.10915204765784949	-0.10931215648265102	0.09054004053268049	-0.042946168830781506	
-0.044659460995792086	0.2495356446528572	-0.036095578227808456	0.010097580184428929	-0.2524726361458913	
0.08524481756843323	-0.12142241200382765	0.024097660771183135	0.029460452396282366	0.015537733033201403	
0.27387240731807533	0.006889014114151244	0.05039090464677543	-0.07839036591902951	0.06465344478023413	
-0.025828333200639545	0.20728302909763163	-0.09418112481076142	-0.058241179665268046	-0.12768978948639462	
-0.048995109049668195	0.1010793287192079	-0.11038313640131776	-0.08075525466833587	-0.15598985718712602	
-0.03571694446588623	-0.09760640811666928	0.06157090926542893	0.009457657510100212	0.014402128441880834	
-0.22859078076696598	0.20708879531594251	-0.1271600506572068	-0.00022400553809224773	-0.20837445973016863	
-0.0407954477738708	0.1367227674196889	0.060329706228853294	0.057395980156626634	-0.026526088885099147	
0.07134846313176335	-0.027142842212637894	0.12492074892547594	0.07408730258916654	0.05341101644589176	
0.007868665678886309	-0.07458196591732821	0.04106815002416904	0.07498899954505416	-0.018541964451303638	
0.011278268549272953	-0.05114260668929693	-0.01823252983932125	-0.031840558822060994	0.07994658232557304	
0.07360594385760237	-0.06725111028608398	0.061039033164282865	0.06012343764699149	0.22983223438707193	
-0.1591068956143694	-0.041323295506373134	0.07167544773680465	0.02356466518756286	0.04956960312247001	
-0.028916193940116554	0.09112305928653597	0.011543259386169725	0.017087149477775312	-0.07744928832419226	
-0.03463686555531897	0.008704396110517845	-0.07989848691627137	0.048076865480780245	-0.18407251850147865	
0.1330181852331902	0.08407059428549139	0.09602658045603447	0.034835554568195044	-0.050900571154039155	
0.15774488567936193	-0.10046428212217262	0.17253975319046727	-0.05608306045254944	0.03191095017108954	
-0.12781078061359333	0.08034195772603872	-0.025979165776812516	-0.08323940392029337	-0.04463007169299235	
-0.057314349072873284	-0.00913975465109308	0.001589136734433056	-0.08936330190953197	0.11637490868654747	
0.04082882333157231	-0.09989120072660747	0.04801624995761956	0.014291959519715555	0.013280205861328111	
-0.014079177026656533	0.2656568002124644	-0.1563032692300378	0.042023488361975836	-0.16849109390741915	
0.07626446046982863	0.0012388276102027439	0.0015819364513803352	-0.0767394476897293	-0.07083478390782963	
0.011612656319191048	0.025089646775990307	0.05136663315367648	0.046383203935688344	-0.02962030148226987	
0.04044115414284211	0.1555735172171105	-0.04199777952047745	0.07165200586357988	-0.15897328796439053	
-0.06897587447564524	-0.004189471299914086	-0.04011837222544416	-0.08032049300584565	-0.06915745245191264	
-0.22400938693792394	0.10635569818586192	-0.014997402623452626	-0.018298534654905673	-0.200811265370666	
0.020208845187992177	-0.010392967375365093	0.009490447096182403	-0.004567468661897191	0.024064168415618505	
0.05660144777199371	0.04208309505519753	-0.11668584299806484	0.06533751996324377	-0.08156035852478635	
-0.0068649522604465885	-0.030934315437322397	5.02098801865357e-05	-0.10074190044869966	-0.05606595987099665	
-0.1533682157420268	0.25699470078085507	-0.01697415842120929	-0.07831367589462815	-0.28436819613377756	
-0.11668259483603165	-0.10596651249576186	0.10860752412642483	0.0912689646282683	0.1482175676310946	
0.10334458405246619	0.018581593325723844	0.039411900100820955	-0.04433916395664901	-0.005484916672494834	
-0.16259592746683266	-0.013819379197706944	-0.07752549182035284	-0.055996634051618276	0.1148504793212543	
-0.23077831410072505	0.09902806356631572	-0.0878981638087358	-0.00362680406856728	-0.02978731694496718	
0.23112685684384915	-0.050615049475825596	0.05986462115326321	0.018503981523939138	0.23245556925093397	
0.019013265293510807	0.007584194819533812	0.13323188633410116	-0.08792221434084393	0.12434486027276256	
0.132474679669405	-0.07452334447715252	0.12402721511186482	0.040202755158954814	0.2708378604760516	
0.08020687397377485	-0.24783589066954093	-0.08335400452427395	0.013047033183546306	0.15000867689880662	
-0.21777091105877147	0.2511168477271594	-0.10430033173265806	-0.0642805687155863	-0.20748561398525944	
-0.03556546009211438	0.20211790380427716	0.02915153516226409	0.07647247743375138	-0.14632121017780358	
0.011153771216545523	-0.1549315616343875	0.04527236709940894	-0.06168770635455046	0.2257495207032039	
0.1304452787645571	-0.10744284367820864	-0.0018177521182522875	0.05215990153334708	0.08834074671235562	
-0.10293332084960742	0.15409204532106835	-0.13075894810402106	-0.046707425286093784	-0.2806804576672577	
0.054424313423080434	0.005979976194075885	-0.04957235508460674	0.023008143645746135	0.006298588163435781	
0.057048003627379454	0.16047432919202023	0.11393651452433293	0.08161060519033009	-0.028037253223884052	
-0.18773474021762884	0.056612628070791135	-0.14231077563488526	-0.0031307926638545138	-0.21406962086872655	
0.02792958974242201	0.05988652188245524	0.040906995574269286	0.06121771613149381	-0.09202368540849669	
0.05632526343307944	-0.0033848888115084767	0.049363526546494056	-0.0834065203334713	-0.025813318578923796	
0.02080173137051904	0.0059984650535710475	0.008431107086697715	-0.002156979900016135	-0.1443091682604438	
-0.16985307652639903	0.10872979301965786	-0.051607267379465416	0.08952865866936746	-0.038961131514447286	
-0.22256729166011366	0.14206483057480454	-0.03718566754995436	-0.018566047743751556	-0.20799050444373732	
0.16267586285918953	-0.19791705174599494	0.12036072395410657	0.06476969244242416	0.10970679494032681	
-0.22874872537186067	0.023258940324942	0.0269105988017861	-0.10550781525790048	0.028436898593754145	
-0.2233197906929808	0.20919299545193729	-0.07425701524148416	0.01680547865344228	-0.41849143876583467	
-0.021053716730400202	0.12448419569494176	0.06968644357629311	0.04173163599174792	-0.0008473476294240672	
-0.016177258603253395	0.036386805232688585	-0.005110211108651197	0.03897327072685344	-0.16282362116863755	
-0.14871228108683418	0.25636752602402835	-0.07405617811317967	-0.03986181777447012	-0.2608404820164524	
-0.011862685792391718	-0.028067688318201695	-0.03325919602920507	-0.05571785286985716	0.056155438717425565	
-0.006606812474972553	-0.13676428940862126	0.07044223787827691	-0.058977643488756885	0.06309111451118193	
-0.06531443809130154	-0.07343319088215386	-0.0013195978867643215	-0.09903655196716228	0.043438344308835	
-0.0410860694826336	0.20242360711287796	-0.08162372892979	-0.06372881389016993	-0.08254343714236341	
0.2103049095635814	-0.06281827456860438	0.06832302080352146	-0.028434550607093562	0.10989884342249039	
0.003956502579676954	0.13661785253525627	0.004582021219008253	-0.007105751059861443	-0.2374844447328392	
-0.039710942457148	0.12213590135997106	-0.1446659724387435	-0.018173805143636285	-0.36097221910244925	
-0.04597232792332901	-0.06492897555394522	-0.043016637681730814	0.029448967645344683	0.18286943971836608	
-0.03872702312257	0.037040744725080815	0.06662132980406218	0.03079108799039037	-0.07115379893275663	
-0.11759216741486356	0.16812157770457645	0.04972825206372124	-0.01901163630434592	-0.16884954478723235	
0.008190575217453455	0.0069338422265172815	-0.0011169787695034475	-0.017205239183828634	0.03474961525499392	
-0.09036916222372939	0.1369913375998418	-0.022066228943587493	0.005437267660342014	-0.14596473328482426	
-0.17747854380420044	-0.03463477242025048	-0.10997459512321771	0.0069232948213797125	-0.05354609408731347	
-0.09438282327151909	-0.15043800108506997	0.055132416790720604	-0.07433818895520876	0.12702068370702047	
0.192908201122834	-0.2696613585781157	0.05200670953286531	0.0667852485574013	0.1759235645125752	
-0.032663124109051374	-0.03186689736260685	-0.05588356023347408	0.014190492249945385	-0.010902362873080202	
-0.13251124900429748	0.19215898527218653	-0.1594024241034349	0.07043120590884995	-0.22136150894856876	
0.14145201463275842	0.003066285565076366	0.04145244289887072	0.05851698049288056	0.04822668651455279	
0.11986056431779457	-0.006171987416340282	-0.11026401109528024	0.08126816764805396	-0.02425874316716046	
-0.04882905985852114	0.14268508708626904	-0.03643231896212263	0.049352720598779674	-0.2567738988432178	
0.06288571844284199	0.23986447930171192	0.0020829766390292994	-0.01790401259658946	-0.07566554292319598	
-0.12838548344515638	0.10047105171588958	0.059290724319744324	-0.05658929539067691	-0.1473512747983513	
-0.19805426449641064	0.10251432937067234	0.0160560824493421	0.011031423807529788	-0.16907911583199442	
-0.16449660434614607	0.12775801618910806	-0.026660772041703848	-0.0334215554230871	-0.2072592114367518	
0.10333964735841956	0.004566807253527741	0.04198836950543006	-0.02796926150516135	0.12696256214425058	
-0.17846267820568587	0.16799080249525303	-0.05686733919440307	0.03576935564794163	-0.12537332245099	
0.16444956274946365	-0.24686678886566635	0.11744200491574514	0.040810656962115464	0.22148653541881505	
0.11117712187701571	0.024295778743468138	0.07676027944360296	0.06389699256460268	0.04336365045892278	
0.03492854893565357	-0.007703742868896166	-0.05875129938031632	0.012660778300888595	0.08636785087177953	
-0.17226480745735506	0.1851120731430289	-0.002375964046986575	-0.04683064497321732	-0.2662313609272811	
0.009172204477405936	0.09009339037462209	0.012750545950002756	0.06682925383941403	-0.28207904676786527	
0.15772173569970516	-0.18122151798353317	0.01593490399786655	0.08668070861546741	-0.0804170115857664	
0.10874369476170875	-0.02669783140323836	0.020388259591544243	-0.041161947543915826	0.2508057284306945	
-0.25080827899290437	0.197362101260182	-0.05038608826077822	0.07631306137765086	-0.23614270768294432	
0.11227629356958663	0.056134099554463635	0.04668958312543829	-0.014993183111319792	-0.10258064854282976	
-0.13845569196216326	0.06722898901988598	-0.07538320029498971	-0.0851944487941415	-0.07383082382151201	
-0.29413285785990184	0.2766628814834104	-0.07075866227712516	0.0516980847201635	-0.2440508250626868	
-0.004955504067522812	0.2549497892804585	-0.0030370502500840194	-0.011514203086454036	-0.20144409544928843	
0.004638380577917236	-0.0038459172885433215	-0.02664104655109078	-0.01371410434860016	-0.042615990182348476	
0.18205186425859432	-0.07428869834811323	0.0973303586187124	0.09783792157344369	0.40868063071371263	
-0.053632369328019895	-0.004063290239888375	0.06654725103145334	-0.058762794548453	0.08996355544450271	
-0.02008156469582358	-0.018913969068115717	-0.010173467142793647	0.03506479299398505	-0.08312772384174161	
0.16426083819180112	-0.16252826196485123	0.07248335161567043	0.007458591023781223	0.3232109947686654	
-0.09773517312819203	0.3075616372967532	-0.09942095935060735	0.08179325832518511	-0.3076491190733931	
0.15713309885679938	-0.03541954743421877	0.07791399420701617	0.06110558849403142	-0.04520136634138295	
0.18934476772536626	-0.3143078986384664	0.2427491991851626	-0.012308024689129884	0.40246632823200507	
0.08974448712312745	-0.14354637901389886	0.016970803013610206	0.062190715916949524	0.16123891897233888	
-0.13053244231474115	0.24834260958075488	-0.05165397997114888	-0.05530860311445652	-0.31096780005743435	
0.08389151458240462	-0.1175254185060387	-0.014523051605724905	0.04473835976286376	0.14188549996748534	
-0.005335818380840471	0.17576637843671597	-0.07077481943678003	-0.05083257238294093	-0.1392677879271213	
0.11291622826288143	-0.016765602792265785	0.02415641054353719	0.0027826918079085867	-0.019264568228564465	
0.11612565768461756	-0.26487674800645894	0.09398800467630025	0.09226161939548874	0.30379376587692775	
0.014310654083746344	-0.17287708135453575	-0.09637872829050873	-0.03054981464258892	0.11672063808069223	
-0.3561837268985761	0.46931175778432016	-0.1981842371970678	-0.09626781567608886	-0.5735412852156421	
0.3798039356132248	-0.20612371924637776	0.19074400201909064	-0.04698185463133556	0.36219401100454346	
-0.10044751034183476	0.008576477279549027	-0.07267522891075723	0.006941799862633488	-0.005399047117244286	
0.09252776640737008	-0.2230064146747298	0.1590391475335679	-0.09044173958272916	0.2568848492286228	
0.12730497937716254	-0.2825006555226977	0.10014093669417184	-0.06486201589116236	0.2641761883637889	
-0.0360924222326293	0.06518826579427822	-0.07793275606759484	0.059044823616824595	-0.031684751241223164	
0.12354329661795001	-0.1505538381499253	0.09953186745352763	-0.024625160974326085	0.13805750220852211	
0.05138631009611096	-0.1252776419168069	-0.020266735429900342	0.04011569615098026	0.05346282711927339	
0.1513375003606749	-0.40275718791775555	0.1346943715876795	0.001831643370093294	0.4793527438877706	
-0.21593182118921816	0.27612329075285297	-0.1542139015712359	0.04825967692908025	-0.2671705349613531	
-0.024447755966541928	0.01656313385215144	-0.0940293824033539	0.07864693352922023	0.1291659223025211	
-1.5512572207173916	2.2748071792425075	-0.7534530830834316	0.06090294918220662	-2.2609269693226333	
0.5712447383568223	
