TESTRUNID EPOCH: 60 L_PCC: 0.8579579468923321 L_ERR: 0.011839275191165356 T_PCC: 0.7594826557822593 T_ERR: 0.019096482962771194
180 LAYER: 1
5 LAYER: 2
1 LAYER: 3
60 :ILEARN
-0.18182272216376688	0.2723840235081603	-0.17930051170102013	-0.038731531381202104	-0.3177764004825581	
-0.1850385104625838	-0.08052702931033975	-0.09528940007162523	-0.023945425637567457	-0.10298128874899501	
-0.07595596304030985	0.20292619056388564	-0.0977401671654321	0.09376301498260839	-0.10195602144234826	
0.27119024155364746	-0.23581753112494652	0.1418791457775106	-0.023847584576315566	0.4186429127797709	
-0.041181788959802935	0.1991709842758908	-0.041003711113823886	0.045626546788300575	-0.08284658458236066	
-0.05781337515663619	0.022632984075216307	-0.1556106459649969	-0.060936415909962134	-0.12716256431835216	
0.02363677213589606	-0.15037279946627058	0.13600636979108285	0.03392909481561289	0.2428307750446032	
-0.2551538566981254	0.3979938417740479	-0.04747131227738884	-0.09667804218750242	-0.3012339142896713	
0.1266084947087671	-0.08555072698081606	-0.03264789407414726	0.05915157184281886	-0.06688429468043065	
-0.050810499716092354	0.05406041694689978	-0.02074538431962262	-0.04393218691188514	-0.17056693859475497	
-0.20253363166235372	0.16235491103318953	-0.09957944198718452	-0.05920473647817515	-0.18492037544805323	
-0.429664464924609	0.44042214686610465	-0.2687736914058441	0.012123857305025697	-0.4682503704083096	
-0.27006685205046144	0.19269187266208485	-0.04540450591084569	-0.03385670373370024	-0.435112477586619	
-0.35251337119765785	0.45880348809537025	-0.2343372513672904	0.04668014185130774	-0.5807256020444729	
0.0960610341984211	-0.03383229737129771	-0.04888145785334247	0.08382202376357104	0.023920000041862708	
-0.21052505845785413	0.3574972950902877	-0.08438097303986966	0.048963902782401474	-0.1182632257554138	
0.07607053601027491	0.0657620329219154	0.08965242088545203	-0.023729344904552956	0.016862524717083268	
-0.0036188304962638273	-0.07214241982295458	0.08023250641770448	0.017762052009141365	-0.147128948178009	
-0.1594066485633028	0.058834831406825605	-0.05202990762927241	-0.014508289977040425	-0.29465939623763027	
0.07632172813165021	-0.19721442683864301	0.1481372041325254	-0.092557737237484	0.19194777185120776	
-0.027322867128625306	0.023651883056216853	0.06573177053104566	-0.008468494603514906	0.09214522471774197	
0.01765467491392361	-0.1332456306748341	0.11740783026428141	0.05218211756438633	0.08764485919502385	
0.0022498649506886388	-0.24077640911012263	0.17132923727483293	0.06728351325664343	0.0028380003282933806	
-0.03664911226705872	0.08856059112791514	0.0840895032991263	0.0666444955009855	-0.19854478607101	
-0.1119656958812399	-0.11848897423151647	-0.10812368367085447	-0.041739297457715284	0.13461662638992242	
-0.1072762702729379	0.08217221957888506	0.03166070274524042	-0.0733252068728625	-0.2346360910398191	
-0.003438924412792019	0.04087684392997511	0.033047182146506725	-0.08050170798745902	0.0211136263028888	
-0.1668835714165516	0.1677117017693453	-0.049989840263914995	0.09155774736887949	-0.122626893563064	
-0.03134339575887013	-0.0937022196166027	-0.07058779174704766	-0.06824589258504864	-0.1864939479034726	
-0.05314575253818853	-0.044768385987912246	0.006653808891259834	0.0010762371930588175	-0.03555528640437764	
-0.3644256654457199	0.5776165843894542	-0.19472192611395875	-0.11820592845711064	-0.47764279064514026	
0.021553590621533184	-0.08109882323513518	0.03781189773417502	0.11066655541620275	0.030154637916153255	
-0.17098687904963492	0.1868282078465454	-0.07772117446428109	0.021613465446799953	-0.3394964063305276	
-0.21308727902176205	0.10230072837529501	-0.07244038268163458	-3.5781754945244326e-06	-0.1755917823880595	
0.23088186475142772	-0.4339592252303016	0.24703395596090638	0.020439144436980184	0.3804356478623135	
-0.017950689984348466	0.09003860769403603	-0.04369356172343745	-0.06198624926273962	-0.1234731395603405	
0.04885087672075189	-0.0970595026550686	0.09036658334916087	-0.0659325438182001	-0.024630649815282245	
-0.037869965573999985	0.014163935062941897	-0.008512712849281174	0.002400422507242109	-0.08248975447500936	
-0.06060879311354873	-0.09706656297141907	0.04712453426746649	0.05328158515356829	0.04440926967342957	
0.20919608193411102	-0.2398182185519843	-0.034643255202290606	0.02897264263697497	0.3227735262162118	
-0.23534075137681723	0.33723500172731224	-0.13387361139558313	0.0021211625278999818	-0.43586769558494126	
0.05207476506228644	-0.06787427109575046	0.0583963970637552	0.10961844698547568	0.22055032197803978	
-0.2217471737309579	0.1947842715178492	-0.23444902233981574	-0.09342894811451742	-0.29128019742885003	
-0.09758002955121309	-0.12198012216999034	0.038283259659619526	0.07161782362296071	-0.23685182750676384	
-0.060106430300073524	-0.1616996253191647	-0.06508088533704513	0.07144821352494865	0.01435930408047744	
0.13384878148408383	-0.13859420143988932	0.09540870161733687	0.08181144141802218	0.20592029579742566	
-0.05502089226757901	-0.07595370689072564	0.04133619335529241	-0.03006637301348805	-0.008495432407179872	
-0.10195192666408656	-0.04763948382900767	-0.06258994639126705	-0.02429468769041419	-0.049060152866416025	
-0.005924075585952466	0.0346736108691042	0.009429272189765135	-0.06301559946120845	0.15876692347812357	
-0.015356232017709241	-0.002186986984078977	-0.0053900869015543655	0.03606741117896038	-0.035806498515076626	
0.079830357411983	-0.1289938781126314	0.12890959361011944	0.10949751267399566	0.24217267346314228	
0.018103975018714514	0.007325890382208878	-0.007247917404326433	-0.025185957308019143	0.03264910449583531	
-0.22794264579344628	0.5000887939529699	-0.11562954210674889	0.03350627497214789	-0.3458632646618941	
-0.20176202726089917	0.4672527890165304	-0.045799464229208366	-0.029735743193377732	-0.36846630559196075	
-0.19614426073676	0.09433456613752464	-0.10747025955600423	-0.014742751460616633	-0.04567749116993831	
-0.32619888323317864	0.306111933057318	-0.2942445641863462	-0.05675447216319121	-0.385653247491984	
0.13282795600237698	-0.11120342662907047	0.017537241363638222	-0.053369327727375064	0.06719601396893196	
0.05586289650462879	0.2635511462697352	0.07714213903611071	0.01744811761882827	-0.034119164888665066	
0.06957884580445994	0.3043134290328646	0.08073380978146125	-0.016180617375040982	0.028662809717764724	
-0.06577085333374863	-0.029128820170121868	-0.060085046720051626	0.09411345533307333	-0.06807762151052829	
-0.010864332751845753	0.15557773580774556	-0.007683760367625667	0.007116374218963916	-0.13555923645446752	
0.013117578847580176	-0.2195562667899232	-0.00431235342152593	0.036690715892722096	0.07874553345809035	
0.26028088667958954	-0.11831010299485475	0.13474654994531665	-0.06449081324832065	0.10652640325996554	
-0.13946842545069915	0.06729658498885194	-0.06038677986277122	-0.06623605048719766	-0.31202653798048713	
-0.07313657881472084	0.04946209257965615	-0.06388854502393095	-0.07703806959339077	-0.04864997788131705	
-0.038001811647826636	-0.1150054226978978	0.06777229567601517	0.011189378244947843	-0.01645442162941218	
-0.2669060781787551	0.12840240694026597	-0.10516191664498438	-0.00793410977640776	-0.2741880077771271	
-0.10033833804683029	-0.028518054178695924	0.08218762432990691	0.06700006346078399	-0.06700661003734953	
0.03103933861751646	0.05526870389863267	0.08159491813226492	0.07347041558640982	-0.14752215123058532	
0.04998335456339594	0.17293577070154234	-0.01967111002376027	0.0734165505262594	0.0025614152611692035	
0.09676775758716998	0.06958220786504116	-0.05535029014493031	-0.03209623204382817	0.16001274932449683	
-0.021416518917245678	-0.020777064868332997	0.005263971861043601	0.06315354518607853	0.23542351049423854	
-0.1161489877899748	0.09894928886372771	0.011855409925840416	0.020669699440615395	0.04956197091465592	
0.04617095319518149	0.13103405330933635	-0.016447120563539114	0.02090297276786984	-0.012334512384320154	
-0.1756102514274416	-0.0845437020541126	-0.11413593214852838	0.04667464924111704	-0.2553286769905113	
-0.11542571045165281	0.15291897364322915	0.02377731395334619	0.037079265807053875	-0.1876613672493409	
0.09817380812370546	-0.2505691276106488	0.19269813620054937	-0.048491873495091674	0.14724399703048852	
0.011894716175338013	-0.026352681514093625	0.05232345842885258	-0.06993106968712584	0.13390320512425177	
-0.03651771609009567	0.0693126502277852	-0.02920468937760969	-0.08543042682934744	0.021405176804914508	
0.032655495013420424	0.12645374414460675	-0.007336824243232582	0.01135317045776275	0.015943370014822825	
0.03836010530336915	0.2316072409063066	-0.15456753959681266	0.04256469671036893	-0.10688203131597573	
0.015775176733730006	-0.12137002951135697	-0.01673928361830319	-0.07573463311320504	-0.08129669859912135	
-0.06797774943317705	-0.03982565493836075	0.08745858617073371	0.042816587065536725	-0.018607551115198698	
-0.16924637235742176	0.17705127746822952	-0.09681600205261469	0.06322831333938	-0.18774372754317592	
-0.07188040053589227	-0.014868834244261529	-0.06272761653698448	-0.07849694193062248	-0.05123718602549229	
-0.34024737175972625	0.19076176688929708	-0.08073035918567656	-0.02379699750982435	-0.3262958001190509	
-0.012711165599034319	-0.11539531610394235	0.006780915045834084	-0.003415923680509441	0.07679844220606803	
-0.004752046613950129	0.07901716992813364	-0.1637278797728287	0.0692695415928749	-0.02873465074299492	
0.02545539620231676	-0.17490593406029362	0.061571819261784295	-0.09927121583740725	0.05510828393925092	
-0.04135923310199898	0.27797123175357047	0.08570734726046753	-0.07842195648722498	-0.2877996093037083	
-0.14162249156668258	0.13614014686439893	0.1095148243367563	0.09715652432464342	-0.024706469204229208	
0.017144739523181275	-0.08526773980978393	-0.0072296112311286305	-0.04248888922264689	-0.008388802338517715	
-0.09071595201625142	0.09728491088519332	-0.01355419490581359	-0.0507807170697989	0.0448819242516221	
-0.07079458039358265	0.15494192935534098	-0.02347279073073267	0.0015122023481385662	-0.07933103563190916	
0.12809272407457445	-0.03289183049196464	-0.04513264163681661	0.021097795923927964	0.26973180283038756	
-0.08833664149675552	0.12260781974111734	0.04190247207867503	-0.09031871051309642	-0.022019058696591036	
0.16029866100632956	0.04450014957311917	0.14314342437144922	0.04658514680699242	0.2490136313523116	
0.11664155335699952	-0.2725805390901841	-0.05873839774963844	0.026703694488332208	0.11537748850825896	
-0.16054232877598792	0.27044462052131935	-0.051729604831124654	-0.06780441654283893	-0.3049663922113707	
0.09880803013592566	0.1450383938257602	0.1496139729095913	0.07905680120666794	-0.11415704940548178	
0.04413563773724028	-0.06784650732253175	0.05797137863968362	-0.05049128983953802	0.19029668389877027	
0.09767505902079962	-0.10221522676221526	-0.0049868832989526934	0.06863783697190644	0.08069608562794073	
-0.13444315820129932	0.0728588763981301	-0.18270764231939554	-0.04612052142887351	-0.2362948937360374	
-0.05521466472945318	-0.03916100388182138	-0.1234561279797554	0.023859187226181553	0.018731055019975594	
-0.047119764613394885	0.12814269630435896	0.06508023643238053	0.08284891667598335	-0.05698444596079483	
-0.18839769532801925	0.067860888263864	-0.15220477945090854	-0.0029377334942068743	-0.17634119354679106	
-0.028953454519924694	0.059904551907213444	0.006852049418506262	0.059282957955397474	-0.05502306248756708	
0.02816767487078443	0.06185419349671816	0.03364048315332149	-0.0763108720399042	-0.0750302287080794	
-0.0523365671672857	-0.014496424173732817	-0.013938659334050668	0.002219788158601546	-0.10415622949827102	
-0.05670000110512918	0.03508031508465962	0.013427410811146638	0.08908744080181537	-0.0227927481504153	
-0.18797800287512534	0.25482567060001465	-0.014207222985621845	-0.030069842877896935	-0.2801717564889514	
0.22287944543410057	-0.4126699354349289	0.17979730742885855	0.08480133624329857	0.28819263026253344	
-0.15270528074083295	0.15929261803252603	0.047774618962758676	-0.1118786217130357	-0.03967100561174881	
-0.187719147796281	0.14163467629552004	-0.008081790482037474	0.00401430178435623	-0.3254126107311406	
-0.10121848331104215	0.1760023534120845	0.002179524888811102	0.043033467715031	-0.06030226036418507	
0.03877458565023123	-0.088504443750608	0.033408548120957546	0.04654816911479002	-0.07950951515775227	
-0.12164931845912014	0.19724562375296972	-0.06463904405111819	-0.044655382185201674	-0.29723882076559266	
-0.016301779792695932	-0.02843967269887309	-0.004399259887056556	-0.05528958053931338	0.08901616277608142	
0.005537818359004344	-0.13641782026063512	0.09164219942393696	-0.05777409597201413	0.06653840204197249	
0.04916417233956446	-0.13156491630665595	0.06180995410786336	-0.09498667034460405	0.039732842114021644	
0.07640072926490975	0.3525101755131138	-0.056864246647618424	-0.06457712643888164	-0.013277485630317545	
0.17078005674672597	-0.00018701878400485754	0.07657182008717586	-0.01841955402771664	0.20077660745742035	
-0.11419659913241052	0.010249384923826928	-0.03583050918381593	-0.014737107613086999	-0.18536575147919732	
-0.09097164541486442	-0.1393438092173017	-0.1771482051746672	-0.025770023148923796	-0.30319011061218015	
-0.01523142982461424	0.1378376603011331	-0.0751504144103564	0.02658222715061367	0.12640627276979685	
-0.06472450436241096	0.0003138435978497006	0.062443994510304295	0.03641256057909933	0.023502973975204074	
-0.2168158410295804	0.224507311633495	0.002104110186750044	-0.021956567739816593	-0.21174242532291057	
-0.07374078495056303	-0.06828180914616536	-0.05712057752461714	-0.013272440835087903	0.07160685567345254	
-0.20324033923189808	0.2519639068292439	-0.0702297699043432	0.0018369195319854024	-0.22733283893048178	
-0.04124487030919629	-0.030998447104163728	-0.019116918339553375	0.009387644603205871	-0.015640912637595386	
0.02081735182450841	-0.12544522644221812	0.13114100811866705	-0.06807387650405425	0.10134707774566303	
0.2005251381078072	-0.36405325168584773	0.09208598653199498	0.0824766669708027	0.3444777937462061	
0.06871300124172983	-0.01585905765308295	0.009887621006582189	0.018679499215427536	0.014987024899874647	
-0.06829992982726737	0.28051635811023634	-0.09576685346698477	0.06917688106563187	-0.31093799103093794	
0.013849271181176136	-0.03419908613889647	-0.03740864842122905	0.06144813777595205	0.019101458687767196	
0.03814034600113455	0.014686511408879211	-0.16389690978976365	0.07542385409310537	0.012331975174933804	
-0.18901778571163166	0.20153431204755576	-0.08963328710478399	0.03676498722584994	-0.33025105598021043	
-0.04287019584311787	0.0004649265048413692	0.03295864566271747	-0.009025230244210434	-0.02794294700147896	
-0.010126588220816805	0.0045370568034184735	0.17232617209894435	-0.052484461710134524	-0.024477272322926003	
-0.10629628433060144	0.17746287535481342	0.07655949321956547	0.008725679414915631	-0.13853538952619698	
-0.14429189504789044	0.08347586098859439	0.006916645210793507	-0.03395110774071609	-0.09927234910905107	
0.017533637687308413	0.018494942545153572	0.022727530492625426	-0.024657823535017866	0.13821568630529404	
-0.11865985261396206	0.09745183379942128	-0.015230870002149292	0.04299802300214954	-0.03128943530629287	
0.13185938998338886	-0.16334134550955276	0.11481118058552345	0.05608863483352928	0.1418159344641879	
0.09199002149908665	0.06192329544283078	0.14292299641390582	0.07643569276394839	0.12417930958974774	
0.03686562788287904	-0.05636282054474724	-0.0224525189092193	0.015482796932537334	0.1984058104122226	
-0.16061336099920437	0.12475864919210213	0.0077653592940380555	-0.04937197523884262	-0.17417378910611803	
-0.08418092176003808	0.046335422857769225	0.03828171482467981	0.07074522142558841	-0.3044905912583027	
0.05348562959786457	-0.18759142456333255	-0.0039855147273013735	0.08864222604335026	-0.12351934089939777	
0.2455733876399137	-0.05931438388890163	0.0674958371389602	-0.034916043297654464	0.3187600286487597	
-0.2187969846289145	0.35640118881529614	-0.07073945130409301	0.06605959559815756	-0.3602649148758629	
0.05124661423585159	-0.006280714491957513	0.03520452482600824	-0.015714391154584006	-0.010524549062977628	
-0.04065259805167632	0.10516282036004773	-0.02169188720403661	-0.0852072982533017	-0.054017346805922885	
-0.2915628581187904	0.2130248914690633	-0.10490076006797258	0.04017008432512226	-0.22277843536187794	
-0.14915875982690205	0.15278025028543654	-0.1148997784784239	-0.02054625361677203	-0.22894534637351843	
-0.06006908656430522	0.1202348528301224	-0.03784448278266132	-0.010085485471011886	0.004821401364334442	
0.18286544507286698	0.22822780703999593	0.08203897003738171	0.10854915488887225	0.3372936222057846	
-0.10013332664365952	0.009718176868574622	0.02343805529106783	-0.055292183520152464	0.0738768740733133	
-0.13699431834594974	-0.0372902277350439	-0.07698211578288335	0.030248179965925128	-0.10755002458704077	
0.2769243687789401	-0.15855014617732477	0.11673140855142268	0.016333448712872328	0.39903931016065397	
-0.15224898576954035	0.3317805317069793	-0.14829344678504236	0.07169277064562145	-0.466804554171968	
0.12431064376028678	-0.1541474485891017	0.09733105215169037	0.07408149947023422	2.0527034180187027e-05	
0.1657084890584497	-0.37825464151228555	0.2668036131850166	0.0049572657845192054	0.3845148544477699	
-0.026275240632223872	-0.1256883216352927	-0.015561716795223871	0.07390534410934776	0.0598767341295311	
0.1581839751759074	-0.18272498955776137	0.14881517813418937	-0.054781164343800474	-0.04094074170665193	
0.03819335323340155	-0.12104579659747909	-0.02233506823172032	0.054082001692562415	0.14210401928372837	
-0.08322899488624462	0.13564478875166416	-0.09309861653732121	-0.046288304581799056	-0.1832971106492637	
0.04834185812208734	-0.026001004860086982	-0.0012589399485663383	0.008873551644674389	-0.10316480625791603	
0.11023994100181722	-0.31576645916943874	0.10053976137327476	0.10672969858819792	0.32784658768162994	
-0.0039746487133459334	-0.0082020108801929	-0.1231957316947226	-0.03803737572557646	0.12404491966616776	
-0.4320796787761737	0.7047614516264744	-0.28897029745449254	-0.11965318678986431	-0.5701380416612531	
0.30168905862875856	-0.21931840633370916	0.1894737221242509	-0.028364620892755456	0.3166166760708156	
-0.03398173985816494	0.09179168113503389	-0.06639096453307108	-0.0012021137681285927	0.1667403042125899	
0.10896263712862216	-0.16136633928505012	0.1381171204697811	-0.08847819298019237	0.2988459981072067	
0.032086189617953356	-0.26181278089391774	0.07730997358245977	-0.052548531214515526	0.16988535681945913	
-0.10626029648151203	-0.011559854376326163	-0.08492731936422135	0.0637436455725815	-0.11980737152795999	
0.031169000084803795	-0.15692695666663786	0.0916824689710574	-0.019471049569753443	0.04905678484062419	
-0.020292319976328205	-0.059829402330390274	-0.074154234863401	0.044340558095248055	0.026161056876537612	
0.15805412353675746	-0.37847931762433223	0.11431522951854073	0.010575232070736828	0.481124449426099	
-0.24883413100891955	0.3365319111408999	-0.181420822360915	0.03195140158890273	-0.28304130335084027	
0.05854522647522695	0.04072946299941075	-0.07401664100289458	0.0718249121858648	0.13398541220687446	
-1.4222204109125276	2.454310538208728	-0.9006204008639921	0.02518869326027622	-2.283164731657342	
0.654193612979081	
