TESTRUNID EPOCH: 58 L_PCC: 0.8574422154710191 L_ERR: 0.011854769872081665 T_PCC: 0.775274383737121 T_ERR: 0.018223991326641327
180 LAYER: 1
5 LAYER: 2
1 LAYER: 3
58 :ILEARN
-0.10453797100611849	0.23834222115697576	-0.14685261706575412	-0.03809954281578916	-0.24902006549996555	
-0.15245794825056708	-0.034504192819179734	-0.08145956646460024	-0.02311338491293861	-0.09812220099152008	
-0.0226598740290648	0.21501622472351817	-0.05538328663225322	0.09376489664427087	-0.30377618466469686	
0.34116190290412596	-0.3600808284376836	0.20020471271293497	-0.03911580375612951	0.2662753126426517	
0.050140740418609206	0.45658560286660016	-0.024315420674825165	0.04028859117540299	0.08439190481970568	
0.029296637897381596	-0.013357864134174436	-0.10397551397267259	-0.05990387791841096	-0.11215840468690448	
0.03294324686781095	-0.10139537794377629	0.16526813650472513	0.024040308353338726	0.12091891727674225	
-0.20298015534262703	0.4146733100011704	-0.056817045321484065	-0.09081967693169098	-0.3995852969265316	
0.16882498923244962	-0.1719427134539411	0.00913937854363931	0.05343911420323267	-0.044854304457613826	
-0.026213622304587653	0.0254384695280858	-0.03234094615030618	-0.043678659874233	-0.10558733627116658	
-0.3231164691323126	0.15914418627201918	-0.13771583966497902	-0.05261831702408878	-0.17121439358675114	
-0.3208997573686069	0.456787018250377	-0.21238259407969265	0.021198363305164253	-0.4536068732670883	
-0.2934864119935403	0.15753603047108608	-0.05667415371037256	-0.023579223876006316	-0.37252936169530043	
-0.39953836047748553	0.4628187325397278	-0.2420904404032152	0.0627017922749317	-0.4419411227907662	
0.2393891163282688	-0.1613897042618467	0.010213334523215517	0.08009397855496314	0.032681357500007835	
-0.07849060120209422	0.27087397054057794	-0.027778026577335784	0.05027418969076267	-0.07081910898748073	
0.11531764216764859	0.045328062371365656	0.09824302271692144	-0.026623347916177823	-0.03064884417715072	
-0.08296455714705676	0.0066991805419953435	0.010210196950888106	0.017897027067248314	-0.11581602398831366	
-0.1950814525357471	0.0596704978667324	-0.11950614575346782	-0.010336975336258868	-0.1577616555240111	
0.10734860795462021	-0.19245100475505203	0.11775575930007467	-0.10124006653202249	0.25326838880044433	
-0.09122049113117382	0.04054381602798204	0.07936590057723535	-0.008699370360994399	-0.01667988433076298	
0.009420038881520706	0.006713959446269154	0.09438067913062549	0.04687389699324774	-0.0017026012327098965	
0.1684480215796433	-0.3019445334749709	0.21798879720619108	0.05885776817835973	0.05582092374599839	
0.10096224587438048	0.06392967165149185	0.13200640673402012	0.06169258198285095	-0.15282353512791963	
-0.11201621405934042	-0.29170168199285845	-0.08360748827607528	-0.044131266104191574	0.33261581401139867	
-0.08008528414028925	0.22986498369090144	0.02723700813039469	-0.07194024180490305	-0.21310105269673751	
0.028865321821478253	0.1674208546643124	0.026288597932907123	-0.08482814464644839	-0.032737287682873095	
-0.10405341276085299	0.147535089455364	-0.017171754325994694	0.09044090677792799	-0.1053028820313401	
0.051919471370248785	-0.04701673187297235	-0.06300026605942545	-0.07235143957103804	-0.1263739492482655	
-0.07983945797043931	-0.07020070612989539	0.025851522946812866	0.003965470064530209	-0.062060685247592874	
-0.4426935168971176	0.6020294719761953	-0.23885583763601867	-0.10253763837024568	-0.4788041602501263	
0.059912584672194305	-0.03094608186329257	0.047228995545835185	0.10631741249582535	0.02880414597439933	
-0.16886712575593907	0.2143104455382527	-0.09349021078343851	0.030139604465071683	-0.1828683612826369	
-0.2290863842077392	0.10266006214386063	-0.09433622140403491	0.003617179930826765	-0.14637611026870168	
0.31360296155354167	-0.34006795306953025	0.23613722739667517	0.00117653934672081	0.3376118522695041	
0.027146939158208906	0.11202271085681612	-0.032654858034091024	-0.06378585797882155	-0.14803745584137756	
0.007363060201789436	0.048561238493788655	0.029851445978616224	-0.06945409894548336	-0.19379449886353403	
-0.03915418888031048	0.16041328288662507	-0.0326287583730481	0.0018450795210480928	-0.12737537066194618	
-0.0507836202091279	-0.025716325639581206	0.04081755248300337	0.051847138876027536	0.03321050052282865	
0.13477858885522204	-0.1585561607413801	-0.036223371483831014	0.028509991288781626	0.14912434788331844	
-0.21108676139282717	0.40304452121279083	-0.11444328156723521	0.016686675578130857	-0.6335370945928777	
0.04178725008596224	-0.04348216462729191	0.09387486021149817	0.10041864667742707	0.10004981037220237	
-0.01819193689095551	0.2508840404296018	-0.1126106631785826	-0.08069246001814279	-0.24421189674104446	
0.009166762412183675	0.10065065097543426	0.0642925048958563	0.0741161656881768	-0.2792177556275786	
0.08363891671775217	-0.08813860155944869	-0.01884211474245389	0.06689944744475693	0.047598914300151285	
0.20214857684957463	-0.1688431107142737	0.17169962602018032	0.07432397693526423	0.2068272449426254	
0.09105520264492427	-0.1063294079084815	0.13134159563442682	-0.033694845031428396	0.06600873255500432	
-0.02675237703708613	-0.0786838275962762	-0.006907427657225221	-0.02079387572197262	-0.09825116025901409	
0.036157927647426806	0.07997835600389931	0.07291114435285562	-0.06224703725742364	0.07335615220361784	
-0.07275893004044437	-0.044677300203617515	-0.08825546127478628	0.03380214569425567	-0.0002475457151737266	
-0.14444414317096277	-0.1741924023285755	-0.0011655334044835632	0.09540951370370512	0.3372766796658456	
0.08127275883669785	-0.0046254330396225595	0.08002217210586474	-0.027832895370056288	-0.022103472439944823	
-0.38074794003299356	0.5089014674099795	-0.15420025670435394	0.0413005352460157	-0.4132486337385476	
-0.27535585328238676	0.3533093576048313	-0.07209058036169509	-0.02377428902754932	-0.17678773042292328	
-0.041283455119548	0.06931806139928712	-0.012559277060867062	-0.00755785303775852	-0.09598812787365557	
-0.22513469442270323	0.39973792795959523	-0.19481478904054914	-0.03482583905214029	-0.47664562723205467	
0.29257136566482006	-0.25094516655627525	0.09286747083936475	-0.05207655881351863	0.251696024445493	
0.010554121426557192	0.08817227597822438	0.08025627141572587	0.01231197706149258	0.049490007311897816	
-0.08309016947627361	0.1791945959161771	0.03793397853360605	-0.017769443495105782	-0.03251745387025646	
-0.0722432231075547	-0.12333121146564872	-0.11921410243888977	0.0901655116800043	-0.041175535690904014	
-0.043656945115448605	0.25804205265503294	-0.03799209144508695	0.009911299662674103	-0.25958366515653614	
0.0765268185126169	-0.10990984643176567	0.02367404841443462	0.02958528337458846	0.0012195860040723635	
0.29347406376815843	0.019331075689783973	0.05867104001532763	-0.07937008608831918	0.07075609276284618	
-0.015347897083815142	0.22479515029066108	-0.09369738937090995	-0.05858881012250966	-0.1290308122414694	
-0.03540915808242492	0.09599200641830288	-0.1057514172934334	-0.08068221385365534	-0.1553754344520201	
-0.04644884320455864	-0.10983312962294241	0.06757889952056556	0.008802862930145395	0.023116068658171972	
-0.23375042947028454	0.19053063124664626	-0.1290621187506301	-0.0006463020274829493	-0.20029286760828605	
-0.012714865629799881	0.15889343472062528	0.07124247379278459	0.056149795010985395	-0.0023374847727024614	
0.04715646553572186	-0.033472987775616844	0.12955743118801577	0.07344062360692331	0.07168770221869089	
-0.005992322233288742	-0.09292965006312502	0.037289404350279456	0.07602516523516521	-0.02133069181256246	
-0.01209514005844176	-0.06477965605642187	-0.020237580428317883	-0.030760650831193847	0.07334545334218673	
0.07799219499388402	-0.07230448033876305	0.06351676502908311	0.05961704188699905	0.23947549885439487	
-0.1929650084014051	-0.03503201537084978	0.06422954007361684	0.024916599862279724	0.028205389860921574	
-0.05389281076436841	0.10324910919248538	0.008121228935223043	0.018020373800481014	-0.09483465745891727	
-0.029797916780101144	0.026551314249247164	-0.07876417803622411	0.04800637128226558	-0.19050576142627468	
0.15873133239548834	0.10031861760987282	0.10450291334666294	0.03383108154187903	-0.06304239042303078	
0.17655757932395938	-0.10722806770493437	0.17792627165918196	-0.056733675297196695	0.0243167503283394	
-0.1416169485043355	0.08537497337706747	-0.025073292739164553	-0.08320356417481788	-0.04680786819871106	
-0.07035825843416034	-0.01979929292852594	0.009601778426967822	-0.08989599758237839	0.13276104747442274	
0.03685707083678569	-0.12636845024350493	0.04590512845148779	0.014956296625590424	0.013594928151354133	
-0.01336209377544269	0.282740894464528	-0.16072091175303768	0.04230758862452415	-0.1687813419566477	
0.06703736561726534	0.02317932252489786	0.00937996112962817	-0.07619912298828595	-0.07404685707939597	
0.03082385783625263	0.03553780060007362	0.05097462650594221	0.047323503110772144	-0.04356425202827607	
0.07514391233111885	0.16077352034485695	-0.03652896990536761	0.07231642518441886	-0.16567126660147477	
-0.06686310233255124	-0.0012441347887830175	-0.026913221710517157	-0.08049141739979164	-0.08217497444402584	
-0.2395898722408169	0.12572399996240077	-0.01955651399217223	-0.01743303332429496	-0.21510147885979203	
0.041498470854669026	-0.018438337076095445	0.0187025926448829	-0.004775175534973478	0.04938824586143351	
0.07465518713949643	0.0349854526010177	-0.12210123182535997	0.06600906034808326	-0.07442307893126134	
0.001186729836151766	-0.020144251790621872	0.005416061546384924	-0.10025718925037792	-0.05566150107226622	
-0.1808665254378563	0.25049876447176705	-0.019936020882250657	-0.07886489643915383	-0.2965194895452268	
-0.14342368268497532	-0.13240550660344083	0.1130705583280382	0.09016614062989706	0.15641262940674178	
0.11358894798525475	0.007194110290234864	0.049613945104528774	-0.04437905184414887	0.01686919300353283	
-0.18234049334769303	-0.047689871259857484	-0.07436620677524282	-0.05718509396841425	0.13566955319766377	
-0.2699546714873353	0.10570499357141355	-0.09678070118611334	-0.004142781255478043	-0.03189722999459922	
0.2391985881166423	-0.023220936382654003	0.05627718441142678	0.019195422476152888	0.23852047813105115	
0.032304154330732714	0.016719704435233705	0.1383910916736431	-0.0878541045548108	0.12954201883248148	
0.13410984782839955	-0.07161850094594306	0.13440199969419525	0.039461725578074806	0.26995635711006183	
0.07168250561245054	-0.2587593200720406	-0.09096906567740494	0.012346370875716564	0.16768536465699266	
-0.2312805764602169	0.2552942739094819	-0.10759088310730097	-0.06457431516148339	-0.20442564072674504	
-0.041060058760690174	0.1820261194305134	0.03711826770692986	0.07522203652866574	-0.1362524934768522	
0.01829293761353007	-0.14783045928647423	0.04963520627092485	-0.062139599157672296	0.23957779330564397	
0.12905509490214884	-0.11774626363491875	-0.01320353726756721	0.05260864325667833	0.08179201171456897	
-0.1021066104463989	0.14835879762004042	-0.13236845381807544	-0.04660133154640871	-0.29394995287308034	
0.07596787660669872	-0.020239934223507523	-0.049477470608418075	0.022684375399571292	0.016690296956736073	
0.07519680134065418	0.18742259108248263	0.12606291469968475	0.0813304595582425	-0.0203552743308753	
-0.19981717158798873	0.062769934445755	-0.15824099056590227	-0.0021977200886264723	-0.2393111356796257	
0.027651916532605895	0.05889438623682908	0.029119257839573115	0.06205104957159331	-0.1019406391053333	
0.03966136855638759	-0.004584947755212762	0.04708794555812744	-0.08386836415669043	-0.030274338192153662	
0.021929753876562975	-0.0009637779101179267	0.00881592417126074	-0.0016386166369437567	-0.15016120424581272	
-0.17775556162916428	0.1302889488599462	-0.043065469662769536	0.08958560606614607	-0.03276697076742542	
-0.2365159843120976	0.15299566113670138	-0.03262566182006416	-0.018442498960875277	-0.20628873965126077	
0.1828952174985047	-0.2246907738946541	0.11611341521591141	0.06474502064821883	0.11544841305250482	
-0.24646067640694355	0.017256296978687167	0.031566624603298434	-0.1056612830620857	0.04823244266954148	
-0.24474718922568645	0.21850443947778644	-0.07215461236695073	0.017390304887536637	-0.4298151638362043	
-0.024035253549306013	0.12365968275309548	0.06676588976835789	0.042195520204970256	0.005138307034300665	
-0.0005984091126021319	0.02139509887707266	-0.004030837443800433	0.03868448626328395	-0.15965713513366403	
-0.15258068865476274	0.27343096769877745	-0.08023183271049786	-0.039018032371977394	-0.26931201038781694	
-0.025381327355126902	-0.024746991034691097	-0.033017939330641795	-0.05543848575745642	0.05335158208310146	
-0.017689695097634663	-0.1464249736991213	0.07398440221222524	-0.05903788518770706	0.07510052830294514	
-0.06917830620532464	-0.048180787825652674	0.006671302750533223	-0.09909103120567017	0.053804069163510146	
-0.053333034219086	0.2076335403215056	-0.07423444927699832	-0.06462999080779012	-0.07542142232486923	
0.20515742188677472	-0.06374405806537682	0.06490502319944379	-0.028501296799826905	0.09580674557710078	
0.008614215721065037	0.13770689564135613	0.003697002234669457	-0.006900115561943593	-0.24292093759047376	
-0.04315465423407887	0.130925835052474	-0.1447609260219209	-0.01792008147070339	-0.36581581041235395	
-0.06197131170924927	-0.07457705361362121	-0.046960862753915374	0.030098222349117097	0.18358872104420948	
-0.0470639216082034	0.04934781590091674	0.06744760705336596	0.030919323989855627	-0.08483072633550565	
-0.11049944525583652	0.16278660106921325	0.05826357247526762	-0.019557279522852765	-0.16286946546347086	
-0.0014241154516585496	0.017625467940275072	0.002936726582637556	-0.01726700031005935	0.029846511448745956	
-0.09756351425530811	0.13378892293408737	-0.012693764957923842	0.0049241942036840946	-0.14399370144444792	
-0.18383754236175387	-0.04752698095786849	-0.11429936554057919	0.007457124700196869	-0.04743999799343282	
-0.10082306793286554	-0.16843520860337546	0.05490017218123965	-0.07429172282878062	0.12839921102561025	
0.19584350063427597	-0.280596360239324	0.05551730873905628	0.06621216020414299	0.17949364640540014	
-0.04450715587047857	-0.04752861549014494	-0.05516714976944484	0.014242422511367606	-0.009837470034346193	
-0.132388400536269	0.19198503983193665	-0.15805338114277342	0.07009722900280382	-0.21834876606545991	
0.14837680049908025	0.018557762880287404	0.04711920511898003	0.05862802362396496	0.05797749783454446	
0.11833318986982683	-0.0004315956865109989	-0.1121227579827627	0.08126987179483204	-0.04210777691984441	
-0.03690564028294079	0.1378901379913134	-0.03630931181694926	0.04953188906882405	-0.26089580993202566	
0.09849161138436688	0.2733053565052757	0.017274910918026066	-0.01861285226442195	-0.07188985066578352	
-0.1105304055379177	0.07777237795339498	0.07174388104371163	-0.05770745959540435	-0.13437188538045333	
-0.20228636976042297	0.09717495870480396	0.010365585663317724	0.011766806017347465	-0.1758430008084268	
-0.16884426957454862	0.13592232339631025	-0.029036340724199618	-0.033373361636600096	-0.21619825417382013	
0.11175875713062954	-0.003902755754422319	0.046359020531357965	-0.028195508261089956	0.12535557447639065	
-0.21139817518774778	0.19428348287507838	-0.06388384987792528	0.03606948015948394	-0.16586818983435136	
0.16734582573925041	-0.2667345638649396	0.1256520013728608	0.03981263349667173	0.23063294572934923	
0.11640427330375218	0.0257529447853359	0.07707500505349632	0.06325210279334338	0.04579377845951076	
0.036566218053785175	-0.03445636261174623	-0.05335689708008385	0.011984321578958554	0.08507227631319571	
-0.17826367827439446	0.20183637296193033	-0.0013442044531791133	-0.04652796419267748	-0.29298150957671687	
0.027623407460155958	0.0638632989403368	0.022409599512005628	0.06605320500219469	-0.2956166298857044	
0.16792054340997498	-0.21100171309164859	0.02460589080153491	0.0856757397070053	-0.07872689117207271	
0.09603461167213068	-0.018937480595913332	0.016687137378758887	-0.04066017510694188	0.28096826937717545	
-0.2812458031525894	0.23102314542444202	-0.061793343002858034	0.07786448103103814	-0.24321286701118025	
0.11931001114228681	0.06120668473481316	0.0482300778944402	-0.014707760272242494	-0.12303060306785107	
-0.1529990448483475	0.04482959212559002	-0.07704512879905163	-0.08533847549944452	-0.05041423315300052	
-0.2893355749178224	0.2861067837254954	-0.06622395802498879	0.052095730742065936	-0.23616660111035037	
0.004875801085327074	0.2699828535553804	-0.00552144881188176	-0.011211312923155624	-0.2175360330075754	
0.006507109040184516	0.004405784426506892	-0.026182642258929148	-0.01424157188582923	-0.058193231336927415	
0.19121383500885158	-0.0831615415238201	0.10829612080937742	0.09617371611771888	0.44028401550229607	
-0.0665188814984906	-0.0023630783884005906	0.07487059044341579	-0.05870868198127326	0.10089934028989178	
-0.022599432914829683	-0.004929159894895788	-0.008523875812719316	0.035489707184797846	-0.09705631051091902	
0.15281473367029066	-0.14654257634018758	0.06872153915994089	0.007839784777021167	0.3493349292854447	
-0.09418376745820901	0.33136365353975383	-0.10304593194750737	0.0826076007262824	-0.3075950576775804	
0.1527430891629593	-0.006332029567191248	0.07281150631477956	0.06207344712991379	-0.05732720845479427	
0.20369799148041712	-0.31338735617495994	0.2452170000095469	-0.012317237972788076	0.4244456633919382	
0.10175842461191394	-0.14018522411741316	0.019444263628382443	0.062216352151393504	0.17600951194956888	
-0.14079419827834225	0.2753809422157297	-0.0550360527946183	-0.05492837998511126	-0.32241737218330563	
0.08925214481022652	-0.11456402674178458	-0.014239844250186656	0.044801290815594405	0.14685640648547582	
-0.010161435903642001	0.20342952662426939	-0.07583705477195805	-0.04997886106854203	-0.15225361718403713	
0.11847945917149112	-0.0048413124938693295	0.025117005359777858	0.0030246591918236232	-0.008739222807507522	
0.11201484632397363	-0.25703080219685415	0.09452134442504914	0.0923701280116971	0.3119899520720208	
0.02189105271876204	-0.21210150746730114	-0.08687615525841859	-0.031336659293525304	0.12788914591614262	
-0.3749188936334745	0.45559405098381434	-0.2009031610317297	-0.09671666786016515	-0.6054909793310322	
0.399063168485983	-0.21412437284606864	0.19658346102372895	-0.047193057452477885	0.3848476139426277	
-0.11151226337846153	-0.010530502568548601	-0.07319455695859113	0.006516071375552993	-0.020784572753798844	
0.07635361024991587	-0.24148901014372035	0.16363398355641742	-0.09116203242578125	0.2585582731304933	
0.14642657695155642	-0.2948386608728869	0.10762382308605202	-0.06522236738959428	0.29096999779283805	
-0.030683816122550632	0.09841907710364031	-0.08650973126088356	0.060066338474027474	-0.0416498000279233	
0.14557301531492284	-0.1622545072125863	0.10012948152677524	-0.024969304607586534	0.14988791812384	
0.040167586675538144	-0.1244533419196483	-0.017656304768386484	0.04006895129294866	0.052525417938345594	
0.13704437355792173	-0.4032976864126729	0.13680074768801478	0.001824905418391779	0.486603688288583	
-0.22595967158935298	0.29025302503555744	-0.15865690376875835	0.04926849912924273	-0.2952344701517444	
-0.018979040292418703	0.004227825292881673	-0.0970210824489066	0.07830824452458068	0.13262309943948486	
-1.6299656765029003	2.3245131149803866	-0.7801857810482536	0.07246408286620126	-2.3226324699198315	
0.5881745767411718	
