TESTRUNID EPOCH: 98 L_PCC: 0.8544940603969785 L_ERR: 0.007359196206031488 T_PCC: 0.6978600924424828 T_ERR: 0.014123519711726271
180 LAYER: 1
5 LAYER: 2
1 LAYER: 3
98 :ILEARN
0.08209578045460082	0.0412109284101374	0.18514303956113115	0.08495528009431327	0.3705036557868889	
0.08204133871129324	-0.05558017135753246	0.06271745075617939	0.13901908326970994	0.3442127269067817	
-0.05887336956926883	0.031143123408859174	-0.317383581093576	-0.03144881005119955	-0.39197855588236574	
-0.08949745816821386	-0.03763334656051671	-0.4875357831881567	-0.35317326485333345	-1.0131881185657907	
-0.029364695450998297	0.0817214563705909	-0.04985735872923757	-0.053057467532452926	-0.13355589909750049	
0.1772378369220239	-0.08657002912345385	-0.12826323218136515	-0.023082426692156252	0.11859842068009102	
-0.1460229763288646	-0.011245932294004815	-0.2574220391014637	-0.13873192758905487	-0.580460537970388	
0.1106896013260245	0.03900386885455003	0.2026573293752274	0.02774092432441377	0.24668155794127503	
0.16506996884153835	0.047054490968733216	-0.19595375462857798	0.1014479569532484	-0.15309660998046795	
-0.1374878310438031	0.061580009770128355	-0.05479461933537288	-0.10262860212822705	-0.1253146043825388	
-0.23727445794329982	0.012767794880529149	-0.046561491485715714	-0.11121941653447599	-0.12204696656753894	
0.18451988562267443	0.01036361835265836	0.1898646295905115	0.29357848518996577	0.6953147135519948	
-0.25646998114501335	-0.016070680223624786	-0.109961252188348	-0.1619370576068568	-0.33284973849728045	
-0.08016753781856747	0.03327599226613772	-0.12255581466051042	0.08947702249410043	-0.2620572874827478	
0.24136699378830223	-0.0760343448331619	-0.03753987318811084	0.12882090692494627	0.16695917062516338	
0.054803178465075764	0.08916333767713767	0.15218384148145853	0.17389684461593413	0.30939272975381066	
0.023633816286277785	0.03464042966516763	0.0407456987595226	-0.060339820876169764	-0.16645735834532538	
0.14450230596450872	-0.02487482992798567	0.08291534906350759	0.13273384112132636	0.003123288652888537	
-0.07799241161351848	0.0900684413643493	-0.09792896728641699	0.06929579938919167	-0.155918997703876	
-0.14872539019643036	0.06012719339604101	0.09425244666654858	-0.11960612554277678	0.08518081974987361	
-0.1880447485391338	0.03847415354288999	-0.1428513450750119	-0.18523051983906952	-0.4148014309695395	
-0.0006128600742303572	-0.10660828761386949	-0.030354299505353448	0.010852021029280364	-0.084174399099143	
-0.13230728896728342	-0.0982095223903564	0.20223528413540998	0.04208935241831432	0.048344601879331775	
0.019534204263109742	0.025587949469255508	0.12285984047465834	0.06412278576813374	-0.026978604086834564	
-0.10848180368513026	-0.09301955544187557	-0.09187220321347557	-0.06105748542965666	0.009308209970802136	
0.06475977424372384	0.005077588399094413	0.054382071535592165	-0.01627068964212629	0.08339085167779012	
-0.020200712608626468	0.08475020340926732	-0.08096821431668846	-0.13711904190893887	-0.08870924859446748	
-0.07929576158718972	0.03206036212013218	0.14334112233513063	0.16567015447468791	0.28491074144394957	
-0.015279951473202531	-0.0821200666685007	-0.16342560026410896	-0.10777767974231182	-0.1841597923206308	
0.01558054009666929	-0.0436776584630029	-0.06440851966442421	0.020570399197859322	-0.30396467207458094	
0.04349075116791995	0.09306918445517957	-0.0428486221112195	0.004731022117239952	0.062348860221665664	
0.04437205127124338	-0.06672673546261054	-0.020295238483243397	0.1047852447298454	0.04120924998042952	
0.014203714631171416	0.0206431992976471	-0.1473382970713106	0.074768830754091	-0.11373074445701643	
-0.12033748759650381	-0.0805349523590842	-0.24189427505177358	-0.13975525247570478	-0.42805589544112793	
-0.12596615534903358	0.10518280177068273	-0.17319685801707432	-0.09832745766050645	-0.3298675567510403	
-0.11224896088674775	0.046884963697433	-0.14850459914369607	-0.1750141647732204	-0.2091063253872606	
-0.2024885638361139	-0.034558499417062294	-0.26656862350616106	-0.26994183768993496	-0.6237466382880612	
0.002410870859860996	-0.06650847464023764	-0.2920931050524765	-0.14757406010773386	-0.4560247160323041	
-0.1432018040231482	-0.06761408589566807	-0.31628331423911515	-0.15863659022186744	-0.5887530718498106	
0.10779323771726322	-0.08253274333158779	-0.22108287135937266	-0.02278275089499817	-0.30080185240043494	
0.03718280998136168	0.02790805738356519	-0.01849592757936989	-0.012226176173840586	-0.15275378352396937	
-0.029740119086738865	0.017691984346685966	-0.25738138925556375	0.029538706419091666	-0.2325569716528526	
-0.01602963984939417	0.07574128048033484	0.06476364555251546	-0.15567656387046275	0.015129884723870531	
0.1478025630318967	-0.1355452138564183	0.362050899172667	0.08781381643658355	-0.05509806292504113	
-0.06197525201924404	-0.048838255761175606	-0.040874021483826815	0.08723403234020996	0.06032246769093092	
0.11163243829789717	0.002480232900046846	0.013236489857812382	0.0852053741243664	-0.009685037546488693	
0.13243503150679198	-0.023057414138782976	0.20545730727541944	0.07084863991156566	0.13981885903228483	
0.07460276816621349	-0.1122303406743272	0.07413937356908759	0.025256561169213997	0.04025841477927429	
0.01243628889826602	0.07193153109050933	0.016567518309660755	-0.02059091959788589	0.0720839520388969	
-0.05263217982389457	-0.08681161795250772	-0.06144000026389747	-0.020426291286097263	0.08573616242340015	
-0.21353683677492277	0.09550744224957497	-0.15544384042944862	0.029542667493519015	-0.15987969312559763	
0.010546864494914685	0.02201952891213622	-0.2620017746310297	-0.1422958808072034	-0.39378393054816174	
0.005804089055892761	0.06530464103647672	0.05919044228477253	0.056862007380748696	0.21497205248802043	
-0.15081374119774757	0.05766685143831413	-0.2796690372996054	-0.0884985757490302	-0.18647598699158532	
0.1577709184115772	-0.04787586958646896	0.12758756638413	0.15963320975695877	0.19141168527397978	
0.08922775598166967	-0.06799393923019856	0.034798349522367066	-0.0035964914693280277	0.1370751535406375	
0.09325500315660809	0.07714530287889736	0.068521651818338	-0.03704076779728519	0.08649540298103504	
0.0037227850342609675	-0.00016593609049762281	-0.23736513378080842	-0.019614127496110786	-0.1922246490828945	
0.0573658842121239	0.04931479266424093	0.005904885921349557	0.09163900375258234	0.21630356639203532	
-0.07013559923068127	-0.03500205714997576	-0.0017341333984817148	0.14802333288499062	0.16928647295906646	
0.10154992836824242	0.07410363693598611	0.0361783874629605	0.04402376896476201	-0.05162514693080585	
0.04933571764094876	-0.0429359271823392	0.015559704480674553	0.1159613753984641	-0.04385875995088897	
0.022546010860792054	0.07530684717094316	-0.0374492427780945	-0.017173475232201287	-0.09384245081166513	
-0.010876882526134382	0.03745965696715082	-0.08166377885937173	0.02306645967677481	-0.045665429727327025	
-0.046036828854659366	0.027332530854746292	-0.1728480706958997	-0.11674750495305954	-0.09589513970481127	
0.08545622100549333	-0.08227038158656282	0.19211700260358036	0.17220957687977176	0.1847680585484125	
-0.13320099985681122	0.05242916076706008	-0.13989419105891854	-0.005072710288998032	-0.2531882178399873	
-0.018173217386831093	-0.04880294190401243	0.07511640505086833	0.19947791881416188	-0.014702362299792136	
0.10287938852409026	0.0732030368595838	0.15555961929667425	0.20043114252722954	-0.004622802715656736	
0.08450913477849667	0.03374544697944788	-0.010017226069366798	0.004370523762378253	0.06003335631838415	
0.08067391503949944	0.05141040823868911	-0.11105537470878438	-0.10815581463634479	-0.04540035290877744	
0.005921084198862854	0.05462952423124257	0.04128706040011553	0.12615822672494817	0.0444825433649935	
-0.023949837228403187	-0.06540278300536032	0.04221220139180996	-0.0186415947560082	0.059084234977584964	
-0.03483732177371524	0.08827801140940603	-0.05967047033439775	-0.10772556468084844	-0.1550601600160672	
0.017415460312922248	-0.1369585470244122	-0.08520518839397657	0.027723532586721163	-0.18408688342663454	
-0.030187360219683497	0.06588742721122305	0.15044756367761178	0.08497151833406141	0.04622207986480688	
0.031246874550589058	0.006980767680635543	0.20558652259002733	-0.021419123010241667	0.09313682795589574	
-0.08830604695928061	0.040345781951459256	-0.10925909288520257	-0.14312997450966738	-0.28100823583416956	
-0.016259367652695207	0.03699167832683211	0.04337889081813081	-0.03382497117461717	0.2856154516011982	
0.12294517572453817	-0.029455538917253592	0.02811977074626266	-0.0468136961437195	0.19006786933066783	
0.0783031802877855	0.049933520984495106	-0.09584003434183361	0.05464084275126151	0.10622695333471108	
0.10996277006021649	-0.04691805355654084	-0.22212877923969127	-0.06637686993751822	-0.3824497694545709	
0.03564985751736978	0.03942932518753404	0.1801494541375377	0.18105887975825388	0.1600814714472806	
0.07745560790114045	0.07609010204587241	-0.003268671617767266	0.19859904484593086	-0.05947111409324406	
-0.04230313305182972	-0.09440925925466573	-0.04166970855934164	-0.07364773523914421	0.2307524065496646	
0.08092808888364397	-0.10282856226686705	0.18994528994720972	0.17112813264413568	0.20519030399086546	
0.10649572807878965	-0.012683832344499853	0.03031794188046839	0.1485679489785397	0.16796189896036787	
0.13516459778136197	0.0658444973949944	0.03140373116105613	0.19032341710292777	0.010141037593697508	
0.07750712409948451	-0.08543498090612978	0.0390351565919927	-0.03010131542935533	0.025933329641838757	
-0.04124665836426722	0.03144865130321192	-0.012546723474434751	-0.19885687184162495	-0.18109089715286994	
-0.08248656318912287	-0.013680867374890817	0.17210479612576182	0.0793346041437776	0.20168486177027065	
0.1509965805212756	0.08941673543404487	-0.06713198641773652	0.082537231223941	-0.2546099372832894	
-0.03154559143624206	0.022401224277080675	0.1857754760211114	0.04335273022927736	0.44656209825447973	
-0.08175267413963799	0.055406432923828505	-0.01902449076221325	-0.11061226075246296	0.19579042561601104	
0.18391468881056458	-0.03037817609347383	-0.01836129854078073	0.108578563811149	-0.027764297397881943	
-0.02575349468146256	0.04823533094139492	0.1693345614463174	-0.013204037477083654	0.12786765703051675	
-0.001040354745806387	0.06281946815672142	0.06587840614047832	0.08564207616347189	0.07768773719294737	
-0.03191775488868149	-0.06875073098176787	-0.2296954844360137	-0.10542225193035633	-0.19849477517713202	
0.013435388757768387	0.0627154580348939	-0.04599735817899147	-0.1399405388441516	0.047938646070135246	
-0.09303036778172682	0.07599101562770517	-0.1611918327893677	-0.10922328451657747	-0.34480247237422795	
0.07370913144547857	-0.06424484536028656	0.1395969345576888	0.0770035207690448	0.29282657663787715	
-0.06062671542135981	0.05874337482697157	-0.21753384087221425	-0.013857508602353411	-0.32098926690946766	
0.08304334059907688	-0.01525761101353272	-0.14776955090095037	-0.05437727914898037	-0.25657050202965714	
0.17786688143006818	-0.008242666071534005	0.0513942701540567	0.1209754741354033	-0.03519904061795961	
0.11369361825521275	0.01566002972134404	0.06466131664306098	0.10325704722773237	0.025940497617408183	
-0.03958439872387575	-0.08946376151619345	-0.025871003340702577	0.06289423607319776	-0.06395188717304462	
0.17667305021669738	-0.07393284801931921	0.13990844271654612	0.1352463997115386	-0.10909284030217886	
0.06963093487767871	0.019232113210205248	0.003045243036163716	-0.11860573797346007	0.10360768262321617	
-0.028960269245010956	0.04732012160207841	0.015600930738513086	0.02075379537444769	-0.14043946138992802	
-0.1329897034588467	0.04952283619225057	-0.09584954647987748	0.08847011861439538	-0.11393433618100776	
-0.09194015056417731	-0.014355914255931777	0.0006574680320197327	0.0012466529393006275	0.019043325074954882	
0.045392397683397735	-0.011826038539020804	0.04369333256129373	0.10586183965226449	-0.18028070509119595	
-0.20099991281227886	3.273740634390828e-05	0.0006301023234476385	-0.11310685986775894	0.09082324734467927	
-0.1882552748641551	-0.020146091046644016	-0.11808893847257645	-0.13673120532709643	-0.15685793538830708	
0.11716468632131938	0.05570137493010444	0.11547263976464452	0.12731994952004516	-0.05509482617119977	
0.15452248381089262	-0.045923295124023863	0.13106819734882796	0.13188152957380642	0.15244457614175702	
0.11355189658191227	-0.05029086839121856	0.03585006056236315	-0.01037344447361816	-0.004611028287452084	
-0.14320268319082738	0.032400340464676505	-0.10800394243406097	-0.15527363304242114	-0.04173626202274195	
-0.18161762001589146	0.018048135116844506	0.12602139055757702	-0.12335198736179283	0.14756878884581903	
-0.055388439063208936	-0.07182750381680961	-0.02093221791736535	-0.06993185746784511	-0.08978664885087691	
-0.025235806008770376	0.06910647290715884	-0.3179203278162875	-0.2442067669443554	-0.5995338172694485	
0.16730816424755116	0.023908975886029055	0.01070863680500519	0.05173432579257599	-0.008137671639856268	
0.014849508016083344	0.0683745064232682	0.04678751188474768	-0.0037107280935156904	-0.2391331114028557	
0.23718528853677834	-0.08795034874534244	0.03691594381970573	0.08965120872659645	0.030124378790499992	
-0.04734837615558222	0.008754059044547836	-0.17285666935343147	0.0383872494128114	-0.19005011911321956	
0.009768108180272224	0.014476361808323499	0.061227378702804584	0.10828703565140352	0.06299469324370617	
0.07188215200683835	0.030105840060275633	0.11538352980930658	0.08515765451080466	0.09574578163600744	
0.012181938773899122	0.033392269610741154	0.02564945746791241	0.005502103090893639	0.05421673972432732	
-0.235695653910809	0.07416784432107106	-0.18092594506771975	-0.07372600997909569	-0.3586514593962911	
-0.14662491577147732	-0.040151868750556055	-0.15019975376199943	-0.07247522749672444	-0.16146598277161825	
0.036510465531482114	-0.07280629693709753	0.15564144033172359	0.015110690163554279	0.40196573087842047	
0.09519322113073314	-0.0078000016922692116	0.040152139314085726	0.20952085175484803	0.0786220282622141	
-0.02938808458924067	0.07199072864733502	-0.11118759785770235	-0.01293761179420097	-0.023567751624408707	
-0.17333131871787885	0.0282233280752706	-0.1441491174524335	-0.01369266325591564	-0.23653040142509174	
0.19025561660190685	-0.003107109973642154	0.023561435822338158	0.07735028026789087	0.1474272790064539	
0.09872227718007207	-0.0597654747609071	-0.17364178671022018	0.04382272687697276	-0.26652476998027574	
0.1361401788620606	-0.005787889814758331	0.087552717318678	0.10210929445888725	-0.06122046973599437	
-0.1511375493304194	0.06200579166506174	-0.2757628560867689	-0.18728622015029547	-0.3088775431250039	
-0.3194252941380341	0.022813178989300704	0.07319032726372139	-0.13585187481177224	-0.13770977462376588	
-0.12102149536934638	-0.025079779108917982	-0.030796841896076815	-0.08124489042985214	-0.2796125950134231	
-0.21705060112931254	-0.020147394625306427	-0.14175812401767354	-0.18260568860330034	-0.3287815497151101	
0.15328816466097123	0.053381360799557694	0.08289884502506602	0.10426723183857749	0.1798358212996253	
0.08195938778801576	0.017525488081543188	-0.04117728014764683	0.12341384657796502	0.0022143078255200286	
0.1841609276037585	0.0604140795668197	0.09827862649127488	0.23778244603624243	-0.007334658224377715	
-0.03159167778242766	0.05248966474463877	0.00804698136643283	-0.01624252419045165	-0.05125983113247617	
0.013738135681381597	0.0716051459605089	-0.15724381701715823	0.015975936944726394	-0.10907855176567957	
0.009372328965184584	-0.055990384025591255	-0.03810284655975608	-0.04174365576721594	-0.2959893650785401	
0.03497759775697972	0.08444509853564654	0.011205543621646297	0.12846241956738158	-0.11909481226635861	
0.1155925752693796	-0.09227859642036565	-0.09179429600684275	0.1330537147375655	-0.24065851453599368	
0.06115425963978627	0.05491660188410269	0.1001909393936329	-0.07403366936030112	0.2694846322429794	
-0.23763764301328882	-0.055037796806731425	-0.16532838001746933	-0.12307106603644641	-0.4640743170880899	
0.2041557282870589	-0.011411959736543683	0.044379434873235084	0.08986818844306878	-0.020678274148136538	
-0.1057997353788906	0.06438373449355093	0.12971655754710476	-0.10221980303598888	0.14824156470236616	
-0.311697247675517	0.0072845761256703015	-0.14010412832171687	-0.07818597263715492	-0.27949986724114284	
0.0608918632143525	0.05302468198321763	-0.24759755246525508	-0.11267942268737476	-0.3158034874545899	
-0.10965419198193478	-0.02795498916189451	-0.08277276346827364	-0.03604204002597801	-0.08049657312134997	
-0.0921716462092842	0.1157345852996482	-0.11297194351748943	0.03638619424594143	-0.07110848639180176	
-0.11217335707565147	0.024589162480158272	-0.09052531625369369	-0.13724805326179235	-0.17114950255489148	
-0.1149396392071739	-0.06081492550413626	-0.13565366189756053	-0.05785020636131548	-0.20897491780145763	
0.048935190646639475	-0.05464038367491581	0.10179052506404947	-0.0562519110746963	0.23576378417040356	
0.20298782296352472	-0.07037045776966899	0.14984021605553077	0.20944378503298075	0.1562460362333795	
-0.5274650675868571	-0.0871994604518497	-0.8006918954827373	-0.666477694028762	-1.376575153636605	
-0.011116671320921047	-0.03672961115451184	0.21228446565051362	0.06767829922956889	0.18977857660361588	
0.014564308992746222	-0.05540856477596722	-0.0022604153741121167	0.12192107896464467	0.09598410797200603	
0.20801984548370428	-0.05991926265392234	0.18081992021834414	0.1217307119669931	0.16640129859710776	
-0.004549637005591461	-0.04728463089969251	-0.009705096207305768	0.050175975402836914	0.13787790744970455	
0.05749360949517161	0.007807205257961138	-0.0029917986587303055	-0.036489969219789156	0.05398602230351524	
0.18847763602809928	-0.08386813059728947	0.08031591588962499	0.09753653742359784	0.09392825015249279	
0.03047270098984323	-0.03767375473111699	0.1939563717482327	0.22815127351534303	0.383098981225118	
0.1776149326729635	0.04100587154807269	0.1033677809059222	0.20568566494591223	0.24663710910724634	
0.1454125724919039	0.04552341497805231	0.034501583991628615	-0.00879889747332039	0.02966696790361089	
0.17705772277995674	0.061876360390456894	0.2658193869262194	0.014886879923368223	0.34765244253535044	
0.09079538750959919	0.003018797849767495	0.0488263758431134	0.1036409126174815	0.18605061177727247	
0.11485365986942282	0.0517553106826552	0.09850850035657052	-0.014670476060389358	0.28284980778705604	
0.10399176457382694	-0.07686713092364068	0.20992349671328542	0.12646568836741642	0.33274009637692553	
-0.0097958759329234	-0.05814343926848024	0.009614812121237912	0.12387243787600018	0.14932498849610182	
-0.025096946651873578	-0.0708235729654424	-0.0026963718694308263	-0.043192861043719395	-0.0525189140651029	
0.057160814631806625	0.0221296633526177	-0.09305617180022024	0.08274219651984617	0.11008345648273256	
0.01796924131674461	0.03775158633882081	0.09116640006389114	0.09417368812458381	0.5400691536857236	
0.05402490527288276	0.07050521693891555	0.025399025949541975	0.15616650933878434	-0.000379405222918703	
-0.07961621345552876	0.11277104974938172	0.044134780459706556	0.09233627167784995	0.2744809909204169	
-1.0699887082639865	0.38870503534317946	-1.4952288749447786	-1.1269512214813442	-2.8643994181450028	
1.819357766259619	
