TESTRUNID EPOCH: 52 L_PCC: 0.803985433483314 L_ERR: 0.009736722219040088 T_PCC: 0.7298770003748998 T_ERR: 0.012417275666371207
180 LAYER: 1
5 LAYER: 2
1 LAYER: 3
52 :ILEARN
0.07717957359473694	0.07824666901494022	0.056860455320196145	0.0742050423628198	0.15496869900498386	
0.030295519980126397	-0.02780266745990975	0.11625577684779491	0.1008111351676724	0.2654641666213066	
-0.12700290141576273	0.007116207894590444	-0.27030717863308695	-0.04167747740211666	-0.4193844558823388	
-0.14727984560284002	-0.0722460240081877	-0.4081231785413288	-0.2964551519798228	-0.6620345001751509	
0.027316985010954163	0.0991190129440273	-0.08055900218866935	-0.0031609211139552755	-0.12635396702837143	
0.12043386704566107	-0.07091335712527164	-0.05915143950020419	-0.030538246855017045	0.15377745065465312	
-0.14409895357317934	-0.03414015177622356	-0.11044825304668571	-0.08769723496828662	-0.24815437727024625	
0.08045819658938949	0.07921928297073472	0.21770719182442433	0.02041761049145952	0.26007545598599147	
-0.007175012544469597	0.01595279832021815	-0.2838308758725567	-0.07267982883142793	-0.3832923780462281	
-0.08717388099242472	0.06982738654337618	-0.1740567781625089	-0.11976022838141061	-0.22337631445587824	
-0.10007603531213814	0.04747888682150407	-0.028124653055516122	-0.04793276350181549	0.026675991139880006	
0.05452383966447264	0.05656587816935049	0.15992770575153192	0.19021673282459456	0.4290021110041543	
-0.12512872867798128	-0.024353783467711727	-0.053643567499197575	-0.07519931501423356	-0.1936029633543648	
-0.0062490967438680175	0.028434510703013744	-0.03241917833947986	0.055650010419054936	-0.060008183041928925	
0.16614568711929173	-0.047677118641760524	-0.004754971618515126	0.13185545311420752	0.13982899804090776	
0.025742610397864907	0.11570522951507892	0.15776209294563842	0.17677737414395153	0.2609572403372202	
0.06357652579375456	0.02929524938859441	0.042716031850228896	-0.025223617106270066	-0.10015827067742673	
0.14464688965684305	0.011233277205657958	0.13306288053177964	0.0785707833329351	0.0936010490377483	
-0.09059348201795785	0.07879386126491407	-0.06527315424258509	-0.010406328482206087	-0.08769623384262422	
-0.10969751067588587	0.07718125522297903	-0.07584006551299824	-0.14775839647599617	-0.08982925679200399	
-0.09232971446774249	0.002195744606618453	-0.026505081663820186	-0.08052652995284092	-0.07266724926005277	
0.01536697168403158	-0.08898715013064383	0.006575530632467051	0.016745237742064305	-0.004742400286754103	
-0.021349686098489598	-0.028249869792541876	0.21959723754057692	0.10840939811186072	-0.07506881684002864	
0.07410771495812933	0.08686620427106821	0.12584155442660522	0.08109897522121616	-0.11739814712101002	
-0.010066547651185725	-0.06105707010151697	-0.006666286982905869	0.021375013680185802	0.1922581560235542	
0.05375668252333069	0.03307815746147141	0.10726211018167946	-0.016834306847614038	0.07697487911266152	
0.00286039868238829	0.10380031426483834	-0.06190281492967404	-0.11967653248500013	-0.05114987278292665	
-0.0010366270309770415	0.11984911354884575	0.1476209060568758	0.1830089392998795	0.021389137213777	
0.03149310232453467	-0.05873821130707156	-0.08398697383665389	-0.06599254780144424	-0.10544738361165527	
-0.09914530017858411	-0.08423317536425826	-0.06631848633567469	-0.035792841049776945	-0.06324132914890168	
-0.1092922329822755	0.056500328825310295	-0.09635963359325424	-0.10786778386907377	0.04362403903171019	
0.07587126012256472	-0.037728338506639744	0.03178403608086317	0.1274737078585137	0.09194141039159494	
-0.07730994080315184	-0.03174956669587597	-0.08489227899041092	0.031695915614700934	0.011398211541705986	
-0.22155287882578176	-0.15347019060263006	-0.2858440332789951	-0.1911085841942531	-0.32353617395558376	
-0.09258961404866496	0.1053869654908207	-0.14822688424745867	-0.07798750197581854	-0.24190513579757475	
-0.006050121413617519	0.03914537694123493	-0.10149657293082491	-0.1234619308214405	-0.16963704492473022	
-0.15667468982392727	-0.09518708475284927	-0.28235653488701434	-0.2633302980173201	-0.5296185476971857	
-0.0477915776582973	-0.0966350191938268	-0.25742880178113975	-0.15939127179692728	-0.29157734681805486	
-0.14971494007180738	-0.1344028835591061	-0.21381774379882115	-0.1158917946749074	-0.2314553578007611	
0.03993065472108135	-0.12798841644051037	-0.21410042751543065	-0.050443286264863066	0.020337525495205944	
0.1288210764662102	0.026136564170834885	0.12097994129343677	0.06059574957927227	0.04244531509782541	
-0.09284097656111685	-0.0030864531368146055	-0.19864433870617346	-0.0019724093875026077	-0.14694075431227074	
0.027341361072464845	0.12660292281987315	0.018576128381703944	-0.0293810325900983	-0.0573963083456183	
0.09736785715277334	-0.048689119145114444	0.22511244986413848	0.1549990128693707	-0.0010343743932956053	
-0.07524710706569383	-0.010478663975529016	-0.060844517233775146	0.07463795080054682	-0.18134772134488983	
0.08427217066114596	0.023781492313070023	0.07468278355611362	0.0696945065545806	-0.04606265397632425	
0.051679560214500674	0.03427949735844298	0.14603671795370604	0.02505132147206505	0.06488707281368872	
0.08393642935974253	-0.061220703779534584	0.06412665476117284	0.03768225301960957	0.07229691403125771	
0.021094008524842358	0.10468077182168346	0.10206001851928674	0.0006035393568990462	0.12113766072297132	
-0.0008828221865108983	-0.10890566532378039	-0.05374302510963187	-0.01718349612102393	0.13370301492659137	
-0.15300974338396697	0.06935510356485583	-0.13233161009785224	0.008102085382318889	-0.0602321744556815	
-0.04494341200542908	-0.016361378373796705	-0.21301212064799685	-0.15594184925111412	-0.28129115287247997	
0.03578737402092786	0.06328644371533675	0.05670026976337224	0.0090349573182084	0.1020550116109503	
-0.0672428736789946	0.018306542880667905	-0.09260173672528951	-0.06263265950800233	-0.028832556654957937	
0.1132229443306245	0.009291762374314585	0.16517592409451365	0.10808340528459998	0.25392415358414067	
0.040722426687217456	-0.047313968800223094	-0.04183253375698754	-0.02458305637452186	0.014267048738421672	
0.06148125644794937	0.07938368025920353	-0.017130774338304015	-0.06635242639850682	-0.05465200478490011	
-0.06368095537474548	-0.026222506659441414	-0.25206067341023475	-0.13787731587794486	-0.3041636408160379	
-0.0028452198943308125	0.047715739947014175	-0.0033969194793606063	-0.006405264149506534	0.031455172229194486	
-0.08774268143159618	-0.03741038860336876	-0.08513815125368945	0.07664533133116175	0.05476796289084973	
0.16395725091021157	0.10470000347347401	0.1569641220484045	0.0978565734027651	0.15760543260883025	
0.007085408156472965	-0.02009603393905146	-0.06144018267881657	0.03063875691801386	-0.10908508364283119	
0.0631164945781158	0.07376083963761765	-0.09560508364970882	-0.10818439911651383	-0.1899288977786204	
-0.04583836128008726	0.03523955111480201	-0.18472248383502635	-0.11067890694349085	-0.16939437971831145	
0.041260480576806945	0.05087903776712859	-0.017810496509627807	-0.0368873784742962	0.10989743103503934	
0.05052803350030977	-0.05286011108605984	0.10522304781002352	0.07312202399262074	0.12413790450173441	
-0.027103540802864017	0.06550381135375828	0.012830944955546332	0.05252069477190208	0.10336912481068125	
-0.04074420928170792	-0.01971667984285894	0.053304797900583886	0.08702955749265764	-0.008622591074732542	
0.0578043689036604	0.09973843488829805	0.08777787613401639	0.06986249994082086	-0.24960159040256946	
0.0016294463891918772	0.030022258662777718	-0.06098672393114337	0.03271207539447848	-0.0658710061543054	
-0.01564981154333236	0.032480178357161486	-0.18869833866607835	-0.10695572675098446	-0.10818045445597656	
0.03674614044219671	0.0756409245655482	0.06705074749724088	0.11074122854485155	0.17460555002011596	
-0.14393006774608222	-0.0972383282942486	-0.12126393394342086	-0.08245817257251573	-0.14396687619586174	
-0.026514234660050286	0.10950203680889468	-0.009245768149350488	-0.021987534557834566	-0.2404336890751989	
-0.050466367471186	-0.10927528451858176	-0.18494951290861575	-0.039901997774891416	-0.23983362048106155	
0.02132480962983382	0.09304694794993575	0.09982707605820612	0.06251040400189853	-0.034518161735636155	
0.03994129990977447	0.029467042634955594	0.16176380682236974	-0.031508772738561446	0.058518828190425864	
0.019947939322152233	0.09529184320790146	0.109488639407906	-0.0025419553058551436	0.11208588303598095	
-0.0661439374304571	0.08083773354858285	0.028367976564721693	-0.06653280096318756	-0.06138330749891637	
0.09675944718215902	-0.019345850929718758	0.0627524578676291	0.028713950800683792	0.18217053110422143	
0.10489016337025327	0.06907164660338808	-0.0794504838112402	0.049222129411617514	0.07006871283246435	
0.005726631030879545	-0.07990228656242877	-0.28569184721274493	-0.16846325366370737	-0.3533382465622699	
0.046208639604198964	0.061553754827767274	0.15620527319439423	0.13839452231360855	0.23449069209377407	
0.07766772094505606	0.10400735547174172	0.016221650308665108	0.13921620700543996	0.1039290062751282	
-0.05517761071118403	-0.07105971476892689	-0.11441313560290989	-0.10283703838180196	-0.052138082517831245	
0.012081346630564076	-0.07232003633550366	0.13037596116255235	0.07204593221363677	0.23089320265373212	
0.07789820071631082	0.01531376237785644	0.05185437362404238	0.07503295373222651	0.18674423108493002	
-0.004177911439208898	0.0993518255027059	-0.1703703933217177	0.04300234746340647	-0.10685679957460598	
0.05154209522184028	-0.08478918310422888	0.023221980362578797	-0.07445309474580711	0.11004353961070447	
0.02479170309885831	0.04071814561479948	0.03005709946838336	-0.1302237295944262	-0.17454480649170004	
-0.054146402405848226	0.028956530520241764	0.16343716847043377	0.11978734656493252	0.11997893389774124	
0.07406730310365237	0.08110260164982289	-0.07537310721420737	-0.019269367990798553	-0.0978849235336323	
-0.05762625933671954	0.06814630641515994	0.0193080954251788	-0.007481259142116677	0.18883120304815693	
-0.07385208060398156	0.09859827676103435	0.03246402401621314	-0.008179088763517611	-0.00293714881205314	
0.14083117876898818	-0.0059951825695453665	-0.004707416098246488	0.05377640869722961	0.14578797895109447	
0.00713136263346337	0.07135543036357633	0.16963188314663055	-0.013827181105493795	0.1782883838793344	
0.024394879085358062	0.0850538548260379	0.05984516556665695	0.08014053369666387	0.08928202034624039	
0.009166087523419623	-0.02999385452255405	-0.07755520932166236	0.01213875362694294	0.013951044842907745	
-0.077786021534904	0.06495006257989931	-0.0835756950916501	-0.1182451593788474	-0.1340945356473369	
0.00038449289247137984	0.05936093293057455	-0.06143072910067887	-0.015396480802817417	-0.2501647119609655	
0.010336077423584576	-0.032445920015375836	0.07479526435413421	0.012806667509595108	0.18020830212287914	
-0.041054095862211384	0.057186755914658535	-0.15032059189526448	-0.004771817660368032	-0.15949033145562325	
0.01962863768504669	-0.032376338181136034	-0.12362516560885048	-0.05872613432434195	-0.06347603105877686	
0.02078687996630183	0.010599589540924655	-0.08646170578694727	0.0382667026004202	0.046413684368746	
0.1118313653009983	0.03900216098499464	0.12098107637713944	0.10863922754418087	0.09043176722614851	
-0.0758002495072442	-0.0748900416761086	-0.07947113772326958	0.02082106361172321	-0.03844811417061354	
0.08227033125053441	-0.06352983055670343	0.03284975554208146	0.06076548540624285	0.009378404906432233	
0.07607037960863525	0.054874928552646834	0.005705650986925646	-0.07111782745015109	-0.04288949093818712	
-0.0318996126782991	0.05333455352709574	0.008109586472219217	0.01907739617230533	-0.1925565416015942	
-0.0889387454686315	0.05612119446369646	-0.05222022046426963	0.07963238613108915	-0.06741197041569637	
-0.04487231062327268	0.010457027494931258	0.0621842241930891	-0.017800141795443983	-0.0515964845789688	
0.011798899035477584	0.012281271560519166	0.05974392792253719	0.08847818772164114	-0.034950368541239896	
-0.09414315152714699	0.011417016114042116	0.10857457730784015	-0.0861840142211045	0.1028029532751121	
-0.08113996236875898	-0.020672152724761524	-0.05422674372462764	-0.06658191738771004	-0.17538547216577974	
0.06453562813629518	0.08745344928329075	0.09684787526755799	0.07916137736189266	0.054100035973504504	
0.05657032241661496	-0.03820602533316666	0.04406729295459649	0.06438507282288998	0.020173889460863355	
0.05745144304292622	-0.06832854420941456	-0.0020537623139717577	-0.0721332375869263	-0.02846009788247641	
-0.07425045791161528	0.06626419228676857	-0.11852250909723373	-0.11207596306931701	-0.04707608205157639	
-0.08207597285827506	0.05504081472065533	0.09468627160002183	-0.05559745881913871	0.041293376978891225	
-0.03247460109371008	-0.06426246538540047	-0.016618262820083947	-0.09493502816240992	-0.05589907567801125	
-0.06865576623135902	0.03454022342615694	-0.33888429561743233	-0.1734862904414057	-0.3746639549914556	
0.13016076494983192	0.05574125443129462	-0.0011051167073386095	-0.005575861243469514	0.0702898056892101	
0.011717720654890853	0.09509310935596062	0.03943043056327481	-0.00320647783675252	-0.11379029101394375	
0.19488631454927235	-0.03781886185629571	0.009829566405407143	0.057241682691430346	0.06026799397512812	
-0.16116482949670263	0.030672356518410365	-0.2975499419298897	-0.09060782168639657	-0.27766720661359046	
-0.03389077288497063	0.018190106423070087	-0.041603357280393535	0.015154058691267736	-0.031202775700957877	
0.017286918711363158	0.061957006390740504	0.0802738114735926	0.018559290207139683	0.04583320545090824	
-0.07136965603778463	0.07983372848667987	-0.09930326585982906	-0.019902087033802852	-0.04639823917120622	
-0.11221634521572169	0.08036304682635842	-0.10371910874385833	-0.02321055076435146	-0.10851775470070203	
-0.10751150902673334	-0.06214277717310181	-0.13334989640153685	-0.03122558597459995	-0.1387117555730636	
0.033396746293191795	-0.059018431942618035	0.18239957162268522	-0.01032394381112532	0.32173613629064896	
0.022161909643298006	0.03323165973990828	-0.06362204617762339	0.12186071099400532	0.031913787837494545	
0.011678566152644202	0.04533631283121513	-0.07388519049967775	0.008965678132975916	0.005771992916432317	
-0.0350829979413681	0.044432742976026764	-0.04105662175506355	0.0392058046050008	-0.2623078629381009	
0.17612868657341282	0.042728939303261	0.06077100180263026	0.13188126331063554	0.21436390875561703	
0.07887852213377826	-0.049084419993743765	-0.21272713213823216	0.050297808499775436	-0.06839790300746947	
0.08207925894827849	0.011347352540393481	0.04892000675021753	0.07885764584353004	0.0014707766065682746	
-0.07450171118585802	0.017708296387931293	-0.15596712766250406	-0.15471580615240998	-0.215004878368263	
-0.17080915879395148	0.04893284291787242	0.08795682646233088	-0.08472578329975151	-0.20086912873074794	
-0.1081799681053324	-0.049456502314187765	-0.030504926869143193	-0.04691897996781067	-0.20738466687638876	
-0.1366060149848033	-0.046747935334642325	-0.10772886439682788	-0.1184642828362872	-0.19064511926922764	
-0.003935137119076477	0.057704734494308504	-0.10660497541005348	-0.017744590063700598	-0.03690992578896901	
-0.05911577535987961	-0.01230523253287606	-0.10472789930089083	0.010250620879289199	0.04411777908566196	
0.08433268789941883	0.0842940431779104	0.09534367461057369	0.14144872734139224	0.13912106818570735	
-0.011064723128381332	0.09404586343314765	-0.010525106232111196	0.024910846446228162	-0.037641708656651944	
0.004720817170843971	0.06824991948564031	-0.11275030964471193	0.029863633866476474	0.07017165243479118	
0.007693490677405023	-0.058879436829150346	0.009076518068780442	-0.037564831184543616	-0.0067135122884736465	
0.014040865620599934	0.09666059947114006	-0.01633614470219627	0.06727264978841521	-0.06394355187431305	
0.049177022413981454	-0.09428654200773949	-0.1658516444074747	0.04547051457084978	-0.2497391064150565	
0.13164237452587355	0.10039599195603982	0.1539121853725436	-0.0037059156318533103	0.16549925559619874	
-0.08871761855424325	-0.08221794118192569	-0.047778942579887185	-0.02190948036594957	-0.3149954465464629	
0.12677321362120836	-0.013712738555060734	0.04131141680261865	0.04268550229263358	0.06534029772199625	
-0.04705603068218995	0.10884599041366602	0.05539477174704383	-0.06891335791144461	-0.0781090997157968	
-0.2151920742526244	0.030829661915079045	-0.14576435216742697	-0.05180628470875169	-0.2936245039484984	
0.023291830930381393	0.03626843200863066	-0.09591129874138457	-0.08696846335177735	-0.13627316429636363	
-0.09993757283407678	-0.04158048391433874	-0.13500340378815717	-0.051059893560777926	-0.08686364012215936	
-0.06711343757072169	0.0863746977959569	-0.13866275733433775	0.041685977122335745	-0.07824111482392637	
-0.0596611644401741	0.07792306537763091	-0.053526497472573015	-0.08851398507861936	-0.06965807412421555	
-0.09743707620987271	-0.03823727849853082	-0.1457743487141309	-0.037371064437917614	-0.23554171387281644	
0.11702245017404488	-0.017121092422283764	0.14019210473089638	0.02633688648645249	0.162445560169574	
0.1741414554081156	-0.03202199611076999	0.1392143786300786	0.1728963684087921	0.1860366028517065	
-0.47003801388779887	-0.2264697360765011	-0.7918254459597218	-0.5252686055452515	-1.2898275657158595	
-0.028726699077032895	-0.0031556597102742555	0.19834548212076486	0.03782124913595538	0.239178565438467	
-0.01012135227602226	-0.017342876860270657	-0.011746237864174731	0.09085498802315557	0.1536095249517487	
0.1693939150056391	0.001478153984031141	0.17422262920023113	0.0659109909362235	0.20936963346059753	
-0.01890119509402385	-0.04289080989560788	-0.039168181296210934	0.03866542395932159	0.1366848345683623	
0.038612208129385456	0.022749775895407994	-0.025094620566397448	-0.053153950856275375	0.08802415851423219	
0.16110102285242214	-0.033959278255536615	0.0782099206247721	0.059382787373497815	0.14549232465264353	
0.05297870439383644	-0.002042578129711282	0.19472801217659458	0.1981157448040453	0.38475792274003034	
0.14774764819987551	0.0891379597980467	0.10734774067052318	0.15635386422618225	0.23613718523800334	
0.12399540957291996	0.06944910301430747	0.028972403656782837	-0.03636617512158832	0.005396000178808335	
0.13390457573459674	0.060185791175015255	0.18931128746590037	-0.011822987402152173	0.3304056152642918	
0.07865825390989824	0.026107798966377133	0.04387594204110894	0.07857257916189901	0.15409942552850414	
0.14810100870158957	0.07108910227956715	0.18105898119497277	-0.006313820720323575	0.19474096688218412	
0.06506170160204391	-0.016131903868515547	0.19605452777220392	0.07119499266186297	0.37470531830202436	
-0.031246474944684955	-0.030476425044913113	0.0007212975904721435	0.10046365193737435	0.1917774628992785	
-0.03432350648041399	-0.06106595309539963	0.004404353583272727	-0.044147162233716494	0.014745673060363531	
0.08205175980811476	0.047187684259685135	-0.016443567948484124	0.09485222679885875	0.06470998869617231	
0.07782013550141045	0.042152297376544426	0.2001236764246755	0.12057233980579836	0.36074670391327207	
0.040027297915511136	0.09500319959842159	0.044612921612027276	0.13614909261840025	0.022894496250069868	
-0.055037557592553236	0.06205993297187188	0.023013741298016973	0.11830750998718671	0.167786414711836	
-0.7088224295417023	-0.14768497508155382	-1.5108633953316504	-0.8280488068238453	-2.395808092882109	
1.2902069305003754	
