TESTRUNID EPOCH: 39 L_PCC: 0.7807580773637806 L_ERR: 0.010883087649735439 T_PCC: 0.7057193174630773 T_ERR: 0.013715332604146644
180 LAYER: 1
5 LAYER: 2
1 LAYER: 3
39 :ILEARN
0.09678367334209088	0.0665875465345543	0.07704282755906888	0.11716424039903549	0.19339580125878203	
0.05727301271740411	-0.033362324961260056	0.14698609720857392	0.13209628674320326	0.2736637922193565	
-0.09174406436913138	0.028446995017795518	-0.1994446827070629	-0.02599687409344469	-0.3039969097574802	
-0.18748636791701795	-0.049622817364354366	-0.3857046625035326	-0.38011626112055896	-0.6899547948526092	
0.023891111975614995	0.09737975479100294	-0.07992454259028385	-0.009047212394067437	-0.06747532444999803	
0.0928869713160845	-0.07637853993164159	-0.10294417754193044	-0.07021605071673628	0.05231727918734701	
-0.1831861883064512	-0.02595505493627883	-0.10843854005892732	-0.14974785527794252	-0.2999796002896932	
0.062441252943868354	0.060577875119451036	0.18334700091735792	0.01501598374505447	0.23057987160664564	
0.007706604025410755	0.04022209178929034	-0.2046457565448575	-0.06852462205344949	-0.2863383548401986	
-0.06155910390527683	0.07176792872023172	-0.1314640409930262	-0.08968130724787343	-0.165640774074038	
-0.11934574556855256	0.03082338917444469	-0.09451869628254862	-0.07880447770921171	-0.03191965249045722	
0.08125419372848608	0.0460548785086269	0.16643360703019744	0.2340297891238369	0.43809454883639143	
-0.122798676220427	-0.024364185796771916	-0.04045508180458252	-0.07885575702534035	-0.17375043096577023	
-0.04593393221179205	0.023946191496360264	-0.06692723530317042	0.02003570586924317	-0.09737812778827709	
0.17916712428094828	-0.053121267261859555	0.025312137970996545	0.1689436272430601	0.14064283015894596	
0.0364377118150768	0.10573431290042025	0.13378867305049474	0.19304558599330593	0.2624701952474325	
0.08903883189959738	0.03156333179669743	0.07238095027511537	-0.01070893927840414	-0.055799772977687824	
0.12715518584249136	-0.0019234531610887336	0.12863417542759015	0.06570339611150487	0.07732903872955799	
-0.111758850829215	0.08295957695296274	-0.058116212471343805	-0.034102286596654666	-0.0963227980060682	
-0.07055940882871217	0.07803202453145285	-0.015784945220173353	-0.10265511443116283	-0.00444537328160419	
-0.10173791918987812	0.0027815089647003736	-0.03819362153035275	-0.11388561518887334	-0.11552769142025819	
0.025676067501043717	-0.08930163892698967	0.04310719822357649	0.01487006553169153	0.023480721550995766	
-0.013659210179989816	-0.05721018739443923	0.14445287799300985	0.09406407829949522	-0.05568714577440053	
0.0968421118126626	0.06747252972728786	0.11662246689491608	0.08806552740124513	-0.05836213450424329	
-0.06522254530155738	-0.08185995471066108	-0.07152694226922464	-0.030450519190147823	0.12817669367238754	
0.0830547244070352	0.02590322664022539	0.14489431695140614	0.002342465841673574	0.10478628628793046	
0.018020133066934254	0.10223253084025306	-0.026159121219726158	-0.1206219210429686	-0.014767993160980541	
0.017582727177982326	0.0784574362204944	0.05191402253019655	0.17185977327310664	0.05904838919039671	
0.03816540279779889	-0.06488483745668577	-0.08271299755982128	-0.06873206306866902	-0.1138436185251872	
-0.11832934073647747	-0.06527345270974193	-0.023275425853209335	-0.028551507780475615	-0.0974504579692934	
-0.144024010016517	0.07498797885984555	-0.05723221692766603	-0.11346993070430449	-0.021219343119470744	
0.08611173995881044	-0.04790370425306719	0.03528604140578609	0.12587847796194285	0.10003446246477617	
-0.10345740480070031	-0.017259978572475417	-0.06074364201878883	0.015238830956544944	-0.06816056232776978	
-0.23572082331854863	-0.11266637346780106	-0.20791439061121292	-0.19008508572419244	-0.3429720244139254	
-0.06107291355825801	0.1081770735635007	-0.07543985192532268	-0.06751195901144687	-0.14973356391328882	
0.029429950834219575	0.0383176772265981	-0.0822979132718046	-0.11046151851273195	-0.10819874559729513	
-0.08562989548595855	-0.06595357649326428	-0.11360665638556691	-0.21591630661046593	-0.29875750111240745	
-0.008635537379014667	-0.0683191571033368	-0.12389346725143878	-0.11929509583993986	-0.17919638878183713	
-0.12529580287283928	-0.0992974111474989	-0.09292931315054556	-0.08329432111173393	-0.17841785670152163	
0.03733371110621485	-0.10511249206109272	-0.13948581183400788	-0.03322951944350138	0.03818760935981931	
0.09648694335450962	0.020410585282682234	0.07417037559614582	0.026082642005163224	-0.0560424788603913	
-0.11381132411538927	0.0011379188021412127	-0.18711134936414037	-0.03454407547986022	-0.18778081510036057	
0.006769501806853268	0.10487655304375695	-0.04078332466816437	-0.06672313386090933	-0.061842766780338176	
0.15364659530572525	-0.0664181113447235	0.2598145795265963	0.20482606109762475	0.12974264551818027	
-0.059952679547751346	-0.027484274823143844	-0.08153080430706228	0.06944977240762999	-0.11814698220542173	
0.05973745454024064	0.011534726960421692	0.020107171668785437	0.029104448429553405	-0.07937046749478538	
0.04694164788670053	0.01756269745657988	0.11068332706040641	0.012416341650014075	0.051322665239435794	
0.05875718283424888	-0.07620445119179364	0.02347323464292935	0.01074151212250596	0.01839993928021666	
0.004635433356068549	0.08399410744970548	0.056952424993728594	-0.018842315960539802	0.1055198132800674	
0.01398229723459369	-0.09013038972169143	-0.009561335385488322	0.01657608177300511	0.15226991195636894	
-0.15055700552209902	0.08463410898042341	-0.09201977136871123	0.020016251213493534	-0.04438924578676984	
-0.0339247229277727	0.0018629221663879398	-0.14747489729372257	-0.15553769127064382	-0.2766858179804787	
0.006069668095148359	0.06410199361672737	0.015708461487854524	-0.014640838901580694	0.04567773239308991	
-0.0928707785344317	0.020807051260645252	-0.08252319480293462	-0.07474844017676234	-0.06112773510385649	
0.07565967445386412	-0.013525988634267532	0.10873358852733872	0.08407395721212073	0.21165249583810702	
0.014569784897883103	-0.05562930450148192	-0.06539789418241013	-0.05791729689724253	-0.033716804032177014	
0.048582128930597705	0.079978065346053	-0.005919293549643996	-0.07284542775474535	-0.06346046030572865	
-0.10218710513856769	-0.012411934026763894	-0.2237054922485734	-0.1913375301073967	-0.3757133760849662	
-0.040638103086198286	0.043341115281037346	-0.04480425218137358	-0.04465597557679029	-0.06889191705391061	
-0.08771831975362179	-0.024582415675403615	-0.07429291829550695	0.09159237204365783	0.019403862817658157	
0.06358675834912615	0.08032448678115912	0.002049913637724326	0.004277914359471935	-0.08535578291395002	
0.0006497283129277443	-0.026021156416086655	-0.05108979005709903	0.02067142118845631	-0.0559280793407397	
0.08509202364014602	0.08332902807417977	-0.03482659945883748	-0.08082898559805853	-0.07393183673641039	
-0.021791593941468162	0.04999861092004309	-0.10974111621512958	-0.10053777547079883	-0.07172752544004223	
0.03708536470322163	0.0388391290742699	-0.030470431931746873	-0.03403408206191215	0.08681989928395913	
0.018576112529827306	-0.061772537517729216	0.056267844926058325	0.030166030360518285	0.0349596404514366	
-0.07269092398554207	0.05735245569808263	-0.0458199552608353	-0.004602128324061606	0.005624296656622122	
-0.05652375493509586	-0.02341187983519128	0.04942466506490331	0.08029684909916744	-0.011443850066208582	
0.03862619376650702	0.08853357790227352	0.05162815210803047	0.04393558292816055	-0.21878245081408568	
-0.013384086732876051	0.030756944034984766	-0.0679222054857834	0.017775943842342386	-0.1513679466430936	
0.036212919966008776	0.042147071567943374	-0.10728410387775536	-0.060611316084472094	-0.03905358091246569	
-0.011239062180259475	0.06489208532946021	0.006376567505065776	0.05792576375373955	0.09215220526287586	
-0.10359712743396203	-0.08320001529791739	-0.027937116163669944	-0.050053760426648865	-0.067130797733749	
-0.016058470632244578	0.0929866999710456	-0.03815609807281903	-0.02189242077691742	-0.18337241717565714	
-0.04534499473756155	-0.09457982319938436	-0.1289676272649861	-0.023100967812749656	-0.21458836347576507	
-0.019350981314724968	0.07954588858407441	0.03804664762321127	0.024093849845189474	-0.08519008954936723	
0.02040167639207667	0.0215884215814898	0.14130163266501428	-0.03791581187701302	0.036857611657304605	
-0.02658554973752594	0.06244213351533939	0.01345160066353939	-0.05228558094106508	0.027194919340197604	
-0.10642669063092605	0.05512340815908308	-0.07881823906039097	-0.11796274939708139	-0.10274627658911632	
0.04120055416710332	-0.029390260490461076	-0.009677637305859726	-0.02149089469691753	0.005560714648159383	
0.10290994342917284	0.06679778557459715	-0.06832953516912321	0.06541226694835295	0.06172206047665103	
-0.040564051393394536	-0.07116723613008237	-0.2746852935144128	-0.22349528394992835	-0.3622157402299422	
0.023529180448209022	0.05253089014277888	0.15753524671223199	0.13808697541031517	0.17862544000101693	
0.03963427512794765	0.09280242058352864	-0.010257482289493209	0.10886661715022462	0.035919727635481444	
-0.016896439356607087	-0.07399889125494614	-0.03777040455129979	-0.05743784098914285	0.05903929640727031	
-0.010235675459382193	-0.08162687995875853	0.12136279632627381	0.069161858224555	0.18591108025106592	
0.039883072978457966	0.002556286277647173	0.015417374099468226	0.05263430150691045	0.1391164373833747	
0.03667767074921097	0.10233570320279144	-0.059857068773042345	0.09416752507370955	-0.014418462505647076	
0.09711703215669144	-0.08279027252607982	0.10240868840814359	-0.007396366197322152	0.23412859404003777	
0.03540371890083319	0.047811337599755255	0.03224770692870703	-0.11932301446439862	-0.15584165430611766	
-0.06584407664803812	0.018124023721487123	0.12040093278643385	0.1170674448947976	0.12670262106995248	
0.028803599889715554	0.07996759632029249	-0.09658720566691277	-0.059398844358714516	-0.17770693831674472	
-0.06757195761469292	0.05990039157978835	-0.013623055781395233	-0.009929151258845758	0.16039699927095535	
-0.07403268188427758	0.08345460612788311	-0.04641504127663852	-0.03640777642846533	-0.004280918204190908	
0.1460053466657015	-0.01002891747278467	0.007735894393378374	0.06991553161316201	0.12940546886565552	
-0.06547725587142274	0.053829020227743156	0.0950289702732838	-0.07571422651187447	0.045446794113044524	
-0.04314449456983951	0.07205205960522257	-0.014360638199660734	0.021771194347194944	-0.0189408312263642	
-0.022070064681028196	-0.047237775662385684	-0.17018376492579718	-0.06512586588667389	-0.1517824201339953	
-0.04218290456628973	0.07061896253894429	-0.05077259988566143	-0.10930498974194874	-0.06251725428693321	
0.008104271338957044	0.07281873891363759	-0.0336029250013984	-0.007067179354758944	-0.21557677582072385	
0.016545042361267363	-0.03988016271255683	0.09072755123515037	0.0403110362280799	0.22219304689125385	
-0.05238158315027587	0.05966541706834836	-0.14007513337509628	-0.023420956132763137	-0.14963772156261412	
-0.007202988834419303	-0.03188908159890974	-0.1404049153464384	-0.09567645768759071	-0.1538164822027326	
0.05626769620150898	0.012436338850763983	-0.021989396629890294	0.0540317805484806	0.11617531904934901	
0.08413763561464356	0.0281369868841287	0.0829791324594363	0.09139600161964594	-0.005467588909588598	
-0.06362712482836483	-0.07812629235476337	-0.0625525503171046	0.019045528371913416	0.007459414491719938	
0.12624846682393595	-0.059921261851791446	0.10984212243702943	0.08976982831068686	0.11026987491492149	
0.09477616580711551	0.048564210624322035	0.045296884412042396	-0.04164675100598868	0.0245693476995082	
-0.012074966428187138	0.044909455064087375	-0.003809445704127468	0.01780239874476689	-0.14909064776039738	
-0.10948214457733298	0.054186371796315386	-0.05448037794903826	0.08028841384105811	-0.05376436256027658	
-0.08061173715705716	-0.0001808740376263804	-0.010148663617562892	-0.050432658182586784	-0.13828230913654924	
-0.03337451788876692	0.0030713424998584527	0.005926930516641674	0.03420555458168526	-0.12370963094230421	
-0.122881001678877	0.0011356729228350513	0.04746878044418488	-0.09870446161824309	0.04898440991485899	
-0.04078442843634009	-0.015025415635218366	-0.011558583850384888	-0.023648291674022767	-0.1457632313922705	
0.013565459156206734	0.07699751299101612	0.03685709013341671	0.02068418439800117	-0.052549459799385856	
0.06759946247590619	-0.0391592855945507	0.062690673522156	0.06872130600649431	0.006987214757124515	
0.09310444659604648	-0.058516067652832876	0.06508723569510624	-0.04209442817127378	0.034199895056544735	
-0.03841315576099609	0.06676472146575814	-0.0742889629382057	-0.07651686118246392	0.038227860961053683	
-0.052292557329071516	0.04762976452394834	0.09150879345175374	-0.01802324355905783	0.0793598895207475	
-0.03863442161434091	-0.06507016720690362	0.004473922647436688	-0.07785977921703355	-0.004368526837115611	
-0.06441922737148964	0.05459088113352186	-0.25674204221887104	-0.19877459616429424	-0.3466523999368415	
0.12967630664931964	0.05716316389711888	0.033113951644686515	-0.007921699361563386	0.11829202490804386	
0.03078710258693754	0.10288729396107289	0.09511261630357382	0.014945869253275143	-0.0605617670712826	
0.18096822826059406	-0.04030695905001093	0.02500204608720553	0.05251656716142116	0.06441051053994844	
-0.09847441119290208	0.03876069969215266	-0.16517025575197802	-0.029520252737702188	-0.12145779744787047	
-0.018177751536267234	0.0341723744135251	0.06065211972491147	0.050438734088961525	0.05836800848481979	
-0.0056932074624372175	0.06232918863248793	0.08659112005538304	-0.00042736237870081927	0.0340439291336029	
-0.10329446555494642	0.07736102712401073	-0.09391697766709999	-0.057727131518069776	-0.11225511122005967	
-0.08997287980130164	0.0886147942789299	-0.0624594699485755	-0.01619374092805369	-0.05429856459573986	
-0.0654041826224375	-0.06173158148056215	-0.08909416326666035	0.009615844187577622	-0.03210174729919029	
-0.015292486047339428	-0.0802944325254094	0.05741529347892975	-0.05108512489625242	0.15303269032569794	
0.015426125973644941	0.035064388162209296	-0.024882964864399344	0.12095667972235126	0.04387783787116747	
0.013917944766755981	0.046592132661058584	-0.0767545687317941	0.016597911791859897	-0.021812935903777687	
-0.05407881083236551	0.018794259561018874	-0.1650918044516018	-0.006553330293594811	-0.3177862844058336	
0.13758118924983398	0.033779820682568705	0.01613988944072714	0.09523355836102701	0.10461911017440274	
0.062962321426389	-0.04003053977665024	-0.16855843991896624	0.010071900424660331	-0.10866187264142388	
0.06690338777351287	0.010734199634542427	0.0454589202830568	0.05734190890569052	-0.041656748045665264	
-0.0865410306158389	0.021409050975772614	-0.16312372356500104	-0.15166901811339134	-0.1964653887812105	
-0.1653116850544634	0.03713749115937662	0.029873848218494592	-0.0999660556235254	-0.16700825368725736	
-0.057956284108438894	-0.0431353707885118	0.04701257712521302	-0.004372973374206642	-0.06612407428894115	
-0.10882397523198957	-0.041038219438191324	-0.04355491168998343	-0.08752712896357402	-0.10159647532151127	
0.06847791086295037	0.07744736188411086	0.041623553437935217	0.04094189741427613	0.13527932081978444	
-0.03572848532768647	0.0027115800356363184	-0.044596409931999925	0.022355646187144165	0.06931214374150813	
0.04291357394498057	0.07642106090140045	0.04130639549008672	0.11372477287709655	0.06550422340912611	
-0.028382487133689425	0.08318929683711113	-0.04757579698740019	-0.009747016462237296	-0.12647908496997556	
0.016595064478891825	0.07422292326165532	-0.09424106618394111	0.02818908749016968	0.07712272872408994	
-0.03914808064067234	-0.058459339924234764	-0.04769319243200935	-0.09373351121608046	-0.11841076303726213	
0.038664990829337186	0.10073901204313568	0.05639801472089061	0.10900180200284053	0.015315510703771941	
0.10241128161837806	-0.07919235030319972	-0.08054883130150554	0.07523250475555367	-0.1748909836513575	
0.10612410699876774	0.0748612046323652	0.06863095166726092	-0.02194308810283956	0.12349647828313133	
-0.06535936687139786	-0.0827204411071394	0.015641586372016708	-0.0034750289932036506	-0.1588874425440176	
0.12583715127977477	-0.008849040430375219	0.06475572263716813	0.03921524292849622	0.059553003301639464	
-0.04909841232616855	0.09144798645571652	0.00133455430677683	-0.0836503075242848	-0.06794450654522201	
-0.18848979118165032	0.032462944617801345	-0.11733221047014143	-0.059379596937739816	-0.26471393449504743	
-0.06301605824582554	0.03151849289731806	-0.18750439095826008	-0.15344423639083213	-0.3151452612486205	
-0.06436021739074964	-0.027633385818567415	-0.07007087021998086	-0.03016836813239658	-0.06047678304445351	
-0.03032128753512357	0.09950866512981077	-0.06614709962462134	0.06632971895174114	-0.03499752947273939	
-0.03804349935898028	0.0722267233583679	-0.03291735393132733	-0.08113804560870222	-0.05396776067786774	
-0.024435403976317542	-0.03027710146793711	-0.0666260124220811	0.009693633794255084	-0.14582416236159296	
0.10764640707159201	-0.03632650737843119	0.08268681982741442	0.023625925968122737	0.12914493104845934	
0.16549810737030488	-0.0457316289289253	0.12161795978775135	0.17340710600620943	0.1543999605243079	
-0.4957422739274457	-0.17413653046476793	-0.7557123127209772	-0.6122849770501405	-1.1859151259209857	
-0.04674726442967528	-0.015747584725042525	0.16877358874763665	0.03305616348217066	0.19926696542844063	
-0.027515904557863523	-0.029479301911431246	-0.030578827761104044	0.08355209157236086	0.12287368004723466	
0.1634012302525463	-0.016737540679967654	0.16524202789761133	0.07117890656106983	0.17527129150919038	
-0.03365732077623222	-0.04619433286073959	-0.06409485578984726	0.03246727776494346	0.10969754064930672	
0.01981072711335787	0.016483826737425693	-0.0508535564341629	-0.06418719063833786	0.056017390290611556	
0.14508212035837695	-0.049347989498657506	0.060615407091746336	0.05474664737432463	0.11351225675417614	
0.019221698589443347	-0.01956949120554846	0.12304862060260296	0.1916143328397008	0.30170159364266486	
0.17787160075954458	0.0763859516801501	0.13932454419557241	0.19714301051285454	0.24931268407816226	
0.13894421889095104	0.06649269334799697	0.060663443054872875	-0.022077260956444987	0.02183978873957663	
0.11656966361946097	0.054549601189242944	0.1466798216070341	-0.010309635920857988	0.2828886658458499	
0.0885745469230809	0.02162665942864209	0.055874471475354244	0.09176949542394115	0.15309521626548767	
0.15527379306519876	0.06420605610559914	0.17296369606930104	0.0022581913804261516	0.16361024625929305	
0.054389642431280985	-0.03718177971289429	0.1715999178851061	0.08131523968122727	0.3272306247021885	
-0.0481168989793158	-0.04169336180155067	-0.02761025250448296	0.09121161124924608	0.1473129440795071	
-0.038827286564466705	-0.06347263969785788	0.007074075235285726	-0.05465566406027198	0.007895334548364637	
0.10292714497869257	0.041343620697464445	0.0027161768936355326	0.12155335601058337	0.0803042004735839	
0.0814372771661021	0.03402490393228798	0.1519280489469252	0.13196714715876218	0.2853241341504556	
0.06690449857722387	0.09088820062637855	0.08248838980511895	0.16054973255946153	0.0531424401152323	
-0.045869060702652245	0.0706227777721593	0.0010404742333115346	0.12940980866160234	0.15091222684917413	
-0.7409549071670285	0.04303329633977686	-1.2117536830573707	-0.9542789624072264	-2.1609096152362244	
1.0087564520460772	
