TESTRUNID EPOCH: 54 L_PCC: 0.8035192271992292 L_ERR: 0.009688147994269472 T_PCC: 0.6977750003880361 T_ERR: 0.014090599949596595
180 LAYER: 1
5 LAYER: 2
1 LAYER: 3
54 :ILEARN
0.06858640114739997	0.07504874271830196	0.056585464840367	0.09821214700581893	0.20327712330186393	
0.059384701934024314	-0.023436795391813193	0.14966135723703883	0.13842826832247898	0.31915595345010217	
-0.0500596632624138	0.02771991808983048	-0.17626760484338852	0.013853334674824492	-0.21405867774303558	
-0.17198633303314884	-0.06623565732611066	-0.4474836672913781	-0.40303595803450665	-0.7954741633148624	
0.06826358836539868	0.11300068240699462	-0.021547980781948268	0.08212998803327778	0.09206368978844393	
0.0932006949963673	-0.07501850966469698	-0.10588267168221085	-0.08048735813671043	0.06848538355571154	
-0.15611343634934802	-0.02769313865074156	-0.09809279103362839	-0.13981824061930348	-0.280841103925994	
0.06175227624833795	0.06531422594478514	0.15555271424866976	-3.104208665229648e-05	0.20999338447620092	
0.051695338340299116	0.03875104628639968	-0.16068877931041586	-0.008374058893923373	-0.2127091233816392	
-0.06217844434219977	0.07553929837556013	-0.07927643592150618	-0.060257494403615275	-0.1562598833559859	
-0.17836309180201548	0.029867034493844733	-0.11716251853281907	-0.1144772580224414	-0.17163175453418425	
0.0677934564619183	0.056562899515581334	0.1383307071391857	0.20094851404116287	0.42951028699080823	
-0.1721533088782895	-0.02963100232142234	-0.05134601054047971	-0.09833710962244537	-0.25473877361979874	
-0.0864485071916805	0.010412650390988796	-0.11780711787500023	-0.006493307845265872	-0.23687127020718662	
0.16510730836308302	-0.0483410971430603	-0.010901822775313088	0.14261434495607117	0.1361731344996354	
-0.05968710122593688	0.09440057764714284	-0.03457349786843166	0.07147625226468154	0.060341652904535414	
0.017315178775838606	0.023814669695128538	-0.021206582637715323	-0.06392371913628134	-0.1606211845381218	
0.11100453694167234	-0.001049768313985512	0.12125093269947244	0.06950515478881346	0.04812084612367259	
-0.11840229940582404	0.07487188333941606	-0.06926031820427105	-0.019220790790786087	-0.1248481248301211	
-0.060431342910200664	0.087856742004165	0.058918838617288104	-0.051700860381646015	0.0764499032928172	
-0.1178902081770176	-0.007799084962584297	-0.06257375896381903	-0.15160905366088145	-0.19694203577797012	
0.034813111802914985	-0.08978977455459032	0.04283255611749891	0.021480795065210424	0.022137570770842753	
-0.033761281600126196	-0.05395817457011967	0.1438927992219008	0.0471072328419298	-0.08423954924840835	
0.08326677690602621	0.07207419142443497	0.11268237483460536	0.05796657022801398	-0.07217574119329118	
-0.069702863707885	-0.07794488646736902	-0.057476037417279045	-0.027349640852042036	0.13426672441743065	
0.0762489427533238	0.027396245723446	0.12185000247645601	-0.015983954442875533	0.09696685748930625	
0.020453942463686422	0.1017634355004805	-0.02293872203330584	-0.12019225923515535	-0.01696301997173808	
0.013460587744210132	0.09402457100874961	0.06346082416997789	0.13771565375496325	0.11187104664477857	
0.029936020275280497	-0.0645656520992888	-0.10078872246196083	-0.07094356097830407	-0.10193600845202878	
-0.12914095526593192	-0.0720333661682065	-0.07236944729705386	-0.02759747425511308	-0.23263320712101124	
-0.07772926780195342	0.08685714819404208	0.026470337362262415	-0.0032354636292242353	0.10886534461048883	
0.08267157143578656	-0.046923665739501616	0.028706077847375153	0.11306695441090463	0.09345669235324318	
-0.08537230828054497	-0.01996775991832933	-0.07327081200716237	0.049642648604506845	-0.0733667648504376	
-0.18544636183038157	-0.11432803478253399	-0.1513731689274015	-0.0813132872378071	-0.2163094869868479	
-0.10988314917327212	0.09595428095429516	-0.15585158670332566	-0.12698129087776705	-0.27156688264401435	
0.001468355692874807	0.026567255911563958	-0.11202717767418315	-0.16874445322361095	-0.13858003373245337	
-0.1563105966187497	-0.09368901188061632	-0.22052380341203637	-0.3098135938975042	-0.48572216604372026	
-0.04161132077003023	-0.08022805013586906	-0.21155634828389785	-0.14452333020208394	-0.31856441085415677	
-0.16392914304867398	-0.11796312631291726	-0.20210016683337953	-0.11493288217985646	-0.3253321442576698	
0.0017765264259793792	-0.1205418994784703	-0.22987323161216697	-0.07567905416754718	-0.18863343115332246	
0.14372736082898832	0.02699804482747403	0.141512419974801	0.07353440925085163	0.03238461061938112	
-0.04738507048002497	-0.00029163330615898203	-0.1758148113183249	0.000999889022620932	-0.176297720967385	
0.009648089114579424	0.11439572590536183	-0.03226820829880558	-0.0998794150960862	-0.15912617354661515	
0.12750287969370203	-0.0549310188012218	0.22873377191059688	0.1246009963378949	-0.03259460806192521	
-0.06066193676297694	-0.02576258179391952	-0.0927772007436354	0.05967999086908508	-0.07150792887455884	
0.15382282633427577	0.036067061476650175	0.110160674212959	0.08472200425561477	-0.02065442500491484	
0.11143347217490183	0.03758960559519915	0.18129682056872592	0.04460522373502885	0.09631664873226925	
0.1027992038595726	-0.06371639375314818	0.11662746062148732	0.05491341827976211	0.14634475071115696	
0.05773893784132795	0.10427165103037098	0.11717619857749127	0.018201594736127435	0.13661532092800557	
-0.03185050745250098	-0.09542689726893704	-0.03615141793275242	0.023407549507937067	0.12111658866673634	
-0.1838018664220382	0.08424684208931818	-0.10074675492461409	0.04686928962886716	-0.03864360376321141	
0.026890264566368966	7.914616105826088e-05	-0.15220662489824413	-0.13583545433323652	-0.26995318076396263	
0.04946367531728927	0.07965363008401072	0.11789578413953042	0.07836037730195455	0.18854197639482045	
-0.12913307132999258	0.016313399126549416	-0.10421469599792633	-0.046967629416922195	-0.04272398532256625	
0.11100469079480084	-0.0012628228097154746	0.12370867286087472	0.10131501752512176	0.19114518191327232	
0.04241182992060781	-0.05367554147016906	-0.041975861484844126	-0.057575211459746686	-0.03341053602846101	
0.03367114295277642	0.07342075626015518	-0.03591976707149918	-0.10373361408012163	-0.1363208645223514	
-0.10062010408217177	-0.02028255149826274	-0.24264192760480732	-0.16212255017410943	-0.36186068881169714	
-0.04007868631662451	0.04491669825584329	-0.04457306492089829	-0.020645240236213325	-0.05673771813241413	
-0.12059308392571629	-0.031187656917832412	-0.09329951061596296	0.09882435987673305	0.002794412041952472	
0.0744194941140574	0.08679240483184106	0.005177688161433231	0.025585951237187616	-0.09796025045919524	
-0.006076098382505556	-0.02406813614940372	-0.08548776965048109	0.02974590819226346	-0.09565044036162883	
0.0525489002286421	0.0778791756735469	-0.0694295582055746	-0.07813493858567928	-0.1359719645517573	
0.03697225819115669	0.05609627949108858	-0.026033030621482087	0.014822710764913071	0.07995469517111888	
0.06610831204013266	0.05345625891331713	0.009756040783488839	0.00398348188714651	0.11586144469270787	
0.048902651977126094	-0.050940150849915364	0.10842888307480228	0.10301664240504096	0.11779246582203129	
-0.019746970974414028	0.07094931742938598	0.02124499189763588	0.07896482038329387	0.11692559767187793	
-0.09362215329268564	-0.03029402023645705	-0.018752888932608226	0.0709145174257058	-0.09549329362573813	
0.06472149821081319	0.09361414990860906	0.09054796520220405	0.043834624633939744	-0.21431238514725715	
0.02257905407813381	0.036122259573043346	-0.00524761055249447	0.039861513187296485	-0.07177974869875713	
0.015642593308050307	0.04091903074093159	-0.1332755877634054	-0.10409989268768968	-0.1780634581925608	
-0.004210940851009424	0.06725397312644447	0.003178621885466149	0.0888161746560851	0.10546392469187947	
-0.1146780300041193	-0.08603680308741762	-0.043255655487068334	-0.0752310145251836	-0.16452301765650756	
0.028750491167629684	0.10773364024595553	0.034707243832132806	-0.03179456549581222	-0.09828097692069329	
-0.08397224802427014	-0.10473969372814035	-0.19904163336844805	-0.047827632256317386	-0.23370057564807176	
0.013841706931606189	0.09326509026933094	0.09604738370248915	0.10592161655488827	0.005198329573971311	
0.034148114968086424	0.0352842212322488	0.17702812594178133	0.023884049786545593	0.07786129505030465	
-0.07331801237825736	0.06556723572825396	-0.03928401501645803	-0.10911801167195649	-0.08352778496181737	
-0.06791916482911356	0.06353331131127542	-0.020676936835851464	-0.12572642961891745	0.015494336274684708	
0.09189853591514367	-0.01871920310155587	0.07006283379485678	0.02605149212610445	0.13445291212093105	
0.16298118779469836	0.08647109109028335	0.029906212342859773	0.15794163106654724	0.26275434994725344	
-0.0028469634225074137	-0.0742881303454015	-0.2531705966211729	-0.16321246986279284	-0.35072827312148896	
0.039362823932451926	0.05859136631301311	0.17216522179390384	0.16634496905291843	0.23187712908777403	
0.08996271477433827	0.10335275220044868	0.055247500837191224	0.19604497769730175	0.12345986636108047	
-0.010335483453792703	-0.06403261574641667	-0.029895896926979137	-0.06086028233198647	0.07246891068555962	
0.01019818357994433	-0.07067659417489236	0.1607017177650356	0.12766578482946395	0.24289914498088586	
0.05667326517124669	0.008824672173355424	0.03006680243311479	0.1109054760347197	0.12608290108483644	
1.705883463291842e-05	0.0990440026497054	-0.12070453122167465	0.05414735524247881	-0.11027872201118132	
0.08096972747935606	-0.08337470506352684	0.09469864236467646	-0.00803792750684953	0.1783579121982578	
0.07143969694949136	0.0559397758127006	0.05976865735213605	-0.11981976462070366	-0.07341827245183408	
-0.040296968573591954	0.03178102263772524	0.17644891225073805	0.12693566594450784	0.15906338230394404	
0.06255825957703941	0.08539867409012579	-0.06275501345641071	0.005550678748557116	-0.12201712048426089	
-0.04613799309906507	0.0723806259713735	0.03158459161819534	0.002678828074816282	0.22324105338611705	
-0.08391708694878468	0.0822244554266404	-0.033869867130903675	-0.06037177426975356	-0.006708395103611507	
0.10926721755520998	-0.008150449673181752	-0.03146738717438773	0.07349037474835363	0.0828070111137957	
-0.03900497901294645	0.06737408440481504	0.15844254531268337	-0.0010029992097415792	0.16815608435537555	
-0.04026827045668968	0.07695985333362511	-0.008158832600911055	0.037542044421847144	-0.021148414021755668	
-0.04902124479558122	-0.05280333251044993	-0.1821886975591554	-0.0838449845615677	-0.16888107604394018	
0.009973385612641605	0.07179059162844531	0.027925303779335383	-0.0692071716977941	0.06519487650261907	
0.05114933994574496	0.07902840869200627	-0.008015129610770841	0.007722970948627023	-0.12583139160860432	
0.03762608518625306	-0.02732105857408475	0.12893852774004244	0.07117985529212004	0.2798808393275015	
-0.027020720174474273	0.06192181465201679	-0.0888903789578709	0.013370438865750876	-0.07758218277849974	
-0.02247875373314937	-0.03858195788882704	-0.1827815220441976	-0.09493660564313414	-0.1765951702329543	
0.09767468375879809	0.019838347758535626	0.009799985964854442	0.10870319913864669	0.16502237855006513	
0.08512715406942081	0.0365771648831168	0.08872278709648834	0.087730343303497	0.009389088205152126	
-0.07342142588171255	-0.07898474739171013	-0.06636228379935628	0.03455117887813721	-0.006653465773090465	
0.08755559422673892	-0.06799145034234445	0.054331237903114026	0.07163853156163627	0.008747000280125924	
0.0979763519651547	0.05633213461523175	0.03154208933562165	-0.04358467641517759	0.02433368997491061	
-0.08632841660997875	0.02994906350290512	-0.11149424052495066	-0.06333570348962422	-0.20487291091636775	
-0.10575791506132717	0.06233203139025562	-0.04996126832013345	0.08821243010961838	-0.12186024549225083	
-0.05485066187488013	0.00844370820384484	0.045897821257493775	-0.028367688783781146	-0.1359717738577656	
-0.031972811586305674	0.0019663963149568068	-0.0028999018377481585	0.03563501676904586	-0.15427307519265204	
-0.1369359497726593	0.007202483328611382	0.05124365830788692	-0.10041519765498758	0.014036584405186582	
-0.11687767684062418	-0.029677690374487482	-0.08712876217260784	-0.09689998999486871	-0.20951513412612785	
0.009543603493971166	0.07412047944758961	-0.0107893764262941	0.016809540858691283	-0.1610528174348103	
0.12089726272702396	-0.02731795162287485	0.15353662581952984	0.14928115021526173	0.19897458710959334	
0.09330888921458713	-0.05699324138064171	0.06662407684125107	-0.03369539680084248	0.013021009241004244	
-0.08653738206816437	0.06403122853341887	-0.11220039720643328	-0.09178689457331285	0.04209611863355507	
-0.12438486902090809	0.04351902771428911	0.042804643615053706	-0.0662630778827625	0.09796797728338555	
-0.023262034786521238	-0.05267282269399504	0.03823576362535911	-0.048428163363125505	-0.014388766286749961	
0.001465978106454171	0.05885935516809269	-0.18818925517445056	-0.13610963176986604	-0.2774233988109907	
0.1342338185397952	0.059985425232899334	0.051822510274558926	-0.00221314151409707	0.056099249739881035	
-0.04309401997614549	0.09307325086281676	0.01170499806063143	-0.0557228373457365	-0.27387127624890395	
0.16696331417128812	-0.03731030120424534	0.008080584258957265	0.03860467985922169	-0.02699916724525723	
-0.08452194297681974	0.04700763672485827	-0.1615058472749959	-0.01751663190898529	-0.08301138102108974	
0.013488874204979961	0.03941740810561176	0.11146453121670798	0.10113948756528209	0.0759520781098148	
0.049271223309866115	0.07093263402267957	0.1608398280037235	0.050387454632989694	0.07531990440726805	
-0.06945359735227634	0.0855969532879606	-0.03944759536614988	0.003100940684574374	0.010288018756512297	
-0.0923488572333772	0.09790396900090223	-0.006692273408776588	0.009535228208088574	-0.06865140778129195	
-0.08554048686490354	-0.057444328520040215	-0.12664767641885868	0.016433361290144534	-0.04514746682461728	
0.005803154129402027	-0.07280386751709086	0.08595547676272644	-0.008534186562143166	0.25609710170720995	
0.04962065038084973	0.04368968379254315	0.041683188700672814	0.16027537606779418	0.07302345380941186	
-0.012909432324866502	0.04463422926474735	-0.10703992322636446	0.03222947355933457	-0.02315062775153743	
-0.04496714204687224	0.023878653840625038	-0.15443526598196372	0.0006101069977800155	-0.2437075383765255	
0.13865209612978457	0.03577423407663225	0.012146782162918871	0.08756485074722228	0.05071653013131658	
0.07404330644873935	-0.04167652835401786	-0.16296100345880424	0.016887568748136475	-0.17270134036030246	
0.07788876403733529	0.010080612383087786	0.04748050266616769	0.05506854861430957	-0.0972044036364374	
-0.11278515764443275	0.0007694833961791718	-0.23214300869364146	-0.19790099790115498	-0.2809211771863696	
-0.19103087328045856	0.04208563350125002	0.02604920043922797	-0.10744360594961588	-0.19159605909322955	
-0.07733286593026106	-0.04110589033007015	0.00033082774124388854	-0.009886941357830071	-0.1277507005274024	
-0.1455747569058127	-0.04271629298583818	-0.08448237902002409	-0.09676068604778276	-0.14751241664717332	
0.030072618963195265	0.07583448448381302	0.0028094724043328835	0.03492753266493128	0.10172767871638115	
-0.09041140222189432	0.001162186558911963	-0.09424044178090447	0.033307682932240686	0.014778785887908224	
0.04061827255945539	0.08526879314836579	0.07321708181390066	0.1710952218157153	0.0787581245706296	
-0.019943163743255804	0.0880760818021445	-0.020612786836230412	0.014792161452488895	-0.028034784591532823	
-0.021463815985243377	0.07091088027473778	-0.11713428341421496	0.01441716660266769	-0.015879825057666518	
-0.05601655729679601	-0.06309599407780714	-0.0557408160748483	-0.08101368076736251	-0.17046484100406692	
0.03267059920851465	0.11458253617739203	0.05977401576948097	0.15163326934616272	0.0045122570466627175	
0.062074873721854495	-0.08168571342471972	-0.11217363067104931	0.06920718466563583	-0.20665882566034524	
0.14837088500366996	0.0820780652634623	0.09917281749524019	-0.04418372516145035	0.11904536231639501	
-0.034516288963189444	-0.0848023221552627	0.02454851604022424	-0.024641735868014176	-0.21749556611488705	
0.10091286170082185	-0.008763477146672366	0.04642401510243097	0.05219306898369878	0.038802915606245054	
-0.03763540865406105	0.09604420279500565	0.02256318229379779	-0.11441851996485816	-0.14008193451995993	
-0.23341412420337698	0.01603621013835208	-0.2204276210125499	-0.15114393050944508	-0.37129142256647535	
-0.008753765467619615	0.035686609453554154	-0.12639253563766437	-0.0807352071898152	-0.2230960123561112	
-0.16157999366154785	-0.038338556534763625	-0.1717300836932303	-0.06626268755786752	-0.16758109985227948	
-0.10635365685225481	0.08500587136288792	-0.16630844895609725	0.018382020518312964	-0.14440578608070656	
-0.07542077575690441	0.06698884301536823	-0.08508019925554229	-0.13426116870259652	-0.13737564158521165	
-0.049688019939483345	-0.033450840881001746	-0.08964410810043452	-0.037411984034968614	-0.13643423618036335	
0.14102001843621412	-0.030679329260371847	0.1147174170330909	0.004952888332961435	0.15660774990056353	
0.17135638213956428	-0.035056498229934785	0.1232952326751168	0.1906564752870381	0.16893091709685118	
-0.49203097930051115	-0.21617283840618065	-0.7174665602713605	-0.6522462861184563	-1.2835173648866438	
-0.0344221534959207	-0.005310791418105332	0.18988550876718302	0.0531199786458079	0.22892463662687174	
-0.013692683590170665	-0.01833558572423896	-0.009710591904620262	0.10896788334787373	0.15278009029132272	
0.16619210948293103	-0.003518530911927824	0.15620830877069972	0.09159750841983684	0.18377833124489923	
-0.033704225710429705	-0.042632820727528366	-0.05481549162104071	0.032478015347477907	0.1228131948399696	
0.030188236745190562	0.023071130779180105	-0.030363232352875986	-0.04950855655049077	0.08283079640725444	
0.15801651976753284	-0.03612622280126552	0.07532673293851112	0.08208962611850046	0.13941293224903237	
0.04326698716503967	-0.01013854244430954	0.1638876576394238	0.2120567855752345	0.3590494252623473	
0.16014754242166224	0.08701668022526864	0.09041977512441492	0.19726654624549608	0.23146157062845188	
0.12941765496336818	0.06851690177140254	0.030429729416879516	-0.018026937593621516	0.017417986548219355	
0.11138478859964032	0.06383085473500012	0.1547892349335123	-0.013925419506060738	0.31515882645375815	
0.07659660339396838	0.023480389587736194	0.027349220189692255	0.08761369860739529	0.14121654653653537	
0.17880806151824036	0.07100335016312609	0.19654190657599954	0.03106144318667629	0.22936433387074234	
0.06557179691824004	-0.017909246332286674	0.18277520217749502	0.1119180732770384	0.37166468861354923	
-0.030094235551059657	-0.031186724751209958	0.0013998665862455502	0.11964983381372259	0.19441157639620082	
-0.02171532010125488	-0.05992668936967585	0.03337800205087933	-0.027838817474075257	0.040513817343762	
0.10356603984530399	0.04938838481322117	4.5591215781486745e-05	0.13019233861626425	0.0942107749539493	
0.10431759544608163	0.04090319487104077	0.18746583817089577	0.14795934162670352	0.3678635316490366	
0.053379317253328486	0.09388277011046282	0.044106141462118366	0.15677861895656675	0.017048520826708498	
-0.056207658183211454	0.06240746328703743	-0.003062419277001152	0.10345490117448548	0.1645687889206884	
-0.8094223546450339	-0.07877254905034285	-1.3269059492858728	-0.9890196075719049	-2.408601365374268	
1.2870680190416308	
