TESTRUNID EPOCH: 59 L_PCC: 0.8150140912111621 L_ERR: 0.009247465915889009 T_PCC: 0.6933719799429686 T_ERR: 0.014014811318063798
180 LAYER: 1
5 LAYER: 2
1 LAYER: 3
59 :ILEARN
0.07669158811752566	0.07911273705394414	0.06574101155060819	0.07616654420253699	0.1583988911251676	
0.03167647966427987	-0.027840823530890436	0.11356275584331131	0.09990955153993168	0.26956028347914396	
-0.1209300228713652	0.007464706752090779	-0.25538501119226914	-0.03268471310268261	-0.42259769998023394	
-0.14512531233325177	-0.07430877682789887	-0.425921174218051	-0.3008924041044779	-0.6894924326417137	
0.023870923388027324	0.09967912844112901	-0.07882848392000585	-0.00841020679046768	-0.14835989272289468	
0.12606169138036527	-0.07003316869686091	-0.053441283249499184	-0.026661662330625804	0.16937283472776474	
-0.14266424501977104	-0.03511993573642587	-0.12657882739682147	-0.09102769425059996	-0.2633514433550512	
0.08489487434362653	0.08043538830216745	0.22894642514064462	0.024721308443973883	0.26030848715466864	
-0.0083007830610128	0.013917149826339324	-0.3013326837981355	-0.07946254885576368	-0.4039348925846909	
-0.09461700569848654	0.06985911159325786	-0.17295116971033164	-0.12839052097364223	-0.22429544658124106	
-0.10284127743610955	0.04924396524269105	-0.02147778863865403	-0.050021125055865395	0.03166519748562618	
0.06091003683836152	0.05770657930613011	0.17393659250340557	0.19984213011252575	0.45731733784357864	
-0.12894369789652935	-0.023830714023475155	-0.057373740927992765	-0.08150968139639425	-0.20021125598816877	
-0.0037317087138698285	0.028411884227138876	-0.03123321041041431	0.054381155936238636	-0.0603714278428615	
0.1723342866502283	-0.04712672040123517	0.00391213661528187	0.13389150117507223	0.16014014794781478	
0.03366609800146209	0.11773898916232528	0.17994367232397224	0.1904456859432129	0.2702552761017592	
0.05908370503115187	0.02907163616776414	0.03604740007261401	-0.0286851626720419	-0.12297205931551126	
0.14893206580052984	0.011952040344309012	0.13979825161904283	0.07769328021805309	0.10170273041364801	
-0.08723367994743277	0.07798208018140436	-0.06546854062486493	-0.011135548085982229	-0.08743485856785382	
-0.11842147865435927	0.07735182908153447	-0.07497479793939164	-0.15654211765536966	-0.09500645870357798	
-0.1014481364856746	0.0007194200630928985	-0.04101181967183959	-0.09051462926644746	-0.0932819673793764	
0.012897983499566754	-0.08930202221775761	-0.0011529264228371252	0.009712760236229278	-0.01715325075515069	
-0.023294908943739156	-0.024122953580755994	0.2348933198814428	0.11665685062841831	-0.08296240622410034	
0.07214065396581427	0.08965441072687916	0.13794935408158124	0.08450290903229919	-0.12399329159816425	
-0.0133077870742683	-0.06177411984767686	-0.019545431792597306	0.011556563453636618	0.18222587397029463	
0.052971916953385434	0.033477350518779925	0.1037633986739934	-0.016769251190732377	0.08396133901484908	
-0.0007727337342813785	0.10358847998553622	-0.07170921367560482	-0.12716050304500653	-0.06548330146928664	
0.0018759666533620031	0.12703157449283445	0.20779178832679593	0.20932087498035684	0.015088230424827903	
0.033714924957075836	-0.057317912941213016	-0.07950659450602351	-0.06517553577916518	-0.10530599175165041	
-0.09765025838437587	-0.08787588158153702	-0.09036591144927834	-0.04540449782978568	-0.050151592519602606	
-0.10579655660830545	0.05256668087426586	-0.12061531681038276	-0.11707266246801451	0.06549730641601756	
0.07385755777324607	-0.03698823105756954	0.03191435993295223	0.12590588721600918	0.09091662809669161	
-0.07624215544756456	-0.03514295978260668	-0.11016992363150824	0.025181395724486185	0.02984081849237821	
-0.21743389847651765	-0.15680306203301914	-0.2998727660489227	-0.20610103546982694	-0.33146790521704433	
-0.09855950165204595	0.1050647791889698	-0.15793146219799048	-0.08585868093458168	-0.261391822866498	
-0.015297540567436544	0.03924516140521146	-0.10126616438501021	-0.12906074473163057	-0.18186364364620702	
-0.17512276198460142	-0.09938872200060353	-0.32507773225402237	-0.2873687274006252	-0.5790543127611404	
-0.04811903316900147	-0.09832546817352365	-0.270962935357941	-0.17122838618070427	-0.3128927161760915	
-0.14930396347421776	-0.13692068851043057	-0.23531174109498962	-0.12982552811199333	-0.249078032015339	
0.03676394178065696	-0.13239085689173302	-0.2467380625323737	-0.06586653189328057	0.016423631549443995	
0.12796892481506736	0.025858737280548924	0.11492378865743667	0.05649249575092674	0.04434775843465232	
-0.09234966284541236	-0.0030478642146180694	-0.19876501326342572	-0.0010095326066669433	-0.14264318648130703	
0.02352817946996289	0.12889139012213605	0.015104549744911806	-0.030764857755168285	-0.07995394033092697	
0.09759311814808352	-0.04559104617920674	0.24270716650515278	0.1573531533111879	-0.01992006918949147	
-0.07763963919952542	-0.008263790853921597	-0.047019536430663623	0.07960274209720489	-0.20470012551716518	
0.08910217748732654	0.027339736954104642	0.09917337571533442	0.08077642343436776	-0.0556836749711312	
0.06053274536424386	0.038210109057778184	0.1783360325044274	0.04000351241732248	0.07517622226343709	
0.08640793570398274	-0.05939536871174448	0.0693690296093732	0.037725486691684115	0.07035135078957279	
0.02416523884678158	0.1074134510082188	0.11794709966539092	0.007791914921365478	0.11662689868118413	
-0.002906146887447755	-0.11205010546575937	-0.06887167676938087	-0.030301532180869374	0.14241809132780514	
-0.15421111937546245	0.06701544562387532	-0.14044937741764177	-0.00312316768905958	-0.06801122972273142	
-0.04760608778684083	-0.017120903390694373	-0.22231454441346368	-0.1597039318558899	-0.29026597578035485	
0.036002220485726155	0.06292918001748775	0.058350154576137694	0.0039324979075483725	0.10743713833483116	
-0.0661909764426874	0.016902634315498356	-0.09362268844701715	-0.06659219175193055	-0.015937010277383548	
0.11914287636124052	0.011053804272754656	0.17541968815165596	0.11186694077492625	0.25300461330139673	
0.03797856016202702	-0.04718386968487576	-0.04950943559115322	-0.028802200660010102	0.007318747576897859	
0.05869500599475801	0.07834437075775798	-0.02980579677500691	-0.07297148526143148	-0.05305819112654397	
-0.0663172179305001	-0.027964540516305265	-0.26996611854484726	-0.14537187421036835	-0.2919829685257548	
-0.000524968069498115	0.04773173968899291	0.0031028319094055876	-0.0031209126760130637	0.0519370655870528	
-0.08648477166181673	-0.03983966155691754	-0.09336080372405557	0.06992763174408205	0.07938374912753961	
0.16380232255730703	0.10433994520543326	0.14637154058434895	0.09379946400616851	0.1639242644124921	
0.006930494726436386	-0.020364303019948356	-0.06670602788365913	0.0307519216480099	-0.12046400935139795	
0.06553355728588667	0.07430947611695667	-0.08946753374722927	-0.10583001646998558	-0.18811191139048097	
-0.04543619978715568	0.03504540670466488	-0.19237144021686622	-0.11445590849893397	-0.17919729493682712	
0.03746906744194565	0.050956983576489985	-0.02145095557135936	-0.04370497081451428	0.11027973347796173	
0.05638329314426273	-0.05201390634157201	0.10802204906178259	0.08070526725572469	0.14766054186796151	
-0.023311955739958402	0.06620870871506228	0.016951320897109424	0.05677681224294447	0.1118265752261644	
-0.038744460544738756	-0.01945778279521063	0.044239378007624564	0.08225009537670681	-0.013464841514467987	
0.06024989402213022	0.10292022384036746	0.10969192871014395	0.08004112906934396	-0.26192316466604726	
0.002308185756624737	0.028500049643282493	-0.06180486869712881	0.028344353863731856	-0.047772949339465735	
-0.017935188114131893	0.031431054837555726	-0.1916539707987804	-0.11258064225877973	-0.10067996578333649	
0.04337535650776932	0.07599339980134924	0.0674248535119136	0.11546569690538244	0.18476856429618324	
-0.1487217808453679	-0.09894912004836057	-0.13649144317169273	-0.0898369237823729	-0.1471747025648718	
-0.030368733269413577	0.11246200896961078	0.01845354390605358	-0.01778038818065069	-0.2660625144604598	
-0.03986475303830645	-0.10817651167135688	-0.17444964556501627	-0.03537718673539544	-0.23102034470672175	
0.018073542471172755	0.09345692627961429	0.08862943640065428	0.05809142090784792	-0.045465579740924106	
0.04048335350690479	0.029339167436508985	0.16054979584975942	-0.03307926678624947	0.06555588527160738	
0.018226244247198563	0.09710395117741413	0.12108965780920095	-0.0026115902140962976	0.09980657582731052	
-0.06730671290445281	0.08414853719253372	0.0538677289336576	-0.05648641409930957	-0.07959017837111512	
0.09731980662634752	-0.020942503679330114	0.05968813804545719	0.024523205571728397	0.20319745998761424	
0.10555823865550333	0.06940943654167951	-0.07188952511488768	0.04793432707704469	0.09230240282753631	
0.007901582773479621	-0.08162221646060595	-0.29813811378930466	-0.17428253798666427	-0.37402863556001276	
0.052792300803630725	0.060842198017097074	0.1598413310884098	0.1369561470818626	0.24962348025536774	
0.08293208202562267	0.10312620753309623	0.012204501375730075	0.1341444008445067	0.10961704446516012	
-0.05297006796634154	-0.07019931729425755	-0.10774151402480231	-0.10593184615144055	-0.05635343533541522	
0.021084365274887048	-0.07212745749572491	0.13691656813369302	0.07707181479462688	0.2585874562557819	
0.08567268719163532	0.015602823413711858	0.05550373368964323	0.07686443372058378	0.20797684867575794	
-0.008931385275918465	0.09646072466839722	-0.19070079219032715	0.030246729473686607	-0.10580147154586929	
0.053562218420919794	-0.08579883309293727	0.018468654846092357	-0.07868583860544937	0.11302791055393349	
0.026402593946802992	0.043475645401798164	0.051324355716451865	-0.12185626301370034	-0.17621991789347882	
-0.05130048954349807	0.03208444641385212	0.18073106826822893	0.1286671439694761	0.12246032909403876	
0.08343121535956068	0.08039433582012193	-0.07435541830978956	-0.015485110342109391	-0.08937804001508412	
-0.054430133807487256	0.07066907837153041	0.0374906533990285	0.0018971887607780403	0.20238459431178976	
-0.07226331890660362	0.10228016076812219	0.05426081776834732	0.003498385881129375	0.014089694913882702	
0.1406935805949927	-0.006944444243894	-0.01180025026188474	0.0482904976742843	0.14490685734918282	
0.011643855702195761	0.07083623129813668	0.1701361285693012	-0.015509865314484178	0.18601043361983946	
0.02760930174744419	0.08515769433593046	0.062257156181889324	0.07944556130734524	0.08910442926188922	
0.0038609200819709243	-0.028999757100258303	-0.07101771387352751	0.009747997125523005	0.024571899779241575	
-0.07993932587128218	0.06534957497861812	-0.08213431413973407	-0.11761026140179785	-0.13110598847638363	
-0.0003497334084038603	0.06098912291866917	-0.0492836796316213	-0.013291194277405972	-0.26105398186540846	
0.01603733363590541	-0.03215585047059162	0.07920388053093248	0.015698327132002615	0.19209799519921095	
-0.04136707815924666	0.05666642595082646	-0.15194214405778175	-0.007046248809575139	-0.15739505928770967	
0.020578627583531177	-0.034183350545134404	-0.13951391270919478	-0.06047643578105212	-0.07032109688063796	
0.02717766165682211	0.010321876360770452	-0.09027211257857955	0.04384999258997886	0.057480369852376256	
0.11498161715821878	0.03938716629271738	0.1266766849701289	0.10764275362895635	0.10744739205801267	
-0.07459567998981405	-0.07461590642449847	-0.07837041760952725	0.024949490442094078	-0.04087244719781436	
0.08171788900129369	-0.06430884613711349	0.026821384772256256	0.061358268971844356	0.012513977929832646	
0.07808142409294201	0.05473706211781871	-0.0018263482787557208	-0.07511430171099769	-0.044376223984420864	
-0.03277409690980184	0.05653160253722927	0.027464825566343196	0.03597336377343462	-0.20746695397274556	
-0.09141077466522637	0.056144756617759015	-0.049118245600366414	0.07176105988914748	-0.08557795635052903	
-0.045513942643656304	0.012405066899339278	0.08750711415450595	-0.018376220471945648	-0.04541328399410455	
0.016657613315519997	0.012618453540809841	0.06318044262343805	0.09252819881048595	-0.025185293202368012	
-0.09733845196138251	0.012476323381594809	0.12323563123671381	-0.08770442179896888	0.09909848925245188	
-0.09531324636221775	-0.020413792215107474	-0.06278316273788567	-0.080167069731565	-0.18359450130350052	
0.0777869895709215	0.08897046623582773	0.10787369309999935	0.08791813918204255	0.07099573251866259	
0.059063720444790004	-0.03914048311310955	0.03340549843839622	0.06375004607741332	0.03232726739843782	
0.0552274158621908	-0.07030352970179543	-0.012408443505982886	-0.07985854452837257	-0.03526795793006791	
-0.0836410730859848	0.06602402813154587	-0.12606119672807714	-0.12364006508950517	-0.07226561389526877	
-0.08835887359083376	0.058145527627100506	0.10595407217687838	-0.05106299737950782	0.049971071147865635	
-0.033340079558428944	-0.06435183907638661	-0.013135648328772878	-0.1008321415481944	-0.06801643100497484	
-0.07709526614644514	0.031004550060932126	-0.3710748317640951	-0.18914611003141643	-0.39560755407163706	
0.13673774748113693	0.05577021418294931	-0.004292032262043539	-0.002494724862112263	0.07520744828961017	
0.014578270372818317	0.09517837820526398	0.043985034259235466	-0.005720320006235526	-0.10364869799036322	
0.1991005370722182	-0.03812035729867056	0.012709191337071893	0.053548537261475175	0.06634219283902264	
-0.16238884387024824	0.031034711778923765	-0.30611408622128594	-0.09606019246325628	-0.27776726170383964	
-0.035708863787758977	0.01544910673762781	-0.0693541534047177	0.004396231476100449	-0.04506279110079879	
0.02165509860101085	0.06164810839974355	0.07727386695310613	0.017255831308868156	0.045134833055894615	
-0.07050580775959898	0.07902303569504539	-0.10424382751658548	-0.0257135103793514	-0.04256930276437251	
-0.11862818094516131	0.07930329741013209	-0.12008625125312362	-0.027925968727154343	-0.1294198851134977	
-0.11380683164407454	-0.06247517421491964	-0.13623230013881205	-0.037994049187057885	-0.15521321764982035	
0.03297743342095552	-0.05814834702355352	0.19098155557348728	-0.009120536045360362	0.3373069442040134	
0.03308643127589118	0.033130936945469064	-0.06384193451947459	0.12674377143853516	0.052334748323091713	
0.0053213189517591925	0.04382215416601817	-0.0908476703934295	0.0014955380225679627	-0.002476534397363443	
-0.04035666173104196	0.048853375619193465	-0.012887659254083944	0.049778342554278855	-0.29629252934491573	
0.18657458081409675	0.043454948019366786	0.07022623538489658	0.13624973959722878	0.23699103586817025	
0.07929789964099503	-0.05041327902287584	-0.22745989217829263	0.04442984222817206	-0.06847499688385736	
0.08848667538871234	0.011746818221715295	0.05376910566214861	0.08124116190084449	0.018422932342156643	
-0.07706126077637973	0.01818940455852833	-0.1519408245223647	-0.1566951906009187	-0.23589761824617997	
-0.17443899495184545	0.051790674118556874	0.09916338465067988	-0.0749925165774219	-0.22130264784589843	
-0.11371987577143457	-0.05021820335628584	-0.038296853928543	-0.054184292989259426	-0.22220814549401444	
-0.14482093272506807	-0.04846221383870265	-0.12614436392856865	-0.1322120561992893	-0.20906513317366146	
0.003491366409964589	0.05671685863085251	-0.11695102687868891	-0.014133176440305071	-0.03941906946628739	
-0.06030668042978687	-0.014652294256512448	-0.11181756350374354	0.004599437932407899	0.0378852890616879	
0.08629168406896459	0.0825493847215034	0.10230120217576832	0.14178277081606355	0.14762005754724827	
-0.011846173444671738	0.09481096720584574	-0.00898804960363273	0.01815296058390029	-0.024362503199482893	
0.009237542145247898	0.06820490169343738	-0.1110845233397064	0.03379087276912193	0.07784496099293742	
0.007590090241084608	-0.060472755382989636	0.001777171454418856	-0.03971396181692439	-0.011481423042225977	
0.01558855939028789	0.09541542896155959	-0.01627011375533633	0.06408768533974338	-0.05557189388867127	
0.05256815753303881	-0.09361352132737571	-0.164493074868346	0.05074676622562677	-0.24412642876775575	
0.1365995597938261	0.10461186990094092	0.18271194026022824	0.00337459909884296	0.17778347092647198	
-0.09868652325337454	-0.08159261044537637	-0.06417613076651466	-0.03286626056847567	-0.35600231819372585	
0.1379821995231655	-0.014227151404072652	0.04378012789935678	0.05089980821839828	0.07919801082507939	
-0.043565460810541724	0.11288625472841565	0.07322001809527998	-0.060337808210314446	-0.07132385174705116	
-0.2201883662480812	0.03461060849297757	-0.13715048286243103	-0.046043285417279034	-0.30587942994353257	
0.01918838951068461	0.03343448699195145	-0.11301666117783488	-0.1032834657463924	-0.15065263527562975	
-0.10000111887050034	-0.042605219164893945	-0.13639832927561718	-0.05272998322392857	-0.07288273662849862	
-0.07209656531091874	0.08466555280021314	-0.15350897230523	0.03340350964325511	-0.08155619557294518	
-0.058170717671006296	0.08060094447819416	-0.041898529435305976	-0.08333889927692208	-0.07160837055748215	
-0.09555976316141841	-0.03424187576047426	-0.1287050305765773	-0.02541571807245331	-0.2319326385814849	
0.1211678215171451	-0.013803533453847883	0.16273053879662733	0.030217564198458214	0.17655369747238198	
0.1763063771096767	-0.03175968420136717	0.13934982554150352	0.17202540034967034	0.18960548915378142	
-0.47226514270863	-0.2254759349839311	-0.7926712345199799	-0.5192506579537298	-1.3269790349181125	
-0.023848991723182087	-0.002103522286098114	0.2043351250805488	0.04192617484509461	0.24807193601043512	
-0.0060099790729122495	-0.01647098261767333	-0.008190580745421595	0.09211962622227367	0.15804460476175577	
0.17279635535943585	0.0020576328915111472	0.17898650639967364	0.06413423278315447	0.21976200845881705	
-0.014798482335647697	-0.04215476282845332	-0.037364463461860585	0.04423393204200302	0.14217917447895223	
0.04301721138806566	0.02361565668307685	-0.022760946713433428	-0.04873654811357861	0.0927953578393617	
0.16458247450321756	-0.033282245160648566	0.08177970349892177	0.058341275209944775	0.14976720351696768	
0.05848853071887313	-0.0005166863304192607	0.21493736518568918	0.20619229381791523	0.40907243532169213	
0.14590040486619565	0.08823664213672956	0.1029784174520617	0.14880048544394536	0.23871527522940533	
0.12155928005851285	0.06864407286497108	0.024494056936698747	-0.04359909339099141	0.00503011060966551	
0.14171468176031338	0.06112409025043462	0.1846115542737986	6.654277860530066e-05	0.33842162618569227	
0.07809661084175876	0.02581225076123386	0.0452583961435842	0.07535279763251108	0.15986810286761963	
0.1424021049788856	0.06991493619284603	0.18560138002440668	-0.01636183562648831	0.19913124506748067	
0.06979405473659846	-0.015489433355100963	0.1980583679996452	0.07175411942655929	0.3845154198040975	
-0.027654918245222194	-0.02977553799045861	0.0027263896798980372	0.10279548378778314	0.1982604866402098	
-0.03375175860594386	-0.06077526725528208	0.0031867518891017543	-0.04498785209824091	0.013992408960289337	
0.07725569461471596	0.046049015200329814	-0.017794039352268393	0.08454690712386144	0.062248224379474505	
0.0716122705813669	0.04093120186483139	0.21017415156295566	0.11335105781417852	0.37317218380183215	
0.03712882871791327	0.09427771981224485	0.041132751570868965	0.1288388853696216	0.019051742162324373	
-0.05673081285720587	0.06141174482824228	0.01928257183845862	0.12464883575213441	0.17452823729580888	
-0.7281782854601023	-0.16424821943366874	-1.6022374634404275	-0.863277113222171	-2.4873962805699565	
1.3902415978495348	
