TESTRUNID EPOCH: 71 L_PCC: 0.8537814363903076 L_ERR: 0.00993594313530007 T_PCC: 0.7571481838798462 T_ERR: 0.015596151674061257
180 LAYER: 1
5 LAYER: 2
1 LAYER: 3
71 :ILEARN
0.10188344543942875	-0.045066560090803835	0.040774107701962985	0.03559456857575986	0.021678945055637742	
-0.07893923800204525	-0.051721567690908854	0.08053522122134563	0.05043107238388669	0.15131810870742332	
-0.08227520645296256	0.2726434842829304	-0.14708153182489886	0.033251416006858325	-0.38505887168622843	
0.025254494042005343	0.03164952981636235	-0.04863146993091034	-0.12932929083260053	-0.34441962519632213	
-0.04282526074472948	0.3760282405600137	-0.13361628588467359	0.03315966774521471	-0.30373495688628704	
0.04480896980203739	-0.10078202577692598	-0.10218414643246941	-0.08639179756464815	-0.04630044642373173	
-0.3512280098345333	0.3470732970591762	-0.27026133660390406	-0.18428488246048025	-0.8178887911612307	
0.1395427830924824	-0.11264133837319244	0.26591626619602726	0.016836848668005507	0.20129221472135614	
-0.03594154671475539	0.12846758506172937	-0.016356992709625075	0.04248500401072027	-0.10387262649051358	
0.13030864489218508	-0.09245492056175127	0.027564608691922222	-0.0017882221635446617	0.18915171391663801	
-0.07782068717415659	-0.09829384861592014	-0.2145502696377751	-0.11530969218249025	-0.06335555924575365	
0.028686477710253594	-0.16619870687427804	0.1878960433922907	0.1512271390908091	0.35280702689922544	
-0.22441456776982663	0.2254564003062978	-0.37345054002255573	-0.2191800945382599	-0.7174110753162736	
-0.29468417497587784	0.24266440029148748	-0.3039529302898755	-0.024030041388931094	-0.3028738103115661	
0.26790361394881473	-0.2673911139623071	0.2020881543451161	0.1983884816231501	0.18266661739915677	
-0.09720680551336983	0.3010710119417478	-0.11727616477201408	0.03706426277479509	-0.3217062963239761	
0.0377747497959988	0.19244151026383668	-0.08958441675953673	-0.08157719387308619	-0.36711810936327377	
-0.12701401839644677	0.0975796962811298	-0.15168118666712097	-0.08216341061703379	-0.369057443362525	
-0.25226828180556393	0.11748889671232035	0.08578407722608737	0.07110356433422892	0.24840783529923474	
0.09229637980118202	-0.06120957529708243	0.14797945761748357	-0.022501483318839496	0.32479148841477185	
-0.13350661051850612	0.10007505634839756	-0.1075956914215848	-0.11964163933451376	-0.19382660354691067	
-0.024676279565893303	-0.0020832261295704348	-0.057817600136830495	-0.020524741955434682	-0.22637669388900658	
0.006232142023351576	-0.4047807545614154	0.3706797193523211	0.18024391330707645	0.1793023548109271	
0.0960996378049578	-0.10156738455624068	0.20606062494964425	0.1108472585262119	-0.08233814801372026	
-0.11061133634564373	-0.19760348488782062	-0.19876832886024742	-0.10343080533058192	0.013127212773894484	
0.09221599301834808	-0.048069369400637794	0.15273832629526105	-0.01336198666647176	0.1067477442711344	
0.030191639919795215	0.0726955758201356	0.014441174299626325	-0.08027184123798899	-0.002658448613027526	
-0.046810937590052	-0.000829669163408786	-0.012111844617250293	0.09814326199093953	-0.010459776009501248	
0.10249076294544661	-0.22052811384347157	0.06963189171534223	0.02981334319369547	0.13828379729329535	
-0.13722645556566818	0.060418622306049365	-0.007260034943717216	-0.038451576525193494	-0.24262989375315475	
-0.07642966202565511	0.27524860261384637	0.0009212473643179839	-0.04631598050127152	0.23460615743302887	
0.0743154504909214	-0.1073765993568808	0.025846222487759304	0.11001426455010983	-0.020115037218123796	
-0.022495291112252132	0.0895809306532173	0.05897261976725871	0.09930634300626108	0.3214405510051423	
-0.06655846028871516	-0.02706651417718324	0.00659783779133056	0.03978789863713379	0.08899469631255309	
0.025545515647740703	0.02685377614407756	0.07405402150960348	0.010045173019882392	-0.13873116495430987	
-0.0757135420525118	0.14451702238075795	-0.31205213263004006	-0.23276528511622113	-0.5246239069821009	
-0.20900127158841492	0.2113538560476628	-0.3705317727710672	-0.3468754359424854	-0.8061948124535977	
0.09197421706863908	-0.0027070977498031053	0.023142610645662767	0.027302776709869074	0.06717456982559195	
-0.030011528532750922	-0.06057815279151272	0.05525163572334015	0.06998915809423438	0.06270629504708515	
-0.09375414855479983	0.1636181922139376	-0.3279214962243041	-0.151633100358737	-0.47370772833608255	
-0.14935057855882783	0.19699563320149713	-0.44082140251979735	-0.2536465790914147	-0.7457636276708752	
0.04218054739547716	0.04127581714018401	0.01944491728868527	0.11555478677369717	0.17820262364560355	
-0.07388602034864108	0.15807349773124058	-0.3165723560720424	-0.18813151226642813	-0.4347438456215561	
0.09944150117872769	-0.16808724216318238	0.15177751022982225	0.10492083262768384	0.13128399420088002	
-0.12897990143434535	-0.06244353384122749	-0.11562084259992263	0.07086919807293436	-0.004371267021201429	
0.1033074676143282	-0.020394378485261735	0.07556031012759078	0.04506172643031923	0.03498282640209111	
0.03803141813484255	-0.009077984720948907	0.04902625891645339	-0.03376907002250321	0.05169513417120972	
0.03155139261428341	-0.2825093734640619	-0.0755519962741884	-0.12305910382190229	0.006954031026201699	
-0.07642706750466939	0.1762728322006352	-0.04338026060636969	-0.08400592438971559	-0.08306876923422843	
-0.054902232324364066	0.11782034716358464	-0.1222074812618192	0.023736865212744512	-0.2489834372095346	
0.030271810996393523	-0.04844869317705208	0.4728478641488576	0.36959281280686485	0.5534795239565357	
0.14273865477049652	-0.0701235611253637	0.07165597546024104	-0.021125772158851974	0.16055679192466712	
-0.1395119791543823	0.4067596103296711	-0.17710784753288716	-0.06456104049977998	-0.5450049983195688	
-0.10294990497452716	0.3203541022074237	-0.035393653892418615	0.03681834546631324	-0.431943246327593	
-0.058090321212640066	-0.02135784914141726	-0.20097322176313454	-0.1687864783217057	-0.34860184707617486	
-0.020054240022156625	-0.16445623570832607	-0.2841546414259314	-0.17303865277492272	-0.14565729094838573	
0.11661546975600486	-0.10372610554231426	-0.011693541366772564	-0.04482323400669175	0.09772196477828016	
0.04368755824968898	0.055309661354203926	0.055508638931127514	0.013439156531678934	-0.38067375450306457	
0.02037548466714283	0.243580000916174	0.16964787348945565	0.11842917572693229	-0.06502290896486088	
-0.15084120270633616	0.08792166466483736	-0.20581724093690273	0.07975613854213189	-0.26586975408647123	
-0.04180114112791775	0.23611650132390727	-0.1257147448171314	-0.05865648058664189	-0.46159869245257673	
0.09364180265062694	-0.06599892103646117	0.07788686565141323	0.06406776244015693	-0.26417789221641785	
0.23712216986184337	-0.010427996178972918	0.1814598975602095	0.019383681977362812	0.055900203885826255	
-0.02098988296302691	0.09915279616056044	-0.17259628316202474	-0.12383816693938599	-0.274643076359425	
-0.06130365015040311	0.05932727414730176	-0.25814686015589133	-0.1610840034075412	-0.1336698298781768	
0.10253425211406011	-0.07801720009839758	0.14666782981624257	0.028237455132240154	-0.08516085483902472	
0.024061526496659182	-0.09012733536105903	-0.06577936661496137	-0.005885967212052673	-0.05966881145775378	
-0.10059027811726086	0.11628543711177816	0.1276075049840279	0.0992649591170812	-0.02561140537063662	
0.0897251289660266	0.13822595754282738	0.1461470001797215	0.11847181538858222	-0.21415664261919024	
-0.006506787952051574	0.0016709910867993255	0.0001877008741808346	0.053136569687970536	0.04490577012201958	
0.09863530866904376	-0.03265472209995612	-0.015949616842443733	-0.0337491220468387	0.1074952485476533	
0.14552219435259023	-0.1129241609883275	0.2761295221914541	0.15998220090156098	0.16370873547898762	
0.028007219895747004	-0.14810267163766969	0.1697456305618652	0.04606960070075683	0.19514188417273215	
-0.007941900174068732	0.057885549680116805	-0.05186041117479449	0.055458626633854154	-0.1054459658515555	
-0.06222706531761808	-0.07236042470868842	-0.05198214459222435	0.07190499605969805	-0.11812060572788305	
0.10013234051062646	-0.07291874938942483	0.32708800240138486	0.18138096048011892	0.12395515230884463	
0.04569786350861402	-0.07605223809373048	0.22095927193667492	0.0021519921041779234	0.022067143595561174	
-0.0376759920630855	0.0712216275363987	0.01257796252107726	-0.03233972642224599	-0.12405796131289923	
-0.133226029978817	0.18506941738893942	-0.059430275010692354	-0.03957521576907995	-0.11005321634618648	
0.007643786080815334	-0.04302369601921063	-0.020510163119500133	-0.030060946350366265	0.07201981093145979	
0.01808176358191547	0.12258133881953764	-0.20043101640992936	0.02815387707434995	-0.03312636051298643	
0.17344456098707794	-0.19526829098495296	-0.018715901181167286	-0.08144039347752881	0.025981869601324783	
-0.07669099180628901	0.12757926626873048	-0.12131335043181163	-0.03010577048068822	-0.2818220065159908	
0.0992006936023017	0.02790066627366279	-0.021478103731441697	0.07769517781849664	0.04921603413742247	
-0.016706850352627436	-0.009485719600675914	0.03194221763619681	0.006122969607588869	-0.03483950275537578	
-0.05476700699957929	-0.07470991629616797	-0.0789403867391491	-0.08981228895533111	-0.06071590863791381	
0.09614362668616451	-0.0629379172802021	0.018587099773625427	-0.0021914091756695345	0.15595698614407688	
0.11176749028930255	-0.22559357857428403	-0.058846018131345344	0.12679056540009118	0.16139797203731	
0.1753760263979669	-0.29762435773755885	0.13603427928083056	-0.08295193484557621	0.443034557212876	
-0.13075464090082603	0.3481656005319827	0.04457642025171092	-0.0794126807841168	-0.28577223013213343	
-0.09743798623953752	-0.045966745367358286	0.27354730065588373	0.20146738038721615	0.22432132956193115	
0.11623508076064076	-0.06462170354905424	-0.04438190489121782	-0.08752257446554569	-0.0836191661977649	
-0.163147017221193	0.1057041571447054	-0.0682782514688347	-0.030374624892854377	0.0784927256975143	
-0.19118536916621193	0.2960906847399783	-0.21609869139946825	-0.08701310672393622	-0.39793138204166284	
0.09892250167415033	0.07120546474455648	-0.02720211656526479	-0.04296013810661028	-0.20102497149413923	
-0.02675648487656726	0.11048800491861317	0.04104388768832183	-0.07624630101254909	-0.1012181207361479	
0.07216826114726259	0.09970311958773671	0.22884827899311852	0.1758391385958379	0.25886553728365586	
-6.889296439790934e-05	-0.1408744260172481	-0.278905620175572	-0.042492729502556816	-0.1503794347837703	
0.008974547422737374	0.023696529241572097	0.04242668450451004	-0.05421697463544133	0.21269360810954097	
-0.025260246671297334	0.2652550702076467	0.2260176880307925	0.17608172139910755	0.06023636732333939	
-0.11898058804946068	0.00410714371714379	0.03294099458202534	-0.001371596287663203	0.15845521486529682	
-0.044450556130011365	-0.0005132360653446024	-0.13739562365141458	0.016562279584109985	-0.3463929405839663	
-0.04202741010094049	-0.0830408634379932	-0.21023158107272408	-0.11166130213618432	-0.10405659401389594	
0.03957892552730512	0.00450800233800453	-0.02461094403079623	-0.006422027862858277	0.08810228145953546	
0.05623962298979306	0.1233962336027549	0.1865921378570552	0.1750047843027083	0.1015714194345526	
-0.08028343745337577	-0.20295183653546603	-0.10606639867364619	-0.03926409794647158	-0.0912939305086651	
0.242595038552874	-0.2639743018317591	0.27287724594305657	0.11361482971193997	0.32424210478048826	
-0.0017108673503482448	-0.1260028878420065	0.0665385721726595	-0.047382472392837216	0.2091978946384082	
-0.003321767836027461	-0.09502576485641763	-0.0782011356442948	-0.04646841818566068	-0.15209963637819293	
-0.07170026301649045	0.20179237950915024	-0.050050688000222526	0.11908586453391407	-0.09233999262258573	
0.13328380505471082	-0.09664802653499939	0.1749329854817666	0.06415092715114405	0.1616105084233935	
0.07286729878240224	-0.2667590674522051	0.23931849710861308	0.1554490083585067	0.07738129274474134	
-0.037470924868647795	-0.04257371684133146	0.01800359669456324	-0.11435155989034862	0.026502099310886058	
-0.04136482350339428	0.03576423657510593	-0.21554862709623865	-0.09244820919828632	-0.3792488161471142	
-0.04814950847796627	0.12844621508987952	0.12960193370131043	0.012440490618024528	-0.21534640430701088	
-0.12440461324131152	0.0017773022180667063	-0.005671298106682716	0.041801393106172334	-0.27152329607555037	
-0.07035170735902552	0.143495843225148	-0.05676328201813989	-0.09189364029286738	-0.34914168002451207	
-0.013625822631921632	-0.05521404229566337	-0.16630500368098808	-0.11034181025891113	-0.21533105636207228	
0.035503669810034104	-0.2578188983940808	0.1103394617626678	-0.023932387632468983	0.18278060381904213	
-0.015783654094117704	0.06053836557770796	0.09464699375779019	0.0013119606097112993	0.026905425641237175	
0.008256379074553248	0.23306917610593947	-0.07797604741897397	0.014316474871839614	-0.05733939063647912	
0.211025959655478	-0.09799208361843674	0.10673718064663658	0.01903118573126696	0.1938685902984956	
0.10505856545402614	0.05490829133222151	0.08427333863859349	-0.0049591918627253095	-0.15025141796720956	
0.1139111439450366	-0.027962058088985005	-0.1972031327460515	-0.06086221044445085	-0.4690363024334398	
-0.15142032430183539	0.14895315117790056	-0.19912023414095922	-0.0554158398751474	0.0012588537549458512	
-0.017186548797418433	0.02528094657338679	-0.035892124549689854	-0.013042421002270703	-0.10643133411661751	
-0.017550403979153636	0.13488518810997138	-0.04180133213497316	-0.045778685252761846	-0.20600347882093087	
-0.002094287318607292	0.11296749587683322	0.04978910716336741	0.05435609366354349	-0.029619632559978657	
0.0013667107739750543	0.07621238002512178	0.04672811166181194	0.05112687146966813	-0.11885213418657979	
-0.13610197776623087	-0.12966061919178043	-0.13057032825669093	-0.07183555693026639	-0.12220896521049018	
-0.01887262400183216	-0.27757063198100296	0.17631129052188688	-0.05868102653446101	0.2146127352819296	
0.11552568792767547	-0.17369978311607695	0.08226378603839783	0.14480113739991587	0.29960427824082847	
-0.04987615015984718	0.040158382624213645	-0.15591997136852392	-0.07205084420931315	-0.21349378093744983	
-0.1003374373879598	0.20094759794503086	-0.09305719972473712	0.05758623130636192	-0.3146437269035916	
0.14300255418183663	-0.07798480736863908	0.03337984797913969	0.15320378809818627	0.18550168982434678	
0.06859916040417642	0.11950436340614624	-0.24581905888126185	0.017676962885003356	-0.21711849920101783	
0.01748503556306119	0.031018292932802706	-0.049116712619201135	0.005592378493305872	-0.11269760799851603	
-0.07849546423040152	0.2685596988971146	-0.06420009646119712	0.0013769446336150339	-0.08485770941692311	
-0.1831506296881028	0.11667423082876373	0.07961762426922228	-0.04299275941181483	-0.23352488912511404	
-0.12951017731482276	-0.052693476531896724	-0.03474498632217687	-0.07991892369812577	-0.16479270631767065	
-0.21795137062502562	-0.017613184063763672	-0.02219628203927183	-0.0436340024711843	0.07160273846337073	
-0.04684519023098973	0.2304514325272679	-0.053120817418108535	-0.039453679388991046	-0.12487790284253246	
-0.06381258937730351	0.22772286636078853	-0.12149902203336163	-0.004674156331382294	-0.24784455210888828	
0.26987247085267146	-0.15282075748643714	0.3087875436665182	0.2116389851439135	0.3165277354438486	
0.0628681817449687	0.01899033021144932	0.16848765271028407	0.13662440660650707	0.12798878305907574	
0.0668197637207876	0.07045670900400859	0.013129004610009841	0.0921878124955599	0.25790039075954146	
0.001450054319256006	0.11557764204746572	-0.02779345667574127	-0.06036844249742732	-0.12682853833420793	
-0.014641610323297907	0.08762589761139881	0.016989210388213986	0.0511512613244996	-0.19168529222222705	
0.2879938700938297	-0.2978704047998495	0.19130641033813656	0.23360513319937298	0.1486700204278834	
0.06371965824650797	-0.018547016186868628	0.13084879115576653	-0.003892040851240415	0.2909520988331361	
-0.01672733422287169	-0.022599981842904356	0.06272816092961957	0.07835631856552669	-0.21716960092999024	
0.12156459730883228	-0.048411520603413194	0.12899548060857915	0.060854406155060256	0.24398223218847387	
-0.08506313621806993	0.09884331090402276	0.021769458315568816	-0.05042545534447015	-0.104337274113033	
-0.10207188145282217	0.0793198823148784	-0.08136524468710793	-0.022898988964478846	-0.30184356850276284	
-0.03614399742506732	0.09485867686703561	-0.22161329356407633	-0.07752330079278717	-0.3643534088038339	
-0.11912642410199116	0.17025983272617962	-0.12937157326802146	-0.027937235382552095	-0.14164973568741665	
0.09450859409191573	0.17723990141517904	0.23388405322375033	0.25820133771554504	0.3094280547080277	
-0.051921165727475495	-0.026302643594532455	0.04188780500876527	-0.044334203818629694	0.052428611537623994	
0.004541297015070473	-0.04083018647467903	0.008890807415215774	0.03076969797179113	-0.14588702491632036	
-0.00894319793637454	-0.004336707355486503	0.0864435351085576	0.014729345621706746	0.2028654406274651	
-0.15662020617693456	0.24108524709733858	-0.4496017631488622	-0.13507895350590648	-0.5714034465910466	
0.24631647646715557	-0.1437053188773079	0.17401527782530676	0.15720216880006208	0.07288151847882665	
0.06876263303857753	-0.24167720388551978	0.30725398529846687	0.09578321567450503	0.4313160657234572	
0.040882069841936666	-0.12682466727123404	0.0220232634597527	0.12079385838015824	0.12550999789365963	
-0.08285302491923882	0.10188386226489884	-0.07795889416286819	-0.11278918697575371	-0.18675057130911427	
0.12327558716677357	-0.1297807862278552	0.09359825762461543	0.1555993345532305	0.22049825535107123	
0.0627188357930925	0.08767149266077119	-0.1010460649347277	-0.04628170735100259	-0.14457135289485226	
0.08837103193744762	-0.022143913775698434	-0.07076546623596726	-0.0049085747131820375	-0.13053125848036154	
0.1437735587894868	-0.2131484461842166	0.23190950705340704	0.2567331495057681	0.3269436873972815	
-0.12023531555296668	-0.09064314009558129	-0.10580260154211074	-0.095413316431144	0.029451566473100054	
-0.08293273232934686	0.3299976147303157	-0.1611888060694687	-0.1786189162428709	-0.5185181470784442	
0.3494717738516346	-0.1913128908928976	0.35815428447581776	0.13344721201622203	0.47198423122324157	
0.012849224121173387	0.010519026487217979	0.0730905565920834	0.04448154644020964	0.1188494616315668	
0.14457494499193463	-0.08341696790416303	0.2675124280442281	0.007605879060330972	0.18666798598265802	
0.0030536322245654905	-0.19840051292616206	0.06988267939031811	-0.017835210533080913	0.1572420179976905	
-0.12764663807523813	0.08799935661672335	-0.24009178983891685	-0.013904336677487666	-0.08481602489840007	
-0.016550545747756922	-0.05106255417118506	0.005738331835640974	-0.06455054138882725	0.09370532361483823	
0.09693312538714717	-0.06305789567658118	0.025522571138924997	0.11909625083702083	-0.060547647508386246	
0.10639246551067634	-0.2364495213786896	0.23837913041018755	0.1380048219219865	0.357996710248164	
-0.3177360875987537	0.21781753457813025	-0.37369381015388464	-0.19370544812273582	-0.4185427804801752	
-0.07500271218406705	0.0924868606723908	-0.08411407374855895	0.06650794433587244	0.20679755971196878	
-1.0304295354242599	2.0500632423955585	-1.775947628262262	-0.9271801432416527	-2.9483364933387675	
0.9217913857666516	
