TESTRUNID EPOCH: 54 L_PCC: 0.825457560473142 L_ERR: 0.011718243809570586 T_PCC: 0.7713729109879606 T_ERR: 0.014764076599099119
180 LAYER: 1
5 LAYER: 2
1 LAYER: 3
54 :ILEARN
0.026244926857728453	0.020332650451514004	-0.040738985790993464	0.0070642080170661295	-0.003360524960511785	
-0.08511290199118945	-0.022706727687218164	0.04359897569505635	0.02198656421947262	-0.05940874508012072	
-0.10417067834864896	0.1741468452038727	-0.17474506427145106	0.0006834210015753297	-0.5276605442655506	
-0.03569235391630856	0.07312351898956769	-0.0566740334037441	-0.13374130199657194	-0.37351618467843956	
-0.03983089726402526	0.2164082438721129	-0.16093723489975995	-0.00935278971940267	-0.22564109852475284	
0.026135233328812377	-0.010103179770302994	-0.10511934614869366	-0.08495318381298034	-0.05218085595477697	
-0.4072356141319793	0.36110618480634554	-0.29636628682859023	-0.19590484413405937	-0.7549691686705323	
0.13535223067389865	-0.07889982682341494	0.2922059202782129	0.026355361657649554	0.293418651346937	
0.05160417146645559	-0.010486996411546858	0.04074192346705876	0.07466327898117592	-0.15677274521470738	
0.08044316010619769	-0.07158740580129408	-0.008308917427404505	0.003862447087566856	0.20654773801702775	
-0.17084060538296378	0.037112867691668626	-0.22776114302454206	-0.10759873880430486	-0.09868747420755666	
0.06390698422457668	-0.13364090841813137	0.23283427728363623	0.15825712840007686	0.4286092334330342	
-0.2810958598655913	0.19057093300137232	-0.29895849004366437	-0.15618538923067535	-0.5911383461158431	
-0.237321135911746	0.18065852286713657	-0.35672158578112434	-0.050360443329089385	-0.5404514780071575	
0.22136755844686787	-0.1752416119894828	0.1400286393826973	0.1692135239042648	0.2295417490287215	
-0.10388169701805644	0.20438914134941719	-0.05233688015888037	0.05053346404472186	-0.17967504383744515	
-0.06417056768500837	0.24599243098485402	-0.16017083458244377	-0.12137003187229124	-0.45320000720905773	
0.0055850937291244684	0.0076816833468260435	-0.0495145819548747	-0.008767678742053996	-0.19800700744061517	
-0.056900289218282614	-0.06839803085210076	0.06954900547489878	0.06878934999141367	0.031358132573870705	
0.03502437146051783	-0.05055650546865934	0.06455643014518807	-0.04382570010393307	0.2961731926028606	
-0.20775876818771757	0.16026489313634115	-0.14796751833190327	-0.15623208706312047	-0.3261949095832079	
-0.05633336053764385	-0.003305923554832045	-0.047100250867876524	-0.004742312830784064	-0.20362089082701917	
0.043808792001046176	-0.2847418200917887	0.27231134079369357	0.1417864941011831	0.08310440017070728	
0.10558504040990688	-0.0690543473825007	0.17499230163751753	0.10457769541383254	-0.044951721165092766	
-0.1599176740130445	-0.13309765425392592	-0.20183023722664226	-0.09455983607566151	0.04474215746982401	
0.11141976684001104	-0.0474236551164092	0.18364688457279016	0.0008315976867827026	0.12906216720338853	
0.023137670979712484	0.08951868872386128	0.010621423235754776	-0.079261919774471	-0.014527985935225616	
-0.051878235966255015	0.02857365089254705	-0.011022480169999321	0.09287667669590889	-0.021770816648223352	
0.11929456730268827	-0.1654823198403552	0.0512275722611994	0.019052541491045065	0.0620169458335211	
-0.1574752298681615	0.024072989366477855	-0.04963476922383099	-0.05642705196520127	-0.24278078851208126	
-0.06194861347309671	0.20695473189249916	0.042869680758999024	-0.03538419015956928	0.10633913888575146	
0.059631892491550806	-0.085140838185878	0.020058174868839512	0.11072447973220487	0.005155013586946581	
-0.01951524282766558	0.12442858099044798	0.04153653769100857	0.08262872509437201	0.07875783131905577	
-0.08345635040896328	-0.04539780184439785	0.006580469071533751	0.041240483027459286	0.045761424518706725	
0.005807187233551028	0.03137314729278494	0.052612652301557115	0.0027435994388066575	-0.02554139757225454	
-0.1457186500855255	0.18488386952113656	-0.3191701323117459	-0.21705574862413735	-0.4476461856465716	
-0.30234983741678606	0.2153562084501899	-0.41089111019802654	-0.31585639926003906	-0.7150072541034488	
0.07653350021252107	-0.017044340620920532	0.02842758856695309	0.03050880836501337	0.029185631197791276	
-0.035271509850045894	-0.06414415414996465	0.05326227464938787	0.06920086055857855	0.045191938886140266	
-0.14338830509791525	0.10715715437316849	-0.3543444245373402	-0.1542612678507438	-0.4084535038047421	
-0.24013153424377282	0.2390493359077767	-0.35237091015634914	-0.19305116308705036	-0.6775986130300669	
0.03275527188657364	0.0672283084981401	0.04096609854799672	0.1108514655221872	0.1547816219379763	
-0.13133417422798666	0.1971356658124956	-0.26618678896957776	-0.1738047037753088	-0.365421711144785	
0.10488240030331367	-0.17535065012740536	0.20997788110343976	0.13509852709629094	0.20387270171220093	
-0.14888294801853535	-0.10345237557994233	-0.09909085624914954	0.06084526365973581	-0.0992265917210341	
0.17655303560852598	-0.06227611902349469	0.15805088166949036	0.10193143475494082	0.2923589071944588	
0.06571228144120475	-0.025233572091740125	0.11988643784944444	0.006781433085301082	0.11758872056102695	
-0.01587545793363794	-0.22425222749747462	-0.02486839013079035	-0.0617542379871599	0.06664917608354101	
-0.036946676392378676	0.18269493850961702	-0.033040986429881625	-0.07617097906545965	-0.118872502510693	
-0.07348241685001826	0.01505439296255402	-0.150442487542246	-0.013212460055737372	-0.15062664862425404	
0.08294581999090565	-0.11930676817903599	0.25929964326398974	0.25292176601596444	0.42681255679802715	
0.040137105541599015	0.07228937424056982	-0.04136686733079983	-0.07270940965731298	-0.021341981323523468	
-0.10458948040352266	0.2506846685535231	-0.2016979402363098	-0.07709012766365292	-0.46076912009200005	
-0.0328571271864954	0.21010115503688867	-0.011258877062976212	0.014024533811313326	-0.4189745943190916	
-0.1150174837130833	0.008675624504382116	-0.15533808882408687	-0.10443339586600263	-0.3148886038398443	
-0.1009854127905917	-0.06160612708029731	-0.20097826534974447	-0.136511454554244	-0.13281942360531648	
0.05991895220074412	-0.02237012740768615	0.025558748741883453	-0.05204618001669078	0.078985166938101	
0.037291304958030805	0.16777548893325991	-0.012829756984157874	-0.0015462282599374526	-0.30631814386154377	
0.1243295340850023	0.16655362548547437	0.163543165680343	0.0877690077215235	-0.03334954382085907	
-0.17006719358600467	0.02077260175782726	-0.1845081454955682	0.06296334925678247	-0.15649749533023613	
-0.03194629635048964	0.1973018932580376	-0.12572852073807364	-0.05597824071732375	-0.40400461295732315	
0.03297480839076099	0.0020787487684941963	0.0011778566444932252	0.029233986388273864	-0.2192362222872847	
0.23681061848947363	0.003928449383056472	0.18279457678017944	0.03700854151587726	0.07771947283338074	
-0.03024983448137119	0.11578614644242936	-0.10324311427795776	-0.09209542945400091	-0.20967793408218532	
-0.05977980785220336	0.08293583370041961	-0.1455584869157222	-0.1015852216432241	-0.018811853047590744	
0.16064429240213166	-0.12642166575596145	0.23315090919824022	0.0747011445256005	0.04842019380814537	
-0.01146463309360048	0.05186002914534775	-0.027936467913056935	-0.0052245174892663025	-0.05182927547696092	
-0.10086739866360912	-0.03797853479123531	0.06890957673748749	0.0795565190310787	-0.06542893318704218	
0.11326619655391323	0.09342165064566003	0.19487934503823504	0.12886396722453602	-0.1786807724395181	
0.029459009661760314	-0.03411881112122463	0.008677127304071542	0.06413855692438672	0.060705295445346745	
0.03596551060497722	0.04872586947277288	-0.08441623197503713	-0.0688975771044587	0.011293352419546857	
0.13191333237790429	-0.039187339004407476	0.2140001671332446	0.13934008019200228	0.18987478296705293	
-1.1347713245933138e-06	-0.09983755575470149	0.10612631070709055	0.01485199077130196	0.11031500573111891	
-0.06194052988345569	0.10663573895301345	-0.061392172705879135	0.03166525729810959	-0.00387420797429659	
-0.03009807326998464	-0.10187651108047478	-0.09226111207569364	0.06284408373432253	-0.2677785438235851	
0.10925644252193344	-0.015970586588642442	0.24536855110441497	0.14402168402607415	0.10889117016917314	
0.04024326220720867	0.005887154330170649	0.16354232200411073	-0.026536771646942257	0.006381048709037261	
-0.051928832842351974	0.02668927262450141	-0.007357284610299965	-0.04160317838647067	-0.027797231106328753	
-0.1284653989206573	0.11681295802081403	-0.09003017290607987	-0.0665349227140987	-0.07078117618427489	
0.05935885984966314	-0.07470612595811377	0.004304428737405496	-0.009715693098263426	0.13389929607853343	
0.07656549475530045	0.039166989322724624	-0.12191252609486641	0.056648134258187266	0.007512196284501643	
0.16469394891525801	-0.18147801820289014	0.01657635959974067	-0.06543733933753658	0.06128536013641368	
-0.07111803082919495	0.06913969141484845	0.028750440577971423	0.02045931811157148	-0.11647673296976803	
-0.007711194392533782	0.07465994066369318	-0.011895883049062259	0.0695599929816739	0.0179886269863527	
-0.06457889727727924	-0.052243346140198675	-0.06659627355282889	-0.054406973562610976	-0.20921838499866585	
-0.12893630300703204	-0.03235802645732748	-0.07455628218181876	-0.07965230794224384	-0.20388698902886424	
0.05131751640292842	-0.08757466304153326	0.043009590749929716	0.016281596897134574	0.15336026311708162	
0.08393397975274249	-0.08658211777440558	0.023426360622274937	0.13646521404828318	0.19138601657425527	
0.1285081548190211	-0.2185654551866672	0.09932055308009366	-0.07916452753454839	0.2520588366143924	
-0.028018192475373568	0.20655864707722935	-0.02676544787037815	-0.09988252397883725	-0.2693008970669206	
-0.0439257602000691	0.01570828028298393	0.1196903526078926	0.1410148315679841	0.05986361844418455	
0.07347027033762424	0.00207999802411299	-0.010784462441364289	-0.06659603906029089	-0.09676037925850475	
-0.08769971252086267	0.0864068866995889	-0.09179259823250237	-0.03736170139052922	0.0075065313690904426	
-0.09850793502381906	0.1367537752577793	-0.11801635333150769	-0.02202037745247272	-0.1891887328468606	
-0.049796806486536116	0.113519558661825	-0.14046892147232623	-0.06482025007985553	-0.19233130095043052	
-0.11484046008205698	0.11421428500742313	0.030111431935886224	-0.10599006114894337	-0.21022116722331224	
0.03390268827323036	0.10550600663020128	0.10672867348206523	0.10051258305786918	0.11578497536720922	
-0.0034651315406324596	-0.06075689061978006	-0.17868528250259486	0.0015096500382986036	-0.11859227836768986	
-0.02251026385433564	0.07999464244352147	-0.07606002652682821	-0.08675460062753786	-0.07814240275915285	
0.033525837240672395	0.17172644768853979	0.03905891428325423	0.0980999039344505	-0.10272302406955065	
-0.020405928919551453	-0.07426176847017248	0.05652586324127747	-0.002891492350785149	0.21134048606897002	
-0.04202617695923746	-0.008564105026031728	-0.09811341345057152	0.01854185840981104	-0.265138604169188	
-0.01752944964002259	-0.0050069509211776615	-0.13954954396692068	-0.09140744953768547	-0.18530342142758532	
-0.012730878775531758	0.038111584268944745	-0.09441061264251324	-0.028263547135850938	-0.021027409023152734	
0.09658698111048766	0.08685050063742507	0.1869604234795909	0.13746948884178667	0.18485123330359982	
-0.0401313312225792	-0.21288462933523075	-0.03271876713715128	0.0014989512427174318	0.0980644190607583	
0.15893896003768915	-0.16554506962813845	0.1625673518508982	0.05138716051034978	0.20237109149563598	
0.12209368636842528	-0.08253764114781363	0.12018151073479012	-0.011071883380387983	0.10320024658835479	
0.008100320293043905	-0.06567388657905782	0.017416040966886655	0.010621443234550922	-0.0809547318046755	
-0.10287232516136222	0.14250297824637542	-0.07466880847732796	0.11382047458645864	-0.05121555401564347	
0.027847080026915667	-0.04155769962603201	0.10269194436758206	0.03956904961265436	0.12240458204191833	
0.07853213569737863	-0.19162647892862764	0.19987682059523534	0.11475462678325613	0.07079231157084659	
-0.059335259048252854	-0.052179883149728455	0.055980415335051804	-0.0772979110230815	0.15994157001852727	
-0.1329536832820321	0.07022612110396477	-0.1321754366202224	-0.052662151298031444	-0.4621493083086576	
-0.031991591563295986	0.04961493680578652	0.06386433822708465	0.012528423074748659	-0.08020516164240862	
-0.0018483747575518937	-0.04424422328834773	0.016647757176132698	0.04301992233953997	-0.2224703805238575	
-0.037190438047569156	0.06520213529583609	-0.06470170371933763	-0.09253776933210311	-0.2651170569747393	
-0.06875546154083821	-0.03319124899261926	-0.09479913313801706	-0.06044917030939927	-0.03362201128730408	
-0.008451588872702998	-0.15883614538618648	0.13849139519772627	-0.0006938923933039504	0.16009135872357325	
-0.026697764885718754	-0.013627160505010378	0.01271023503998177	-0.040836950937389364	0.04599910190204366	
0.006851946818718514	0.25667448199049314	-0.059946149542933584	-0.04099411676945362	-0.12326012911228051	
0.13864795840953223	-0.006212112879631249	0.10194928698923544	0.0162035213854533	0.10139164169964232	
-0.0425053104848269	0.1401948003593822	0.024845337089282063	-0.00970157393296222	-0.2734246625702858	
0.08598165704689648	-0.09428858942965324	-0.05989387802502207	0.005798210213788794	-0.31367569048485167	
-0.15503910911454039	0.0341711735168196	-0.15519156612305515	-0.02464657577564729	0.07315035034398151	
-0.03635928580037358	0.034006245025335086	0.08234999547963037	0.052986652970772624	-0.06111576175638031	
-0.09234601021405989	0.1318630576466121	0.0363145481736931	-0.023360116347589548	-0.21793275596833572	
-0.028549010184114647	0.12170366080482635	0.03160082217158299	0.04823766035421795	-0.08933743022049288	
-0.033734554845894035	-0.006204765252203226	0.06381488429423109	0.06798315291743631	-0.06809042364247457	
-0.12608665650658035	-0.03971932358019039	-0.19620192519099589	-0.06944918615954034	-0.07751981563740766	
0.021049872063312557	-0.20826133130780297	0.0946662117014565	-0.07392642391418565	0.24550334369545807	
0.06757543448368708	-0.09432673225804626	0.12019294402540194	0.1659524150227024	0.22205689549440752	
-0.023027268074468202	0.07637304802979623	-0.15191965336262594	-0.03201317273402308	-0.14671188824236414	
-0.1085073670922651	0.15777556938128942	-0.31274975312191183	-0.03919801115230043	-0.4109690023083271	
0.12406064343593916	-0.04805783545013282	0.054391027942746126	0.11557172230678729	0.07354483687738216	
0.034689716616556995	0.06574086082603026	-0.1436536689036063	0.04920821841081626	-0.08555235950947009	
-0.05365907044192257	0.07348116914814672	-0.07243757856663896	-0.02167538846819477	-0.18706696783937826	
0.0017207850253988675	0.1749074550886575	-0.0753554929242617	-0.025877909664075206	-0.06448461475142404	
-0.1529128951325125	0.08416994612056164	-0.028980037270830886	-0.08710960478467596	-0.23476942833628336	
-0.1251957146745975	0.012987109731440091	-0.0470778029313851	-0.07253650341750885	-0.0838173190661293	
-0.13332287678304458	0.014523322748204894	-0.033338104513260094	-0.02516363686797591	-0.19510882480388492	
-0.0034742206303650294	0.11429518001047209	0.030243829721802284	-0.018664957249616976	-0.0270148806228331	
-0.06354875182855182	0.10906601724964943	-0.10716121980636271	0.02163465337276172	-0.06379635692105609	
0.19510660353762546	-0.1092275480107867	0.23382516779120585	0.18159049651878628	0.21289404782615384	
-0.011910641334902744	0.07467293270938369	0.03601354113357899	0.09233054449939339	-0.00936674704866556	
0.031175874396065093	0.06301909375661534	-0.013354303736940392	0.05672266416378652	0.18573114137074198	
-0.09985616249156555	0.11495581508586339	-0.07746579225023116	-0.09563086074057232	-0.32141252078992716	
-0.0515467371170142	0.1423388565760461	-0.06954448612729731	0.05384325280586065	-0.288077040945351	
0.21104278795270068	-0.24534928134380213	0.11418222260147391	0.17599050204679315	0.08060805434449106	
0.1201028455373483	0.015088309896551041	0.05784096034820009	-0.012341323894965677	0.2154025718683789	
-0.035414417179306386	-0.0366780850961622	0.04574976704050009	0.06578932697008325	-0.16836183631292503	
0.07458049389780748	0.011665209650698847	0.057370676256600014	-0.0011981165143294457	-0.017825993079566175	
-0.1054540475404789	0.149440918129721	-0.0905819332137163	-0.10040306037254577	-0.1657881269627021	
-0.1928530676839239	0.1122798587335697	-0.1418136989456146	-0.04993476960240246	-0.294449518806977	
-0.0704930147051978	0.17176942700484304	-0.14315610300947162	-0.07431997801923675	-0.25909240949277845	
-0.040852776928918505	0.03231745259477465	-0.044825679098696426	0.02410638939046978	0.02093157847206189	
0.18037490489754146	0.06566969947311913	0.24646089060232995	0.26039674273456137	0.49938670618552916	
-0.009793690147760525	-0.058774275966372656	0.1060666748489605	-0.06123768912876506	0.19886732624772835	
-0.04852787157802578	-0.005705563402746739	-0.07928366981063383	-0.021226171049469212	-0.2183482362014792	
0.11002480851940594	-0.05957554689214012	0.0890926356475764	0.04335858281499792	0.22350118205431307	
-0.15768404638142922	0.20013054941605868	-0.29921398003372035	-0.08535190167300503	-0.5284511157206423	
0.18909755009344148	-0.10658836198066049	0.12572931264681503	0.13058860906926076	-0.0011971036815788877	
0.050843867840476516	-0.17275456303675688	0.2963089899520109	0.09052285031073076	0.3987463996188738	
-0.006243505663843404	-0.08034275838067072	-0.004823216294161131	0.10653666604004595	0.10150158745541905	
0.05985092856327103	-0.18829286444247958	0.17149293490966677	0.005264640155705532	0.019498594006720448	
0.09558449031803914	-0.12418654019249965	0.05658371515461729	0.13713391405457334	0.24451498192955418	
0.024824590544137982	0.059222478428244546	-0.08698595267647441	-0.044554581178847315	-0.13887411371128916	
0.05999662706416703	-0.03454436765812021	-0.03236759403440444	0.0043976016917261175	-0.08055173786925231	
0.09714822263019646	-0.18983189675962509	0.16213910876186202	0.22151931563209415	0.3487734229388648	
-0.09410081230423321	0.04676164068342367	-0.1598597193736994	-0.10683173008486285	-0.048774612421214704	
-0.09058906699706312	0.22556397951363416	-0.22849628517167608	-0.19672111029834555	-0.3977640399118616	
0.3300533230753966	-0.12483429617242306	0.32467471010195814	0.11163388302202575	0.44390565272808274	
0.030370706795668206	-0.015474723959718278	0.0019645584678440564	0.028465018772629948	0.21407371376470322	
0.10575180350459117	-0.051607364266919746	0.14462820708500446	-0.04279007530225596	0.2137574440791	
-0.026452895138330983	-0.12737314369700986	0.0663222129495998	-0.023017674963159127	0.14482901470950052	
-0.16891623934676214	0.08602723675803739	-0.20527911859819328	0.0007519714420465053	-0.17345572340844734	
-0.04564472221293292	-0.018324624433130637	0.011341008020335315	-0.056455384035820656	0.025208527368385407	
0.03602667208007338	-0.03254866935268772	-0.06632600690141797	0.07725710997367119	-0.0352206000794587	
0.040322157460406516	-0.12788341476897358	0.09514718479165074	0.07084818681371241	0.2891963366296459	
-0.3065139994726052	0.30233868946752424	-0.3532218334758937	-0.1738086331983993	-0.5786123576798738	
-0.037564507293370915	0.09464056796580644	-0.0676888356569975	0.07046019925625613	0.17416057666236526	
-0.9973702441278378	1.672620402889206	-1.4943133755784286	-0.7391319137523837	-2.8218164101679344	
0.9445975429163841	
