TESTRUNID EPOCH: 94 L_PCC: 0.8589486891345913 L_ERR: 0.009601130435471042 T_PCC: 0.7832002353339416 T_ERR: 0.014111006500483119
180 LAYER: 1
5 LAYER: 2
1 LAYER: 3
94 :ILEARN
0.11470358634370129	-0.03616215519721756	0.03715726683834419	0.04943744384544184	-0.01907939117856755	
-0.16005378351874516	0.042766609357678204	-0.09242125621575699	-0.013512486400241575	-0.04759381766483776	
-0.0145443522286117	0.17616259480765928	-0.0481017455400086	-0.010120552661555034	-0.5291904012955252	
0.014093374921007653	0.05654910835769931	0.0014483295529372387	-0.22396589186630564	-0.34813035378366064	
0.05264300873691236	0.3931323014776193	-0.1196500486946582	0.06553953776844167	-0.26629065121668477	
0.02065338176806624	-0.08041750372733615	-0.15082683172778397	-0.14561201587086825	-0.0036733969865685107	
-0.38886323647944887	0.41336078005023424	-0.29009215200987776	-0.2458771303640267	-0.7626839917260612	
0.12014334949876275	-0.08868695639455	0.28491657968668443	0.007171727262387086	0.04135739878651789	
-0.013851151012107725	0.039231323268292796	0.07832263460722344	0.133775137305085	-0.013965572852130737	
0.1619259133064876	-0.19270745783807422	-2.8477074357587594e-05	0.014638610753906886	0.2601337611394926	
-0.0915795127680246	-0.12497713638549833	-0.2268683145729311	-0.0750117649155474	-0.013271421680648937	
0.08998066770040929	-0.36380271074641546	0.2772704391326651	0.23611281356372663	0.705425283660125	
-0.27105115370940375	0.2636011591306344	-0.3990326599595241	-0.22640086253509145	-0.7613094601134732	
-0.28484009313517894	0.34196069633394915	-0.25243486794894426	0.09035682303400021	-0.339584693289304	
0.23372418321723834	-0.2071620680387767	0.14972940305300944	0.16635926716070285	0.2733353177903278	
0.02241064331680342	0.3459500508670503	0.027811631172564872	0.0824890493610919	-0.3185333698085944	
0.052927906113883344	0.35950315666528465	-0.1369404308699675	-0.1488732633497582	-0.5934133582205093	
-0.21833734673380067	0.09252352349726706	-0.20565100142086803	-0.06111842969134125	-0.3656997223427989	
-0.2775431144886015	0.1426880379034625	0.046425283750682424	0.14572947985944695	0.2477123478414403	
0.10877623880884185	-0.1112170570698101	0.0507569781933096	-0.033830627400167956	0.3077629853846516	
-0.1361031319350115	0.11770718352828798	-0.047860457543339396	-0.12979377652397245	-0.15606791766593664	
-0.0029163348726552116	-0.058517715466254325	-0.028787203261626263	-0.014840694071056742	-0.1850148138885789	
-0.047363818225121944	-0.4146936169145306	0.2783230329666917	0.15527972556904326	0.14594504378818954	
0.06565156390484972	-0.10879896671114893	0.16489392073123352	0.1031449131759554	-0.06064409921068444	
-0.13708412376797616	-0.14928254579643535	-0.2315295309711117	-0.1162377715656936	-0.08265585603907731	
0.1194479237995401	-0.09477308285402282	0.165848701369798	-0.01521666171654053	0.14646376325873275	
0.045290102514860646	0.003690967505299135	0.025709626379801963	-0.07765428166352892	0.04233823800638271	
-0.08788046300300098	0.07103998695325055	-0.050645889814947685	0.07007984045597247	-0.061883401952738164	
0.09157394444387601	-0.22224361345953048	0.017086307781595773	0.015885533935173113	0.10091151584325868	
-0.12327451935758767	0.04028966958727963	0.0011233068195466488	-0.02484201749170125	-0.23875608720374394	
-0.029742386748003596	0.3246497465346267	-0.003919976704944487	-0.015823535598994142	0.22377201516493592	
0.0727565268659974	-0.12273594491829463	0.030794718720430384	0.10648195010240889	0.014002435545786866	
0.01847938534343328	0.1317713347194197	0.01920224009500738	0.08287365678388806	0.19101612193965858	
-0.066286048349901	0.03909374540736273	-0.03617627690340545	0.04699887595712499	0.05034318963566655	
0.02847573606596441	-0.06073467987634059	0.095393529109253	0.008251363103513019	-0.06994103677972296	
-0.11905002767628957	0.24877466564956932	-0.3284365356723961	-0.283738438192886	-0.6324367512421639	
-0.16285985662951	0.16596632658682658	-0.29250301125455114	-0.3357628695499568	-0.6906279201485663	
0.11685063341302515	-0.031086865321257918	0.014062733427490162	0.035564754366123594	0.0799389975968292	
-0.02703398705582711	-0.0654614733936494	0.03185602559206326	0.0665294271371979	0.023546064271866386	
-0.07345893930084782	0.0881579494667224	-0.279118470530546	-0.1436103231574825	-0.4770946572071762	
-0.16021087942049553	0.2958923915297938	-0.34409239600695246	-0.2727030679897098	-0.6687729462812366	
0.006036972326317021	0.05266301880533758	-0.01115037925050818	0.08096900731424529	0.16836273425557124	
-0.051510059492069334	0.1147585460600856	-0.23169305933523313	-0.1789004941913904	-0.3440431225671869	
0.09067185124380259	-0.1251715548944698	0.1742958913151998	0.1042898024736623	-0.041769357310089954	
-0.28131215846457486	-0.19576596882787142	-0.19793893279302402	0.11213144209015341	-0.0854431042254687	
0.030072316062166926	-0.01951935330474124	0.026152625590560426	0.042738162956556296	-0.026153628359344493	
0.10645750149470663	-0.1481521477336182	0.20239837159938062	0.03368518238297218	0.14647469642441743	
0.0027987151128770287	-0.21014385461313112	-0.07754797593626771	-0.1487049917118644	0.14576750064473085	
-0.10497205994002733	0.19784846991303176	-0.10298322656899257	-0.0815098598590265	-0.1509045234095158	
-0.010197062842551983	0.16366419887799602	-0.11168533583224548	0.0353322272807552	-0.17967591174116626	
0.07034447611492423	-0.1603157773723164	0.41340894537950945	0.41519068275329307	0.5604077225511559	
0.11855380915491216	-0.1078248327900561	0.07709078633303637	-0.02823728566195853	0.27343633619455454	
-0.1538488254451645	0.4452021863073242	-0.19111038772663277	-0.045338406741997926	-0.5396692988423981	
-0.0796054118981976	0.3059961732131134	-0.14579011051837773	0.00025652808735333063	-0.5655906109438299	
-0.03120319374590061	0.0903654459230402	-0.16611471083941196	-0.19603745925761545	-0.4692771377091008	
-0.05799221906091954	-0.11686346366050729	-0.30202587499797734	-0.24576664766756734	-0.21627640992086752	
0.13492486546760643	-0.07183494889273875	-0.01801694582313286	-0.10617888962930415	0.040455483788772804	
0.051082664563214725	0.09645894316840889	-0.004722474089216016	0.02240627944016812	-0.2581793931975887	
0.08868938540057501	0.22173734207750406	0.14167625407643017	0.1870875521285946	0.07301640430432839	
-0.1048963376893931	0.16419173576394194	-0.18210711090270484	0.08010442323126238	-0.22495120764990664	
-0.0046188167527758195	0.1431601448471154	-0.09669253506739	-0.04935620432000528	-0.4492325552336797	
0.05091229378229926	0.014726271259221164	0.006314449098343488	0.0061357086366919285	-0.3316975604567145	
0.2035500715816402	0.08257981538351265	0.1392070532559858	0.040264014692441764	0.01585345298705763	
0.008528258654793529	0.06539121412885261	-0.06724143487222545	-0.053157542335850905	-0.15213107042214716	
-0.07140077114473695	0.07241792551883934	-0.20861778939725464	-0.11644001746767814	-0.09004994151194382	
0.19917387252309668	-0.30840439456648894	0.2993033750752868	0.10652130880939203	0.29934735661030876	
-0.020156069422962684	0.01670776304349505	-0.08908911952828037	-0.02360342761397029	-0.07911470807331769	
-0.01158277262787946	-0.1209792887116645	0.034719424559233415	0.07217835171066875	-0.13784354763499915	
0.1543903269869264	0.2197826142721859	0.19725233799771333	0.15498746233098679	-0.054963173791316	
0.008308791122907383	-0.08018428175272788	0.10477558822429499	0.08925068556730997	0.17813662613523704	
0.029448668902747725	0.13115168839005237	-0.058231758733019404	-0.12147851551144281	-0.027152233454790575	
0.0888851515256068	-0.1349011667558424	0.1809624357924211	0.10237178078816325	0.16674320556402106	
-0.01292189327188283	-0.045154034029336924	0.1037929672970432	-0.03689511269725803	0.12616906526311075	
-0.03643130563588782	0.2631337743663123	-0.03192330577089503	0.03132020643002646	-0.11050778644761447	
-0.12226477642689917	-0.09642333557627977	-0.2738977760015372	0.07649383784663087	-0.22491935445992442	
0.057254949777060055	-0.07376012404300472	0.23517166586089697	0.15515620902296717	0.058926430803975076	
-0.019150401949323756	0.01758657066376554	0.14371865194071953	-0.03573451802086865	-0.03771453856244028	
0.0017548926713232312	0.04656289511659883	0.042180001245392174	-0.02425124397090455	-0.018016995851719144	
-0.039601338595590264	0.23655534002984055	0.046187691778321445	0.009279874123725895	0.012313683821015838	
0.04176990310662378	-0.12687906478811029	0.09976005612760887	0.019930476385742336	0.21880783134227488	
0.14005281909356151	0.028640586166948562	-0.05220063954586221	0.1222896829924002	0.04014267457385348	
0.22338546117716643	-0.18557852868464467	0.09165344831162493	-0.04775997942163925	0.25998103037684256	
0.07710431223618705	0.013075962475494965	0.12374743642465082	0.014345937549353274	-0.08221646586624996	
0.11350860576142616	0.13015936472942707	0.01700204335058139	0.013123072506624343	0.0511118436288046	
-0.01654703005858367	-0.09477024681963872	0.003211948451642699	-0.002011156365757857	-0.12929926831904726	
-0.15110889337049357	0.10137716214047128	-0.18719282486675506	-0.18150136613060536	-0.19057409365599923	
0.05413824527525274	0.03569045593627621	-0.02557274765338701	-0.058093542240639943	0.07845381742145216	
0.17267389342864164	-0.1989096929864842	-0.03474841431359899	0.14915214399046936	0.003631198213031259	
0.1329572469760668	-0.15187885966215803	-0.008598916415725803	-0.13604703771974352	0.07873785267799262	
-0.20934724485760586	0.40460454149021985	-0.04372350437530534	-0.08518401973727256	-0.3364107859832134	
-0.19402913195441673	-0.07907039119188884	0.1207886738971213	0.1701265202631447	0.2654542432922312	
0.10441732828688784	0.04177416884858235	-0.00509095852974314	-0.10800562649937166	0.06314722122726751	
-0.17040978211385321	-0.03700230528206515	-0.05788628077924988	0.0035033491925903705	0.24234192633522628	
-0.17029005781469217	0.07811203283753176	-0.18165281015800464	0.0009456067990749714	-0.2924585244567376	
0.11201883839744267	-0.0013541556708191386	-0.04523859951825733	-0.014400502707235209	-0.2333019411934642	
0.05266842721240511	0.09136560762625752	0.1298925122365383	-0.05762085537392454	-0.17347202704982245	
0.08379988322815701	0.2243591783280445	0.16843803088157025	0.16405536899388215	0.06707911728476695	
-0.004455027718873942	-0.19691932373423762	-0.31714233936496544	-0.016412531004229156	-0.029820952604152736	
0.002775138454031548	-0.064796439487857	-0.04051353248328445	-0.021963361626734828	0.10765994942862879	
-0.09134860361693474	0.3287102800638813	0.10368799288762638	0.17670984587390245	-0.06372279602564387	
-0.11770297559853572	-0.0013394464148169779	-0.016001874276061034	-0.0631931423142655	0.21288914131113013	
-0.009459977092028088	0.01583341019232441	-0.10941124664977074	0.0828719526943556	-0.4100533251376289	
0.10854343969713465	-0.1700017663340414	-0.13896437018226565	-0.030068361781740032	-0.18164982527601728	
0.038718159870643074	-0.04818417225962643	-0.11792112016217848	-0.01140363950952707	-0.05954430115914261	
0.04293203614586003	0.2920529133351918	0.15714133599612978	0.14732410695386222	0.21570473059335044	
-0.1454306545261042	-0.16898654924117062	-0.20747770128192497	-0.054070822571330696	-0.20058321805881488	
0.13944737520414613	-0.19063057040311568	0.10302308233866753	0.04444793997764174	0.19308223601410307	
0.036843650697478955	-0.20357998324775353	-0.048847980489651756	-0.10127596629149203	0.14231435933495123	
0.019209715429063957	-0.1733159588740684	-0.06986648191323296	0.004678748354268378	-0.24529171599071461	
-0.07665133781558175	0.2234034467652042	-0.0031359338912049515	0.14298143629247093	-0.08960071319720862	
0.04100292552563132	-0.05623262951142469	0.22446599309562995	0.10960938063298155	0.22587973125739977	
0.1292075015464537	-0.36890900758238204	0.27152747841564473	0.2454399103510586	0.2385939005070952	
-0.14634496372508954	0.03529336367242344	-0.029026335112823105	-0.1449697814713358	-0.15034792487547619	
-0.08888523542115277	0.09680381891198576	-0.12046090045696191	-0.10833687744410288	-0.3958333906884561	
-0.10872611133803706	0.071517409053577	0.027488097709812233	-0.05245470053514859	-0.18415079653236274	
-0.03273494018719905	0.0034729918266235386	0.06395604841423294	0.06174306535894584	-0.2037779504367556	
-0.01444175782513524	0.18366108659466343	0.04862426704994182	-0.03386708126291933	-0.23222366324859783	
-0.04054923270461239	-0.1434153153794237	-0.1700197133673131	-0.13614659653062716	-0.15803041867699452	
0.0033760014780409194	-0.34313716791820326	0.07961354941708525	-0.04557899418903813	0.08206996357221052	
-0.020421686628154235	0.11173269131530249	0.09580182311509763	0.0020341525852654446	0.007877192022850064	
-0.015469572020652803	0.2822319792661342	-0.057930206135647366	0.05586973749663177	-0.06626709152952431	
0.19915093441714207	-0.004099624453214312	0.21533021281999468	0.07228602246584324	0.24787030088218268	
0.09339546637009988	0.036462134824181355	0.14883815015910087	-0.04435215881196257	-0.1818702245539332	
0.20495778548139146	-0.19628692373134782	-0.07055313104961625	-0.03815552986229439	-0.39671048609042153	
-0.17550158140209546	0.12293959738083919	-0.24647926613313717	-0.07847588678560732	0.09520956276083338	
-0.01681229531180482	0.07857281403990807	0.09817869872151294	0.008846922518851512	-0.04763127738369747	
-0.08728684337394739	0.2563858195235774	-0.04567719280209782	-0.10033652021010465	-0.3380035022204729	
-0.021413468956980375	0.16989175241272794	0.042758531304558034	0.05038385078583369	-0.09036549336152104	
-0.04858971453956989	0.14163157890559577	0.10164651286440142	0.0402678170632406	-0.17217064212826086	
-0.13341786648269777	-0.10265536011253412	-0.18652783094106268	-0.07903690918054339	-0.10883381578622037	
-0.010527019557060579	-0.21098474941622505	0.10194094124969555	-0.012895946940768573	0.27484307126230473	
0.07981906711546316	-0.12966204050726113	0.15754161174528442	0.16116248656871346	0.33516980575458344	
-0.06475643675203499	0.15384330526689596	-0.15076594025866072	-0.04410792608008302	-0.15100962582073896	
-0.12411090539543874	0.21866383574623846	-0.20626940892735005	0.034740038996755034	-0.23392074363419124	
0.12038229982809336	-0.25272403029105117	-0.05910639585497856	0.10930191272377479	-0.03253761663578081	
0.045481291832162395	0.09704518568423058	-0.18319417174082225	0.0029334590864493774	-0.2344384267106438	
0.047885722685466495	-0.04624957508280256	0.012298529004856049	0.03237244054576918	-0.07219220067066376	
-0.04484327071766579	0.30821532666381407	-0.044821669439821736	0.05393678318993238	0.013162928804445568	
-0.18751574798455622	0.25303901684131724	0.07247041670301448	-0.04888845267084383	-0.22398697755724103	
-0.15488141852047593	0.0390703182906861	-0.087578364802501	-0.09894975512421147	-0.21610165313209226	
-0.2347752289482099	-0.01956870609485044	-0.0050718301877515195	-0.022634398774246837	0.028447953329170876	
-0.06382760424869954	0.20528961109680685	-0.018966205571427853	-0.07486405383319657	-0.239324771970155	
0.01791170269880604	0.09202318005929916	-0.11011064712355628	-0.00842229229227463	-0.07226891907092123	
0.2771566721460988	-0.2614020380723624	0.2842653913209055	0.23005162420272493	0.40748917288290804	
0.062045422924497086	0.05131576784311319	0.08808800964045777	0.13299179759354393	0.03151603104002265	
0.07900528215581482	0.030402028555494606	0.06739896552792574	0.0990530884830071	0.368220258866854	
-0.061811830974566884	0.1775499157640268	-0.1045565222197734	-0.1433551287841592	-0.2770660252910843	
-0.025718123411706942	0.1289541592924554	0.054697935569444064	0.12891690955633248	-0.30407321372452445	
0.26071046405268955	-0.31724709428684844	0.11084557514230588	0.18243294882231878	0.043147582544698096	
0.10324114386536926	-0.08660403478125615	0.0730363960763047	-0.0033538589079576656	0.4619496946282397	
0.008317658293908629	0.1065296034684095	0.08525864703171362	0.09008609447816929	-0.18749217828798695	
0.1429055922031574	-0.15522954348783752	0.19643280383414546	0.07253154777121887	0.35164190434604514	
-0.0981272189940988	0.1906893520070427	-0.039502734780053304	-0.07458957702536996	-0.08870413160165881	
-0.06542529734783142	-0.0309189607691897	0.007663437623150483	-0.015508809660048903	-0.15672625348211552	
-0.04474000393090095	0.11532772362465411	-0.1733565701221596	-0.09599000645630432	-0.30912731556965634	
-0.08348405733194826	0.2057509403212178	-0.06751266357841237	-0.015617366352261094	-0.10470507162897244	
0.19808038542819809	0.23089471414680668	0.3057342039345693	0.3014760232042097	0.4652264505370312	
-0.10720279861252442	0.027385859507807097	0.01457462031854452	-0.00364022978661911	0.14018688912227095	
-0.04622417625072396	-0.08098329802382342	-0.020117117442119838	-0.016340210158172615	-0.17546099268422718	
0.00037360347092258133	-0.004544731979547594	0.0016376687445466959	-0.005797956983996543	0.2719649529508194	
-0.10067241785406311	0.27041896671215193	-0.273817445164752	-0.07771060363682096	-0.593478831996255	
0.2075604194461439	-0.0961254568825494	0.12251131464582556	0.16246309184604468	-0.062369450386874394	
0.0716274121089958	-0.24994618603517046	0.3343239674879876	0.15662724377468762	0.4621136016404012	
-0.00347917220152461	-0.029814859705534623	-0.02152105594316073	0.13101010536656732	0.023675407106967594	
0.04258082304243191	-0.175208705116109	0.1985671595628699	0.056759880632725336	0.20051094664439148	
0.11231993591007634	-0.10323697412454097	0.06650666166977771	0.17985890527792933	0.18264906563054098	
0.052524240222865434	0.11506915289242152	-0.08700917143738558	-0.01776310667927509	-0.20832431243731522	
0.10304644471519374	0.007621443074314505	0.000733302459702204	0.05337186902988068	-0.13685699666013615	
0.14704593728171772	-0.23510028467722718	0.2226897927529915	0.3017564650780242	0.3393893467247255	
-0.12854189718130238	-0.11455001942722036	-0.2245255014362864	-0.19836490940937732	0.03717020225682122	
-0.13193747104064485	0.3998828357746789	-0.3179975733284112	-0.2961597020596429	-0.5752446936947286	
0.3322666272943748	-0.17251939281786313	0.34218506365289464	0.17644863478879466	0.43440363342710353	
0.051879269550209474	-0.1016106415874047	0.01863110733974262	0.018568923866041368	0.2629420928988917	
0.14779224756368134	-0.16485992166312896	0.22087695106235253	-0.008849329833953659	0.29653657686251367	
0.0018677741663492308	-0.18878413656187296	0.09047066375004707	0.022857568022328453	0.1685817453078573	
-0.16835200507831868	0.23541717419559033	-0.2295304910271855	-0.002108973037901049	-0.2737945190537817	
-0.05846730521169286	0.009428183261606916	-0.005487745478018747	-0.05581062758532242	0.06543784078870825	
0.09189554848842607	-0.08992134010015611	-0.02907347779874358	0.1122649739755233	-0.05606127344495752	
0.08962212091154681	-0.23600966034340773	0.13884178994651106	0.10173973891910326	0.28927402127283547	
-0.3457611767444618	0.2688767706712076	-0.48226164817373546	-0.3237795370654116	-0.5864099635535298	
-0.05640641381317963	0.08969225893092683	-0.0384413940955125	0.06706935011389793	0.2299222317331896	
-1.0949299250224498	2.2572244741259992	-1.6119963677216922	-1.1109357428431463	-3.1068640870000563	
0.8553879807935241	
