TESTRUNID EPOCH: 99 L_PCC: 0.8670493842576261 L_ERR: 0.009057860442503837 T_PCC: 0.7480355051723221 T_ERR: 0.016357630745891867
180 LAYER: 1
5 LAYER: 2
1 LAYER: 3
99 :ILEARN
0.08223586528603234	-0.001613130144526757	-0.03389114871854817	0.03641853033735096	0.056075827258050145	
-0.0764428934283376	-0.006475681033531107	0.10071626320177914	0.022342150574560835	0.14079524442959063	
-0.0046515648013129764	0.06031410928396252	-0.07234479737705811	-0.041970078603982046	-0.48178222912810087	
0.031290011503580274	-0.07476615676289852	0.005138104596575698	-0.1844397969727167	-0.38111407368234085	
-0.028505728062091028	0.13124559349551312	-0.2310944486537894	-0.0557830782597876	-0.27830337983082243	
0.06622106917098113	-0.1507101885957506	-0.021076777029612623	-0.0763232285504822	-0.1018331191410922	
-0.4236285328705052	0.32114579403419125	-0.24493145614201398	-0.18097407529226395	-0.9031710982764198	
0.19792849865115875	-0.09457585303557109	0.3090324991961102	0.007685050487503227	0.24058979856129448	
0.01694009359857401	0.06434358933658105	0.03410976360292943	0.05508495266790162	-0.07192557008211127	
0.138099897057084	-0.10092770127296741	0.03397440151286117	0.04120972622449541	0.2222347556461204	
-0.06934936893924618	-0.08012302170167585	-0.15359714359139445	-0.05370842811208153	-0.028051261457771107	
0.11519255707215374	-0.2573685921963721	0.3072619608227545	0.16893321166059377	0.48857966084461374	
-0.2509012794203465	0.20014541232044855	-0.2559719703738861	-0.16987681740004554	-0.8176823992113451	
-0.27141846723209007	0.35876405923515037	-0.2964491903107309	0.1281540968597267	-0.2686973147312236	
0.2478814376191327	-0.222397865733245	0.1565649725634022	0.21313698421746707	0.1398088574099638	
-0.05159289411880597	0.3754672599608817	-0.04737285217137276	0.0634014175674368	-0.31052940939361817	
0.03171509968611423	0.28072378721058716	-0.07941336894533291	-0.09440104319221429	-0.5063402665958363	
-0.1926985788993133	0.1742249437296404	-0.16703817584182698	-0.025989055952567234	-0.5842960497252275	
-0.17647838449824074	0.10702527516784148	0.06551342081413544	0.1936920097053414	0.28861257181748184	
0.08195720664332069	-0.04816482147825401	0.10501380554929218	0.01628794668341453	0.3698740660494246	
-0.1619220838963936	0.1620967879663442	-0.07245227130030032	-0.16329743565543323	-0.1578394558610319	
-0.02113832600258787	-0.04530173399995681	0.014867249900429395	0.008204978233651313	-0.11032779881653758	
-0.022125384523363472	-0.18417540771903398	0.3164571944667283	0.152576364141673	0.06542598268902981	
0.07345430067597099	-0.02392871492530091	0.19769965446147525	0.10039596934152652	-0.12270399740737245	
-0.15095642628336728	-0.18760873660640834	-0.2540650871766521	-0.19441113595878284	0.02666756347542243	
0.06545201248912047	-0.00787640974518623	0.09755198898222839	-0.004582002917623504	0.029236787115283155	
0.019003977514566416	0.10179470535282054	0.025320957343505104	-0.07467251463547056	0.032701294212766935	
-0.08387275175217986	0.11191394278441971	-0.01995211883648751	0.0740170923880477	-0.04877019653241303	
0.09715477370284581	-0.11815145592543899	0.04834824908678887	0.05353838625661613	0.13632008861690745	
-0.12129126746461066	-0.017286297997081795	-0.05638497391335126	-0.052207476514159926	-0.4574432863382088	
-0.07573264923645157	0.22056320652810787	-0.02990715099038496	0.022977106761830672	0.2557342076740223	
0.06373327051799342	-0.08616764881536312	0.03858975024785238	0.1139041532365169	-0.013197377441614666	
-0.018106389241074525	0.158665080109462	-0.021531494202776776	0.14181517315014155	0.1929588320161121	
-0.06338081630005757	-0.06682660965779107	-0.008709919611645191	0.07174181752297477	0.06921820616318085	
0.07236815497111859	-0.0052538784289794345	0.1387243555790886	0.01502625710836092	-0.08279864920554568	
-0.11532840134021259	0.1365039741468796	-0.26059002427171213	-0.284596562127676	-0.5089464854319208	
-0.28274407957454456	0.16352624211330594	-0.3428627004397555	-0.4356733830484254	-0.8987281838047301	
0.07544661559180095	-0.0005407237732232404	-0.00674984918658633	0.04437843641096435	0.006683124825153047	
-0.014360310310288326	-0.08205903790655256	0.05411227004585644	0.09443501793482569	0.03592190668143343	
-0.07007693110609037	0.007861731743148867	-0.3095952474309537	-0.18460210028213608	-0.5911198110103998	
-0.21852896300189362	0.26036706422346545	-0.41470722767305374	-0.2483691313617909	-0.7135781817525108	
0.012253732454723987	0.12914027756565066	0.08126773791528459	0.11330826957178673	0.28718117340288074	
-0.1306241814459518	0.06356859939263376	-0.23525675702974674	-0.2658149441674274	-0.5091322891183792	
0.05204843345629497	-0.27216201502221055	0.1281456301290742	0.03658747795631516	0.15362404377327454	
-0.11875904583908138	-0.05349981080675538	0.007094087508454131	0.12238537792078331	-0.1693096239496536	
0.07232590805235616	-0.06994110290339449	0.08829428775845333	0.05197992990448284	-0.06539124106525218	
0.000549414184997415	-0.06301966742842895	0.06982252501582435	-0.08832763617675593	0.06130841112428302	
-0.004950721536050913	-0.34882576554271927	-0.0034144479961709193	-0.12199672316045275	0.03614333890426192	
-0.10312963930041534	0.22739960058049782	0.025587824539185646	-0.08870176378266673	-0.13453422258477515	
-0.05298527591859709	0.16796326794460706	-0.19679806040521364	0.09543540542745509	-0.18088910109125386	
0.1483641798908606	-0.11972683552399399	0.39415252395242795	0.5170999507079596	0.6053919568041634	
0.14495033949675987	-0.08911851604803349	0.13986752074792774	-0.03486248466002762	0.21781988169426086	
-0.15791175898331758	0.35181402496138253	-0.16000651547048803	0.05706831146840882	-0.566409241912375	
-0.13512570149057032	0.4028017721713452	-0.08450856189184196	0.04322139860529218	-0.5334785612020854	
0.020474609872826708	-0.1151983367957189	-0.17477011232877987	-0.22661927169469626	-0.25429118968687026	
-0.1478791871282793	-0.0746558258041668	-0.38537830194372996	-0.24519195489230763	-0.314289600588703	
0.12683800686000737	-0.12347033589809175	-0.03751518444815304	-0.045465733825736786	0.2385828649291065	
0.055228366047331855	0.015882336037527017	0.08974915997640774	0.03860690115105757	-0.399195890921501	
0.027335245383688443	0.38359379553109635	0.24565012514025686	0.23327672745566458	0.17231657896121433	
-0.17306220835845235	0.23367659959615072	-0.2938164266079844	0.13179842378247422	-0.17196370958282892	
-0.13053581518853816	0.15693931961665034	-0.2751961104650033	-0.06492024300387828	-0.548648833131716	
0.12572479277085385	-0.015751551001719072	0.06909939480474989	0.08312620911094235	-0.27450957018036704	
0.24661575903104585	-0.05021084161430155	0.2368615982797136	0.0585107993580495	0.22595770734976997	
-0.09608008082701022	0.07430949347718618	-0.15492987279331075	-0.14623388263928364	-0.20074439859514448	
-0.15195060763265436	0.10472290455025453	-0.2757905111011259	-0.20723356354664535	-0.09276115699269058	
0.16311876568164868	-0.12569088535191908	0.2360753867973429	0.08067453488389725	0.010950876497333596	
-0.03377192369964442	0.08200966253269998	-0.10930213081279622	-0.041504795447338684	-0.14057109270289167	
-0.21016679017714335	-0.09731495967324422	-0.11882563024137616	0.06621851274444499	-0.15905435103275953	
0.20997157076184705	0.24422071697776274	0.2164174339949274	0.16161273598189954	-0.20127894055478432	
0.07435463907525623	-0.06001958445940002	0.11249693022912091	0.03474121598954881	0.10809676521998819	
0.07556583821525911	0.022818143268300062	-0.07401921203042688	-0.14324913634619416	0.01437410870813347	
0.18889064449817514	-0.09565878875276226	0.2792945077127254	0.17535057204244872	0.22970581509945123	
0.013185050593057608	-0.10601281928613684	0.06218201272522065	-0.08005121683996916	0.047156283106148125	
0.03221253680166033	0.20253402364075368	0.005657840983176831	0.0696992505337236	-0.042831896186092525	
-0.07239899909016688	0.02364142633245646	-0.05881517062558544	0.15120239996887586	-0.3139668236200996	
0.08655869731617935	-0.1259719550145266	0.3195335802717066	0.22080598697487136	0.2569509837552248	
-0.007485518574466169	0.012904423078311932	0.15273161126840887	-0.05516888470639232	-0.019082164023757002	
0.0391506606801999	-0.0055837230504761455	0.049060885333407835	0.04324047209118739	-0.11262442268150386	
0.001145511189355559	0.24497959840693873	0.046132997961666	0.07464536744621388	-0.06030397744725755	
0.07525398082834893	-0.0928719518280342	0.0717398071350358	-0.03881115217048439	0.11809979464929257	
0.0786131966601496	0.08294250523380445	-0.12522378425489053	0.13945264198514487	0.12045597861574592	
0.2595664317853159	-0.2157420216276504	0.030151885602433696	-0.029678938698995332	0.05430748440157831	
-0.04229983858553398	-0.05707113784326363	-0.04326629791414695	0.01938353221109297	-0.15442863774812254	
0.05294939688842916	-0.023528586485412267	-0.09997776523808732	0.04781304402252478	0.14312022634773006	
-0.06799688951285536	-0.015061518475148765	-0.021301422749101274	0.05019955563427689	-0.08023639205641947	
-0.0727695288486809	-0.006241925397208818	-0.09363007858781065	-0.07662995036296955	-0.2485455694054965	
0.10190846800610728	-0.07896861045290013	-0.039701930777032476	0.013772148368258281	0.2729338756880699	
0.13208940979889025	-0.22731133153898922	-0.06436787601742576	0.1634381178310698	0.1345166870130638	
0.17920364207887815	-0.23106510526444435	0.009785378964517491	-0.10483840242034526	0.005975103658220228	
-0.1972441584466659	0.42674780963319486	0.0526303525236339	-0.13141475200215333	-0.333081426049349	
-0.041095175278190926	0.021867893893822994	0.3710523225398953	0.1715715393063162	0.3403204551834296	
0.21174072488631818	-0.08758743202121728	0.04085256002003337	0.009479294534681356	0.002233931658987178	
-0.09014162604190991	0.06955539986403404	0.09331373888918182	-0.03225156720389461	0.21546883376569237	
-0.07951217477056806	0.04830238600345853	-0.023844494583789982	-0.08620997532307062	-0.11394808243381996	
0.1380462651890908	0.03674943675030117	-0.004879974878150768	0.015155324982085315	-0.21063976998363326	
0.021529534133926356	0.0229519178568751	0.1468167366400347	-0.006761780512951014	-0.13106212036430837	
0.03973258750468634	0.28172557774450985	0.19802468440921867	0.1636661067285972	0.13818886972039499	
-0.0531839621714418	-0.13616512738164943	-0.31975478064333945	-0.11373666918379668	-0.2351060324956154	
0.03547391690426671	-0.1264912292422349	-0.0334483022581209	-0.12934898611745793	0.15134751043156197	
-0.12245098429141871	0.38685706956176935	0.12477953641334012	0.11531788812745253	-0.09858856059720204	
-0.096408844861897	0.017760421614699217	0.028927727508523373	-0.020463820303438178	0.14442298057229863	
-0.002958153256423544	-0.06815873560755557	-0.08212440181026831	0.058443963404787504	-0.4105597994357097	
-0.14944841120144578	-0.14909758604472947	-0.35423841979521853	-0.16477171039654298	-0.2916159783289566	
-0.09013557321259026	0.03480457414385706	-0.22399918282234568	0.030135028803813493	0.03648415023730205	
0.04333471173329772	0.006540126447601303	0.1547573578115189	0.19320691198706436	0.028671618021043028	
-0.111738398697418	-0.24279449988229052	-0.1677664972715103	-0.05013343961422522	-0.01630039767180061	
0.19343500422720203	-0.29224739372584957	0.12317857930055358	0.09213416308949313	0.3454082046333317	
-0.038097667773110376	-0.08536802650630777	0.012890867030640326	-0.04965135331680567	0.2862929097585944	
-0.026944265773250452	-0.1328601863894026	-0.12838495288547255	-0.04157106485386829	-0.17517010814446127	
-0.010028783414554182	0.2176227586138685	0.02836129738467588	0.07914297507445826	-0.1531032224460822	
0.13432420107813894	0.018427370837365103	0.2000931587005375	-0.025774218368050973	0.034610055546677336	
0.12287945385434126	-0.3516961173512992	0.18723908074520043	0.19294721496526404	0.09762201371087534	
-0.06926217101601867	0.07926283239988957	0.015151417940539027	-0.23171507469719507	-0.24351619533509017	
0.013057249969045163	0.06604502515128245	-0.04894399896866112	-0.09077906117329465	-0.39586584312258977	
-0.08189234596112574	0.09999524546694924	0.03104778019075608	-0.006215125619855999	-0.23324880322996183	
-0.052782375594468633	-0.10141797432870461	0.05099284079725391	0.12288503553652413	-0.22879626477817275	
-0.017796570219500395	0.038398839937366515	0.024638299660233513	-0.05789129976560316	-0.4785786346636365	
0.03198178955866144	0.012958468921228953	0.017437055563689116	-0.06985920926369041	-0.13339665297431433	
0.10247784451475508	-0.18279788234529837	0.2198758046135662	0.02354403336140607	0.2023035986122378	
0.0811502962095088	0.036821877677881816	0.19742059050643046	0.005104135477528705	0.03952210274351343	
0.05027786940941706	0.23542659668239324	0.06385620602755217	0.16802548829611938	0.051359727701895515	
0.23003087824855253	-0.10361560378843221	0.18472051015927793	0.08664417776417198	0.23239299910689895	
0.06042075995315172	0.07494841573866788	0.1809756500603846	-0.0027048581500189696	-0.0922945902658042	
0.0876143035280222	-0.04093862684774818	-0.049646347319937126	-0.07884657667688826	-0.2750151666729688	
-0.15958222963102037	0.1835174324136351	-0.13860765493289037	0.06060056732369803	-0.03284695518930135	
-0.11566547311998528	0.16128821444723546	-0.10775920036176317	-0.04529778057485053	-0.2576423422496399	
-0.08510639409922006	0.17931468879975074	-0.0007111256039440112	-0.01586705109805668	-0.17529938944545653	
-0.04116805354689704	0.12304135287323133	0.041456455252399285	0.005625105516034739	-0.15840046501086683	
-0.07598701366228258	0.1646180053196005	0.07801779721885405	0.07933058964413348	-0.15609259668944236	
-0.1079218462128002	-0.11117098525837919	-0.1665161604068996	-0.11152254404415651	-0.15166209939476466	
0.03583927416920319	-0.30008545998639485	0.09112990006121104	-0.054368363576108476	0.34508691849703405	
0.17607516928267344	-0.20766343179741487	0.1254502597921687	0.17395150633938383	0.2767661393961718	
-0.015334435356873153	0.0045706874376807635	-0.09913806292259361	-0.01885659483466076	-0.04255070830291578	
-0.1775240717347166	0.25006644296842423	-0.27343085643215836	-0.0047595926488010745	-0.40139865264449165	
0.19049557159763755	-0.10197134852860838	-0.0003751693190208935	0.14515787355070076	0.2532592813528017	
-0.030927959082310805	0.09388885017378376	-0.26472861447646007	0.017479288984245302	-0.26735138266373254	
-0.10429419399576417	0.03978263752479784	-0.189150865135336	-0.008928782978001423	-0.14449920866029003	
-0.053107049612407135	0.15234932349027336	-0.11003307702570968	0.025962547114542683	-0.09005087855261738	
-0.15147449875242244	0.17377933188974942	0.13776793234959084	0.00010936613246258129	-0.01544758495617336	
-0.10955035807349017	-0.06815561023834368	-0.01756739981817439	-0.06702382576422994	-0.10715876381563798	
-0.3165003542008895	0.1681187824360694	-0.06899021433141538	-0.03875803667581562	-0.021822015230901562	
0.009147889514952236	0.26234925470697756	0.12063623560436341	-0.03432234352361907	-0.0712594345222585	
-0.1188523271155756	0.14383290419342618	-0.12280334026435882	0.03558776894999668	-0.03944330485220385	
0.1832384506199975	-0.22053113924282583	0.15205425534104272	0.2053919056924741	0.37782214224468463	
0.0527786874227579	-0.00040753391114282814	0.13103610102658536	0.11029791053493727	0.008227330674772647	
0.06355636479378193	0.07670736991223984	0.06445241925945161	0.11185780961307545	0.28744382971291405	
-0.08019496328315516	0.17469082565327906	-0.04807758037085376	-0.17815010642644344	-0.26596168105565926	
-0.09438544025072329	0.18317031896805255	0.02783440845997322	0.19690422769458363	-0.15432235830867716	
0.20085935534479132	-0.11448397778608162	0.14537557800454598	0.15994673516099547	-0.13896733825462357	
0.11012413357808391	-0.05223760637417379	0.017419276221642965	-0.008863918170866049	0.35337124751034515	
-0.027324290705216723	-0.022755286215378624	0.05754697203284876	0.058511007180791844	-0.2185000998007712	
0.1503370333212389	0.05159338040436445	0.21846148709269966	0.08940826172465542	0.1197427913298842	
-0.06462620690451468	0.08705324425506243	0.01672646855522374	-0.053082592671027926	-0.09479658736245741	
-0.08925664293095362	0.07652609706793861	-0.05757625119667272	-0.1630750919839025	-0.4274673178986413	
-0.03448247474754785	-0.0373696843347978	-0.2247768523846197	-0.04630629844810927	-0.34444223590109996	
-0.2157731439900059	0.1467051461623635	-0.13465788862041375	-0.03518640546003112	-0.07988066410057831	
0.027637958427877658	0.1955485933041527	0.11322996413456389	0.20305544164957087	0.20319629983806883	
0.08656479829665452	-0.02848778425086912	0.18143963709631317	-0.02167114963585273	-0.037917538299366234	
0.0458931732105069	-0.04277972085881803	0.08117974423854092	-0.027703535267703472	-0.109947251901305	
0.03188698071201513	-0.040898204669167104	0.004748611132345048	-0.0029606770249280398	0.3137687804621266	
-0.13584195136821686	0.2649958324361006	-0.32537701216139875	-0.10865647656342156	-0.4111333161019228	
0.1586337316625561	-0.09475998725710322	0.06277652119923345	0.13421160872297005	-0.13803847969928035	
0.09592923497762557	-0.2062631136978348	0.33222438187768666	0.14594541216903228	0.4739581529236444	
0.027173186750047394	-0.0894858757513533	0.011018064286112975	0.13995673579038062	0.07465068099851982	
0.026197112742785123	-0.1186225371942083	0.1878670985082404	0.046967524119907	0.19016499227916656	
0.11854710438550731	-0.13544787031694158	0.08735311475334746	0.17839070076989802	0.22077440402598897	
0.009939150427217802	0.09988325448337021	-0.12671021959557627	-0.03957706243491329	-0.2325391806901621	
0.12139624272152885	-0.02696111356588415	0.018946718931708365	0.04812409716628143	-0.011617001311990205	
0.15922178930010095	-0.21496227794535908	0.23546726430824733	0.30247151610711	0.35579594354732336	
-0.09221659348694575	-0.03542192655624033	-0.1709455088383453	-0.18091342564629173	-0.0007358563068337885	
-0.12320636134597501	0.2310859270644478	-0.21684785289209388	-0.25003182021266934	-0.6211003706275579	
0.34481575148200305	-0.1637424289182327	0.3299488559743313	0.15469781419077203	0.47443428154679584	
0.048604221199655705	-0.06589931289197305	0.07294247451550344	0.026838482841775483	0.17757852171241723	
0.16629937992168278	-0.10779541832718788	0.23520955061365026	0.0029882673504751916	0.17658794512489281	
0.022152674188412522	-0.16286152863578882	0.09060300835656321	0.009707901262639167	0.1967761297947393	
-0.19268708318848699	0.17918012627052396	-0.26050382317832466	-0.004316042816785569	-0.2412039828690132	
-0.09236575671948902	0.006677518576184622	-0.06990288480121162	-0.07158196747837056	-0.11587014784009264	
0.08859870161819454	-0.060987952904312616	-0.015224648541078934	0.1161350859046573	-0.10629200959246633	
0.10785266662152458	-0.16367855307647816	0.15944830483554903	0.126134671336144	0.2832989778265331	
-0.39286464279690286	0.34039007620051165	-0.5044807077169423	-0.3212719842007849	-0.6671973367455402	
-0.07143128694948697	0.11222024808293969	-0.08685647106104923	0.06040946510253863	0.23229053798165658	
-1.1705304994583425	2.0705183824955036	-1.732160121058813	-1.1792946706441305	-3.145517373322999	
0.977517493034942	
