TESTRUNID EPOCH: 39 L_PCC: 0.8058831937827872 L_ERR: 0.01294278103943508 T_PCC: 0.7457251007371235 T_ERR: 0.016045567799992045
180 LAYER: 1
5 LAYER: 2
1 LAYER: 3
39 :ILEARN
0.02569412792370278	0.029402394977147955	-0.046690427614671175	0.0012005248496413058	-0.01213667334237175	
-0.05775208731122463	-0.07703874922614541	0.04394428288429718	0.0242926641323134	0.0018730560893591586	
-0.12140585353161512	0.1717815070423178	-0.21087403785804312	-0.007665087626549403	-0.482853851068052	
-0.059855369143665044	0.09072153396168574	-0.11081679768459896	-0.14393466583740816	-0.36938310791192636	
-0.051329396647862284	0.21055427205255633	-0.1763420995027545	-0.022542640248035144	-0.21454098657352313	
0.029065482553992498	-0.018816918963319516	-0.13181034686327112	-0.08884510983723166	-0.06817562752446027	
-0.3787294474145855	0.30630171763536407	-0.2885073795904483	-0.1856530655778841	-0.6964776325635947	
0.13400577367282346	-0.08349385687368742	0.27843356041839357	0.0235953992554024	0.3185472025891522	
0.0548721336329092	-0.006027869157782723	-0.003539669510883588	0.05925852735081277	-0.17266058544560284	
0.06813299247487979	-0.025934471962789477	0.007494945536767946	0.005137093312426009	0.15944336148222982	
-0.16745566457268987	0.068244295109676	-0.19879449820280132	-0.09656271106489177	-0.11638082094676597	
0.05072669428827154	-0.12189685598779185	0.16870597433371176	0.1337952088307094	0.3591128909430693	
-0.24630306174432415	0.1538733702829509	-0.23674981333503176	-0.12871159309253533	-0.511547938388237	
-0.2265796497199895	0.16814299380098785	-0.32512518120029227	-0.05050904210562632	-0.5026104662651044	
0.21668560716248758	-0.1754824871999583	0.10738422952480584	0.15874009052603508	0.21905379150899731	
-0.10956576986010735	0.17743747999757858	-0.07797770194381339	0.035818142381485105	-0.14832272988219972	
-0.05242786288212092	0.2034657482029955	-0.14318749125173702	-0.1147032128280132	-0.4003554654229358	
0.014616619315235913	0.0008574736998979945	-0.034137478263848664	-0.004750053675061947	-0.18929860543215452	
-0.08300094488928678	-0.028882948371619085	0.0336430830811396	0.041808590459258964	-0.03492347217366337	
0.020210921407347482	-0.00910164748747264	0.07300249566766608	-0.04847729571209689	0.23819254872899848	
-0.20557147540111803	0.1483033150878226	-0.1579942344265963	-0.1529423056446595	-0.2864526748435551	
-0.031853870281635964	-0.031125912290380024	-0.013471881057354548	0.010137046671626586	-0.12925394073876134	
-0.00711220930800531	-0.20947119878550624	0.19768204629275596	0.10381548166289595	-0.0004404416443647379	
0.08521960679808656	-0.03126567183580068	0.13946939376333342	0.0862153556264694	-0.0645869426224927	
-0.1535953410367465	-0.1273512939767756	-0.18762817563595224	-0.08474335947423466	0.0540618109596064	
0.12061094778384307	-0.0631776322238493	0.1992583916439209	0.0065852245532084346	0.1535327415529339	
0.030526643306217103	0.08218126994052044	0.017737403370052196	-0.07651405910760709	0.016558846156535204	
-0.0669556669267549	0.042889155708624366	-0.043247995741278106	0.07944664989993186	-0.027099707642950166	
0.1095398534877735	-0.15990022711164323	0.03566166735555228	0.009092288438021665	0.04988961626928392	
-0.16213436655486552	0.030035890835133253	-0.06759447749700091	-0.0612426076412082	-0.2598025050622756	
-0.04073207033677619	0.155931599086504	0.07584114175044163	-0.02466914838469564	0.06739135146082696	
0.061953866738912275	-0.0844185572319454	0.020467556214616402	0.11111356311629252	0.03795207020009937	
-0.0037743781235243527	0.06636695782875231	0.07226004436941647	0.09309888859117689	0.050240984512505464	
-0.07565909397198128	-0.0644003250855664	0.014081425431807222	0.042669878407966454	0.02993237385903031	
0.010253901076971671	0.03407450979656463	0.05245616284867065	0.003979181015499853	0.04003404954546113	
-0.12869935275192898	0.1700927067732452	-0.2896822314898295	-0.20345679724932425	-0.4034181828209614	
-0.2651733240006669	0.19035036629021634	-0.34488075415410874	-0.28745875061773035	-0.6600441877826857	
0.09035113851228327	-0.04393597066022571	0.039321771435782804	0.034896287526594356	0.05343037777716073	
-0.03077588363339925	-0.07595898291617326	0.0540341778100316	0.06928929077117606	0.055864060951880644	
-0.1280330142374335	0.09636007447056584	-0.3441158041127302	-0.14388476130535888	-0.36936531519873017	
-0.19354279969220017	0.2309733066914579	-0.28819833380271886	-0.15980895095863384	-0.6119769238848662	
0.04140246361219889	0.026922264129544675	0.04913915679451799	0.12031369199770124	0.147532803219606	
-0.13386521115852387	0.20038063828770772	-0.2584701637215981	-0.1600852421134298	-0.34908852157535125	
0.11283784903392004	-0.19700997982222423	0.21652918071322516	0.14700178341623904	0.20994074082940606	
-0.1208087088464973	-0.0955825905081033	-0.09800592487290136	0.06358258551926116	-0.06160072840241273	
0.1694912539679169	-0.04171351495744954	0.1553993265765336	0.10936064121052526	0.25873445628547553	
0.06889057355752644	-0.029295172956414376	0.123452350075171	0.013657129901709785	0.12166388750721822	
-0.023904053551894726	-0.15923206844753549	-0.039886852237123856	-0.052942664202471186	0.021621424606545838	
-0.05311220159581851	0.15792911380056937	-0.04875968592062	-0.07833537670428312	-0.11335397706746081	
-0.05861230968678503	-0.0068400385531227955	-0.12126570698861362	-0.018851831338413276	-0.11439291994939188	
0.05172422671189304	-0.0727600245470821	0.2056351553909659	0.21089122460876072	0.3510053760220253	
0.062585940944185	0.04613292565790403	-0.008226811512087378	-0.04860609454914338	0.0013711601856651239	
-0.06859418546351238	0.20368053291903163	-0.14004990441681714	-0.05643797783485766	-0.3326851543668531	
-0.044814283915361575	0.1396424853407462	-0.04087920616220808	-0.01434200949816932	-0.3171658712170897	
-0.11391628324033018	0.04573671802999518	-0.14694969529141944	-0.08762627125586159	-0.2540040609979405	
-0.08639411568884112	-0.023675359831362115	-0.17902170951427024	-0.11442946287927376	-0.12141186289393335	
0.05462083746159547	0.03197158194443665	0.020529020478692175	-0.0539472970071802	0.021619769418097033	
0.021224086035485007	0.1286189971238496	-0.042142555321851224	-0.017211927759365527	-0.2731182510490205	
0.06600132873031768	0.11894294167078026	0.08336634333231877	0.0385513175381677	-0.07492489544480274	
-0.16494721098549195	0.026925619900784688	-0.17004439806223914	0.05090828469040159	-0.17596848415979913	
-0.012190772729192993	0.17157711723951147	-0.09013957667419614	-0.04103122265976597	-0.3239423874276355	
0.012220890729234261	-0.008222094374906213	-0.030015708020658446	0.02181202536890386	-0.1638130270297228	
0.22064074309568266	-0.011017160391518314	0.15646298773490253	0.024726269002827757	0.106137123159473	
-0.027371375640984474	0.10690485704589302	-0.10494594849284719	-0.08189238108952067	-0.15081905633083298	
-0.04536513095813894	0.041475646158123665	-0.11734417663592726	-0.09229282488987464	-0.011507302269186127	
0.1268597490521649	-0.12174145653469554	0.18520737226895193	0.06700346622703815	0.08811126581770903	
-0.03737612591643087	0.06932205725156944	-0.05421420676773447	-0.009175886530979598	-0.05857551181002329	
-0.10242802520442179	-0.028268228781563046	0.06271787135628626	0.07421957382032184	-0.08127317872579543	
0.09543436211747572	0.06997898225644635	0.13526528760971848	0.10376825678472974	-0.1375955582537996	
0.04085105838158675	-0.007703935706804598	0.023421475448147506	0.0741026568771885	0.03795937828601112	
0.06402595223409346	0.028481376743322934	-0.05136442384516463	-0.043328575860427175	0.0823198288488104	
0.09574772151958251	-0.024740396514020865	0.16245221887411726	0.1255244875927348	0.20792705647229634	
0.014250095376514808	-0.11019586152049078	0.12741404067929538	0.03388403561065452	0.1782173027237176	
-0.03626352143152432	0.09139507486975426	-0.05471989412925871	0.016692374153346567	-0.024595277246815872	
-0.04502938869531951	-0.0918080738891942	-0.11112171609010381	0.04478828192880824	-0.27236324810996326	
0.08508594184874851	-0.014676088195047678	0.2101031506640828	0.12464730530064057	0.10695139671755989	
0.04281644574500492	-0.013266570227704387	0.17286637237666597	-0.021132859612749758	0.04038947933170099	
-0.038122531119629446	0.021712260342865036	-0.011466089395085954	-0.05136034099988732	-0.00024060745211529103	
-0.12036328076913318	0.09382126538875582	-0.10538672000890945	-0.09109429765911317	-0.06521894587163328	
0.06163522249095429	-0.04362043325706006	0.016363204070662836	-0.002836454558555335	0.08640517642141282	
0.07575345092378516	0.053670156601722134	-0.12432891427810576	0.0493784858938601	-0.016073147456303657	
0.16041770729867458	-0.12036086562242797	0.019210324899755552	-0.053778413507504896	0.05662117686976624	
-0.07198117987577811	0.06344728514198338	0.013712458409750203	0.026626460665923706	-0.06334120124878324	
0.0025923113503366606	0.07094512809295866	-0.008155094323064795	0.07944500452582674	0.024693937428833013	
-0.08589801807217108	-0.06707290528390968	-0.1153924684408212	-0.07777379464693195	-0.16860084229112696	
-0.1001702410575576	-0.03233927635778913	-0.024806658886865496	-0.05081536390650923	-0.12929696411774466	
0.05514630588065237	-0.05453488573818213	0.053923132401133854	0.02831823787253635	0.13995604305171572	
0.08318640179662326	-0.04440533398927134	0.006464781281160588	0.12638066614194113	0.17366766551696283	
0.11330241719390996	-0.17442401764981907	0.08071382422756783	-0.07293328408835685	0.21963896955114345	
-0.022720559870825347	0.13689450343508727	-0.027931726448458365	-0.10890039100912882	-0.26053930677310905	
-0.0532702216249456	-0.0009254686710658838	0.1065292325679271	0.12455274262418126	0.03227918262042604	
0.07329858416370798	0.060058145806794166	-0.007385753623484304	-0.049379416875207756	-0.09360322703452423	
-0.09495777037510737	0.07290127461029969	-0.1007176257413629	-0.047482390853762386	-0.018681744116069307	
-0.08565144639106065	0.11580009912732189	-0.09963080797684287	-0.018046662584009877	-0.15006606648984047	
-0.050098696700593616	0.09553541522887014	-0.1532672528396992	-0.06816540684708888	-0.17565845217289677	
-0.110467560852435	0.09942688584679663	0.023519070903356244	-0.10623946288778842	-0.13968885742492407	
0.009670015642547792	0.0780210405129936	0.06988929295964656	0.0778448374329033	0.10164342785259387	
0.00667644216243165	-0.039106210675342506	-0.15073986956427024	0.00739897812423647	-0.11678104700191373	
-0.024203681291725333	0.09606388538321213	-0.06513001802074951	-0.08156186934889326	-0.10593580396304986	
0.02426385865010506	0.12228467804462802	0.018555874213500842	0.07758967006840917	-0.13112425326204472	
-0.01713900114309933	-0.10011565030444786	0.062318530294567735	-0.005399199107828417	0.20715859601978673	
-0.0412223960640487	0.03859113189464178	-0.09884076236231289	0.025265020764915203	-0.2207995852594683	
-0.015550254773860095	0.0020119211565566494	-0.11784042702545036	-0.0772723748093014	-0.1386072544691267	
-0.01480467276049115	0.03014467282571292	-0.07454126306240895	-0.00946680123787742	-0.007577175098231846	
0.0940316370925747	0.0387831625138624	0.15809318546848278	0.1247254634200617	0.15728545862211743	
-0.026819170617743332	-0.18616817565285976	-0.0007964189268383665	0.02532810151744987	0.11541888708766025	
0.14771817465744133	-0.13702459522455074	0.16227008369298	0.0660196387306117	0.17234362778395373	
0.11113216401111518	-0.06124366071165717	0.11558563630316511	-0.02167792880170616	0.07952874546472764	
0.024413473092581104	-0.05054946137661373	0.03772227623333156	0.022304694694245834	-0.015663210308876088	
-0.09353056396374063	0.10265359739617355	-0.07303717322489242	0.10511767107105878	-0.0413471656533796	
0.018241095825900052	-0.03650970731509187	0.0758444920478663	0.02546286804982294	0.09042454774564038	
0.05900760118227528	-0.12314813293317824	0.17195474172630698	0.112820625851736	0.06395866027656381	
-0.0450989508114642	-0.04734375925536635	0.07907876532285804	-0.06876969755009443	0.17510472544751823	
-0.1242016563969832	0.07039627602879076	-0.15311292007613753	-0.06599440565312147	-0.43356213991210063	
-0.037983361161178224	0.07203160678532254	0.03964267877474021	0.011061087490037988	-0.0875546751491119	
-0.017009284357263278	-0.025209716876497118	-0.0030231667341072987	0.030815576319832838	-0.19754722181392448	
-0.04540787208723416	0.05806123083521664	-0.08462770236249088	-0.10323170242275422	-0.24940260841259748	
-0.056273045251136286	-0.0010418601868054905	-0.09639065472487471	-0.06260006716776174	-0.029274977233567694	
-0.023873142447910913	-0.0914712161229768	0.0919615143776975	-0.02497692998295696	0.09678635572119029	
-0.03189041280465737	-0.044851276867100165	-0.00734552358396751	-0.0613235033536764	0.014639917262318957	
0.004973941873147661	0.1769884376323506	-0.06319585125953774	-0.0506715589549232	-0.11536317071331063	
0.1446852288929601	-0.009870057017493397	0.09021167497640183	0.013272698082334007	0.10887994103399752	
-0.0535626550750059	0.1283405336996223	-0.0018499688253125817	-0.024061178736975823	-0.2595286601613131	
0.05943944488728509	-0.06413996202845215	-0.106649314086275	-0.017735953318969818	-0.2855046898711508	
-0.1423747748750099	0.05513694126548897	-0.13597262976475225	-0.009068703381511722	0.032883403780236915	
-0.02850819866909287	0.011881182740783347	0.08437750276623955	0.05611804130227342	-0.02133952805913984	
-0.0733174036586851	0.09572711589966798	0.04693505399918139	-0.016767538198109444	-0.13986302931124883	
-0.041328441060877144	0.07822041996500823	0.00314970773146639	0.029548454272407296	-0.07374706119729113	
-0.05896275111760998	0.02195090424128922	-0.0020623203118921786	0.0335104243149054	-0.09624580164036649	
-0.11565162515456512	-0.02910118250548691	-0.16592067284877518	-0.04987964439910989	-0.06545644622438639	
0.011350964788511669	-0.1580880846826285	0.08237682988174988	-0.06954753642771828	0.22360218533754225	
0.06624375168488443	-0.09086563287563848	0.10387071844243252	0.15937358507236296	0.19153357908361374	
-0.010450483547537241	0.06732152187656101	-0.12916084673222994	-0.01742809037611168	-0.10815833343952676	
-0.0819532661556842	0.13790997768196528	-0.2891989461643484	-0.02480957683257042	-0.36404295710514967	
0.11949974102403821	-0.033687362092812395	0.04714592100748448	0.10497500049667575	0.08273964393841689	
0.027554075767813328	0.04325614163822615	-0.15605752224045194	0.04493742299843475	-0.10316730821234767	
-0.07092840070514021	0.09785373029376829	-0.09295075213303314	-0.027603333848435052	-0.2502702403245128	
0.003683835668530194	0.1273009609111742	-0.07768532183059529	-0.039223896519329976	-0.07833594502069438	
-0.1679869711429058	0.10003310065184713	-0.05472618953951244	-0.10540529115044493	-0.26391473292156264	
-0.11872171979808528	0.02039093946952537	-0.019394150111215782	-0.05523435681462538	-0.09346194351589403	
-0.12022057796039184	0.0002403728206149532	-0.010622063335825828	-0.027835878300529575	-0.18541151375920129	
-0.007550864848315677	0.08936146473049915	-0.0036990728755751635	-0.02202309609080622	-0.01775625906842853	
-0.03772979522109304	0.050904891410420205	-0.05923403290591104	0.04092352314733693	0.020608500404445156	
0.1691517772460019	-0.08340158548497789	0.20325364580570796	0.16329613162330403	0.21276965555036034	
-0.005351725828827661	0.07384645265733046	0.029574836656969045	0.08173534752738978	-0.007932307339597853	
0.024151376595672323	0.052434276041417226	-0.04135044140749797	0.049436249241929305	0.1770637862324654	
-0.06608780754805497	0.04777278395182956	-0.03937402035515032	-0.07800645051224159	-0.21077996533455148	
-0.053762421074650395	0.1349426061426173	-0.06547505078720368	0.04392838675588047	-0.2701011174100734	
0.16523545154853833	-0.17752883280987886	0.04238066034211567	0.14105318705988298	0.02357552366019708	
0.11852233122406512	0.029649544935123645	0.05773207486583031	-0.01239682384543629	0.17671068646988894	
-0.03737745306120228	-0.03876469055955057	0.0301549896996857	0.060342827833158884	-0.14903672376591467	
0.059403628494139125	0.008682579779346049	0.02223505324271441	-0.013053491520506996	-0.0452808953637575	
-0.09707168650831623	0.13597899921416587	-0.08921156959317784	-0.09837910684775587	-0.15245833517931898	
-0.1837815629259842	0.11537297286690137	-0.13814171074384687	-0.0355423525609856	-0.2686919556172367	
-0.06954727925158588	0.15452476773818538	-0.13400195967359085	-0.08067078205822406	-0.26181188308205694	
-0.033263919639472485	-0.018584631529634302	-0.022787403419563052	0.024373012977271374	0.01946137893932966	
0.15675831637263746	0.012995203479985867	0.2151130004050392	0.23667247459661314	0.4459447822123507	
0.0045778237617533175	-0.05427004600966389	0.09833052093903479	-0.044206757156113594	0.2316994233584589	
-0.043788076770143236	-0.0019935334473731954	-0.08716694540984521	-0.010877552340918544	-0.17045196587537675	
0.12069897523189894	-0.07444491527301793	0.10354725801654978	0.04777813603419619	0.20926722056317273	
-0.10659072348705519	0.12488450553528326	-0.2342416353615103	-0.04657202647041294	-0.43764625011273117	
0.20549888395381322	-0.1216003785058036	0.1367678402506595	0.13417940701689368	0.04679385110004524	
0.03004920348267587	-0.14417411805490946	0.25067286419951434	0.07073002452380324	0.3079512909690009	
-0.002803998658339658	-0.0825278047861018	-0.01685781186696564	0.10293958734971753	0.09057520290462213	
0.03473414717066647	-0.12392558127751437	0.10167306895838334	-0.026262642154966976	-0.0875639872924844	
0.09676379274325594	-0.1184093334119618	0.045488308214742264	0.128004780675783	0.234389712936449	
0.05071980471618642	0.03032621906317692	-0.06581984019339118	-0.034527660773929776	-0.07987224943497674	
0.08120588994778485	-0.05970552678526016	-0.022216406160313715	0.01082095685649471	-0.061082019089882374	
0.09381203279586506	-0.17326255667607635	0.14026733031535507	0.2049517591718373	0.3271649331918911	
-0.1400056159983232	0.08239403050521417	-0.1966082519300116	-0.11870873968317593	-0.10836749899021313	
-0.0684760099757522	0.19473361276799023	-0.18040284405994214	-0.18064712071392403	-0.2832805783919633	
0.31151908343532997	-0.09146604207582595	0.28488373656521576	0.09142779311725882	0.392352757105581	
0.012494023754704767	0.0003966369812731895	-0.01015726046080645	0.014420607366731498	0.1909315722801993	
0.0960389782259219	-0.0372885368949508	0.13755672006059988	-0.0538005483948298	0.22362908735395978	
-0.03622485080232909	-0.11687315835007535	0.0393484078343004	-0.03216974964434732	0.10343339936080208	
-0.12723558896123827	0.024474055902762127	-0.15909417388430763	0.02710362916234018	-0.1285266475005867	
-0.044265975471879	-0.027689178298848694	0.010285392682042465	-0.05109177456613265	-0.005010112893711314	
0.04030754982548729	-0.034231821776721155	-0.06693553515459667	0.07183694125029359	0.001207625722278666	
0.029403318950977503	-0.10992764344552054	0.08147447324215686	0.05830192154191247	0.2830392068158733	
-0.3060767812919339	0.2721458649364736	-0.32663354136424755	-0.15010446054235377	-0.5264013879962159	
-0.03969683436003822	0.09425877699758506	-0.05124319632317511	0.07677447522959024	0.14600074089735637	
-0.9114146539795962	1.439795728703627	-1.3331818178929162	-0.6450166361320955	-2.5764974501308346	
0.8480642395593472	
