TESTRUNID EPOCH: 99 L_PCC: 0.7764498066794613 L_ERR: 0.007208917193840117 T_PCC: 0.6306375630053233 T_ERR: 0.01244200551079766
180 LAYER: 1
5 LAYER: 2
1 LAYER: 3
99 :ILEARN
-0.07161363433342874	0.08423732872006177	-0.23750201839812835	-0.15722165882927155	-0.24632012511489645	
-0.09429298926615534	-0.054358097677390076	-0.07223552931732098	-0.05253007225882562	-0.03426686734456743	
-0.02418665650234936	0.040766139559722026	-0.07979572894730531	0.057533900790865615	-0.12156758522919421	
0.040573013165346485	-0.0231824192273504	0.028892513869353407	-0.05978765262817829	-0.04184854175081091	
0.04625197565358327	0.10173549058942664	-0.07693673365552435	0.003457874194435441	0.019254107242282322	
0.06876734738525876	-0.07709440223664682	-0.12107944831065595	-0.08942945700425886	0.04221782916298312	
-0.08532067827322772	-0.01305861297461402	0.07610334588851396	-0.0070689711645461305	0.018970375009719116	
-0.049537583328957864	0.04439484897475827	0.03621525898185819	-0.12162014729616122	0.009470314579699768	
0.10286220779867174	0.04527432541681604	-0.03704522182360987	0.06552976571796071	-0.06964786287766014	
-0.006652190501665359	0.07820731480291081	-0.03518576473071429	-0.03948843492088373	-0.07221906233268631	
-0.08745125269235698	0.028944675235660976	-0.04198098353187269	-0.03465083329726201	0.013110635610961813	
-0.10203466642209583	0.02238434695708537	-0.10594505925647174	-0.010735889405153833	0.0010574194531798463	
-0.07988912766240225	-0.0174097463842532	0.032962092901763655	-0.022295746122477395	-0.09998483698187413	
0.04226033007316899	0.009231482988002235	0.08223202737002497	0.15706725889046458	0.11084882329014942	
0.08032546062061612	-0.07480074867345769	-0.06875804160067904	0.06319787079552858	-0.01887076631554442	
-0.0965330543818876	0.1045450220553121	-0.10230682846833786	-0.011502526211219288	-0.047660870549176663	
0.06393572631799375	0.03187970530122512	0.02004004287154641	-0.05739834715871293	-0.0864323746905965	
0.10102911878592115	-0.0293265594991132	0.13687965059403953	0.07356088188673669	0.07932274059247174	
-0.051006119804777775	0.07259439110707436	0.04766570686815885	0.06769883506098763	0.05437476604573695	
-0.06069976342802455	0.08565205433066483	-0.00820528256814718	-0.12103125070738333	-0.009915737550880934	
-0.030104117863947264	0.0019731602545675297	0.08681100824840467	-0.020385865345866845	0.09365853459241137	
-0.010751142956537646	-0.07716690413298367	-0.0024468374369811877	-0.033540792775208265	-0.006003722725204547	
-0.07792351269751124	-0.06838190647296821	0.061459407624904885	0.020061633218815902	-0.11397105893896164	
-0.0073359566212377126	0.08267991183658803	-0.05263395899557832	-0.06892344647543852	-0.23730944430554946	
-0.07346109529668673	-0.10872559678347321	-0.046059011349659	-0.010486588990610021	0.1280677958218568	
-0.04052316936046031	0.03851416636976445	-0.04565030405303615	-0.16855573915093122	-0.17840274770008496	
-0.11424942797717112	0.17487267355893463	-0.30729440837914157	-0.3570032950741932	-0.31865007741733964	
-0.02987239635839688	0.04322445977351803	0.0359154710766704	0.12092899595125899	0.11824554808719392	
-0.003651535243478404	-0.0662977092768894	-0.12099466153476789	-0.10217519742423002	-0.12950058826614552	
-0.026787575491719992	-0.08542520128624069	0.15719219332734785	0.10401515872218911	0.03630095668401139	
-0.06162015011550783	0.07933939946929251	0.061840748783392255	-0.02093408786008565	0.005529829086911625	
0.006868961427453452	-0.036818266291101166	-0.08581850405181625	0.010876837189662984	-0.05147787093917367	
-0.031074962806778107	-0.012902281405455155	0.06794519846266613	0.10048017765937951	-0.017557384908984616	
-0.07407788236216124	-0.09895766427201555	0.040776223412991176	0.055855449905564465	0.05979558498058077	
-0.026230573479607736	0.08951514832073464	0.04119575379231531	-0.002676567547154414	0.038175674667219904	
0.054290668456925484	0.027944608433192762	-0.03219421861061947	-0.07285825810787454	-0.005825995573686983	
0.037933457250697786	-0.0667045528559445	0.07913065971122857	-0.060910910455362566	-0.010012859614022658	
0.07824368550070437	-0.07200744717985098	0.06418289640251229	0.03317885843650731	0.12019214732000981	
-0.024083347003731517	-0.10111950060321448	0.09886404179254703	0.09577063858939902	0.1376463774993634	
0.12230307733052775	-0.11773380213047285	0.023915807883674818	0.0853354339570896	0.1797616943173879	
0.07368607877976467	0.02051723167148561	0.039235461057888055	-0.006724634622964762	-0.06473320154341036	
-0.001641563594249502	0.01868822668838308	0.008856739279906971	0.08481076137489905	0.08384693370850566	
-0.05186997777011792	0.11087683642866991	-0.11782688846798145	-0.1129222460285223	-0.13211895651236596	
-0.015433759007143107	-0.08801989768575691	0.058105015443617306	0.04229589285254924	-0.13271972341546356	
-0.06919414147044518	-0.03227257982913663	-0.08962328523010696	0.04897110605332329	-0.05060013975775468	
0.08266884591660376	0.018185356045675106	0.06288026505954634	0.0592651340576336	0.06806679025138525	
-0.011348197479468277	0.009415231577024442	0.05277690830745597	-0.04728137114613553	-0.006966062753970093	
0.0018332154666291917	-0.08765848547861835	-0.025833424078978165	-0.04652146997736258	0.01231021358788486	
-0.03613760485330167	0.07648001919208554	0.022426385440785353	-0.05514253616890075	0.06740427406643791	
0.026986447387979985	-0.09091637623242725	-0.01412130137387818	0.03288366485488373	0.07548574672655578	
-0.07911763628427101	0.08216463761856396	0.017141305302754636	0.1254444476897922	0.06379148723106896	
0.06384295239716284	0.015310857966264973	0.0182675155751714	-0.048530376523741925	0.011204967726062033	
0.05890741314958124	0.0662289769181826	0.06833145450397779	0.051480431814388966	0.08847677445229121	
0.003483172296097313	0.009954606755860653	0.07656094403664984	0.046107002624495456	0.07879668271184635	
-0.026692170940036373	-0.03422105919668576	0.0015594187403966833	-0.03226817434675977	0.06885562876147198	
0.01563125742005716	-0.04922050359108997	-0.06092270455007535	-0.06642954012098296	0.01119682287942203	
0.06062381743387666	0.08959578535313707	-0.004939274143887909	-0.07620385916159679	-0.09105513450860052	
0.08918378390950345	-0.007520382286917219	0.0950343976100856	0.04244461178498096	0.08444389278439426	
0.023725292657977473	0.041538048490739436	0.057952779836881664	0.029198456711433958	0.01778821815123511	
-0.09041058534685971	-0.020913146198864977	-0.10440929378535732	0.07572516014497242	-0.09573794742319287	
0.043825131478104275	0.08651968621584945	-0.01358329184151467	-0.02656137220354396	-0.1168536463197637	
0.0016546480663110247	-0.036909112182271865	-0.0455753636389138	0.02643898069807331	-0.029998464240294176	
0.08920187684143477	0.07759964667745396	-0.04833593472244076	-0.07802598620124444	-0.06315760259223087	
0.014303135153934582	0.03673867648856066	-0.03937274421567387	-0.036949125568651875	0.08599230418123713	
-0.019421394898895952	0.02309168427421089	-0.06464704316257416	-0.08759727502842168	-0.0072034216745414095	
0.007717314180135385	-0.07661881194598444	0.044241388654696547	0.023302724745875705	0.05088955425986103	
-0.0644665375004543	0.04542402646230462	-0.049914223505744024	0.007945579092296507	0.06094092287004544	
-0.10224073781573588	-0.03202133487422651	0.04615230772754804	0.044929042111405824	-0.026913252508205456	
0.0769302175292972	0.08690401446210032	0.06336135287096673	0.06834653058989806	-0.08732449969178432	
0.03317257567004196	0.03771296081661483	0.03656444174852654	0.07447053524118054	-0.06938601038970342	
0.0539838587615153	0.04623633644275293	-0.03372691086716649	-0.03669106683559805	0.0414213722862495	
-0.020566114755046327	0.0527589927638569	0.0028295808636816105	0.06787954926139186	0.11120951746850254	
-0.0403834161068972	-0.07135376425193996	0.08785996585808939	0.014944126126339599	0.1044252613928506	
0.01481310973974953	0.10516028126165514	-0.016209740686066596	-0.014872889287287057	-0.10844600792919318	
-0.017667839937775	-0.10403871916964354	-0.04691491800697527	0.0641565390538529	-0.06760719135526247	
-0.027740289453125056	0.07279790785499834	0.02553463576797142	0.027645851382021715	-0.07480790747209953	
-0.009901769302862443	0.014528505478530294	0.09943637281628395	-0.05736470820917294	-0.04567041526433876	
-0.0674369666231283	0.06084962618650851	-0.056508853582113376	-0.12969539079141632	-0.06865300224504156	
-0.06370814255040763	0.0625678199041674	-0.057269764579556376	-0.10787038411624378	-0.004933550759068057	
0.0709067036641887	-0.02665001698776365	0.0607246557724772	0.014519828075485214	0.03133354480322378	
0.09836979261339164	0.05525559078212396	-0.08616915403629806	0.049944606311879726	0.002197721170133075	
0.08287045181355754	-0.054659750649466536	-0.0630587652681437	-0.09620941747429408	-0.04198109319804566	
-0.04521434087753449	0.005137966568290343	0.13703043311876134	0.1071815773091519	0.14475842928433708	
0.002154247444689779	0.04536402505252845	0.06385559325067026	0.13088249221073883	0.11843285989903579	
-0.0680039660745258	-0.08840609447347875	-0.10394615375717527	-0.09025956550589381	-0.015535075101174509	
-0.07442727136754462	-0.09786496276977556	0.060652566855225	-0.013625801985892484	0.056855880908862455	
0.0014384384105294975	-0.019139984528177466	0.0203005020193146	0.016053433174253597	0.08694243204307599	
-0.00785892753513689	0.07160044177439968	-0.06862346117488984	0.0756141645693489	-0.050177556933149146	
0.0347237954913808	-0.1064386872000583	0.03046433182001271	-0.07904241349507672	0.11213853042085897	
0.08144427018084087	0.05916027199060234	0.06679475135832327	-0.08317928411722475	-0.07906350911928074	
-0.0852685243172194	0.038774672497339804	0.01298450866329274	0.04029078021616263	-0.029139956223884076	
0.049457469553571984	0.07742291531952902	-0.0142852840982225	-0.04433269583606525	-0.06352772552194369	
-0.08863606444778974	0.07069480620964809	-0.1093093420695656	-0.07975879121671194	0.023705233656151615	
-0.055990033842790006	0.10927877671995412	-0.09687283510321724	-0.035940480452104594	-0.10053771477195433	
0.09388080926281538	-0.03660941259420216	0.006940373281519168	0.020096240202786133	0.10850549156942046	
-0.08337320734672046	0.03494633434352966	0.09572904535983097	-0.07656220334330743	0.024603024033125982	
-0.031187636433545367	0.06841676070461081	0.01259035798832417	0.041172056657877966	-0.0061839603184389675	
-0.002245865825099084	-0.02121674414103548	-0.12691688505311027	-0.01956210980476133	-0.09298607145807525	
0.0037773703823194824	0.08452327262735736	-0.012342321667834446	-0.049920037536346974	-0.031295065723511185	
0.08858692523600646	0.08569469043462632	0.05847732152134566	0.07748832555460865	-0.05961408600087604	
-0.06737124641271658	-0.06474040688144825	0.0008743977638158492	-0.03406323717463966	0.06543266927789285	
-0.024670653561863473	0.06601360416472937	-0.08454372519322714	0.023886584355272553	-0.07638693965976867	
-0.007253499410240504	-0.017514858679800252	-0.14393559288663524	-0.10121102192458378	-0.0422404724288638	
-0.03858155827281627	0.02623093447276757	-0.15806776064321562	-0.06545284233112574	-0.021855599603918925	
0.07054971211580863	0.01274421317953022	0.10863323320140995	0.09110275203157499	0.03294886773506597	
-0.11797456756910135	-0.0662669530144372	-0.15072699043757978	-0.059926938805685136	-0.09762392294541349	
0.061048877922519375	-0.04617420814905159	0.010131743032609903	-0.01680250380844267	-0.028987841637283695	
0.01998911975922498	0.034779363016248274	-0.02556398640241427	-0.11372347364260824	-0.0630013967652838	
-0.018850609586078194	0.05629915128833171	-0.057863269725757165	-0.04944523752798332	-0.1372521726792856	
-0.06383081745130201	0.03026329754009627	0.0507777985076444	0.16607201656752069	0.04904602405916646	
-0.019672888982154867	-0.0031369496177272153	0.0770882250761056	0.013880629004263725	-0.042534896574488286	
-0.040684525803773554	0.000873231783183692	0.02667328689075214	0.04833803715225376	-0.08055673464716531	
-0.08411152992696476	-0.0030727056393341566	0.08642973178724324	-0.07731084600072968	0.06604926164337634	
0.0394525611062212	-0.01004973934954683	0.07188994844675096	0.02167267388910614	-0.11256330897430514	
0.012291810380803516	0.061591627488839534	0.0998696115349449	0.05957597621989045	0.07412016223678446	
0.008271143421769921	-0.0411683605901819	-0.008657012949493437	0.018004225067525113	-0.059685635144158956	
0.06802738126436034	-0.058678714532362765	0.039956496542303134	-0.04940500884875264	0.040498308840887044	
-0.015876933051172885	0.061790815530276544	-0.04632525219139918	-0.06881756672392741	0.03171640981584068	
-0.03485683287285969	0.045676380519798096	0.04652160057202343	-0.05566514093844772	-0.0627307853398263	
-0.02482421212086775	-0.09416080339681712	0.07011371474870408	-0.019153987485213228	0.038575705194714115	
0.04908444977595302	0.0512456633415495	-0.04899902670508149	-0.02710839796315051	-0.02239802721486167	
0.08823026887755636	0.037697883026760255	0.020581554260994464	-0.03318735642531414	0.07691839430796968	
0.012863673622649775	0.0692073276303412	0.1041124477163458	0.041009258297532214	0.00501419266974704	
0.104070203366429	-0.0729387379791892	-0.04486348757270574	-0.004622659905511896	-0.0038398365151051054	
-0.07578908980784634	0.04785440203945751	-0.07808708094326254	0.01647753617366628	0.028459705154689326	
-0.05097991153688816	0.015214893304091662	0.06344117532459054	0.0373685622784098	0.03519563036293997	
-0.03434877894409604	0.04176197852212983	0.10061881700740798	-0.007090174191457547	0.06837734261252097	
-0.08048496355674711	0.061382296107816404	-0.04970635085728547	-0.01295781205199865	-0.028992270964004994	
-0.08079675161361023	0.07701940012226464	-0.022567776838438896	0.007924644703485008	0.0065653869169912055	
-0.07476667533984106	-0.05914021625670582	-0.08480194024160953	0.0021478644042007776	-0.05081646162042365	
-0.041266040751722424	-0.07116327006034584	0.024898511322709458	-0.10166747868108354	0.05772403088286436	
-0.05419252359358079	0.007136152451566207	-0.06803750644047384	0.0738704693314633	-0.036361951826822135	
0.001976116641092268	0.04940782520714614	-0.0789163962693458	0.00463572368591979	-0.06655981879520913	
0.030287798508285748	0.05489493643602603	-0.11860634937053136	0.03203462519993581	-0.158239646457033	
0.08394761107416367	0.0035644420646433403	0.006968084716054504	0.07236335515721051	0.07129891095681619	
0.10859494545849749	-0.05083003782933178	-0.06729522947796461	0.10860835528200706	0.10583335233953524	
0.05174517852746416	0.0007154224238909094	0.07067394658784176	0.07469664464757686	0.0038534327172371347	
0.04481555438552098	0.05238147043432997	-0.0048894233816359385	-0.040788099235695506	0.0061331187322511155	
-0.11487280248773074	0.06108531452716555	0.04129396349153772	-0.08130184042208162	-0.11644477374497343	
-0.05507761376334586	-0.04112427266594139	0.08406886971678766	0.01410368774253714	-0.03854632127350314	
-0.05783821597945164	-0.05043280166807322	0.0565501960597069	-0.0069666401270823295	0.02731261326799465	
-0.008065931810202426	0.06286057547691125	-0.017516760605637782	-0.03355202495113185	0.024016552260871692	
-0.044644083482746726	-0.014227880041513897	-0.01545804011173801	0.04048564159486648	0.09171346509360077	
-0.016770794934370975	0.05930619150117911	-0.031134922292280248	0.011154934788140822	-0.113217684356615	
-0.008057377604076793	0.0772325679460311	0.03198399134936709	0.06232486329018017	0.01256480723285659	
-0.0006520885853764995	0.06833738026145816	-0.09852025601697786	0.004375884231127631	0.06797066899020521	
-0.0001672966676477808	-0.05950236038199716	0.05097970155858244	-0.06468800244849307	0.009387231697084442	
0.010529979992878786	0.08768697191586049	0.017206925854960406	0.0590000107013338	-0.1166960268168046	
0.09877219531507903	-0.0868135872715196	-0.04442341855827455	0.08081924863386716	-0.1150524700395514	
0.07282932098065499	0.06674260610477001	0.02211037219791721	-0.019219282732205505	0.1108929264768288	
-0.014275355744762902	-0.06785686297161055	0.06480008987454441	0.06178906174455092	-0.012910408741670211	
0.07973714851083016	-0.021466254208048534	0.04604528168033485	-0.01323558310149814	0.0029461113286048655	
-0.05759965108204659	0.09030828935942313	-0.029621567035416494	-0.07054198012996413	-0.047552071435936434	
-0.10627715519810972	0.04609350462895541	-0.009697377051892832	0.040699663569901026	-0.018533068362906874	
0.06861723957871996	0.0317934813070434	0.07167329762495538	-0.003820199956767797	0.04326899283570313	
-0.05680335958028459	-0.040381221492476645	-0.05394003729033347	-0.009574247524787796	-0.04543307216941995	
-0.014266096690380868	0.09210296991622507	-0.024758575297120607	0.10581355280964679	0.03930398703147236	
-0.028140239236990102	0.0708444318861691	0.007501058118170561	-0.06299644658089401	0.03830428703693389	
-0.017256289803666416	-0.0285404703835368	-0.04395027026051032	0.03201816808018883	-0.05722086891035099	
0.07106819391967924	-0.04665585204647197	0.04778218967757121	0.032090277920393505	0.12476495617715795	
0.047985146311195916	-0.045832631208918964	-0.05873066069497174	0.018200977276580772	-0.0939530897240422	
0.09286373283131745	-0.0518532450263025	0.04114185034353917	0.0515457105609384	-0.03744561045080854	
-0.1008534324506902	-0.01796125948262248	0.07524601273346648	-0.04133979858372351	0.038501515409918315	
-0.05718613845706326	-0.04327888457491509	-0.056286586520069175	0.05692091928055163	0.05495757449814509	
0.020901386678706193	-0.04240466169562308	-0.005496120966222292	-0.09059370148816305	-0.06823823365001587	
-0.017602231381021505	-0.03692915189110391	-0.07089793125880846	0.040447804959434376	0.059525239843323294	
0.03183144774359547	0.01940464214263512	-0.046529119175191355	-0.05404399001165576	0.022593111081288385	
0.07348079702173277	-0.06488758772778686	-0.018600942040709927	-0.02385113436259353	-0.017665124315182405	
-0.04431424330004999	-0.04349156527871365	0.009872414606582506	0.11320276754188352	0.11387072867274373	
-0.0485117665754884	0.04360402366255755	-0.15415614545992926	-0.06354236658429727	-0.12733205144751947	
0.06724646774302431	0.038057546614702085	0.015327852021628344	-0.08176464046561746	-0.014415272083803058	
0.09992791253215154	0.0833422929003513	0.03347734338741477	-0.06606558785753387	0.030276660887151478	
0.0058423657333666725	-5.824402495350549e-05	-0.03186375742312749	0.0068959658108031655	0.05335991476058403	
0.08375595940009363	0.005318781681388484	0.16832492227087573	-0.022408709216214493	0.17926224433009744	
-0.09241563861459999	-0.06333932012336667	-0.027632208144567898	-0.08864575369483163	0.00817324802080125	
-0.10736780195839919	-0.03488544746552372	-0.132034011743207	0.005006288455631992	-0.01873135771779514	
-0.049521637110066206	-0.04825123053609975	-0.014560098191339986	-0.08233058344254215	-0.011409428669871916	
0.04260657261231146	-0.014110837239851626	0.00422089576627917	0.10381730727534765	0.07520706662682222	
-0.01926440072949497	-0.021040635446720572	0.06642141049365195	0.061988403381633916	0.18389579363181222	
-0.0721398900548345	0.0840729501235173	-0.10033338713800155	-0.010379792557278797	-0.14528671896432696	
-0.0536805205999449	0.08768406470567008	-0.0860681361866259	0.09478229417267894	0.02352774837991357	
-0.12527015354790025	0.2611480900450959	-0.6164705065346228	-0.5512213943804063	-0.7921600287492466	
0.02546154068124913	
