TESTRUNID EPOCH: 97 L_PCC: 0.8312034762970889 L_ERR: 0.0065105886052797286 T_PCC: 0.4863511107142115 T_ERR: 0.011340638746354222
180 LAYER: 1
5 LAYER: 2
1 LAYER: 3
97 :ILEARN
-0.12747907287862903	0.14283192332841646	-0.31678528071460466	-0.19735298417814892	-0.2993381631350036	
-0.06993384455683817	-0.07425350273072373	-0.017615689779806046	-0.008915019522907883	0.025731934142658914	
-0.02281486140159202	0.04161761138047343	-0.07528818311762182	0.06466531108948982	-0.11636111033673999	
0.05398725202671615	-0.03464357124869391	0.04950833448300852	-0.04441085833076097	-0.030369563114453137	
0.03280166737811673	0.11654467327440027	-0.1016660001985787	-0.005508893151319797	0.005139540196545635	
0.07201395536446924	-0.07843745072197893	-0.11064569408584335	-0.07721271743436285	0.055499639518957075	
-0.07944166127878095	-0.017101903201384237	0.08949450445383171	0.006226453524493422	0.03336628291546986	
-0.08016935519598846	0.07469693885510964	-0.026441107085522424	-0.16119810611884738	-0.05164584943287211	
0.1196877617102488	0.02953128953486188	-0.007494868000635854	0.08753652616055978	-0.04036243529591645	
-0.01173302696654817	0.08148490767058458	-0.048900626792571275	-0.046508233604737076	-0.08250091881597535	
-0.08114331439491188	0.02176274368960191	-0.03672385933726961	-0.02915534989126819	0.0207817154404027	
-0.09663702611277489	0.01939518486630703	-0.08996156696527281	0.005114965174661341	0.02018724395836224	
-0.08017827080695986	-0.01763742447514001	0.031459798167624356	-0.020154139083228384	-0.09642163220643876	
0.07542629023970637	-0.0261205009209864	0.1297857514677598	0.1840042955809443	0.15544779208190934	
0.05676963114736851	-0.0527140579721174	-0.12784296644715376	0.023934288683582616	-0.08265557244442256	
-0.11424693258147631	0.1266635468478158	-0.12515380280661711	-0.01929062884163746	-0.058692196256217584	
0.053385503975041146	0.044621322066844986	0.001603420092513818	-0.06573263612279762	-0.09979034745784017	
0.11744001686147884	-0.04961680846016886	0.15853166389961362	0.08816191844920403	0.09935053423398747	
-0.019919471101374674	0.039542086748396606	0.10013466517840985	0.09951059505352353	0.10324303915651191	
-0.07296443129437555	0.09718414345029998	-0.028734238742294603	-0.1301994191317159	-0.02253586441278222	
-0.028915972589554348	-0.0007101757717814769	0.08558235598161335	-0.02076114738924334	0.09012036983972445	
0.014130791493224546	-0.08920360038684347	0.062087488043893684	0.020483043398922894	0.08102801809533271	
-0.07420051725175304	-0.06896433873669748	0.0715931473373493	0.02931271294404564	-0.10299703777877753	
-0.014159203729854734	0.10394982039874516	-0.04668473135762588	-0.05073743906648536	-0.21405003029875333	
-0.08750754578629091	-0.1042496892596843	-0.09117817025898711	-0.04314449554714761	0.07443490144461504	
-0.04129939830638168	0.05174333669820309	-0.027762198814564768	-0.14539491377685856	-0.14304357423424735	
-0.1406600992861873	0.23281938407860095	-0.3088301863798078	-0.3259929916613442	-0.27196335670951677	
-0.017707972857167083	0.02606090705248783	0.04644567796391461	0.12494912611315229	0.11840445091639018	
-0.014609555080299135	-0.05167286891123963	-0.14325063998465165	-0.11425793028127688	-0.14856260038978858	
-0.02326231747722507	-0.10231920933251565	0.1410809968035196	0.0858004658165924	0.003600372869738147	
-0.0615781865563549	0.07285399548201442	0.048783915926204686	-0.030493066618841207	-0.013222421842690853	
0.02137383351409994	-0.03888252236867834	-0.0380798125017504	0.05432104146534988	0.015990109949667874	
-0.033782713806966666	-0.016524847616672632	0.052461627529871824	0.08808319038967831	-0.039057502286882165	
-0.07978523771651151	-0.09854895310193693	0.0163431353002789	0.03903014016001303	0.032231455854742956	
-0.03286960387602752	0.09413237478116686	0.016481526594151363	-0.02037947310173427	0.005164217022654565	
0.06129554204336897	0.01988612664365598	-0.022705587580292248	-0.06725070826765565	-4.790777270892037e-05	
0.04357910454208018	-0.07514019924803308	0.08360776496521993	-0.05996031089143047	-0.011189287183474768	
0.0849398733221623	-0.08101323717470398	0.06897749479007925	0.03693692975107188	0.12331684124341763	
-0.026592100709937026	-0.10356049306212113	0.08361749564860285	0.08191606749787782	0.11845026039110153	
0.12271485137517973	-0.12784284601412763	0.008065144110539248	0.07042471482275339	0.15351566002109665	
0.07450615775164902	0.021309414035807096	0.04543378573474981	0.00581326622779034	-0.05090062904683398	
0.012431025343455457	0.00598458523403288	0.03169896072436941	0.10512924344069159	0.10961903643342817	
-0.02837077872396028	0.09324184911840755	-0.06153922958225776	-0.062006539967604406	-0.06264257567962636	
0.0028992598706589043	-0.10326310847111841	0.09631065876607772	0.07800052480330048	-0.08614808948428321	
-0.07041533120880399	-0.030244766250907332	-0.09503425458722081	0.05047099198125339	-0.05353753729519444	
0.09343286360005058	0.009166485294488555	0.08343308598861399	0.07763085868781995	0.0931139306091021	
0.0023961218273275504	-0.0031300540811412154	0.07738037232447914	-0.0251276486168702	0.020282354241938444	
0.01489803400677965	-0.09768738620909245	0.0022280239166270694	-0.015854056596178306	0.05040112064376407	
-0.013914930302674336	0.05697679984422929	0.06086696738708489	-0.025546067120330914	0.1085357290291862	
-0.00022876928712502545	-0.06597469656079737	-0.07058785210203879	-0.008224414524287172	0.018088738973319286	
-0.10899349058802367	0.10746128257629872	-0.048626350865941866	0.06796158439145994	-0.01538168038960961	
0.07702908405689883	0.002995596861078611	0.042361013898115966	-0.026360970956864283	0.039644145053358545	
0.039902290539692756	0.08324780458766685	0.027804260213583093	0.01720668274022414	0.042409153230808745	
0.001369635301531607	0.00817737757094966	0.052591912666931126	0.018029035703533328	0.03779266809270882	
-0.016145384248491216	-0.04392676966955907	0.019630132330929154	-0.010920411465698138	0.09397089765087148	
0.03092498126927405	-0.06051675436904534	-0.024909964945097892	-0.032175660293944766	0.056680402935271976	
0.06176747345222568	0.09074280559713524	0.002174663200724635	-0.06525439338629882	-0.07766607439511683	
0.09650166991703207	-0.015188593086452545	0.09451657939041395	0.04094931570785536	0.07995047368854698	
0.039847512946610035	0.02682468309781467	0.07655503724074682	0.0373788740107041	0.03371913930917803	
-0.112729587877118	0.0009103327665158848	-0.1479106431225916	0.047407781078044484	-0.13536997922106836	
0.06077888453041307	0.07368803635265417	0.027106812600195995	0.008495150678166556	-0.07001464361644842	
0.018612018903440594	-0.05080478872430282	-0.021195916015239947	0.04590432984413277	-0.006333271451527359	
0.11812266306776693	0.05291737824153312	-0.0010059568934003957	-0.04287376660582353	-0.0060563028901814055	
0.030330196941230392	0.019636077704377315	-0.017456695268209938	-0.021961304301608208	0.11442543849121947	
-0.014474466930523155	0.018689824280384067	-0.057808313291321266	-0.07850609654211137	0.0012534864733749376	
0.020920650902283948	-0.08883084407370913	0.06305863522268457	0.03631591152321453	0.0685359181801189	
-0.05022539857608031	0.03268621522241455	-0.02933098324487086	0.024208416586653812	0.08402296510932128	
-0.0856658644414153	-0.04482298149184975	0.07450653137422793	0.07199514184024607	0.009996807634984279	
0.09026121800352628	0.07639872601354332	0.08169734457074071	0.08482594011986251	-0.06435886519987076	
0.01877272657573457	0.0475721750153979	0.01067681417728584	0.05403835192046505	-0.10251328839854688	
0.0208406195184159	0.07394275006783799	-0.09044568649359022	-0.08139460695049462	-0.023254037350609946	
0.002441280857190797	0.034122464391969885	0.0385381425809449	0.09406445484138845	0.14483353488668596	
-0.05814924173222062	-0.05637920566239493	0.057958301764313214	-0.008611500790370635	0.06952608250400523	
-0.0058075862053305624	0.12541215693311136	-0.05315811629620657	-0.03581138130521601	-0.14295833054620585	
-0.01277479249339299	-0.10983226485300426	-0.05524713913721973	0.062495117643796366	-0.07989543574909058	
-0.008936648533538961	0.05681621013774541	0.05909559575885594	0.05470973967199946	-0.03659445151434343	
-0.004635387786053541	0.009187133174791263	0.10754239523479327	-0.050931706112533816	-0.03756211802496898	
-0.07468826928391556	0.07273873110552717	-0.07100153371557254	-0.1284737107233945	-0.07416936650739686	
-0.06689635436050709	0.0668992899883755	-0.0644863015136885	-0.10814908311153133	-0.008895403109924807	
0.06381043332334733	-0.023526083895078792	0.04841346998051108	0.0046630282617140485	0.012088593097499113	
0.08035334466057896	0.07328732651539654	-0.12456898117021371	0.013942238278814478	-0.042645277929775446	
0.09485297904616982	-0.06541921212556791	-0.03693273712456243	-0.07755401747479373	-0.01173210307702649	
-0.04616019686233352	-0.0011836293496937202	0.11557861355698693	0.07885709183174709	0.10784429967507818	
0.010569008703559389	0.03357754104723509	0.057491950227135276	0.11599659023622898	0.09574497771131138	
-0.07362064366007676	-0.08320062840788035	-0.12388741565778616	-0.10194886764999403	-0.03516007773721211	
-0.07163206438574955	-0.1013054320350101	0.06402355681757091	-0.01286420085441078	0.057830155851407446	
0.004523186643743728	-0.0232963518403964	0.018403404043932647	0.010619006681203077	0.07843441883412157	
0.0014856060277399566	0.06443129142357185	-0.062427045124188056	0.07356745783605212	-0.04284229983977774	
0.03205108061277527	-0.1056128740796554	0.012090079108951133	-0.09058668915136217	0.09037874924539353	
0.0712609907426062	0.06749915978091825	0.04174256686884598	-0.09330565657105062	-0.10246153559614896	
-0.09259212448647301	0.048261265053228496	0.004166454348034876	0.04885719937027005	-0.026293179412539825	
0.06175746792085148	0.06562785079345675	0.009343711127509462	-0.032430661831254426	-0.041080882407355995	
-0.09829468372758861	0.08019628434659522	-0.12551799058039362	-0.08184451708555152	0.01386828575233294	
-0.06144813416543178	0.11516759415419162	-0.10208264028785612	-0.021615840503978887	-0.09248653488846474	
0.09658159910224284	-0.03316064933976462	-0.00816915186704068	0.010569052475861034	0.08551266718008914	
-0.08298740766127999	0.03485611753145597	0.08832705274562952	-0.08887103078250025	0.011866565409462416	
-0.03347167428832631	0.0705546716158349	0.0031958592186114437	0.033010367701235305	-0.01814167191168114	
-0.007249689240087198	-0.02076630114617015	-0.10704123977529718	0.009373968563136341	-0.05982404101276317	
-0.009213546374793942	0.09380655210635042	-0.041801841433616746	-0.058096020182017254	-0.05729107305326375	
0.07592755421200793	0.09613230883696439	0.02852733182819683	0.06135990833710147	-0.0898256763411791	
-0.08431786747469787	-0.05162442804932804	-0.03292405200328635	-0.06877480109980492	0.0186514226374476	
-0.028861304689641296	0.07042913608960363	-0.09788971709115278	0.018652922050150664	-0.08695229057790292	
-0.003408746639649891	-0.016681714577982686	-0.13321168277833156	-0.08438392778622333	-0.018272415933750147	
-0.037666318660979886	0.03246826358710544	-0.14822382192546085	-0.04392528883178269	0.005748746524323772	
0.07030872311880329	0.011985818095075972	0.10266094624123663	0.0878283154844761	0.025519064212325977	
-0.10793526181462904	-0.07128378846396179	-0.12405056783519904	-0.0357138231821701	-0.062322070011752884	
0.056846788947775076	-0.03738439272878915	0.011058123716575675	-0.005781411337870266	-0.0164801325127446	
0.014195232530250457	0.04223676818141711	-0.0411340204152969	-0.12144085906453454	-0.07509033248120738	
-0.016147147657347396	0.05699061985505882	-0.051224750313560434	-0.03725473854273476	-0.11873570790121611	
-0.05600078881225227	0.01798892283982951	0.05560730414736969	0.162509083699637	0.039234538934284795	
-0.004993713726066344	-0.017122991507471888	0.1006000415353936	0.028885232088557006	-0.0185558111640947	
-0.04817384355532043	0.007786716625044453	0.004548900395445993	0.033774548703302126	-0.10539191936952717	
-0.07184621001078167	-0.015161888261731269	0.10720342693609175	-0.06534189559988669	0.08512880152141118	
0.04024331314251287	-0.010659698934207104	0.06986608331978529	0.026326791823337366	-0.10573362478695986	
0.01391404650030075	0.05526279436720781	0.09554037150932405	0.05444284883413112	0.05992616776732064	
0.004985238938186855	-0.037152550938332266	-0.012557950979705922	0.016631048725797827	-0.06014874769013636	
0.0742921263268462	-0.0646657325237567	0.05652718790335572	-0.03585921519799625	0.06145603152643764	
-0.014590998112162351	0.06065241951908434	-0.04882572046852415	-0.06515106239854893	0.03537958696816187	
-0.039477636464474296	0.04829051445369381	0.03461139675885753	-0.06136509470680157	-0.06935399526553368	
-0.023245724943800852	-0.10213112906131785	0.06430918536014348	-0.03215136654501268	0.014678835313756342	
0.053804547027859216	0.043643189776172736	-0.044772876330843786	-0.02552948428328131	-0.022451170979274973	
0.09831887861929704	0.02405089185172658	0.0387957219922587	-0.017813252173799456	0.09672099673775657	
-0.027896976266793258	0.09517188401215568	0.009709219898333309	-0.027254710277796846	-0.09982285472123639	
0.08191042439160369	-0.05891846638982028	-0.09620621787064175	-0.03391262076718599	-0.05448463809056617	
-0.11048204112314507	0.08522426182801576	-0.13144924457673593	-0.03949798098534903	-0.03447154836034783	
-0.05473101048934586	0.014590860430444785	0.05051310422082564	0.031288965372542485	0.021635555818283515	
-0.04382835337170091	0.04641882315202785	0.07622591534920663	-0.020008291692834274	0.04357354568131033	
-0.09600130722637837	0.07101349372068769	-0.08867821745668872	-0.035288325913077276	-0.06822746077996915	
-0.0981112917694829	0.08949797176668076	-0.06593000082144436	-0.017631493047591512	-0.037463527817418026	
-0.03640106987418873	-0.08945661300510546	-0.013776964919590094	0.054234236896519024	0.024230921021565457	
-0.001313577007021056	-0.10169841238701575	0.1048751761298978	-0.04018248079039395	0.1461414217207256	
-0.05688832310572498	0.004566547711539835	-0.07889169184425918	0.0674473688237409	-0.04911025638055904	
0.029232408395879237	0.027349197443307393	-0.0281125974290878	0.043224716162643666	-0.011947095679364724	
0.048970576698045054	0.04584626191218538	-0.08422522534491284	0.06547165453262968	-0.11362029844776564	
0.06450928756348594	0.018112390782614125	-0.045812377489442356	0.041613015686078336	0.013824729179444573	
0.09758863571787887	-0.04645527835044193	-0.09122010689833666	0.09192267256762995	0.07871815828588323	
0.06067654564924068	-0.011548352536397997	0.09170449087525695	0.09015448502091308	0.025164618960284196	
0.058168186586266935	0.042881174415953946	0.01233973365997883	-0.01727753955281621	0.030812370152390512	
-0.10691793631114929	0.058138363664868555	0.05179605389638072	-0.06473047001993139	-0.09867566329144083	
-0.01815267267004018	-0.07105171666676532	0.15535341697157773	0.06426962955087293	0.03490758297909372	
-0.04799323214065409	-0.06339366663540644	0.068318079594778	0.0028392259702862688	0.03549249828518716	
0.004825504784910834	0.05140486844875804	0.002624683637861297	-0.014463288793849918	0.050663357249859195	
-0.02911822716244852	-0.02786457073277778	0.002180559213864941	0.056763997938523963	0.11111042796348185	
-0.009051959698629942	0.05657489993447913	-0.026559412628442164	0.025413910101953225	-0.0988639201599563	
-0.0024757971501773546	0.07004567911600701	0.03899608315944221	0.06900789432333918	0.017454001300766492	
0.023698449463884077	0.04897346298511337	-0.055065321075959184	0.04246279303709758	0.11928091103201283	
0.015127353075093827	-0.07033968886711979	0.07790301332396922	-0.03937370899786975	0.04467242604583155	
0.01456846732794597	0.08626971248501811	0.01263777596018077	0.06504194090611896	-0.1153497467345953	
0.11969881940838534	-0.10046866723816748	-0.011346420600337383	0.10500878582913216	-0.07041923711621927	
0.06788768929892494	0.06432626234203663	0.014290804230693024	-0.029521340679229135	0.09067131280311681	
-0.015453848535982754	-0.06857371158824226	0.07383125496533503	0.06657956020391038	-0.006432286766013021	
0.0910800481283438	-0.03301559746306287	0.059694731258305	0.00185285699683011	0.022811162555845033	
-0.0498573456333862	0.08004577151785647	-0.0100824050525668	-0.05983726086556228	-0.0329474867233973	
-0.1314764272691932	0.07192398950952053	-0.0485222551059331	0.0026566184304012814	-0.06349232690057433	
0.06035244334306382	0.03896570786768303	0.0375460756072348	-0.02048514033234747	0.010782584053299751	
-0.04784152553186512	-0.04892363401449903	-0.04437621157473843	0.0014064810553606497	-0.03399389033990225	
-0.008747114191000804	0.08510048842645627	-0.016633706888755703	0.11345331338448693	0.046043658145854365	
-0.031735077100754044	0.07623973132936299	0.0001676098936294136	-0.06751006813753882	0.03086222334097441	
-0.024026118797250244	-0.019518251875993622	-0.05432104827416187	0.019204616925908195	-0.06872255215945927	
0.07283735996529758	-0.05592705826380053	0.05329627411088448	0.03246021210669609	0.11870504045597745	
0.02640902524721416	-0.01750073751961143	-0.08585987330477172	-0.0006126482953682489	-0.11607649973007941	
0.11481922018388488	-0.07171142282136538	0.07603183539116275	0.07441681903700596	0.0020642416207559697	
-0.09717019607247199	-0.0193960752670743	0.07962648037931074	-0.03593838390827175	0.04591686049334099	
-0.0496199501136704	-0.05165473698442224	-0.05155317449657537	0.059985996718197335	0.05778977010912647	
0.00917576206676496	-0.02600851715716359	-0.029992208686489125	-0.09957834504000651	-0.0854541194357421	
-0.006167823079074312	-0.047407921705821525	-0.05314789834785529	0.04974966680671417	0.07610819437531584	
0.032286749488686636	0.018683854103552697	-0.055071963970080635	-0.06138795121771898	0.012113908453126735	
0.06580082133729326	-0.05587784052087536	-0.03725221225600676	-0.035109000564513694	-0.03533446740624739	
-0.03397111981749101	-0.057677689320728164	0.021838509082625683	0.11960111578453247	0.12171209575094492	
-0.04788008351694214	0.04751687500513783	-0.1390018087825968	-0.043660814864511774	-0.10455076682581681	
0.0672623097672972	0.0360281851589527	0.015950869954905956	-0.0790052486322535	-0.015253924909630127	
0.11172020745318802	0.07406985777731837	0.050670056536305394	-0.05545322625098102	0.04994683903628286	
0.006637924868249113	-0.0013015133437727434	-0.02576841032890773	0.01282622744811593	0.0594746419220323	
0.07368158370590669	0.004325105544899872	0.1352194014862553	-0.04200723172027644	0.13784742343845494	
-0.10014312950252972	-0.05283999524893408	-0.048888911894788036	-0.10025951323426745	-0.011627540896119169	
-0.11527258784497542	-0.022271476206853057	-0.14325906906468433	0.0006587980126006764	-0.023847523330739376	
-0.05419280146913918	-0.03784564572525524	-0.016343026210753224	-0.07715159656084361	-0.004526695094320099	
0.05255578575941332	-0.03354146102514398	0.011552371305489858	0.1061480394524229	0.07124839918627432	
-0.0028883301663675735	-0.04587104718741112	0.09795547325868874	0.08115694805675594	0.2063961970817588	
-0.07035801292706485	0.09013856617478422	-0.07664095200881617	0.016321047384188728	-0.10998827331114557	
-0.0576145075599865	0.09117712026198921	-0.08032375386038275	0.08994781146416736	0.026057057915634934	
-0.2451952850299817	0.45168937661106134	-0.739163093792477	-0.5313931886969395	-0.7645832171961797	
0.055826107261978834	
