TESTRUNID EPOCH: 99 L_PCC: 0.7803315448304379 L_ERR: 0.00812152887002354 T_PCC: 0.7642636768760186 T_ERR: 0.008080628497852429
180 LAYER: 1
5 LAYER: 2
1 LAYER: 3
99 :ILEARN
-0.10175300228357916	0.12781685681503355	-0.2418675134475382	-0.17189482438759468	-0.24833007985154482	
-0.11009399757915207	-0.03742064743174725	-0.09104816564065882	-0.06883539479982509	-0.056345355493874615	
-0.009507308338006611	0.029933021671260978	-0.049067043592220125	0.08515336596362368	-0.08689232679065677	
0.06869077971927513	-0.04795756601347673	0.06925437850687821	-0.02071254751266326	-0.0015327024157691482	
0.04122842469060584	0.11002266517061372	-0.07447041187447183	0.0028703536377610176	0.026711193487952745	
0.06978447180845335	-0.07557783136725078	-0.11201261513807637	-0.08153084994330081	0.05148739399625791	
-0.081842352619943	-0.014018963375146727	0.08496264040919481	0.0010635679928332781	0.02728875052607746	
-0.04613587282734737	0.04428254954695503	0.052628523985624835	-0.10860583394077991	0.027905575386243366	
0.11496210725107857	0.031526057219900004	-0.018419520127092928	0.08334537836991851	-0.046686761274324966	
-0.018298383273112378	0.08826537570047249	-0.05906691943981733	-0.060538895447921195	-0.09774638407383657	
-0.09341343288740725	0.031827972101812	-0.05922274576146618	-0.049591446471128044	-0.003754767233760506	
-0.10734121761555886	0.029983512342060537	-0.10726755907712612	-0.011305349380514376	-0.0009248535040062048	
-0.088362635968324	-0.010145602805720964	0.01941410640462337	-0.03512131873344118	-0.11299977953264716	
0.05371309946212762	-0.013052078032594873	0.07852918882374178	0.15557831358249002	0.11429959032571171	
0.08761797312844859	-0.0816609956731011	-0.05941640377367897	0.07381691035765542	-0.008778533913533894	
-0.08733192790398682	0.10422112316992016	-0.06320039082973612	0.018979262044143186	0.0020835492696565376	
0.06748711735854176	0.03258490666328896	0.03429835982738099	-0.046015400740724806	-0.06743383589092358	
0.09930424879376694	-0.036310786165957835	0.12082114351391365	0.0590757760796095	0.0602851774074334	
-0.03640938814476837	0.04971657749488299	0.057830416372306806	0.07884615619937455	0.06934893359677212	
-0.07898891680468613	0.10531918136178375	-0.034142243542285115	-0.14559954093983757	-0.03794433156194847	
-0.02782131647060693	-0.0022900515977458454	0.08777429178482345	-0.01795567193744668	0.09425455118882237	
0.019969775366717797	-0.09330842786225914	0.07675934283661362	0.02646474173974688	0.09165129704510376	
-0.07472009400648273	-0.06681170760577555	0.07097242652650788	0.026381492023381387	-0.10558349774888744	
-0.03260163731693354	0.1255416923707341	-0.06099569349379065	-0.08959897774672357	-0.25161840887054326	
-0.0630156886946106	-0.12508611243757986	-0.04485996023911508	-0.002307802073075982	0.13184012867870587	
-0.04992858511418239	0.06321409110878025	-0.03058439027523798	-0.1662794484622822	-0.16326728849069558	
-0.14360444466780162	0.2425418655357011	-0.26291035679002733	-0.34792947567105476	-0.2719569600931591	
-0.020561908534732654	0.027290639434715117	0.03019065373060519	0.12257803233565616	0.11228459650468378	
0.01016152479740165	-0.07222351921327642	-0.09030586870731931	-0.07812933650990998	-0.09539686225154889	
-0.030672991727623878	-0.09932362128215756	0.11842812930463455	0.08171669292937228	-0.009877202328216551	
-0.0632258185905883	0.07279442422007977	0.04542029741188569	-0.0301348049850366	-0.0144492154678289	
0.01949328344034406	-0.03582152136487572	-0.03345881349642069	0.04752319970043216	0.011891833103334531	
-0.03036807224297557	-0.020358325953328746	0.05752216503440853	0.0959851300832129	-0.031105219257414052	
-0.06563579333436484	-0.11268872513676702	0.04302990147741654	0.062230013788531505	0.06242009646787229	
-0.043617432172085344	0.10022109948354581	0.0018306648724605156	-0.03496758382733992	-0.0064008464668816	
0.06313768104852152	0.018573622281367295	-0.023585976925339182	-0.06385896861314436	0.0034541302187669847	
0.04417172739626354	-0.07653013308814194	0.08116677815420993	-0.05690782917040696	-0.009274527317493462	
0.07421640456506985	-0.07376501889876112	0.042932406315233665	0.017821304150567645	0.09699489549453179	
-0.006155953833436261	-0.12179053488250553	0.11464074413895844	0.11386567837667019	0.15578363045225593	
0.1210968946683158	-0.1289906384454941	0.0014576561157516167	0.07355340415267553	0.15281812413924745	
0.08710572683604742	0.01185457290349306	0.07289989497855791	0.023688308797931	-0.031351468022204676	
-0.00822112038686165	0.022777584770049396	-0.004433875784620843	0.07648005179675893	0.07022874826700898	
-0.05372603011814159	0.11650509797341047	-0.11213013354915109	-0.09592637112529517	-0.11207571574887042	
-0.016908448765529476	-0.08552635598045685	0.05875490645240989	0.05044002223486926	-0.12468856303763295	
-0.06889807797042632	-0.03154983713823256	-0.08674351067696527	0.051225823671110386	-0.048071907518256164	
0.07739479089249095	0.02302743782679878	0.054798670877902474	0.05507361936167549	0.060834669682711943	
-0.014471262242170919	0.011154141813222562	0.046128125315883776	-0.04837423037164562	-0.013304220307192423	
0.005048163382417499	-0.08826498853033103	-0.01183411439584358	-0.0301043568882136	0.031330726894492116	
-0.03244252131967904	0.07193677007213882	0.022917727402409143	-0.05004724367000482	0.07333555307676912	
0.030866969445664538	-0.09311595446118401	-0.005366925040656046	0.03388332767240378	0.08430407475377488	
-0.09227087146103694	0.0926358913065061	-0.013974954151109905	0.08800979098777992	0.020172740001265732	
0.05458447603545899	0.021461388732447857	0.0028682099481243356	-0.056397694479077456	-0.004748299891698682	
0.0538863431955652	0.07109362413718212	0.05657624374356517	0.03494746870286635	0.07182870854324001	
0.012727606543493754	-0.0052997485861801434	0.06975590886346236	0.03537776601534682	0.06652076224983773	
-0.023843070315488546	-0.03670837348016286	0.00921187213944579	-0.022366513153802448	0.0787907816179858	
0.016055007758967246	-0.04651667040297838	-0.05058568022975389	-0.05356904746576222	0.02520940047517662	
0.05667617574880815	0.09656917985339729	-0.0028231313199273914	-0.0746511906409874	-0.08751571807376526	
0.0967754891716889	-0.01761996164499659	0.09639939635573677	0.04139893334235923	0.0852412657145891	
0.042702907186714135	0.021792084156707595	0.07706997460419905	0.04314918796972319	0.042629007000358925	
-0.08426071703953811	-0.023252757145180675	-0.08613790211189394	0.08508451842591881	-0.07592630381280883	
0.04989338377530852	0.08718656267867467	0.006611261823319689	-0.010612534752013002	-0.10305814514783533	
-0.005349194049757043	-0.03218834298752196	-0.062355932706184905	0.011855934586571314	-0.05120137304228182	
0.11521610861530525	0.05403172336041036	-0.005648976974240749	-0.04407890119435473	-0.011885326975429655	
0.04688117419091617	0.0034540537895116153	0.014431713133873633	0.008771295424272784	0.14928351091264305	
-0.02399481203936229	0.027820070121472956	-0.07297123032678071	-0.09488419869438436	-0.01923112772756822	
0.00038798641966136197	-0.07377344833156771	0.0271237827744972	0.010244580178207585	0.029957506283757738	
-0.05792597922941347	0.038014195021665816	-0.04039456387261788	0.016121972146239127	0.07031326637330831	
-0.08763914453199034	-0.042734132972390336	0.0756505019403781	0.06903561178015007	0.005885489610034336	
0.07931562244495424	0.08400540635205507	0.06691453530730167	0.07064091148958673	-0.08190828608253303	
0.014793187532265172	0.05258805343381642	-0.0002775262965339174	0.04419204125855349	-0.11385638375842957	
0.021191585480169545	0.07372544917660435	-0.09103110011346095	-0.08336207564404889	-0.020251189198808067	
-0.027371240130279622	0.057597204160732655	-0.014425415970198804	0.05238167577037632	0.08734413159535988	
-0.06458930546713326	-0.05067959669673968	0.04498636029394386	-0.02014599370118792	0.05719863332590126	
-0.002382999604859583	0.12258492280161595	-0.039499737437429294	-0.035118062983919424	-0.129108250928205	
-0.009015652838690066	-0.11405274845848949	-0.04056058170159065	0.070708396560484	-0.06671381182654904	
-0.01777322804618416	0.06494144457570047	0.0441317985738283	0.042484619860723084	-0.05758587125606723	
-0.008694438313163867	0.013169750642837576	0.09960441743839112	-0.057283485920473	-0.047811508576660035	
-0.06324440522836909	0.06130362320324372	-0.04188716938948195	-0.11614870453198284	-0.039412060855128175	
-0.06874122345034447	0.06803318535805478	-0.06307295619683026	-0.11307599922101116	-0.008128841466928443	
0.05770084475303811	-0.015869489767004308	0.03203277008618665	-0.008876629374278314	-0.006727492912724772	
0.07192777388305609	0.0802654178549613	-0.13175758583264302	-0.000539706227321801	-0.05585924269564836	
0.10107824863901539	-0.07117885291423931	-0.028967313355876118	-0.06945495974648688	0.005033445194741134	
-0.05024796537299586	0.004350481433598911	0.09911842390180141	0.07317669979465721	0.09390662700282405	
0.004833390359254106	0.039496423030863544	0.03610371367446751	0.1065247978610956	0.0773181384562765	
-0.08228465000227575	-0.07670461213025717	-0.1281134430739859	-0.11484243025335306	-0.04754727220900923	
-0.06701356782048318	-0.10487515320001779	0.06848708572418152	-0.007417792628631401	0.0672139087596706	
0.003964952025990935	-0.022349094053674294	0.013426898564136317	0.008211157899497265	0.07641551792814744	
-0.0016834224897236852	0.06700214964463674	-0.06972726115555072	0.06764339795087025	-0.048258514115399886	
0.021984989115974834	-0.0967158438674236	-0.004168546593224442	-0.10668010032447324	0.07343978540239456	
0.06255801011699756	0.07246470075534622	0.04186817862141636	-0.10295065642186686	-0.11445964368069038	
-0.08562591665018214	0.04076749897902497	0.03465688396958452	0.060757649335866394	-0.008325987452815457	
0.06484143977679364	0.06252409171087378	0.009446688425231917	-0.028288315277630677	-0.03387819322394862	
-0.09533993176045122	0.07664122866265707	-0.10732882382727509	-0.07621539592372158	0.023623074237729334	
-0.07696940434831012	0.12746229425960376	-0.11645511871785671	-0.04477715588264627	-0.11577471227183701	
0.08946925707007224	-0.028688942432677597	-0.014266030705521359	4.043422748027271e-05	0.07621592495676215	
-0.09312229091934576	0.043857874601005604	0.07046760553093884	-0.10488369275952406	-0.008362142888801558	
-0.037314505671062155	0.0736814464403265	0.0002469357268065044	0.027442615043320295	-0.02485828036770109	
0.011443734093365878	-0.03384272286046369	-0.08624651623004566	0.031034625783537953	-0.020598506833013216	
-0.028687135750074172	0.10962948166628018	-0.06942324864791047	-0.0880069454689014	-0.0875882385941173	
0.06684683984460715	0.10156876458596809	0.027034828530621727	0.05036722033415608	-0.10166339182465335	
-0.10466583294506977	-0.034329154466909095	-0.07066509225292239	-0.10133734240684243	-0.021742891381466685	
-0.02565402787630929	0.06966678266076434	-0.08462145130344648	0.02204263845487306	-0.07963596988368332	
-0.010256538369918121	-0.007878040516543134	-0.13659369177837463	-0.09863192857200392	-0.032030732157477246	
-0.01828630690527153	0.018422089587707344	-0.10445085338273144	-0.021183741644562146	0.04869834159223863	
0.0538364508600626	0.02565786738180471	0.07593321025033384	0.06203924877285754	-0.006066476146784281	
-0.11674125417548599	-0.05879128063995012	-0.1365573030973698	-0.052352928455733645	-0.08387094313361858	
0.07309256900416049	-0.04721271890049781	0.04889659733446654	0.013075767930034864	0.011976352216141805	
0.0027506782845290807	0.05318238105573596	-0.05232838866796012	-0.14224266199112837	-0.09211341837432031	
-0.015729780959111022	0.06049566175142024	-0.04229812826866342	-0.041028257805620305	-0.1199898546796773	
-0.06978493257259394	0.024411420166162653	0.02036156821981597	0.1491810493051448	0.013396438263708834	
-0.018192889319663223	-0.008321931841494245	0.07433163379555077	0.012551730728497787	-0.043833683439448316	
-0.037275229066394217	-0.0007261611181010022	0.030933204087293976	0.051120105231470356	-0.08020208331345136	
-0.08823732135773137	-0.002308649562768363	0.07424765704488709	-0.08695890473979646	0.05080661948480894	
0.03648773823343765	-0.008210260320293974	0.07215509406922593	0.02025383237250431	-0.1119465614382643	
0.031607329084417934	0.038495836968918576	0.12161564758962984	0.08153863801387107	0.0988401719830559	
-0.009213312054259307	-0.022529171524640415	-0.03370764402782653	-0.008919358509556	-0.08899788283687035	
0.05503688922394524	-0.046231160303906844	0.021693663818005478	-0.06766788711857416	0.01865457545960074	
-0.023173540621835666	0.06926438955178027	-0.05653124235244919	-0.08000577918146315	0.018867689350564577	
-0.03831912074791182	0.04859792452780887	0.04082015352045563	-0.06094812964800897	-0.06989099901897901	
-0.0382265192553148	-0.09375930124400343	0.02432300281457439	-0.04884323362090402	-0.01679295765170116	
0.0406453386462755	0.053713190084486155	-0.07423831360835617	-0.04471487754545886	-0.04849992554813103	
0.10264474513401388	0.019248584949578394	0.043740147263321455	-0.007816466031367012	0.10593761206768304	
0.013486929711523012	0.05793436873997824	0.09086916739657046	0.041165405783656184	-0.02137378683687345	
0.09926618618444046	-0.07454532302953493	-0.054923395839537516	-0.006014567610692687	-0.01881113715655702	
-0.13394678154686002	0.1064415593938039	-0.16609482278302998	-0.07986767539241463	-0.07890749917413317	
-0.051754907882650046	0.011474800474375902	0.05819938912397775	0.037599414812381965	0.02839825517662581	
-0.03902348348919863	0.04142359939792946	0.09031740946726241	-0.011346048957701003	0.05504112468133017	
-0.09204314392805968	0.06683651090112845	-0.07272379563223197	-0.028848292066235532	-0.057144752725112664	
-0.08398193188002658	0.07669332556641674	-0.02965439964496666	0.005187892990736409	-0.0061075784061931145	
-0.04064088872996059	-0.08622273240561543	-0.03418410289362719	0.04732703856746151	0.015179194475041098	
-0.016205102044305458	-0.08863210291879206	0.0706519501197236	-0.06238052160508902	0.11884783295206272	
-0.05176641691605134	-0.0007575802082636688	-0.0696780966823477	0.07737196003524913	-0.03894160957441617	
0.02406793587595233	0.03168680260000256	-0.04399924051384134	0.036368443912715834	-0.021577631530352855	
0.04716288090151778	0.04726549995451616	-0.08131354815382551	0.06036710775646472	-0.10967483811690801	
0.05625076623852854	0.025037629194130696	-0.05104534654002535	0.025137505763549485	-0.00021218345651778263	
0.10082757741613199	-0.05031807726729377	-0.08777747857187582	0.09928936857896517	0.08409100863109896	
0.06009601998502215	-0.012007599447715993	0.07694005342220482	0.09268907352952087	0.02049598230392262	
0.055312374520378904	0.044665107943607	0.014222357158275571	-0.022471418030212513	0.03257975669218003	
-0.10327025669009951	0.055087053998414015	0.06612225018410639	-0.060500240467773365	-0.08531259180464058	
-0.026655664970320545	-0.06432862221432997	0.1247294875352535	0.051409812649141996	0.01659542936672465	
-0.06401386270732613	-0.050948088874041585	0.03441609948332032	-0.019600555327699297	0.005178384722967362	
0.001058657824273884	0.05576731094473151	-0.004200121977067466	-0.02243860659062226	0.04113220533639095	
-0.02390348363150864	-0.03343529660237248	0.007605901396137571	0.0637643028516453	0.12257511474263304	
0.001284438905904255	0.04706754026065881	-0.0026412503877012794	0.03649896663257263	-0.07205120026267432	
-0.010351964087522682	0.07622615628946178	0.02357546495431767	0.057937595665543996	0.0034543885276808114	
0.020729856989732565	0.051869202551987875	-0.061746419916492844	0.03721426455649578	0.11135925026606207	
0.006202481326325272	-0.06189795888908196	0.062341769097593876	-0.05626264465939819	0.026315950678259592	
0.01915828804528756	0.07886041369277312	0.03207323272680296	0.07319961201430834	-0.0950426267532336	
0.11628700061090856	-0.09836710185709951	-0.015420934128484132	0.09831661144298048	-0.07594135029244228	
0.06855493029880709	0.06340533132953408	0.007416034932302347	-0.02287127687814627	0.09081412661209082	
-0.00981114421094463	-0.07303027387153031	0.08330115773233654	0.07847432915573796	0.0009944909865892968	
0.0923176638938412	-0.0326414702004238	0.06100113147278378	0.0011589531618132211	0.021824675865389147	
-0.05591806022423127	0.08434898292518993	-0.025505943201652184	-0.06311707603781712	-0.048640838379386576	
-0.13961370486621041	0.07937272059985144	-0.05328048689568578	-0.011083969579598429	-0.07673499168007003	
0.04838475775994996	0.04930501405193705	0.02539694783898491	-0.04358483164372007	-0.010029055725663165	
-0.05327473948238202	-0.0448507098862668	-0.0547165966071421	-0.007904035431403552	-0.04304052474340486	
-0.013067185396700017	0.08891988957764452	-0.027929868175750414	0.10695509289499835	0.036572933538328585	
-0.041998936020808925	0.08480173482702207	-0.010055250109219559	-0.08374671647477717	0.014350982468171644	
-0.033630631483814045	-0.01096307757309622	-0.06695582581322823	0.0038069786157886336	-0.08552192078017073	
0.06580584560641882	-0.04987310788004266	0.02853610466107654	0.027179792391777043	0.10260118759904392	
0.026078455380510023	-0.015194756671302349	-0.07122365187548967	-0.008463079099157044	-0.11490997634744367	
0.11153586157556834	-0.06810242527067319	0.06404838954095787	0.06977247666297003	-0.0031985538402740125	
-0.09214296425599289	-0.024054881340487316	0.09126754241215156	-0.030912654396280482	0.05814828256455929	
-0.04178331241514496	-0.059680636852213885	-0.03906150805219743	0.07089443094772847	0.07583956577863293	
0.019150122470476493	-0.03647758964032745	0.00017533659196657093	-0.08960250606246965	-0.06395006866233113	
-0.008542083267451577	-0.04676919681181073	-0.06057909306212575	0.047535244065671646	0.07314713899055035	
0.038887861260281584	0.011055350687180632	-0.04345757602115887	-0.05208733044384246	0.028201494522336692	
0.06531354162952588	-0.056292534432745796	-0.029600648412265607	-0.038772758888437876	-0.030728557350872668	
-0.03480566034381288	-0.057457813448189524	0.011609222736541957	0.12109821910620173	0.1235772790410923	
-0.052846964446454335	0.05600774032811496	-0.13924157390871986	-0.05403303747168795	-0.11683317879689442	
0.06915960446638163	0.035458348886230576	0.021646710009665112	-0.07475509753170918	-0.010199067701893655	
0.11168166450504166	0.07379651890245012	0.04909398976643114	-0.05636092344804709	0.05164236929482074	
0.0028696077470034965	0.0035333377792012245	-0.030297772327711293	0.008020082539997168	0.052568895278376035	
0.07211781113372376	0.005066300259011742	0.12719899626470696	-0.03926439331182084	0.14078518519801123	
-0.09035413999348654	-0.06464675952866507	-0.024123371172733964	-0.08876466258472146	0.011634558716232764	
-0.10253312429453569	-0.033318254170868845	-0.11200778357189028	0.014245287314767345	0.003469317151192278	
-0.0389094855254088	-0.050890841756475444	0.020076072636646347	-0.05959572523280025	0.025576245204451273	
0.016652284047840363	-0.006078505032476354	-0.0596704771600066	0.06306257527098637	0.003979137962053927	
-0.017570733489017613	-0.03209381854119011	0.05319734781863608	0.06726775718380923	0.17767159647737726	
-0.07490251846669549	0.09911369104395866	-0.07457488191690506	0.004557227927660197	-0.12382647561607783	
-0.053407406472093896	0.08884847910372126	-0.08182230310674743	0.0975580220956999	0.026844893916501376	
-0.2497655631562312	0.4534923865577591	-0.5735431957776832	-0.5800146306214662	-0.7153982773997064	
-0.04394719831784912	
