TESTRUNID EPOCH: 96 L_PCC: 0.8106553599026185 L_ERR: 0.007273438956472483 T_PCC: 0.5268595829191396 T_ERR: 0.010601877612246156
180 LAYER: 1
5 LAYER: 2
1 LAYER: 3
96 :ILEARN
-0.10467064396021196	0.10523467046563414	-0.2528867579612546	-0.16408996441246243	-0.24017015798071756	
-0.09207717803635615	-0.054475997347907895	-0.06485687654646648	-0.04250325442505379	-0.024659336675805447	
-0.02335863493528005	0.04018797672199108	-0.07488326869571012	0.06477981960070324	-0.11490003608820183	
0.041450359348901185	-0.023072597959184808	0.020415296228557676	-0.0623279465527247	-0.05663241811096058	
0.04272749901104707	0.1029117760636391	-0.07485168167880506	0.008681884474163352	0.032195066557620555	
0.06409288225923884	-0.07374559170115329	-0.12513590781689835	-0.08914633900733983	0.0395547457333641	
-0.09013125027992915	-0.009523847827463999	0.06734998795046772	-0.01040513220906123	0.010481122854994805	
-0.05681901793556303	0.04842845234756496	0.0312598603403698	-0.1221007768371935	0.00949622093087698	
0.10611545109348554	0.043095126016110256	-0.036524063671093863	0.0662147414942079	-0.07094711873621803	
-0.0070250594812415745	0.0768753025564039	-0.038061101684293684	-0.0414055554255111	-0.07174784330563112	
-0.08263441958152133	0.02465845653922469	-0.040641258021628636	-0.033297712345477216	0.017133892497570944	
-0.10975917502488887	0.028474702877023507	-0.11617606656122062	-0.014822002962197144	-0.008554911602720478	
-0.07950613310745525	-0.018741812272946967	0.03433596259346468	-0.0207241568728284	-0.09452377060097186	
0.06084630583763487	-0.003896609087706394	0.0915634082791955	0.15836469750268295	0.11697965754689418	
0.07962029021264684	-0.07530019969441108	-0.0727514971830914	0.06260119225082962	-0.023486527357196724	
-0.10137037165824395	0.10825104737113331	-0.09070310463786604	0.000985135347058678	-0.02426796815584752	
0.06695478980032286	0.029816469982343583	0.03401390451491106	-0.04452811708256816	-0.06618188375326849	
0.10920715688714044	-0.036850020781073516	0.13836500560305087	0.0736835398639517	0.0788602877301196	
-0.04106666017526266	0.06531562388566668	0.05060967185890058	0.06403060398161135	0.050163037387446735	
-0.06485190075414235	0.08693426202145108	-0.008354400361786352	-0.11990370474298571	-0.0032172515133991144	
-0.04336331680880118	0.009774236475794394	0.056043720853776166	-0.04339310168223399	0.05915551184834653	
0.010423308666606004	-0.09027961948104604	0.059696032722323156	0.01645294342280512	0.0775568805715279	
-0.09599867992003605	-0.056271048843901494	0.029010216363165118	-0.004192547865478764	-0.14853416647157672	
-0.03366308856148474	0.10073583452757161	-0.06983817286336005	-0.07715506171479194	-0.2434628332955543	
-0.07409941709130645	-0.11013995763135707	-0.06475257680562124	-0.02297663075483145	0.10594436461089118	
-0.04544035999404389	0.04279410873452345	-0.023963052329870917	-0.14844715920302143	-0.14215182658213543	
-0.1537861274151181	0.2038904276458389	-0.29565308281126423	-0.3377262246398267	-0.26928807254925247	
-0.04107814202421296	0.048874683425102816	-0.008816779316678689	0.08689085540130116	0.06273237046004845	
0.0024465830575269598	-0.06919736443514599	-0.10311953621920608	-0.08663216992754669	-0.10742886307595445	
-0.014726979920123227	-0.09519066300268202	0.14713872780539058	0.09552673988614056	0.013976814769168202	
-0.05372090966765218	0.07310194458157004	0.06136811260946102	-0.020196836816796477	0.001564364066815468	
0.014224378160666686	-0.041461710404265675	-0.04432298204187978	0.04606684338262393	0.008189393788735498	
-0.02331801822032838	-0.018521247890047613	0.07017849794670793	0.1025254422141694	-0.018956191547878712	
-0.06042123070386536	-0.10758914960495784	0.05162239766640954	0.06599331845803917	0.0691078303738883	
-0.026485246450985357	0.08803295399191245	0.03260845095170693	-0.008566620536898807	0.024695401625796042	
0.042220399887533976	0.03515587912120717	-0.06288841706584515	-0.09739536568620187	-0.042805931009813676	
0.022097374741218666	-0.056956885210503426	0.03900485269981984	-0.09440226237367204	-0.05979241913588355	
0.09192895550637466	-0.08090931483950448	0.07774182175118814	0.04562767833963128	0.13350276162991598	
-0.0015601090248566494	-0.11447710430900743	0.12588215414449108	0.11667668050317438	0.16183607919482987	
0.12765017529790398	-0.12256295022873016	0.011671236074093134	0.0755326223770502	0.15945280393675848	
0.06191271159830696	0.02737557860264811	0.024586860362764994	-0.015482896842006889	-0.07706336321977174	
0.002931612161991488	0.014722074614097712	0.012619117197538695	0.09084574159653735	0.09037773223798845	
-0.06588403912141055	0.11931206440167204	-0.1328993421242575	-0.11731076460438541	-0.14284157607546757	
-0.027710737402771586	-0.08056123228081243	0.036529146034359986	0.03161772995409658	-0.15131178473277634	
-0.06956788684783417	-0.0329667803179966	-0.09016970592541401	0.051991335529667726	-0.04848923356959015	
0.07370298379730483	0.02373744412530829	0.04453810264156151	0.04708518468720518	0.05107762336930879	
-0.014553489389762234	0.01073361190907697	0.04368033493690974	-0.0508902393702814	-0.015331705791487106	
-0.0006798860525640515	-0.0874887424337488	-0.02390672013896491	-0.040045223096133876	0.020610796839962173	
-0.025546274228768432	0.06905796108115751	0.037173441575642806	-0.041797430415991446	0.08505381421531508	
0.024267021117354574	-0.08889775455318681	-0.01955625091281642	0.028427297578417658	0.0721314880669302	
-0.09415488582343534	0.09365318493243245	-0.019851468707985168	0.08983335693304326	0.017842381097281736	
0.05980911308587195	0.016912803866898724	0.007627645915448299	-0.053284468789031016	0.0021952517328842577	
0.04783320436259577	0.07451434375472343	0.04406031124570368	0.02880050034579613	0.06045036064064523	
0.04342840685992269	-0.015996920253606002	0.1324270092783919	0.08461308343765411	0.13049451409933757	
-0.024288636285722583	-0.0373188945685077	0.0051683310016114314	-0.024210423145594163	0.07744343510838499	
0.011635555036880393	-0.04741986865147232	-0.06083442885484661	-0.06154502420546486	0.015404032380782327	
0.05885767026003187	0.09059609984894512	-0.001179797478150237	-0.07004157421315003	-0.0849705219887746	
0.11389399342273006	-0.024329430630242975	0.12885883862295	0.06850500045699125	0.12109105622777915	
0.06317624417861473	0.01584672190947322	0.12008849164143766	0.07503395646972429	0.08547640742729	
-0.09070732875323695	-0.020958529125573815	-0.10074070330334228	0.08028453264998023	-0.08624252541011539	
0.03661489357526776	0.09162509296558782	-0.021429421429101137	-0.028013672759727885	-0.11904282025805342	
0.013984388400600652	-0.04398814009023729	-0.033464716115992624	0.038491840709008004	-0.015805913755282012	
0.12066641569081488	0.05835094501041541	-0.0016977211347423541	-0.04053879613968229	-0.00396551997609076	
0.048887016558562174	0.014798278826117315	0.01063887565926435	0.00347289665464537	0.14515159608235176	
-0.02494848799011903	0.025658075438823078	-0.076801300361422	-0.09418715178000323	-0.018060453681522214	
0.021921244309338728	-0.085101812772401	0.06015379515144422	0.037124849022153725	0.06920205797825799	
-0.04397896814692869	0.033503224976077536	-0.022184362930963035	0.031427190066351675	0.0937921006491539	
-0.0897194758183635	-0.04039927116983958	0.06639621456570023	0.0660635887724799	0.004826449135749105	
0.09574910143484047	0.0749121000293185	0.09119646919260878	0.09268340388544141	-0.05110056438548282	
0.006490691162736131	0.05326097625332237	-0.010112264332342824	0.03605087185267378	-0.12810296443168834	
0.02215289933478601	0.06424321253451772	-0.08087849868630156	-0.0761562588322028	-0.015697116520437746	
-0.0034478014490584817	0.04373392455452726	0.021588215932898617	0.08467337853433934	0.13151204039752695	
-0.06219923148504866	-0.058806884870055	0.05450113612624008	-0.012688485596487917	0.06469554384133193	
0.002988624276641012	0.1103453718031342	-0.025857504971152634	-0.02097133317985333	-0.11575415424137124	
-0.005205204295104863	-0.11148293940823126	-0.04009514789650156	0.0730244636186607	-0.060659770253671495	
-0.016421976874219864	0.06600314112957131	0.04097130906086743	0.04271041371834686	-0.053072488743970074	
-0.010984840021813397	0.015118628778967339	0.09402974112647804	-0.060822954645297356	-0.05151189425799572	
-0.07254430303743047	0.0624591561536606	-0.05576675361808965	-0.1231758343612429	-0.057093708995164125	
-0.06437247228670766	0.061813310280687234	-0.05502402183099532	-0.10410730086878302	0.0009486312058872042	
0.04356151793413619	-0.010173973196745803	0.010067879046137675	-0.026363050780843823	-0.03219349881123229	
0.07700103695369111	0.0720184555596756	-0.1272328845388141	0.008534388221646289	-0.04511284805028642	
0.10028993787312888	-0.0668239132231998	-0.028040299465534015	-0.06890989897607902	0.0020954688429485916	
-0.039548085375724115	0.0021167206437565224	0.12191400939415005	0.09192258313735034	0.1214261302533708	
-0.0032797212982321783	0.05015866012030211	0.02213997967654056	0.09731718744559084	0.06583420128622547	
-0.07746893874631983	-0.08223354145261048	-0.12688613749211	-0.10788871851976288	-0.038035019315781925	
-0.06646248753901289	-0.1035155208421084	0.07229074535804726	-0.004476841540333251	0.06945568362126729	
0.0009293380663470907	-0.01857700233988413	0.008702627429864324	0.0063224676443452	0.07232022937908303	
0.003983264279348592	0.06540622830812107	-0.05878794148148101	0.07891940712075067	-0.03457731632525143	
0.035799630808204946	-0.10680035917189735	0.01947310105539411	-0.08280743115682984	0.10243631853479868	
0.06581844282079324	0.06850219301138624	0.03740615276170037	-0.10437267776232097	-0.1117520139582948	
-0.09380759424629895	0.04290923209798721	0.009572828932394313	0.044256149155968226	-0.026522331875298212	
0.06655766738494251	0.06584280021942994	0.01535351240525658	-0.024613689639669912	-0.029933983287476935	
-0.09459245404156261	0.07350246076458263	-0.11245915518751207	-0.07817628738416975	0.023525806357203343	
-0.06549945489294473	0.11247825064263149	-0.1037818073043191	-0.028071655847876464	-0.0974853940628255	
0.09434040645162783	-0.032932746186518105	-0.00841321348748585	0.009914453542564504	0.08757318173749033	
-0.08917621320118238	0.0404201815131524	0.07522679985073184	-0.09659158518510132	0.0017593670947497076	
-0.037378878612873354	0.07310709108845656	-0.0031550497608576616	0.027371812688715413	-0.024222797374296147	
0.018759272249041684	-0.043630949136373054	-0.05566368798351961	0.04736020370047027	-0.01009105439462408	
-0.008290175717253231	0.09026100789195117	-0.03631805237507201	-0.05662572065243366	-0.05231637620634454	
0.06929391868804038	0.0978797441096341	0.0222103084000999	0.04842442572112017	-0.10108772779526617	
-0.08945085936714182	-0.04814243531577598	-0.046291299341892085	-0.07802203043749381	0.007039225745519724	
-0.02316810364647434	0.06438898196314183	-0.08077185302924421	0.030090541691983042	-0.06866136116575829	
-0.014962887608439375	-0.01311494131883072	-0.14561651916236046	-0.09858033734557477	-0.03455661097262325	
-0.05260051546382613	0.03426189596002742	-0.1636200908956471	-0.06325889858118393	-0.012991351324038468	
0.07560004105705481	0.00891220485751544	0.11186422951820278	0.09537745644849409	0.03742564158328725	
-0.1278260961052989	-0.059088030195354066	-0.1579835818252097	-0.06191751217047286	-0.09683580125917247	
0.050840931142079916	-0.039962918472493295	0.00903287112001535	-0.01292267659242858	-0.02192152381854764	
0.00954114426811857	0.04287815930381831	-0.04370932845894712	-0.12887723046471167	-0.07833505610734409	
-0.015455164171302486	0.05322823920505839	-0.04208109917462759	-0.033931148400326114	-0.11246702402574586	
-0.04240501395732261	0.016179726937776036	0.06699675536154209	0.18027684915406267	0.05829929252120941	
0.009284947630838779	-0.02221565875222164	0.1207537578000688	0.04970989468234585	0.0075898672647029325	
-0.047396515820241215	0.00524994182630956	0.013118458049159393	0.03873492275916962	-0.09540455740865425	
-0.06517693723045921	-0.015027470774792063	0.11239502214492411	-0.05586911476300174	0.09461113249083387	
0.07413129025317883	-0.035015596827757706	0.13731379568061775	0.07558008332685325	-0.03822022893971848	
-0.03726097418121614	0.09246750036071229	-0.0013221261761599628	-0.022808662537196826	-0.043928183008808235	
-0.005637677155678616	-0.031954438529807096	-0.028130021377771222	0.0021620965707475123	-0.07725231684771686	
0.06491453253001997	-0.05729829141712436	0.03878704125561058	-0.04915227454377815	0.04269469262578121	
-0.0026462336195237925	0.052065180102035466	-0.023894770315546765	-0.04758797890742621	0.060734843831779205	
-0.016239997828800097	0.0322298539232309	0.07859208268782163	-0.02795014407770259	-0.026758864814835373	
-0.010754220949268777	-0.10326575985411661	0.0716005292317038	-0.016861400489109248	0.02942627246474774	
0.05566624402247794	0.04560009966821411	-0.04508468429958445	-0.022675079173057524	-0.020667018603364246	
0.11130366050333584	0.01925611611536854	0.06058402580757397	0.002565185698320602	0.12136749690609289	
0.021629530394911244	0.06019934147100098	0.10493927451396382	0.044538893956463196	-0.0003565345268342304	
0.12066127889346624	-0.0882223269283139	-0.01774132332661168	0.022232766087535754	0.028504971180269106	
-0.13007833256540974	0.08824475811254708	-0.16531486967034265	-0.0678359874995145	-0.06975473975459422	
-0.041481719159761954	0.006778704166216117	0.07561133528531196	0.05059029865369135	0.04835965407555621	
-0.024043409209624823	0.03221305700991176	0.11589856824058527	0.009167248095238454	0.08589708414411597	
-0.07019969266848602	0.051879592265266596	-0.035434363562606416	0.0022683020459757204	-0.01149197657810156	
-0.07051922698845305	0.06917461578117264	-0.009358857859679326	0.02210551516864341	0.019957325875887773	
-0.07004769032148996	-0.06068468470838791	-0.08333052573185445	0.004892753858738317	-0.04667998714794321	
-0.04577353303152623	-0.06695193647097514	0.018009939758966042	-0.10505005173757043	0.05522029027997885	
-0.04254387397105868	-0.0031880405812543186	-0.05322622545955935	0.08894359320371983	-0.020566530897603127	
0.0023045159487386914	0.050249306902980136	-0.08249730233842004	0.0035535981634300683	-0.06882064281128793	
0.03288833571107984	0.055429957533117656	-0.10928858809137351	0.042391530238008894	-0.14269299585276746	
0.07493128606840045	0.007840546405731801	-0.021896225434521927	0.05682590443911911	0.03968599905885624	
0.11672149019541565	-0.0595219735685023	-0.055414202242919104	0.12115067433525768	0.11640610585226485	
0.061898415520083475	-0.00997141970457865	0.09013346898750646	0.09468165973119258	0.023245180332317362	
0.05918499714238795	0.042667594786854696	0.01854728202289213	-0.015718826710675416	0.03584609938404389	
-0.09652540964654437	0.05088061951465032	0.07592693615773528	-0.0504595755347079	-0.07765542279253823	
-0.04724911367071964	-0.045176914423980426	0.09319485423079846	0.02213532275677644	-0.028013137716677544	
-0.04994571543875873	-0.057458056768069095	0.06084592198163817	1.0416803604287812e-05	0.02931873770359799	
0.005067698823329178	0.05445299985672938	0.00014117250774613296	-0.016415707932363795	0.04802133568377946	
-0.045956964865600906	-0.013800041872841857	-0.033486235852748354	0.03134148432352346	0.07678855520985756	
-0.018121401552957456	0.05946293057982725	-0.0390494111693863	0.013014980224603491	-0.11016755386265006	
-0.005612188039111897	0.07389010249551176	0.031936170814193914	0.06456958676489627	0.011452588571691277	
0.02798112040051396	0.05030067440031272	-0.04943738397121905	0.04759938325193529	0.12674760672999463	
0.006991748434532795	-0.06403747772795042	0.06146220161244406	-0.05198852849880402	0.02860349766081822	
0.009858184099090238	0.08772356965946872	0.0073222176901744035	0.057854049890052085	-0.11948744031848908	
0.11742675451553339	-0.09626740232342922	-0.01738671634829249	0.09966664509639481	-0.07425575054327044	
0.07780191592541351	0.060335356696314464	0.03185992737988728	-0.012553983091214992	0.10906436526494234	
-0.004400561971718613	-0.07585224883004474	0.09451204756074798	0.0834011998402595	0.01447907648231773	
0.09399659719911319	-0.030784214177484445	0.06141516768677774	0.003711171281778314	0.023861053151736214	
-0.04135113854320616	0.07843154368882828	0.0019345958040870733	-0.047322326693102705	-0.019422915224960334	
-0.1276819416404693	0.0630779645610251	-0.03692993520892927	0.007241994399734618	-0.05127399887300414	
0.060018120265580684	0.037202342294910526	0.04221793779053404	-0.0202320635881811	0.016720255006624406	
-0.053787200621613976	-0.04296512477042147	-0.0572161901813104	-0.008014294473562554	-0.04606538103409067	
-0.012621401289043712	0.08954087826903133	-0.02564952446597664	0.10800068627650103	0.037256277325291326	
-0.027305423187124464	0.07159211951195393	0.01093966969715633	-0.06236811972589171	0.043273829821701006	
-0.01969213564442644	-0.02396802285201352	-0.044808935188332316	0.02369676542286248	-0.05813482227552516	
0.07762192537873315	-0.05480259543302983	0.05939309058740957	0.04184369991566582	0.12497517734425889	
0.03655959161512862	-0.0362006796984163	-0.059910329555406774	0.012411017611255687	-0.09297993324156657	
0.10777412303691662	-0.0615623047237387	0.06030634553015264	0.06449063554826777	-0.011073087597813275	
-0.10657295886872761	-0.013428861190363232	0.0641938515745499	-0.0506062113244772	0.030161733275118893	
-0.06516604745792293	-0.03659436287535581	-0.08027127303486704	0.03648153323606715	0.02948593904967608	
0.01982174865796139	-0.04189103123039728	-0.0026744023366105877	-0.08449968669436597	-0.06081141561408103	
-0.01252583349695697	-0.040715699032614905	-0.06645186902263311	0.040969916024153175	0.06507352240384626	
0.031062874448549667	0.020328651921072652	-0.05684848829718471	-0.06365493644349572	0.011422339856890123	
0.06601465219587294	-0.0598197419905359	-0.03273217039137153	-0.035695387287930085	-0.03071885196267288	
-0.046954110520455304	-0.04451977377461574	-0.004591781433711858	0.10164984842780467	0.09652371288130979	
-0.04524597824265806	0.0414714671854135	-0.13056873129874885	-0.03897646239966091	-0.09652248741040295	
0.07687365551024457	0.02984497461963239	0.03503644085863658	-0.061629877265210825	0.007576062960986045	
0.10671806451158611	0.07991623587084894	0.040543738217857075	-0.06307483466463645	0.04168198133322217	
0.010543059989458162	-0.004825953144903513	-0.017659990238280604	0.020672105816956308	0.06991488899397863	
0.07530623479387386	0.006390936418591768	0.13695525208995057	-0.0376971166304389	0.1405165714038476	
-0.09434635480578549	-0.06223924741405798	-0.033578694892381154	-0.09309042265738304	0.0034230205224085077	
-0.11605885300756102	-0.027943053640233372	-0.13941025879487598	-0.0016214925527539812	-0.021419321578815043	
-0.05226377052511307	-0.045451508682838655	-0.007478868843892698	-0.07480960253432949	0.003533691387112939	
0.04467660234420751	-0.020241289233129494	-0.01104547275615444	0.09491584483331529	0.05230181627338146	
-0.026809864090062193	-0.021740408550504103	0.04633269196481076	0.04835833046011444	0.15483936226330441	
-0.06881775229197391	0.08253755076540821	-0.06946822966726668	0.018637702616122312	-0.10474882477380809	
-0.05818077735021703	0.09250331009354756	-0.08555382253292688	0.08875209370222782	0.018208128331520267	
-0.26401085617472403	0.3664634016132293	-0.6586196517310948	-0.5448728303151925	-0.7243838351621269	
0.07034389128665305	
