TESTRUNID EPOCH: 98 L_PCC: 0.8163032779192312 L_ERR: 0.007098919670089544 T_PCC: 0.5527244458472637 T_ERR: 0.009461207248193139
180 LAYER: 1
5 LAYER: 2
1 LAYER: 3
98 :ILEARN
-0.1068052509402344	0.10821407516112741	-0.25694577155806075	-0.16763862417311098	-0.24465916466956228	
-0.09224683329601806	-0.05408771354284689	-0.06565439952488596	-0.04303682848008226	-0.02540621902321107	
-0.023305957145189085	0.04012370647548282	-0.07484013536434657	0.06481593521715323	-0.1149224241296437	
0.04184618366797447	-0.023633139655138687	0.021072863076895442	-0.061742737322721626	-0.05605120127546854	
0.0425201801521988	0.10313040881501115	-0.07547359669522831	0.00810332887503848	0.031440793206872035	
0.06388850153734785	-0.07341740409642113	-0.12573872451573329	-0.08961859680887288	0.03888902471059903	
-0.09027241211142628	-0.009309876088981761	0.06684777197944687	-0.010796120706552207	0.009887793589900688	
-0.05700769433057518	0.04864046049989791	0.030961707241926272	-0.12233122974787887	0.009147617150915893	
0.10639405629345812	0.042702218070602045	-0.036246297522134784	0.0665124463920294	-0.07063818885372904	
-0.006837462758686278	0.07652243113123763	-0.037792146242788906	-0.04125287528134635	-0.07151900275635532	
-0.0822472031552124	0.024035415503104552	-0.04013686449596065	-0.032885625554256885	0.017652269440052718	
-0.11009082552994374	0.029022594990315072	-0.1170974976018889	-0.015539422357558362	-0.009526698257967672	
-0.07944493976480506	-0.01887821326686784	0.03428879147492967	-0.02078551526604179	-0.09459107346026015	
0.061905891312172945	-0.00550922459864826	0.09328937339134193	0.1598692871758243	0.11889502104729897	
0.07990209890247059	-0.07572808682900674	-0.07214565852133575	0.06308352681869767	-0.02289383993064181	
-0.10199963583380003	0.10916012801517239	-0.09187736280555037	-9.067503987560658e-05	-0.02561381593772324	
0.06691315918919445	0.02988672739132035	0.03400935607443686	-0.044616635024533995	-0.06624516343308184	
0.10984020017052369	-0.037847809632821416	0.1392472480508818	0.07451187609190721	0.07985048103701567	
-0.04036387952804627	0.06427051796461875	0.05178539782181671	0.06507049729765449	0.051486312950580905	
-0.06503183984521684	0.08712973683180647	-0.008737712477488151	-0.12032785539173338	-0.003695525223392497	
-0.04342997779670982	0.009846031017112422	0.055732500976740894	-0.043636861061663465	0.058817246703101435	
0.01033170727880719	-0.09018845234113866	0.0595507518533663	0.016304164327659628	0.07760442212507078	
-0.09626909097868923	-0.055890058437992815	0.02848531914034546	-0.004652592007915381	-0.14908620701048592	
-0.034833840597322405	0.10242792321112322	-0.07206805080399567	-0.07907090914373192	-0.24587601491589847	
-0.07353516578061227	-0.11096173272829675	-0.06388061890456175	-0.022214796253724405	0.1067649403931777	
-0.046267141190561134	0.04397519100343168	-0.025393621009923928	-0.1497065523433402	-0.14356849854055329	
-0.15700877975560137	0.20851875106504106	-0.30192731660804667	-0.3430432088801152	-0.2758240919140342	
-0.040450290154843346	0.04793450473813918	-0.007820406681525234	0.08775138975616899	0.06373458274172247	
0.0025218140879472613	-0.06930332150836353	-0.10283685336340205	-0.08640896302642903	-0.10707370801507479	
-0.013614311408839347	-0.0968239643559368	0.14888223229387176	0.09704731484951967	0.01574616345687651	
-0.05316439305664606	0.07226444633161662	0.062068649031771096	-0.019568179313239585	0.0022656803165458637	
0.013792284297134255	-0.040863232478220164	-0.045039808841038524	0.04543025947106679	0.0075810900278945855	
-0.022909364841604007	-0.01913537459506935	0.07072435275728117	0.10300912562585905	-0.01838505246171509	
-0.059879442743928805	-0.10839920833126987	0.052241641676541585	0.06658258094640072	0.06967564470043028	
-0.026019855276996563	0.08734128987426411	0.03348772586055947	-0.007779356660037153	0.02557970225857428	
0.04236654338703343	0.03492863997374465	-0.0626509844627591	-0.0971984905673091	-0.04255778797155642	
0.022140679252307748	-0.057040028112883064	0.038946863185900384	-0.09443967595202575	-0.05985657189635792	
0.09242894551208294	-0.08166828549935087	0.07835004987251103	0.04618655630182605	0.1340593305299606	
-0.0008263563236350694	-0.11553747881395127	0.12712875985877425	0.11776713146074544	0.16307840081264013	
0.12829588598193087	-0.12352224902744982	0.012527893947560797	0.07630220338189828	0.1603075099847978	
0.06147113086539757	0.027882050609983444	0.023576263771791554	-0.0163261068052915	-0.07791716977250356	
0.003134502470589269	0.014365069565468739	0.012755206459602294	0.09106348044024724	0.0905698521718838	
-0.06694036553971032	0.12078096312152177	-0.13470632211458067	-0.11843932487901336	-0.14475284937049926	
-0.028205523648863397	-0.0799176456304265	0.03544483030144235	0.030938631344310068	-0.15245003384207312	
-0.06945144473676405	-0.033180131770467025	-0.09017040727487674	0.05201451112261668	-0.04849336622233224	
0.07348300806956606	0.024005332576883975	0.04391738677915687	0.04663743020519549	0.050469916953216884	
-0.01459790459604849	0.010727507172239243	0.0434372240229756	-0.05096916589439425	-0.015533234490181548	
-0.0009283615882180723	-0.08723796589507274	-0.02457732620059834	-0.04044670541299952	0.019992565781215502	
-0.0253225529992058	0.06868205589335735	0.03759744676512854	-0.04126508694007892	0.08556512381456977	
0.02441903610660655	-0.08904840412322784	-0.0194646962715305	0.028307104736216695	0.0720754807709228	
-0.09384979616010954	0.09335158640145476	-0.01937437458498077	0.08987982478803112	0.018168325658086716	
0.05970140315572625	0.016995426600658982	0.0071561210427902	-0.053555561717051545	0.0017530272107881327	
0.04788221805963085	0.07452687378241993	0.04408542625461925	0.02861248015788755	0.06037076544490876	
0.04508099557355512	-0.018322069442733204	0.1357024258434213	0.08726414001711076	0.1338838146759594	
-0.024202407757044356	-0.03754332153897161	0.004981304225497429	-0.024265226831307014	0.07730318861159202	
0.011234121329818332	-0.04693847414692263	-0.061710481555217446	-0.06210866287677658	0.014594044809880437	
0.05860178139690307	0.09093616524440365	-0.0017688291625866353	-0.07049175398412143	-0.08558145934300118	
0.11494710945623147	-0.025879070527754504	0.13066324433260748	0.07000310770645633	0.12301579033847544	
0.06434007858595706	0.014155598331220999	0.12236125445528322	0.07695983302247775	0.08795542210654245	
-0.09065420616078661	-0.02101091004303584	-0.100882357061822	0.08000544251291836	-0.08647114461496357	
0.0361549549859708	0.09227969733985367	-0.022608805985170056	-0.028925542201627595	-0.11995529969798857	
0.014357174254776395	-0.04458440898081548	-0.03330139198342464	0.03874745337872623	-0.015688234907812123	
0.12129540641097063	0.05737318233999166	-0.0011472802762062515	-0.039994060792143765	-0.003204745098282727	
0.04977917753615315	0.013476189288288674	0.01173841733539161	0.004433990716960619	0.14636738470197264	
-0.024886099603402066	0.02552976272179454	-0.07692816893442604	-0.09425300665967602	-0.018125281191184162	
0.022305182216910597	-0.08569066089271107	0.06047758187365835	0.037467062291187715	0.06953382406615419	
-0.04351130705158073	0.03279024446754928	-0.021793800892928997	0.031828534464122676	0.09423496569017939	
-0.08946528952527645	-0.0408150622729832	0.06633593859315366	0.06608786065504335	0.004923769454236013	
0.09621112561179652	0.0741914512446387	0.09160433719505777	0.0930940130179023	-0.05064946739742081	
0.006217076008922655	0.053667769030660804	-0.010280652744352562	0.035860446942006345	-0.1283456617055878	
0.021752984157800758	0.06487297161266894	-0.08085319517618639	-0.07626473022387478	-0.015898751138799867	
-0.0030979948635723423	0.043169843567105404	0.021632405817299187	0.0848631665230658	0.13151750579948493	
-0.06249809427211758	-0.05835090065714547	0.05439304398727333	-0.012848926507636723	0.06447153586812399	
0.0028764811827386434	0.11051117370021102	-0.02578469562859858	-0.020971383555750546	-0.11584581479648925	
-0.0047254838047338	-0.11223106075345013	-0.03965668262651357	0.07344908188592443	-0.0601015773854711	
-0.01624311202775492	0.06570528290504361	0.040832995522135214	0.04267657554733676	-0.053044718330191046	
-0.010930549077917018	0.015021620305353756	0.09399023399589582	-0.06083224800571573	-0.051485747152217556	
-0.07258622639225204	0.06250734349035413	-0.05592388518109757	-0.12331887758925578	-0.05745287839272108	
-0.06429741003809242	0.06168663069056261	-0.05495509940595835	-0.1040460763268269	0.0009476839062735866	
0.04325084902117953	-0.009722757721158132	0.009679778527662341	-0.026707045358636865	-0.032587888559912286	
0.07687900728047979	0.07233773114655533	-0.1276093865869753	0.007942406077133745	-0.045552310307207	
0.10097066755944349	-0.06777611466651781	-0.0266738073425647	-0.06783840584303757	0.003532899376637178	
-0.03857271322610383	0.0009180440329114996	0.12369482914901969	0.09352919808685944	0.12346138348913174	
-0.002469107078128665	0.04908849165457661	0.023364716979807774	0.09843938685644625	0.06722108405239949	
-0.07728626450997261	-0.08250130331386374	-0.1270744485727332	-0.10805171586834796	-0.038140581122861054	
-0.06602825584015956	-0.10409956106969459	0.07322540435458168	-0.003749269637482746	0.07039497734055017	
0.0014245315881116513	-0.019227047385001094	0.009545706796083825	0.0070044499283291066	0.07318918850374756	
0.004551566290703678	0.06465194355895477	-0.057920259412726015	0.07959096596083798	-0.03357191393976437	
0.036179060408352046	-0.10735102848157338	0.019890629228285377	-0.08222031614221194	0.10293599407103238	
0.06557241423292251	0.06875236274092725	0.03638826416037762	-0.10520312959824336	-0.11269510488520568	
-0.09434588719715721	0.04350235384960974	0.008087459816872571	0.04300483233421425	-0.027892555960705164	
0.06735595192605316	0.06477152612394364	0.016973098628145878	-0.023403727191215393	-0.028216175767630025	
-0.09492286608804465	0.07387629644124596	-0.1133510522259698	-0.07891841625352185	0.02269785957910275	
-0.06615744379039408	0.11318602624479206	-0.10546428641142551	-0.029148346943229087	-0.09927127370528345	
0.09455499857575565	-0.03322314345741862	-0.00857157985655656	0.0099307657930588	0.087239313980395	
-0.08883626574067131	0.04003571749633149	0.07563102091885175	-0.09628454744236918	0.00225275013435187	
-0.03723765578591399	0.07294414486986825	-0.003126027563465418	0.027373536184287717	-0.024134367542555147	
0.01838638747635072	-0.04323083808828109	-0.05505627068264414	0.0478074375205725	-0.010170903398619873	
-0.008725256391554352	0.09070419367688005	-0.03738984657226037	-0.05709582383323843	-0.05353424103392743	
0.0690689270222018	0.09814017534722005	0.021308797457392815	0.04764078927477676	-0.10196272104824793	
-0.08959491892259872	-0.04781796401234342	-0.046477384575867316	-0.07840126840545449	0.006695422639962621	
-0.02294136107774608	0.06407025254388474	-0.08043537946719279	0.030402915589058492	-0.0682003654843774	
-0.015131012794661265	-0.012867181202861927	-0.14598917564451683	-0.09896429625991551	-0.03502879500106154	
-0.05306635871661271	0.03489079933504358	-0.1645804001374213	-0.06417082574167056	-0.014048745750359798	
0.0759239280739922	0.008432337579933209	0.11226669070911009	0.09573134622319154	0.03779850730534211	
-0.12821121216264098	-0.05842864891594412	-0.1588688254440225	-0.06262881182610973	-0.09757837061391107	
0.05034186441879676	-0.0392902086952022	0.008081165375954937	-0.013811425049245157	-0.02270313371796482	
0.009589212060263435	0.04284393988756013	-0.04385491404948121	-0.12912423545054233	-0.07864599274889005	
-0.015327648343122897	0.0530540687275442	-0.042031617764440976	-0.033876965274403543	-0.11236800905038766	
-0.04173847481825061	0.015204770920903787	0.0681639135950429	0.18143719714764547	0.059491379538098695	
0.009807375020885738	-0.023012276197650672	0.12146117387808325	0.05045438629021443	0.00844404529076035	
-0.04722433887669229	0.005036335578795334	0.013500045450030336	0.03902249200467254	-0.09488634580008488	
-0.06482209671980703	-0.015530156250833553	0.11285781909597524	-0.055354931109116455	0.09519150431992122	
0.07474319845509163	-0.0359877179516005	0.1380520804428547	0.0763601824389595	-0.037430202848081746	
-0.03768100365322126	0.09301120293161963	-0.0022087246932951496	-0.02365775231417255	-0.04504793955248936	
-0.005846449912338615	-0.03160954146343386	-0.02854799853897357	0.0017103502666968007	-0.07780319690746747	
0.06473814622630672	-0.057064390928586506	0.038440203989064954	-0.0494452430692098	0.0422489141921033	
-0.0022616541767863647	0.05149362064595771	-0.02364373475854601	-0.04725153580533877	0.06102385381325948	
-0.015808287305913406	0.031587100727543733	0.07910517063289883	-0.027357500915585982	-0.02623761744164172	
-0.010216597460339162	-0.10405049230081462	0.07265180793984992	-0.015824418918189167	0.03049164795297658	
0.056082894146561896	0.044948528771385304	-0.0442657390365181	-0.021953814251565437	-0.019910359955480482	
0.11207920433354517	0.018029524997492795	0.06210675331601525	0.003884592940888174	0.12300487272929811	
0.022197266505580265	0.05914869407983255	0.10622565795655829	0.045624393879068185	0.001207522503984566	
0.12118953230910194	-0.08918149103430534	-0.016805669113275565	0.0231041639486782	0.029555934977520848	
-0.1309623187607785	0.0898146603770756	-0.16678734808810505	-0.06967053178395244	-0.07154356434814577	
-0.04108006851726741	0.006100715209188556	0.07628718399645676	0.05121630665949044	0.04909379708769398	
-0.023625154819894745	0.03149027775685581	0.11660590397619489	0.009821852102660488	0.08664482831878398	
-0.06971942937833445	0.051053877836715104	-0.03471911473715765	0.002918699625318903	-0.010737675937564849	
-0.07013623459827906	0.0685012703552935	-0.008817542249277973	0.022610317702481758	0.020619128460288703	
-0.06986389974263615	-0.060879736796523004	-0.08315961701354833	0.0051328885840436975	-0.04650053035125085	
-0.045923190156774596	-0.06658500671760652	0.017400721136761835	-0.10543872950697339	0.054595759869338734	
-0.04200763994177529	-0.004078941947623467	-0.052223368448931495	0.08981917654560449	-0.01949143038179936	
0.002350416990709566	0.050256288686920274	-0.08263471326424215	0.00353676254684779	-0.06891838415009964	
0.032797239726929155	0.05564039411544436	-0.10984655456491736	0.04202146266229306	-0.14324950418252466	
0.07479136558906158	0.007851729662325568	-0.02255198033626207	0.056451277249071445	0.038828005767499243	
0.11709288943973732	-0.06017570665919875	-0.054398134142780455	0.12201492532899182	0.11740962491214221	
0.062175606710021765	-0.01045348322769438	0.09126279121729076	0.09568530211145515	0.0243101788608329	
0.0595987052483348	0.04202329857267322	0.01888585568992395	-0.015285027662593131	0.03620172360272031	
-0.09626900928995767	0.05048943654947576	0.07613831280755204	-0.05018391425557169	-0.07738092293546985	
-0.04697091033881281	-0.04551413323864787	0.09373662727593957	0.02263796284459023	-0.027512046449202583	
-0.04951545041162006	-0.05811887762435345	0.061529566358089746	0.0007683344336739557	0.029942018847598742	
0.005429213413473997	0.05386671113891312	0.0003588250107534868	-0.01614377884296159	0.048178450077412636	
-0.04566188893065389	-0.01428725012313955	-0.03340525433020294	0.03150982570679774	0.07681707725828568	
-0.018002516368449937	0.05919970253284194	-0.03938422203520029	0.012863076826016695	-0.11058898384700301	
-0.005250757424934772	0.07335395943998024	0.032525916868001534	0.0651059751002924	0.012013855332658837	
0.028502906716460736	0.04944980169618773	-0.0488843089461709	0.04822013829016376	0.12731659898209344	
0.007163928700725322	-0.06435673419043353	0.061323069749604574	-0.05198449267879906	0.02840200420209991	
0.010005888408968702	0.08745502267081638	0.006851561862656919	0.057527975955331934	-0.12005911534404483	
0.11777203002724868	-0.09681883486480057	-0.017269859300126086	0.09970169294190294	-0.07403114178916206	
0.07818914584579316	0.059814541201920916	0.033299768957634375	-0.011290967308491153	0.11058874659269433	
-0.004233823058220714	-0.07610765305655603	0.09525679917910555	0.0839005564491449	0.015437593949813427	
0.09437602793407499	-0.031427315044114876	0.06159759466590256	0.0040356014855683865	0.02397791596833723	
-0.04094516254211426	0.0778255412425542	0.0029876722698220243	-0.04646904994644989	-0.018183196210571708	
-0.12801920539732758	0.06373668138662386	-0.03730512419552816	0.006441400646755815	-0.05166877652960754	
0.05998426153441073	0.03714051891697569	0.041551675386159656	-0.020571007235697266	0.01602605322721981	
-0.053539859114725946	-0.04336811270410453	-0.05712365267989522	-0.007826175770681157	-0.04605701829177529	
-0.012430179024864476	0.08923696207485161	-0.025313387964191466	0.10837794343083906	0.037570648899261476	
-0.027114944003159915	0.07135244664225113	0.011063955887721253	-0.06242149200964199	0.04334811862117049	
-0.01970693008975783	-0.023850378256609586	-0.044785239559602556	0.02346964005604524	-0.05813755906357407	
0.07802885681711753	-0.05535508181823239	0.06087791738961158	0.043247449715973135	0.1264831734348847	
0.03601527271845842	-0.03526024532753417	-0.060976971861186294	0.011173520002610335	-0.09411076105353416	
0.10828257784371499	-0.06232905393547419	0.06112929251098607	0.06514523565668363	-0.01019048116887583	
-0.1065123512188862	-0.013504308415388312	0.0640669063375476	-0.05081708753127343	0.029972622963872937	
-0.06473324076020719	-0.037223871872240556	-0.07971285904456461	0.03684316332284566	0.03001992259670635	
0.019976596025641977	-0.04209821526739798	-0.0025900989546466923	-0.08454512049869628	-0.06089752207947615	
-0.012043581922378048	-0.041406084847445464	-0.0655729885743278	0.041578961985409	0.06595887008406758	
0.03156196969932507	0.01960496947468196	-0.05605765838808613	-0.06308053156245506	0.012199018484690977	
0.06612543849045438	-0.059950668693181317	-0.032822025211008035	-0.03591983853277532	-0.030931833902252848	
-0.04680853135472551	-0.04478988578801564	-0.004310255656502479	0.10192933136217416	0.09657139489757492	
-0.0457728599008128	0.042236627329637656	-0.13162515739150238	-0.039739312658123034	-0.09736401570014526	
0.0770946739294578	0.02949401189252898	0.03552883497376911	-0.06102265168775616	0.008277549171167735	
0.10718770724356043	0.07924188762164913	0.04129051387258197	-0.06258028449366448	0.042456743539478446	
0.010504452612512757	-0.004782284425867764	-0.01764777209523845	0.020777729716412056	0.07005905860343697	
0.07494499038026585	0.006751754606903115	0.1361918590007271	-0.03780615212643803	0.13949654094337335	
-0.09394123872750529	-0.06284923130846289	-0.03302737017099127	-0.09278751606231363	0.0038986223953252587	
-0.11633714576310818	-0.02748041442406594	-0.1401430502761127	-0.0023787241836892305	-0.022209382041964723	
-0.05262526940914146	-0.044890386028311365	-0.008366067618526908	-0.07557038813443415	0.002748988835483513	
0.044883543026696865	-0.020645519738023064	-0.010908917928939292	0.0952666932238178	0.05228672486421001	
-0.02747298906161949	-0.020888678232805286	0.04534559830123988	0.047810197586198956	0.1534746251747842	
-0.06954929484434973	0.0836384166810929	-0.07090894551277616	0.017457776351430893	-0.1059595752886797	
-0.05876856455251413	0.0934311921516315	-0.08608995874690635	0.08823760288336922	0.01770088153420477	
-0.2664507186282335	0.3807471803028352	-0.6678560763920965	-0.5522861717663821	-0.7343154507988529	
0.08344906212517622	
