TESTRUNID EPOCH: 94 L_PCC: 0.9175789699635182 L_ERR: 0.003622038050990714 T_PCC: 0.6375818628153285 T_ERR: 0.014346619814374477
180 LAYER: 1
5 LAYER: 2
1 LAYER: 3
94 :ILEARN
-0.05217559206633629	0.042579327962812274	-0.14724682139788692	-0.07875524375866381	-0.11080055131002907	
-0.3771731278374961	-0.12864858204615265	-0.3865593579238557	-0.3266510705012687	-0.4153897148498064	
0.02183955384306639	0.042510974434934776	-0.01682954403262763	0.10691603402999908	-0.06869538531615958	
0.22481807100528337	0.010801995319515995	0.23928210302416214	0.10146875990293053	0.14557743154937264	
-0.022265141143646406	0.10706942836818732	-0.1577301475985316	-0.037132277074201886	-0.01931249147152873	
0.019976301276182735	-0.09614386441064131	-0.18265050309091443	-0.1281160054384822	-0.02589399453354048	
0.053751367014222666	-0.0030506244727331083	0.2519124097179334	0.12474315259321561	0.17573165885507916	
-0.08268343875026533	0.048157343713095345	-0.015161371758108142	-0.14545167112984278	-0.023030052952920696	
0.05959449758211609	0.040969722872903805	-0.09915878652899966	0.01962850578285851	-0.15127882953716473	
-0.055931891586137705	0.10059167116769659	-0.09470748374430761	-0.06153696590914765	-0.0822587170120024	
-0.15672318483632303	0.04638949706082835	-0.15205282407461254	-0.08916626449672507	-0.053285509039689045	
-0.42369275935360917	-0.03172500403749377	-0.4877880692011873	-0.29980186571970335	-0.3949640577578713	
-0.16444568904885348	-0.014829559403547568	-0.07965499088785713	-0.08205313685024306	-0.17264453734256835	
-0.10617311934748931	0.03942841501813284	-0.14143664066382144	0.005138684993106861	-0.09758009902602205	
0.10443714834486295	-0.05634113169424234	-0.055082433411183664	0.08569418480596425	-0.00335524874525136	
-0.2607648928605432	0.06448049032630013	-0.28847106353321617	-0.1450071569962782	-0.20270543437531652	
-0.058819548431950294	0.014448550528519582	-0.13134708351416388	-0.1692066741869869	-0.21219772532156367	
0.12570021460806188	-0.0009769783871612413	0.1295105570314591	0.08803553787200223	0.07899047172364093	
-0.16044671123091503	0.07927738586225161	-0.11374376721112468	-0.03824005453158989	-0.10495568105708707	
-0.06879574602746431	0.0943437080845005	0.002985713148889751	-0.10168783850261094	0.044424910924540706	
-0.07825460187936097	0.006048250905892301	0.023611074738322267	-0.06039076122267951	0.03914390970592039	
0.017213573061808072	-0.08357758025715271	0.08069494360340444	0.035552391536347844	0.07344888100401369	
-0.08960243126616077	-0.05643695593140683	0.052265301081956865	0.0198571341705361	-0.11704096226478569	
0.05360540228979756	0.07603128408980638	0.0849056781515954	0.05251134891637536	-0.07802350407154114	
-0.15273544950651033	-0.10663453359978733	-0.16877871356570756	-0.10326100685577008	-0.0018329218625663475	
-0.024432951524517944	0.029693821066452138	0.025383211631298128	-0.08527727072676569	-0.09152986745931871	
0.047510698096084575	0.11828494574028428	0.048939719539468546	-0.05740925572619363	0.08720542238843235	
-0.12673336512214178	0.0806458070369931	-0.12567329613963593	0.003644493305836533	-0.04424011450116703	
0.05659113588040268	-0.03928545126114413	-0.04137502857766919	-0.03749406878466507	-0.036686542217119256	
-0.09641043012125095	-0.08323504267416246	0.008059307055354546	-0.006002011050375196	-0.12128195866228103	
-0.27908057543695225	0.060744626786371374	-0.24986567573811455	-0.23863957348216813	-0.30543728085098293	
0.1141693112607758	-0.039104638220441953	0.09813391269464154	0.16261350063439087	0.13768855967238894	
-0.25228169160024305	-0.021666504492875917	-0.25761839643326523	-0.1237693094986826	-0.33615207599820557	
-0.1979262003173038	-0.09760728529049792	-0.1395274226812593	-0.0905660974194275	-0.10536852162185338	
0.028517752493340504	0.12941495792365046	0.08231660674446359	0.04252682516884839	0.08440993822605133	
-0.11471792720452959	0.029491825539511178	-0.24095542052399663	-0.23595557202215992	-0.2155040329516453	
-0.21455960289230663	-0.09307022505990324	-0.2347138791609038	-0.2963253653226614	-0.3366449625276136	
-0.03734280688676233	-0.05241965481779151	-0.10658863025039417	-0.08496443682211614	-0.03973215065824852	
0.0037728693400822465	-0.07351670973960926	0.10873885079284402	0.09331108612283855	0.16404591727665827	
0.07148543692477516	-0.12939375785027493	-0.07215536934228758	0.011091740966904424	0.07687813861259661	
0.24224501041289637	0.04061874919423782	0.2569876929945924	0.1560563354338408	0.15421952460370877	
-0.3712130598692749	-0.028847832583062144	-0.43423843013646624	-0.2542827089635488	-0.3566182443390034	
-0.09717760749596334	0.0997213892920706	-0.16694146394621484	-0.13866453073689633	-0.1776994374630771	
0.2647298279488456	-0.047896252684126804	0.39626150948284916	0.3105554768440821	0.21683708703604557	
0.049919737938029486	-0.009552064257342141	0.07158341999523457	0.18220970835430628	0.11279267442344584	
0.06575901327922541	0.005581031216004026	0.05359407122309655	0.05843216320106608	0.06127964558463319	
0.05451343211781684	0.018029962277668742	0.12519922783639056	0.02710298957533865	0.08588470779260338	
0.052939025856157965	-0.07388645134282545	0.04918861136447292	-0.00687842669676529	0.05454523931349521	
-0.28556673230878327	0.015538810666172402	-0.29342568793481205	-0.23775635801072612	-0.2361728840998411	
0.04781696133491694	-0.07161152311747837	0.008033062868705095	0.0539814765586502	0.10993754559648478	
-0.12564542613965796	0.09773320483038118	-0.051077788166831124	0.07807756350786044	0.0006243710075961483	
-0.08694272739229829	0.0013883878278206177	-0.15616242464856467	-0.17713930867469574	-0.16371093036582923	
-0.1664014728084506	0.0491662576953815	-0.21338914337850381	-0.161294043659427	-0.18891043043976033	
-0.1158410901961956	-0.00038400522809293975	-0.10393701246971945	-0.07597730451971257	-0.09788740587833579	
-0.029259576360189363	-0.008170411390769787	-0.056047098526591954	-0.043549443185555294	0.05931258061863632	
0.16838145314931727	-0.035758351195172934	0.14116314263231367	0.08847041638664428	0.22226718500070541	
0.14856734148242923	0.09977318849732102	0.11349206929005137	0.017539939103700636	0.04961733604230751	
-0.019460184551893238	-0.013456767941569968	-0.03421543141785308	-0.07358436776696269	-0.07314552806815097	
0.013398942636385561	0.007578502893853056	0.03895885840369857	0.027896484814335855	-0.006931963666234313	
-0.03284603982505899	-0.00453159082181322	-0.026342894528316067	0.13860706088095398	-0.0005246012530169296	
0.03527420880619739	0.0718934619208239	-0.022393875735112072	-0.026557842634802587	-0.12569812589669832	
-0.040091693476888526	-0.03054317028069144	-0.07398084119709317	-0.03254522309685682	-0.06963050237794091	
0.163888973778245	0.10339386624134617	0.0015004950772909127	-0.038584220510749286	-0.02047797808813618	
0.08723202166095609	0.09103144912571699	-0.007476849206402018	-0.015129437506823579	0.11011534643160174	
-0.33817689643913396	-0.025979163330958864	-0.42365508471751145	-0.3377807884649515	-0.35553007329442227	
0.0493087453751053	-0.04675936605688002	0.07255091425591251	0.0295503480362745	0.057818175029151986	
0.10242490076000119	0.08532596013950042	0.13049700242509057	0.14083629849517895	0.2383633572093631	
-0.047653004422893615	-0.019447078509475916	0.05304035176276044	0.066251657227349	-0.014586708397848236	
0.10395471110608728	0.10820572765633396	0.09504337605157824	0.08288931111843935	-0.056313561923731235	
-0.08099988155889809	0.020453968846052547	-0.08280123717574214	-0.01488143639145049	-0.20158586164936984	
0.019719115682954206	0.031947527317520805	-0.054001018940792095	-0.03729123630396629	0.016891800448493047	
0.0012165402032637122	0.07005478056257197	0.03414269961497215	0.061108249085489744	0.1277158588106911	
-0.12336672272228433	-0.08417262513342577	0.011164333543413086	-0.035726997952277455	0.017297910081245833	
0.05563080500899104	0.10184446503836599	0.07000296265091477	0.07299088131496004	-0.006291813978715803	
0.011909913991984261	-0.06251688532672314	-0.050132740856833544	0.07735735830954403	-0.053917134673967915	
0.05763804534293151	0.08141461792390259	0.10077113800849184	0.08050662721566887	-0.014509673830795348	
0.22603172416507877	0.02245895642610295	0.3761661545271744	0.14369392126969696	0.19831164989258035	
0.09092171994998746	0.08471767887505469	0.146300403855996	0.061184254405793254	0.15270451672529747	
0.0032553078893487425	0.07725390121580564	0.05842761991584359	-0.02035179975650752	0.11018248640608419	
-0.018826195084013415	-0.04778353650410239	-0.030286290936012168	-0.05890475542078203	-0.07456805094381817	
-0.02908309344905695	0.059732864882994424	-0.2476876869593505	-0.06376340719459726	-0.1423083945894539	
0.11784388221722349	-0.051370094873413784	-0.029259168422774227	-0.09464397323623014	-0.0455109011442093	
-0.08774289120796132	0.023715513756728493	0.05217586577691904	0.03231592682096004	0.011301821404371123	
-0.03277827801108484	0.07960125661924389	-0.041747066988328425	0.05842336338810476	-0.011730303013348693	
-0.10321356107002214	-0.07483418764464725	-0.13502758689250358	-0.10259488370918807	-0.05140949615243826	
-0.02855422935449987	-0.0861534796607926	0.09532906118697163	0.012283976825805447	0.07407446979037659	
0.01730171760603494	-0.0037770270444045955	0.01349217125258368	0.015569680555935045	0.06721580968693346	
-0.11237028595905839	0.07333618852215117	-0.18428175234028701	-0.03566469960163374	-0.18214722893367719	
-0.0069101436479765636	-0.09818591294436028	-0.03649572021074213	-0.10798346097498902	0.03753725908597572	
0.008377047458420876	0.06386605036621763	-0.03513164922102869	-0.10760351771980951	-0.13019525921254763	
-0.05393334291909339	0.028742273638737326	0.0764486482997766	0.12156118397973228	0.06866835123631976	
0.029165428089625963	0.084122910181538	-0.06802277197544572	-0.09160692524807176	-0.13815219874740342	
-0.046055375563160895	0.06536713270981766	-0.041111056213831744	0.004755576533249612	0.12014661219331586	
-0.11050676665169686	0.09463354218343725	-0.1384970491900369	-0.03995024583852679	-0.098662818337231	
0.1602498454276769	0.00039149932801953435	0.05645697023343407	0.07237001080399055	0.17772143571698928	
-0.13291159293274382	0.050387864083022746	0.01655944268568592	-0.13545480524180206	-0.06546476988773511	
-0.04296091070461271	0.08205137451004625	-0.016537157972393614	0.029413802239792862	-0.033207723715232125	
0.0035925164937583255	-0.03902195090135698	-0.10597509652107251	-0.028133198480441247	-0.05818729390732854	
0.048023127335226366	0.09023087986704546	0.031060415560468704	0.0035568567255810815	0.034444528487704365	
0.026399072390299948	0.09476788575879955	-0.03277249190749979	0.05244702003034758	-0.10649772919004963	
-0.06968087286069961	-0.04045622863924221	-0.024779884482554315	-0.0503098980755489	0.026097269569707978	
-0.22047689639905704	0.041301741136477416	-0.30025479601171334	-0.1579766749377387	-0.27868860114504074	
-0.0008389024534969209	-0.02919208473968711	-0.08606107046581042	-0.044506136834979344	0.02926580262864046	
0.10057669082058711	0.02912174627487957	0.07679034155432614	0.1173456674614958	0.22123185546323373	
-0.009212640674390232	0.01166085603022614	0.013646752853081041	0.05340413581574823	-0.046994045790148146	
-0.01571069412535056	-0.07195343347612802	0.01364534437313546	0.05200150608255644	0.07676823300814775	
0.16481655146156163	-0.05566353304982804	0.19108930089761259	0.11360619665800699	0.16120630631600996	
0.018916971453445123	0.05240738780064646	-0.03070087866742752	-0.10322259649203001	-0.06139490037134806	
-0.08852447566986024	0.021682140151411067	-0.10380067773860693	-0.08937043253558684	-0.13807538982953232	
0.021941676988548476	0.07993331641507893	0.09914789403721427	0.20819661755088875	0.06174068470871644	
-0.015026382235070117	0.013057476769499381	0.05777123624106374	0.004885065574183016	-0.07155218635801773	
0.045029972295289766	0.004889042650815047	0.15205757070208167	0.12728048561264946	0.039790300014070905	
-0.08318162175683341	0.011990967047057093	0.06691343925885385	-0.09233653711082287	0.039217695332870596	
-0.038912895110742134	-0.028093928023944562	-0.05077202594946958	-0.037410618199308715	-0.19131788697941315	
-0.0657712346093861	0.09338095460533728	-0.040597358299962305	-0.06232150075351266	-0.10082801607888721	
-0.09197637580767552	-0.052365715849938405	-0.10347478964837561	-0.04651223044310118	-0.14231347799052346	
-0.19997847614508513	-0.07379337447712792	-0.27134683507530316	-0.2686872167658112	-0.2612491848118593	
-0.1515753688563953	0.04450546295280843	-0.25582077259786784	-0.18258115765104005	-0.11750567891136592	
-0.07578316716406822	0.027889888560011837	-0.03974197321529315	-0.09115129895394102	-0.10203996621625397	
-0.022719221987732893	-0.05052376059765067	0.014992110608448957	-0.05588146760022898	-0.051036092354721126	
0.028558336438132128	0.059646694675980286	-0.06308933086583166	-0.034553113652973026	-0.04496031105486597	
0.0535140398702532	0.05944730727543657	-0.0460345763153196	-0.0618337905143855	0.015843109305443092	
0.05921354147824019	0.10289600526829501	0.170482698072924	0.09734593779663438	0.04892549141005009	
0.09841201542259134	-0.046975187828428626	-0.02692999711215539	0.01800768582317699	0.006235626402381675	
-0.06006386395488393	0.05762296613814118	-0.05255930878437575	0.05664225849550875	0.04137447034294898	
-0.05329154661538775	0.03185225466434719	0.05244104676542039	0.04170704079221729	0.01509622488578902	
-0.06454483559255833	0.06544091632377536	0.06318678009512177	-0.016676999110993185	0.020994177347491795	
-0.1758589290788777	0.07364773553612905	-0.14504657196605134	-0.10046539839184815	-0.12053739605151718	
-0.12961643558704772	0.08574244959289293	-0.07678526362453117	-0.03334681859033512	-0.0724210305366288	
-0.1143165281673601	-0.0825961252595601	-0.15010735415261287	-0.043331246697338	-0.09914165576670154	
-0.01674510876402299	-0.09821831564191152	0.03891798857244238	-0.07245164907324238	0.08273941687786249	
-0.09208782158298572	0.029938428562745235	-0.13358817722930855	0.03444964082419964	-0.11449823299742054	
-0.08097541805762629	0.025455253125091563	-0.21315590249617486	-0.06399958043370217	-0.18295030989795358	
0.10453965741930185	0.039769832537042055	-0.052812928515490486	0.0983326950535781	-0.08212892166181594	
-0.045886688522192826	0.025140373838268185	-0.18840797296621697	-0.07229764084187316	-0.10383863640066374	
0.21920041773233515	-0.024436610263057372	0.07751935856152532	0.21927152108091116	0.24035837095725243	
0.20078357794050433	0.017409527903471972	0.2504906934379181	0.211420578267864	0.1848140988147559	
0.10303963802992028	0.06517806528215135	0.048224817797539635	0.004727652163050073	0.06345029633621443	
-0.059700329983344576	0.05225753118835419	0.1035504514493838	-0.030679566365939374	-0.06379049673383358	
-0.06218005674103782	-0.055532054233342024	0.06865366935396831	0.002147621830008956	-0.042733696177103354	
-0.14645324973723317	-0.0279696859044466	-0.03712553712250569	-0.08739913018517771	-0.08090430984554706	
0.06365954531463909	0.09942749983676469	0.059934562987727216	0.027932018755526526	0.11124052377924618	
0.06397256237521136	0.02498952739963616	0.1189130654028828	0.15315434162775418	0.23079105712102405	
0.018311706112394098	0.08488104640891901	0.026169802917846596	0.07880202849532289	-0.02891778455896612	
-0.13083449200602768	0.09010536706395718	-0.15359075583310489	-0.04781373969331493	-0.1609473793378383	
0.12823571268705186	0.10588140178717399	0.0680031225933698	0.13846272612874608	0.2408705749196577	
0.05380756531160255	-0.03382551286356603	0.12977481893443266	0.011927424958414755	0.10624776036111656	
0.023017995646987248	0.09931209799507086	0.05440702505729879	0.05624217926155551	-0.09722303489096205	
0.1889756586886942	-0.06990697447942762	0.054522066125593086	0.16407270731126442	-0.004733052552238152	
0.09622634986128123	0.07605675341269973	0.030670246884112972	-0.011520661025612926	0.09229304746182222	
0.10944776245938309	-0.05417072660535388	0.2107048251408874	0.18207831819282597	0.1128330906051255	
0.08083759115669487	0.011809384807578172	0.036004717856668235	-0.018431779438452964	-0.007371957058757559	
0.11672577025651451	0.11795615383508354	0.17668428554361815	0.08718203608489263	0.1381416760695864	
-0.28453564323668734	0.011497397076148353	-0.2652805222271995	-0.151056776669675	-0.2575411419433638	
-0.31317718310460807	-0.02228142577839356	-0.37589004005862825	-0.3254112298845212	-0.3700215000551693	
-0.0059602196887956205	-0.009246960959022102	0.01654691596918525	0.04222440078920118	0.024181506004159446	
0.1070324643072908	0.12099902865039973	0.1279160088481457	0.22620633892269285	0.1843780515943576	
-0.01830586087775859	0.07919343697574978	-0.0073360257458948775	-0.06479136008082806	0.03730652199926477	
-0.11662189150278822	-0.04492782661060205	-0.1998803176965606	-0.08018602793804994	-0.1916565625384674	
0.10492386857360625	-0.03204513924204773	0.0732099031290875	0.05319849356468253	0.1237055749557942	
0.008166010642851896	-0.0685309013708335	-0.08266406330600064	0.027712190856031698	-0.09824029763555912	
-0.048181571528852135	-0.12103272525303954	-0.11593814772071788	-0.11761408090919795	-0.24481589281887858	
-0.12166755259037113	-0.04382329076418879	0.05981445478880354	-0.043856348341779004	0.025715629623417724	
-0.06416148993504912	-0.047563647995829905	-0.07360325481382106	0.051412318383160585	0.03508704266606969	
0.046948297953179854	-0.028822496451336815	0.036266154215634915	-0.03148662591220381	-0.0029920684832644255	
-0.12082730257286513	-0.07846624241744304	-0.193195049472773	-0.06510823060707127	-0.07221903940841427	
0.013368103067852693	-0.004142106853752061	-0.07224134172446503	-0.079456337812017	-0.0077840369727741575	
0.018876117168856205	-0.06542661265688034	-0.09251240572302798	-0.06282958123817967	-0.07950361478609705	
-0.006729187921721184	-0.0369884122784549	0.009159962142837937	0.10194815997791105	0.10147759607269256	
-0.1426637019638739	0.05331562002730086	-0.2475129399171214	-0.09158184845937434	-0.1837629449418461	
0.03673785206276175	0.08383583004661081	-0.0103260637072841	-0.09195001385567768	-0.0293677291473269	
-0.47218598735180106	-0.04325909037346792	-0.6569847271586073	-0.6030149479455945	-0.655144659760323	
0.0504688492006441	0.028172350586746536	0.034337988678063716	0.0654781962693864	0.13038318202067842	
0.18770501530303058	0.0963370168852471	0.21646892714988586	0.012278457186407571	0.2432312345508718	
-0.12308195006689748	-0.07589546910436577	-0.0745228358141561	-0.10121008449074219	-0.022437240136651704	
-0.13815724225771653	-0.06337696448514736	-0.14945447126448805	0.004201603094761561	-0.02685437417986648	
0.008377093715798515	-0.05893998594898325	0.09099401947211427	0.011316217183768736	0.10011746999894179	
0.05067248341772923	0.04992160674058301	-0.06053551836406897	0.04564610266725097	0.009057684566159633	
0.01549434564005046	0.029254001730267723	0.012413650085762425	0.011085908550682052	0.1280111862955209	
-0.08206960080003564	0.08487512930326944	-0.07463883450317105	0.05028584893678999	-0.09279029951727902	
0.032702649285896584	0.06602056530528548	0.038720913837576636	0.1672392302760563	0.13551178782259066	
-1.1417558957323972	0.16539261642983377	-1.564448395564447	-1.0838476937963821	-1.4475482251210805	
1.878212023778425	
