TESTRUNID EPOCH: 98 L_PCC: 0.9091885957733223 L_ERR: 0.004058432139021206 T_PCC: 0.68145162844026 T_ERR: 0.011588596054679216
180 LAYER: 1
5 LAYER: 2
1 LAYER: 3
98 :ILEARN
-0.16940735611212385	0.029382114339914434	-0.31323939360861175	-0.19357382668312134	-0.25875682345690965	
-0.3881279717264263	-0.13267661052139676	-0.3870031993966693	-0.2954085719662958	-0.4029679686802177	
0.057693752224437525	0.05093607608979101	0.052257193076935646	0.1297799761495111	-0.015305106028716401	
0.2567919200639188	0.02417980921101909	0.31996711755356333	0.12521196470024903	0.19761427555447414	
0.014158283285493175	0.10639534278181022	-0.1299549563206372	-0.02606300569907455	-0.005365755255374504	
0.03854361407037437	-0.10322922330319352	-0.12827980087514182	-0.12334499224811932	0.0026225728514597266	
0.0032133827093711012	-0.0032976624423519565	0.2114168316990065	0.075698753640462	0.12618088329686358	
-0.02754939680506946	0.060087508207830716	0.07026525150464431	-0.11480251684010528	0.05064156666236701	
0.022349476008987366	0.04104200478636909	-0.1324281014959991	-0.02444415572067724	-0.19057344154237232	
-0.07516536495353351	0.09011237063115578	-0.17098412731513166	-0.09364835632195875	-0.14287378626233116	
-0.1159100128706321	0.045367661634766035	-0.12656879592795206	-0.06873380945834635	-0.037272718504795486	
-0.3576891217795337	-0.03863933404772487	-0.38350433318724997	-0.25123953626735973	-0.3312777522456032	
-0.15066265649004557	-0.02246097058913936	-0.08505509823833746	-0.08794774098195779	-0.1791693898717307	
-0.061038111491318256	0.04182986034319323	-0.13084620920221265	0.023485277986158598	-0.08063033885376485	
0.12643884178174394	-0.05388416905834476	-0.011692773047605307	0.0956720964250404	0.01658493824925393	
-0.1263483048431162	0.06743167004029654	-0.10331222019197996	-0.04572505542593051	-0.048076845462935565	
0.051529377180120364	0.017858661702442827	0.015000312989695312	-0.07309584992653931	-0.08096080850161724	
0.1182523990556929	0.005888128137583069	0.1090658785585532	0.06553066516992548	0.06184169031717359	
-0.2213050087691626	0.07323876698643181	-0.2220556064385458	-0.11249743753780841	-0.1938312804230555	
-0.134038322943008	0.08113133028297084	-0.13166096265870125	-0.16439038929523758	-0.06070166572087743	
-0.15196998271481327	-0.005680945314628988	-0.06653759533336558	-0.12908021525405355	-0.04913692293738351	
-0.04992400067085653	-0.08983251887087866	0.0042612808615833395	-0.022030417850881254	0.031121448308535627	
-0.18624092433294923	-0.07192944936620421	-0.07475134311037257	-0.07113852282183453	-0.2100587851165184	
0.04048659934904649	0.07279780798157902	0.0698723284221338	0.0495069059893147	-0.06482049424291816	
-0.18607616657148648	-0.11163856553356365	-0.22379227814525776	-0.15241109898776098	-0.06535040716610559	
0.0027715466635402676	0.027642761973364054	0.06450473565394169	-0.04663200822350266	-0.03765200382752931	
0.05100156320284509	0.12261077403015687	0.05684155529979914	-0.050881485475958825	0.11924721265741683	
-0.15504008031125063	0.07365321940641703	-0.1682372861480645	-0.011477853256506175	-0.06506238331324095	
0.1050082642597537	-0.031503870410881166	0.018228988426476224	0.018206712896508822	0.04497716071364698	
-0.1540979166988893	-0.08551157162163155	-0.07755007787178593	-0.09857601114512687	-0.26377469008358434	
-0.09312594151561494	0.07278342230416696	-0.04408877976344115	-0.09480281905023413	-0.18708732614857826	
0.07273540335355125	-0.041433567445087534	0.060625630578612213	0.13934732464647034	0.12604009600490698	
-0.15256775899011496	-0.018917987354117125	-0.1669799146564214	-0.06492724312572336	-0.30590001698353064	
-0.12157799534875054	-0.09001841427758436	-0.08798592615125116	-0.05561639855693346	-0.06836288305119265	
0.14797535149461452	0.14878695053321708	0.2588357601995585	0.18617843108144755	0.29481034670767386	
-0.1891741965781367	0.003536980046218393	-0.35253854670297674	-0.3045612524746775	-0.28172189442575324	
-0.3392545869866928	-0.1287038841829146	-0.4151986592326051	-0.44478328024085345	-0.49152182466017785	
-0.029261234312017104	-0.051114124873765675	-0.11194745989550571	-0.10173764572142517	-0.05910752137675534	
-0.028193936194730186	-0.07118247464889992	0.05250100524367309	0.049276337884680645	0.1136559007282052	
-0.06678488994605625	-0.13997143179766405	-0.251378286357756	-0.15789926427174208	-0.14226148420500442	
0.17728202011909508	0.0401438566884532	0.18238372526211846	0.0997802107087638	0.1046753430304027	
-0.24904773711607447	-0.024767610943403916	-0.3155825818954426	-0.1372289399101992	-0.17108400263363155	
-0.2363255410029497	0.07383944893923135	-0.35042821471917274	-0.27583671469035664	-0.31628443997453815	
0.281528074884881	-0.043953942699263414	0.4338024339897474	0.32450960682757396	0.28515149208023516	
0.029068680099081038	4.3105078846211076e-05	0.05937663261891532	0.17907083976601096	0.1070518113442446	
0.07369540522653639	0.009190825400590512	0.08530044037044897	0.09711730117459179	0.13452837746607577	
0.0932390911925184	0.028699895227683597	0.18063871670925144	0.06986861427550894	0.15969391413748024	
0.02989253344414008	-0.07477251614800536	0.013139496339386582	-0.016960371768332042	0.0779235338190029	
-0.30708745113267777	0.002023159289479562	-0.30393273547309463	-0.26316436598279036	-0.28677961258866086	
-0.032902258565440254	-0.07217772442935763	-0.10940513404802843	-0.052471974262848144	-0.04418736279836537	
-0.022569763696343868	0.11598867354349104	0.06833759456869055	0.16607500160492913	0.0866280358847258	
-0.10557241693221224	-0.0015018620337435876	-0.20270851522248226	-0.19558185459331875	-0.1582430574823206	
-0.0703148255494747	0.05670608962635988	-0.10424230890413691	-0.07686065447837634	-0.10454612150827465	
-0.06873244641750154	0.009342590952461573	-0.061540296834569484	-0.0536781453151479	-0.1650315183619076	
-0.03963015130012248	-0.01336878742376662	-0.05562992540145428	-0.06012697082271439	0.06169001546774967	
0.10973895640053599	-0.03959729053949506	0.07319024557787993	0.0434909782138332	0.19357861181150182	
0.11867629691469656	0.09883924490161294	0.07083037288837071	-0.013454323415476309	0.029507313651059783	
0.015233646263061425	-0.013546623733880788	0.012680930071540046	-0.04208497305528506	-0.11709357044591588	
-0.01582744766645836	0.007515009536372358	0.0058240514848329214	-0.003441601239097728	-0.11429843216535679	
-0.10693568806543738	-0.004016645895420591	-0.13110405924906282	0.044263177282726864	-0.12622715395230982	
-0.03461247936310259	0.05967120967372226	-0.0951044113680335	-0.08420543568604467	-0.19714901408451704	
-0.0692693805638896	-0.034355760634037974	-0.1590513026088873	-0.06313805507168342	-0.13206960688349625	
0.14312335567039117	0.10147171112873528	-0.021621168850634753	-0.022927571897969033	0.0035715592114258796	
0.06046607560101418	0.0771646374427611	-0.06159336539296547	-0.03953246944391753	0.10618798530460338	
-0.0811577304996362	0.025488395638988668	-0.16192589671615445	-0.14896854686799343	-0.10024339775132014	
-0.011245164008705183	-0.061275004782546515	0.01864592525834865	-0.01548461927406093	0.009811782756378918	
0.08047722778980232	0.08023644612857987	0.10923112109523876	0.1277945779570633	0.2193590488905988	
-0.12814825956344972	-0.021708165232968684	-0.02576392406212365	0.028183125686786534	-0.05048702082727282	
0.05443789827325997	0.09929554688397332	0.0202579129868015	0.04332271660229006	-0.12748083499773458	
-0.09934043194616944	0.01510299455419386	-0.11663232866875774	-0.06450683380522494	-0.2670255389827621	
0.033605063102470994	0.03607085437178605	-0.055964388193677245	-0.05354362094994064	-0.01546014624942639	
-0.13521767187290581	0.053117136581919806	-0.15904736173381676	-0.06884072849964464	-0.053111761974333024	
-0.13819838837024817	-0.08893577164826441	-0.017846370336543935	-0.06590632974319288	-0.03631213321976342	
0.1231261580519296	0.11337835796864591	0.16774367581364946	0.13459814832697925	0.009969517559182814	
0.0653153661886636	-0.06906140374309112	0.028137540957102535	0.11755080199763616	0.004607772747308346	
0.06011077506589696	0.08255731927648777	0.10635355858167249	0.09719389051351575	0.02411846961287605	
0.25599091699003174	0.03419258109945592	0.4219973264913816	0.1785600175809044	0.272523174365115	
-0.0035770445535069405	0.0823783581321324	0.14352525607060468	0.013982053146032108	0.10520307696573711	
-0.04363972568017564	0.07183934133342332	0.01658839685848151	-0.05725772082227527	0.01938912800449442	
-0.023026734670815768	-0.048481099365901704	-0.04414212915458785	-0.0942834399523082	-0.1090778128255373	
-0.006779965200155882	0.05167302921314036	-0.25306528685134194	-0.04514496624853962	-0.14171630767275162	
0.16261261771632118	-0.041254070380081886	0.032379563043296034	-0.044573586387323366	0.036640453128308596	
-0.06194874886291044	0.02848145109552751	0.04955604363736018	0.043477144466618635	0.02204545609443007	
0.0263715774168191	0.08652416955881669	0.023819345657071708	0.09394874242940507	0.044133364567047924	
-0.14265330366742812	-0.08178449072411584	-0.2049136071717416	-0.14871255137691217	-0.11715506443984064	
-0.018947054810560537	-0.08153056713456337	0.10762684666459212	0.028065088585300924	0.08988178814925164	
0.010962511439884927	-0.003166980729402097	-0.0042242569473187495	0.011342496414069309	0.0562012880517714	
0.021199744783015808	0.09439792142292583	-0.06261677819498916	0.06463372609831852	-0.06752719738766343	
-0.041402173587085936	-0.10915568718286536	-0.0897283193550677	-0.12997984786142125	-0.008902230542140156	
0.05961930833423688	0.0651155344754821	0.06318968422093262	-0.063104434947074	-0.06530669595777734	
-0.0686937729869621	0.029051659523411006	0.07661017691471722	0.1133603417776091	0.0738260794647657	
0.07856121518317105	0.08856906607765437	0.002441457474363702	-0.031406471129823435	-0.08969574330010241	
-0.0793907089946192	0.06549950990394321	-0.0806013995062273	-0.023590611025900477	0.08966337363469873	
-0.15617196582041643	0.08420247699983671	-0.1964431779863959	-0.0838343415923879	-0.14263961330798128	
-0.04503148364426054	-0.018493398799637555	-0.1969903407495919	-0.1568223389073637	-0.14269957184215368	
-0.1648805367521482	0.040002789256717367	-0.05517268713447936	-0.176198407861888	-0.12273890110656129	
-0.06268274024024648	0.07532044677328772	-0.04774280792063197	0.006719157518647645	-0.056097386443941154	
0.02900087565316088	-0.025739753585138133	-0.09789717456071696	0.03196794608475243	0.009303332941007766	
-0.013995893862777045	0.08505785757987101	-0.036006099194795256	-0.040695655264568066	-0.009553408647642703	
0.06833336437940954	0.09489864911678189	0.05062793868936381	0.09505942646844172	-0.04028005510908382	
0.0012665125200820658	-0.0301176305481589	0.052284774525841175	0.0034192686842327517	0.09438700142554637	
-0.13655573246915892	0.040388008659104406	-0.20523404059883907	-0.09664980581862566	-0.17025621579178904	
-0.00959876866817438	-0.025372284732969104	-0.14825974243424697	-0.09395494298553145	-0.015479817710371435	
0.0757675544263368	0.03376367181423882	0.023157541886955426	0.0732978585175517	0.17927628892294004	
0.11034591990616362	0.02633053128260226	0.18216706178608622	0.15382970156790488	-0.03072047665099988	
-0.11688565006493648	-0.08052779634369331	-0.12686768025290998	-0.05371781543388966	-0.044914149151021016	
0.12723652679648884	-0.06208985826508128	0.14086428738987913	0.07212068322984529	0.11687828503507863	
0.09093323775855411	0.06573646620111778	0.04115913218192533	-0.0735476407863865	-0.0038477430066935522	
-0.06825825614553664	0.007751001970989395	-0.10092691262390474	-0.09149602817082211	-0.10456962322369719	
-0.04301299224826679	0.08138715098548314	0.012217533302718681	0.16121503946544383	-0.011076663044887166	
-0.030477439848449465	0.019749455325365622	0.04436202676414313	0.010369864538606891	-0.07769407644294202	
-0.027516283769815672	9.876229355363079e-05	0.05346205015842808	0.046874376519584454	-0.039571512975314055	
-0.13268173845699732	0.011161114671871466	-0.024781026960182688	-0.1457548408302724	-0.025919108156139327	
-0.11111782047940272	-0.03437558937212316	-0.1382029185283578	-0.08510623393762064	-0.24478032703625655	
-0.05921068130014222	0.08296221237345171	-0.02206052123184105	-0.036973693657439965	-0.06110646488758889	
-0.07206759599269899	-0.04450705931686351	-0.11782111379895009	-0.056994947903153896	-0.15851087160155622	
-0.10641319497266753	-0.07205877275801763	-0.18276957666892876	-0.202878649666463	-0.1826832081324641	
-0.18747110581419452	0.0469536194611624	-0.3064372530632313	-0.23685302601931327	-0.12932971856373612	
-0.0628390753258641	0.028704721313847804	-0.005944213613543868	-0.0737146958692635	-0.03735955012659659	
-0.015692734113138932	-0.045825587139343066	0.023379318778139903	-0.04149847536492863	-0.05133445059704548	
0.041106362878450535	0.0652052184438848	-0.03554534830170104	-0.014578759652113313	-0.03355325087980916	
0.10564414530676652	0.06867714588559014	0.029294832836779774	0.005879073339351937	0.08670947750672475	
0.028618809710339824	0.09363349426985729	0.127913536875592	0.07763878402033705	0.007745382734289548	
0.017703492160653575	-0.06942760239254309	-0.12053827363907722	-0.05471045282983643	-0.09019932852151041	
0.025268976293801107	0.07503131665934078	0.04040976052173918	0.1144944004507988	0.11174972268585696	
-0.150867879423411	0.01992717973613256	-0.05804846347996261	-0.034024821045849016	-0.09382224561659168	
-0.049083148728995815	0.06452707029126095	0.1050969442742713	0.019761315538690354	0.0682170396056369	
-0.13416854533008835	0.061881044383356225	-0.10229734599767733	-0.06343124173522902	-0.07393712464288889	
-0.1189588486374293	0.09204908091467777	-0.10510516242776051	-0.03090363085708762	-0.07465481117869613	
-0.11931403902379945	-0.07174565498394715	-0.17214041383375725	-0.08704751183983202	-0.14859774373953602	
0.056078379846331024	-0.0722867524548718	0.12949943242215486	-0.028037300469194355	0.18068152977548285	
-0.025808511604214147	0.035762898813420915	-0.03155421602877374	0.12493699173544136	-0.016254451087880057	
0.06912845627403978	0.04972161726513869	-0.005909212225438413	0.06517560488792941	0.024788836647661006	
0.16481460208544846	0.06957271177925392	0.014777430273934338	0.13805086702514469	0.02737322337546219	
-0.029275410502486842	0.012945890127277957	-0.14842124401161036	-0.035055778943805356	-0.10013680098916536	
0.16878959239460942	-0.02404515818383479	0.022724448370436974	0.1901626961802557	0.18461361691964226	
0.11130424945114001	0.017850992247525926	0.13882483133848333	0.14361883650312626	0.07555994626785259	
-0.005092879711305254	0.06009858180165917	-0.08787458907868277	-0.0800387751118055	-0.018433053529314607	
-0.10543030821256784	0.06544622453329238	0.021008649593174302	-0.08700575196370251	-0.10056063650127688	
-0.11225896044802978	-0.0468511806494457	-0.010371699493179485	-0.0790833215220946	-0.15548871346224985	
-0.11794346716044153	-0.026299845612741995	-0.022282263001582113	-0.08184107362554546	-0.08337928777189771	
0.0553756258391393	0.10068800801551164	0.05993458896357486	0.020504882149235987	0.12674355063208037	
0.1658342653983361	0.05390904249018117	0.2388262417581807	0.23018629476467709	0.3514056455441112	
0.1802949289263971	0.11028705601169256	0.24399935133784245	0.21127872834989253	0.1582302515430331	
-0.05613277447341276	0.103538680227951	-0.02689818720309606	0.01717102504877673	-0.08873916957494228	
0.09661094897603383	0.1079273563625184	0.04400985384728304	0.11261248929776528	0.20255730064846028	
0.02877482975989156	-0.031609779980761185	0.11550827657679477	-0.035152923247374776	0.055327133629609906	
0.058893656016591606	0.11665218934278007	0.0766972127949205	0.0834515818135111	-0.011189461025860117	
-0.01532351130671061	-0.08177104476059531	-0.2142781459178352	-0.04137723918021977	-0.2577437531874021	
0.08282420278971898	0.07522502604751753	0.005265133607050857	-0.018276397321831728	0.0390699174913011	
0.057171110142400956	-0.06489432591588806	0.15620381337845307	0.16268194694577368	0.04969178629186517	
0.10280804404431687	0.01262755925918525	0.0782073042995419	0.01048613552265985	0.05224373890521376	
0.05516938030082582	0.11443933276995358	0.1048314581005682	0.05419875657344306	0.05421361905935261	
-0.33166265583626825	-0.012130969422647376	-0.3186117159597486	-0.20365757531908169	-0.3295238831386485	
-0.2634935085872272	-0.03431511849382334	-0.386901863696471	-0.30704784231726723	-0.36279429782241107	
0.0020449008588749647	-0.002430818446756413	0.016406586948738693	0.0322362550359314	0.03277120040824029	
0.06638787776664812	0.12374088694911053	0.0543405753483796	0.16880637677799396	0.11188631938098952	
0.01842033456352786	0.08155281694113484	0.05001571084962828	-0.023216896081342444	0.06678274700907073	
-0.07582687453025325	-0.051730570261112274	-0.12416985452774379	-0.03642395948274609	-0.16914449147202265	
0.0875052315349902	-0.029649015177856265	0.04210057481757694	0.03246204265708288	0.0531434994629911	
-0.03503649138458954	-0.07716257830742003	-0.12394401252533281	-0.03585776481379874	-0.15998820687935775	
0.06934272162774727	-0.10949407363401979	0.05988268777420963	0.066620781334762	-0.07746453387001402	
-0.10715341420608886	-0.03653394282932633	0.09155172604110622	-0.025336241094144906	0.05994025125477576	
-0.05057559000487082	-0.04085138524352651	-0.04225336527563691	0.06885167175686091	0.07014278682755007	
0.1751748141586899	-0.008261970533268662	0.19774380291889523	0.07615430814055114	0.13433021620633945	
-0.11293052798293574	-0.0810625549743669	-0.17446045287497847	-0.055421250046437776	-0.053972062522927494	
0.002540736860317837	-0.005571085416325607	-0.06259948515466289	-0.06848081612671467	0.0046126686954661685	
0.0027163818872621916	-0.06330110009848447	-0.10981821279830116	-0.08710539924251619	-0.10011857338568192	
-0.020693075691918274	-0.03163008300346436	-0.00026574800113179155	0.1054394876543802	0.11217629457682012	
-0.18359033423165416	0.038726033108537256	-0.345671535401155	-0.20440612660981572	-0.28704769934011526	
0.007953305833414746	0.07016742162969716	-0.09549604106981076	-0.15888058603818217	-0.10770513580326667	
-0.5447113419099597	-0.0735578831488469	-0.7488045796972285	-0.6650629996602324	-0.7323978745902509	
0.03836998812431973	0.02340608981287094	-0.01690918867919882	0.02094784107567067	0.08353951034700387	
0.17879251090254825	0.10208229099241937	0.1717536049611136	-0.008823579369760439	0.22571495912660924	
-0.23540039336530513	-0.08151769900363241	-0.2044321456067081	-0.22579642156519544	-0.16089376099102906	
-0.11219820520133357	-0.058376915019015076	-0.09801883033129982	0.032112249318949196	0.019457895705788753	
0.069360858292616	-0.05003949724851191	0.18605565169934377	0.07454732681027557	0.18285477155350113	
0.06335432071741748	0.05865844547137047	-0.05114827921526661	0.060232076495113925	0.030498347988186802	
-0.0193482892684437	0.03591893101436758	-0.052353099101443534	-0.03154136914175188	0.10928194285441796	
-0.07588466717131044	0.08015606207022752	-0.09234913325238565	-0.0019998722954720914	-0.12664733633018385	
-0.004640638963417669	0.05809181034683781	0.005320660477421859	0.14971249335029788	0.1129019344978869	
-1.0789829031451392	0.08682110312617677	-1.6170477450822889	-1.146557027491874	-1.4816219807256028	
1.9288499584642445	
