TESTRUNID EPOCH: 28 L_PCC: 0.7421161923403224 L_ERR: 0.010874185077088708 T_PCC: 0.554326889294393 T_ERR: 0.014634472866199115
180 LAYER: 1
5 LAYER: 2
1 LAYER: 3
28 :ILEARN
-0.050476020692906354	0.03481628818054805	-0.1461577553227614	-0.07562482904534928	-0.12020065025505661	
-0.26134291296460815	-0.1257706206557903	-0.24443702265164707	-0.1913961411261409	-0.2077031267431311	
0.021246349962303453	0.047264218552934355	-0.013259055934360475	0.10364883402265612	-0.05687583678059236	
0.13063123286831935	0.0149376012475632	0.12624629509747864	0.011461258084044525	0.042364247727441164	
0.0705432613742965	0.10519465275770958	-0.04190373047738198	0.04047021700447035	0.06806018614080565	
0.03263182591114052	-0.10132647700808411	-0.14414685259180599	-0.11606432199216503	0.012761574445973421	
-0.04965151052839006	-0.006309721854231816	0.13017614195639046	0.02869762628576415	0.06593192027389567	
0.002404642063615282	0.05443451153374231	0.10091786594716153	-0.07095662275296924	0.07989464385599793	
0.07101488142625992	0.042040464547405995	-0.0792336144063798	0.02808926960398078	-0.12435535573842511	
-0.015293703958976744	0.0912542825191794	-0.0631982215351981	-0.040638918740190044	-0.08304376592224345	
-0.09913117800149321	0.044625688611979616	-0.07522437457580278	-0.04759851322051513	-0.015010922471865695	
-0.223324054814717	-0.0318255715751674	-0.22150177983880834	-0.11645313171394549	-0.12155085406062455	
-0.10510224015176653	-0.020002811383668852	0.0015030403457168945	-0.038829955416237946	-0.1248128795025879	
0.0035914275634602467	0.04163574898550823	-0.02290490374974625	0.0886712025680803	-0.0035425996311216996	
0.10425411576673724	-0.05810271811935401	-0.04966561334105626	0.07775869182053197	-0.006920001022042704	
-0.09922072278230998	0.0703277276071707	-0.06871056689479253	0.006987618630452159	-0.0038623166675134392	
0.06029039628456792	0.019283467914261592	0.028474993940631004	-0.051418822528257725	-0.06778297191682713	
0.09676258089410347	0.0018768196939603673	0.0923460553892581	0.0492692584781748	0.02745466155132104	
-0.12637335740727657	0.07789746731403024	-0.08319202116365626	-0.02358307565476621	-0.08863217402151796	
-0.06970357928597833	0.08391064491912119	-0.020958982374302125	-0.10972885358299889	0.0010525117678787655	
-0.07565836827838585	-0.0037499292333707354	0.02790488499905629	-0.0639804024580371	0.032573953452126526	
0.015126258015900179	-0.09183500538286699	0.06899001587875689	0.03510014621277074	0.08041561322708056	
-0.07987781952254946	-0.0694667946781452	0.062400054419940086	0.03237270027146389	-0.10572376721946329	
0.07560752531212211	0.07023451803432146	0.10415949111120126	0.0745538445181702	-0.05055275171383903	
-0.15536484551208285	-0.10942649697295775	-0.17584369738485672	-0.11302850626359182	-0.012003938496594205	
0.029285897512429156	0.026165766272602614	0.08758816605097273	-0.04005461212367434	-0.02367564118989056	
0.06379131866847132	0.11875893537228115	0.06311617228815807	-0.04445085881093868	0.11130220916325434	
-0.055277634637418985	0.07250405570258729	-0.04202281516680191	0.0743423414283112	0.03375668071423426	
0.09664771228324971	-0.03616644695647706	0.0032874350195256125	0.00884245274436512	0.004234605392335136	
-0.1501134146454226	-0.08315243707795297	-0.04592961365039158	-0.0738659417430712	-0.19568452453012783	
-0.13227013377054633	0.07461571178387423	-0.05537768093038792	-0.116057356971706	-0.12548449898856956	
0.07115680485849725	-0.045250467078997436	0.03802911363627507	0.12418999054718007	0.09247488755913241	
-0.09071867467205505	-0.01545805313098458	-0.03761751579136352	0.016529068376631508	-0.1366849009736795	
-0.0895861261570521	-0.0893385156873973	-0.009286741491033172	0.009216314167525014	0.005044303854577938	
0.050292055596541	0.13794379348372418	0.10632865471404976	0.0638163580576447	0.11185435019149484	
-0.025802554247869407	0.01237045057392508	-0.1354093691591305	-0.1459430148915242	-0.10659230911770227	
-0.12848504920503853	-0.11242324745567683	-0.12644149534063906	-0.22648500973502453	-0.2195200201352781	
0.0699062313889929	-0.052697482863398294	0.01800634846942019	0.005679936919337705	0.07237329477521978	
-0.001585244357885415	-0.0729478611286873	0.09439108038469686	0.08981562300846438	0.12945283583358264	
-0.015327158951986448	-0.13495651859856495	-0.16934582690338648	-0.08812650564513594	-0.03712945701682849	
0.14750202877384508	0.036349974205413686	0.1465882476229442	0.07822609597020859	0.04175170834763867	
-0.13084934128557896	-0.017051743447828806	-0.1465802213306084	-0.02300434310450674	-0.0573768402088399	
-0.07525794478159598	0.07991427737920416	-0.13125733309677515	-0.1102307900943914	-0.13119660040930822	
0.12571889638097297	-0.051487432898525344	0.23274839901348912	0.1883281576885229	0.05511683321532539	
-0.02125527433599996	-0.008244225096609135	-0.025941931772528206	0.10684779599023621	0.01518484809435353	
0.056558442782771515	0.011251437494424263	0.03226855920137004	0.04688524482187317	0.04349769063743616	
0.031349759899410856	0.026046324408116682	0.09852414448827056	0.0011066910944278886	0.04643358719569751	
0.05329387580282548	-0.07852293067897527	0.05828237866809475	0.0190997891354975	0.09668246570623683	
-0.22623659923413497	0.014965567842606296	-0.219394121024242	-0.21512065208054912	-0.1812957495397844	
0.043283958208480355	-0.07524436764237052	-0.008115593743624009	0.03101263886510525	0.07933184528598007	
-0.0752625637923213	0.10906657531352372	-0.011262811037401458	0.10185006082521544	0.029960516953240725	
0.01279396224831087	0.004190458539416718	-0.0388755586594996	-0.08372759206105067	-0.04070530288611441	
-0.005036776154349595	0.05775157058092572	-0.030293069199004923	-0.02501762530719898	-0.012703791720287237	
-0.10229969835329968	0.005044919288604402	-0.11020319046908397	-0.10155150434478476	-0.12684565780355497	
0.02775928443451738	-0.013280499214797943	0.058097371226593655	0.027337712766234288	0.1354179216125492	
0.07511419565954429	-0.04261594281971485	0.0326673671582852	0.012672566335486414	0.11410154779330536	
0.10699012187298139	0.09576721685833398	0.0662939639051185	-0.01731917892304838	-0.007638432203058249	
-0.006616061758175267	-0.018068172463030264	-0.05399961937801756	-0.07626463746336672	-0.08058881967784172	
-0.10538320545086019	0.007111649761997211	-0.1352167480427441	-0.11539498069491352	-0.18681748599332745	
-0.058212761840972536	-0.007707120923359597	-0.06464589458551613	0.10246506100315504	-0.05282226941811184	
0.014621200302154568	0.06161230558619515	-0.028714564033279277	-0.035366616572482024	-0.1298824563491551	
-0.012141910250783865	-0.03194704017829552	-0.07118323852253026	0.009585815439069674	-0.057837007025852066	
0.12184010229679737	0.09906537258990454	-0.017930902235030657	-0.04413949034837713	-0.02372647101147174	
0.06854485536214587	0.07510134739345262	0.002829521134125979	0.0025252329151377686	0.12932416473358527	
-0.03987741581798173	0.022553911296243196	-0.09652770545911904	-0.10296456952275902	-0.03859745578735158	
0.013416459692608637	-0.05960874211249501	0.04568544105835916	0.023116750520977718	0.04172953392531751	
0.0014585987659547872	0.07730173230596467	0.025853026786188768	0.06884023945632864	0.1343927163577429	
-0.09968273033946452	-0.025071052655842748	0.034296635596324745	0.04912899934232632	-0.0229004114383915	
0.09324197441821785	0.09893387711330574	0.07867786454649695	0.08532703729410986	-0.0671329105958977	
-0.04698588464536739	0.016730962703786552	-0.06884336170122916	-0.010551928729416422	-0.18506285211069387	
0.015102221893316213	0.034836760086044444	-0.09608141929807781	-0.07587999601387968	-0.021927981784430988	
-0.04577458669633981	0.057691279492246575	-0.036389501658665474	0.03616870308190873	0.06387218574134321	
-0.0918790732840193	-0.0874751964331513	0.020977287226563533	-0.03076222108665409	0.03357183354608064	
0.04437282092488763	0.10666951073310986	0.028661057717685578	0.03215096657512297	-0.052297855861860525	
0.00820761863213256	-0.0743756720287487	-0.036560884675342874	0.06683595139893315	-0.07155512249412474	
-0.002686305670680678	0.07986691356256652	0.049575935393249435	0.04952109716611892	-0.051275311357366855	
0.036617616331204215	0.02730587896907066	0.14789948274851747	-0.01994655403378253	-0.0030839347872603676	
-0.007112957404731698	0.07432784642404712	0.05035559559637222	-0.03463850115537448	0.05060457360102824	
-0.03438004450953336	0.06887391331409462	-0.008034683709680995	-0.06478763528401048	0.048500787413081184	
0.00019625199785939525	-0.0472949396306153	-0.029356796884175557	-0.06247900104828661	-0.0713573921467517	
0.07001251751598689	0.05442908803551996	-0.13351669807533345	0.017685105542667424	-0.04679369887156173	
0.11907619239744784	-0.044810169073097775	-0.025473099963220714	-0.06082880199898977	0.0007732677340119283	
-0.06535026942047882	0.028303848541668054	0.05825712240263709	0.04087742514510908	0.042662589411594565	
0.011101702143227848	0.08303901829050626	0.017647561380095073	0.08930412331988015	0.04690287398022189	
-0.08952154518003279	-0.08184136975016561	-0.13665840514150435	-0.10637383188592572	-0.049342043107337294	
-0.04459232790854909	-0.08431141119985973	0.07844204460871466	0.008962409413989519	0.07592699049106469	
0.008390536820629338	-0.005331796381937635	0.0009405630759824629	0.008254758611796094	0.062268254881784744	
-0.004027092746024649	0.09039726917027116	-0.08137386467572308	0.04876103283711316	-0.07942219270535801	
-0.011663151061010197	-0.10883582073277848	-0.039800084518621874	-0.11493428048150309	0.043568589593269216	
0.06883811419526854	0.06350355735661407	0.05739336354301557	-0.07643188574003237	-0.07805995075238342	
-0.07444169974617328	0.026933226478610912	0.06058832702761592	0.09698358841555618	0.0403593971702013	
0.05785206754854062	0.08670232347863352	-0.02178413445078374	-0.044296558424300844	-0.07338667659599227	
-0.08177286821166377	0.0639837505753421	-0.0839400390162368	-0.04058288647189008	0.06942324871100279	
-0.09777217778872212	0.08363328308900564	-0.1138756794282437	-0.03293016399842033	-0.08970148289897743	
0.07451867115413958	-0.018247144189946208	-0.032391029113150734	-0.02031239555577582	0.042145434105704406	
-0.09415579548387625	0.04238427721473471	0.06906613890739585	-0.10217580595087795	-0.015424739783297801	
-0.02781498589501132	0.07588544779137595	0.010670848173265692	0.04056091372111934	-0.01331408027331573	
0.028922559041131696	-0.03218526417013704	-0.09896648177785086	0.026501030269990237	-0.019520300037249645	
-0.01342871231370367	0.08195179538164864	-0.03040475729219612	-0.04993360951379891	-0.029731198176531397	
0.08341153291306991	0.0935251929968123	0.053713895247059225	0.08552946239432074	-0.05658754374903519	
-0.023079403250925917	-0.03261796015254478	0.02654775876013216	-0.012412552199455546	0.07911127016834912	
-0.0920933507319258	0.03853974009296982	-0.1506037667542122	-0.039354183909448844	-0.15000172534504036	
0.016902614569564437	-0.02687166806798677	-0.08750200270521637	-0.050803698849201134	0.030509896840588104	
0.05563057994310039	0.029011940966112065	-0.00040381533984508254	0.06253783182976244	0.1493889606430895	
0.051403733225834906	0.023144622813541578	0.07047605868276016	0.08050732267003587	-0.0014117715098750834	
-0.09621457965783568	-0.08200466525781831	-0.08929909164785944	-0.019173140542569717	-0.034187580405789585	
0.08671036876691228	-0.06553179663477936	0.08670512553258405	0.039833154190243816	0.049017332841423136	
0.09118451512522989	0.06225876318112478	0.05999070940341419	-0.04584055349515121	0.026377287338295075	
-0.10412970105010237	0.007738556061082917	-0.12574896437511685	-0.10898032802057583	-0.18118969729481263	
-0.04106112001246357	0.07793666757882464	0.012515746191788421	0.14864591847480854	-0.002243511784244201	
-0.013280796880428448	0.01681865156578283	0.0578008485782394	0.009295066416252608	-0.06425995982597638	
-0.05426313763760827	-0.0031198487980003005	0.0199863567542079	0.03361983304111294	-0.09500978338962644	
-0.08348861975246824	0.010677792318562888	0.06335667816598034	-0.09055777709009245	0.03983806974581872	
-0.05042283284230367	-0.0334682734896425	-0.040145065841536105	-0.04593230602801205	-0.19618355785030392	
0.009129168708224562	0.08474502335953753	0.0686782840336834	0.03905249256927589	0.027330518947230948	
0.019271882716461096	-0.042580132737689506	0.014689461257338976	0.03988870369397617	-0.03454969006971488	
0.041320276504341245	-0.06784760894075244	0.010427759338640543	-0.06475926250160918	0.007727062235436539	
-0.0704718984794472	0.04786743388969086	-0.11939258804566812	-0.11712803731906209	-0.02343384390483842	
-0.09754781837515558	0.02757928305193324	-0.031966035777890756	-0.11076884172240509	-0.11959332874572313	
-0.009793362554772447	-0.04876543593260756	0.019890020680187616	-0.04964370024551206	-0.03281628005198319	
0.03143180217157593	0.06286661195262085	-0.08350110939198724	-0.04835027775564273	-0.06453048509203842	
0.11346641490561156	0.06553251614726678	0.03679252967003524	-0.005175371359999534	0.09768166193439773	
-0.015265219206408658	0.09030849884666066	0.042107777856150566	0.007558131100532087	-0.05878799329228479	
0.06268716366602903	-0.06998047701542033	-0.09519824322019807	-0.02986909882040581	-0.04023405975475761	
-0.029199205160287574	0.06568263577649544	-0.03006423787497797	0.06534299996822754	0.0706157781459976	
-0.07570057086565062	0.023191081674087916	0.02660035995698987	0.018849113303394442	-0.0038256367345536036	
-0.027182712811394023	0.06199482973286997	0.10899259399677676	0.011018230393890714	0.08016301762558946	
-0.11807186869105699	0.06146265644427499	-0.09299475244567633	-0.047993107060332024	-0.07913120311204412	
-0.07708197475804712	0.09251525139685816	-0.02917821396506963	0.01229013684887242	-0.005420287335273352	
-0.100693036073065	-0.07188305612446043	-0.1342734615276992	-0.040229787584865034	-0.09577556063659062	
-0.004559141829067777	-0.07521815654220684	0.06967860220256179	-0.0696906345842957	0.10922001844770116	
-0.040231182627770694	0.033503254883598454	-0.0647934944485094	0.08910955685417606	-0.032786174491446995	
0.012291726431306658	0.04752584812242843	-0.06876061781932202	0.009817077281154623	-0.055941857012947425	
0.10982119587815976	0.06320164154199812	-0.017882125049943298	0.1074810090627094	-0.0532654608395169	
0.04183225318900163	0.013121061065035374	-0.06351643628033314	0.028104002617256752	-0.0005619724924438831	
0.12821764566863678	-0.028690814302350674	-0.05701621694995001	0.1266941300412	0.11775438977008605	
0.07167003904111566	0.013722784172102886	0.07463927507344045	0.08698733465268323	0.017195064187692552	
0.05611423488220633	0.05894579709920264	0.004085440771183283	-0.03261086983978371	0.010063877233849104	
-0.08027809846728698	0.06361256294689363	0.0830889325889006	-0.04945537879819369	-0.07647141014553921	
-0.07570132833686521	-0.047754792872736325	0.0394578155189826	-0.023028066858157642	-0.08102396698397295	
-0.03992907250079372	-0.02683848617063147	0.05434566690613547	-0.004341005472069711	0.020431226433641765	
0.04974679161744254	0.09566785767882029	0.0506921435610675	0.025489110222001222	0.10790646393157777	
0.07353445810113658	0.04422948009366757	0.10875366525769624	0.14822546189553126	0.2279437645312109	
0.09108048079538264	0.10270235841269434	0.10108498661640627	0.13185076542023338	0.04166217338415276	
0.008758193889834322	0.09834611897333934	0.0516673588526982	0.0744657788775572	0.021937661083661575	
0.07212505840552362	0.10241596946260931	-0.0034730453361634587	0.09153895936610187	0.17720647849083876	
0.0469559614208331	-0.034697461163638636	0.11758390741239393	-0.006604948972038582	0.08538273538883583	
0.06669812723419974	0.11185688401846727	0.08454193862179081	0.11402135526771386	-0.034771386599656395	
0.08040142079023897	-0.08249244009715011	-0.06813200195463094	0.06992478196140085	-0.1248525424453093	
0.06164712140260483	0.07159291993577628	-0.022352509892187327	-0.056849320279047384	0.03604147928224126	
0.0020160098361997154	-0.07091766107492878	0.09443074377002962	0.0826849447424343	-0.006992420405064406	
0.1224407812209794	0.010269030115234782	0.09193690539416471	0.03446873906551147	0.06662003432706218	
-0.02071232004318676	0.1072490226645019	0.01138764234078154	-0.039761257312226114	-0.027302800266313088	
-0.2349379122923993	-0.007248784919839428	-0.1613554394269072	-0.10268671819324224	-0.19172918293311766	
-0.13783041360710901	-0.018719221631697487	-0.21506561490643145	-0.18271499483979764	-0.21228957861172149	
0.007851160601837902	-0.005654411612459431	0.012357642095537814	0.04892746928584207	0.029356501263683738	
0.04292849024316208	0.12004318334976322	0.02800188946777213	0.15221618369811993	0.09016634839402543	
-0.02451544920968989	0.07599334494893381	0.0035251502961416424	-0.06934101428240276	0.031963481460988784	
-0.08194209563800912	-0.05144038665408661	-0.12580258669461092	-0.04491316741690673	-0.1444884290630977	
0.07747541088964825	-0.03360027044546028	0.021519682945390008	0.0075868173835425415	0.06840131431532175	
0.030006243838600004	-0.07501424041144887	-0.04413304519226745	0.03394327746284441	-0.07345772595067697	
-0.05630506827456753	-0.10978685870586061	-0.13076323403602025	-0.08751736049454394	-0.21053454068787372	
-0.15598038008015883	-0.040304095753665684	0.020433167372283314	-0.08305087812805603	-0.0067716401152289355	
-0.10644879748046777	-0.04678253846256769	-0.12597252371131964	0.002867935314272325	-0.00928780101745038	
0.10177206634785733	-0.018562821285219064	0.10505999239498781	0.003912691182420007	0.04351534695513853	
-0.13791639508430573	-0.07897839125913708	-0.21416058422347312	-0.07829467632534216	-0.08233903597173228	
-0.06407424920246495	-0.007263832032357557	-0.16758629607822464	-0.14918938377615382	-0.09181044086586294	
0.04788746703876799	-0.06663501047144303	-0.05118895624445491	-0.0428386538720107	-0.04409128724639451	
-0.05931672285912364	-0.03531916706327737	-0.04090873300343655	0.07300877634465	0.06608121521230689	
0.001826901188488988	0.04525749561972528	-0.07491572339089134	0.0081823433799092	-0.04557593482252813	
0.13625331002915436	0.07302550471831701	0.0830911442063748	-0.019015187160467774	0.05087241711623003	
-0.27214821069200557	-0.05483569056841452	-0.3895351725008992	-0.4076309672874194	-0.38408222076058907	
0.07462779879469864	0.024347045436157427	0.045817719763937864	0.07325047180940218	0.13003456234137237	
0.23597744130253057	0.09804177942042913	0.2747801833502434	0.07404498348967062	0.2830836756318292	
-0.16256489375838917	-0.08222782543860588	-0.10993305388111456	-0.15036781651353825	-0.06783182651394071	
-0.137523972324028	-0.06120367073632308	-0.13605361039434793	0.0010084629496737113	-0.015260090852244048	
-0.011725665223990631	-0.0549976470379565	0.06807202292607455	-0.014892915682320962	0.07694326688293457	
0.1006863122324632	0.054879923249223826	0.00419657068788385	0.11358901142210508	0.06466513529554742	
0.06442680940630001	0.034830850779272206	0.09360248547714427	0.08754769677510238	0.20552992253255345	
0.008812372452578992	0.08277586886600545	0.03408376984699619	0.10408269938003745	-0.008828755197244537	
-0.050295027792226665	0.06500548398209761	-0.05662395452845064	0.10046130131759706	0.04872665485342668	
-0.7371663098992061	-0.14044431645478747	-0.959980736001793	-0.7202550595560953	-0.9604668644434782	
0.4260946581221704	
