TESTRUNID EPOCH: 76 L_PCC: 0.8884299288558819 L_ERR: 0.00495407093609228 T_PCC: 0.7974004910991837 T_ERR: 0.00866478823674327
180 LAYER: 1
5 LAYER: 2
1 LAYER: 3
76 :ILEARN
-0.13767915515169984	0.03804351887737387	-0.23194593448390138	-0.15034424675035848	-0.19552895127432712	
-0.39437766703279625	-0.10812359205925481	-0.43893585857873263	-0.3212004378893216	-0.4069976958187289	
0.03789618002861968	0.03968263434225629	0.008065919815420501	0.11471308175987138	-0.0629711134601081	
0.2020362715054327	0.0009042648698308821	0.21749702737389548	0.06528786452191217	0.08481642288975572	
0.03420487853469592	0.0977424582308736	-0.06923411124799887	0.0191030971699994	0.046192811044525134	
0.09426370075289273	-0.09134301977657952	-0.08276851410520505	-0.062302988642662885	0.052610659580846084	
0.08814740820954833	-0.0043339969127699374	0.30232281662656385	0.14949448556233513	0.18522431732821512	
-0.07493815154736018	0.04352557481078555	0.013786006543043815	-0.1422433063732625	-0.006889709433532722	
0.09370582710394874	0.047343460291338416	-0.050491829376308243	0.04881475579971212	-0.1153586123732295	
-0.06523211992401994	0.08561456809683314	-0.10290217893556942	-0.05907259806869661	-0.07431692998587253	
-0.13129473983763948	0.0416241197204833	-0.11752089988147327	-0.060167513611723344	-0.013927025064251633	
-0.36427159298415773	-0.017225553803339802	-0.4039367603830833	-0.23817904721663322	-0.3026088732711395	
-0.1110395722603725	-0.01434534922807854	-0.011116232963326067	-0.028683555744467785	-0.10195205413371268	
0.0014598099751204766	0.042126073869012605	-0.007667154824127141	0.0979373278506365	0.033844116987874456	
0.1524315978518339	-0.06582042736703908	0.024980447100022743	0.12264946439559496	0.04821235446781834	
-0.16513918849720516	0.06862233391396179	-0.14959975500024375	-0.05940538236928924	-0.0977767696604478	
0.018458626243955317	0.014434018410383442	-0.02073718815650041	-0.0866210207292908	-0.11028668102128204	
0.10900493368579062	0.0010423557077827506	0.11316280682236052	0.06394239397864568	0.06679877944390158	
-0.13536140581043682	0.08645154246348098	-0.08083960048723493	-0.025436855229092455	-0.06549348879712362	
-0.10557636867223236	0.07955380589259754	-0.04188184914583874	-0.12017953010944714	0.01702990445221177	
-0.13125309006986957	0.00621093812608059	-0.036039844792577304	-0.08864380574872553	-0.002647754480829079	
-0.03195682571937272	-0.0887742513180506	0.030530823534359427	-0.007548179978545962	0.04950748767634004	
-0.11392856503772825	-0.06069879190517551	0.025785145741643208	0.016950509578752476	-0.1239741636259005	
0.09422695295201507	0.0662899600773559	0.13777565961003624	0.09915652110175927	-0.020379744197555952	
-0.256171973028612	-0.10379342598807627	-0.28892703505398515	-0.18158404917834675	-0.10571972977406939	
0.015761017319120902	0.024799988727377282	0.06807493843929902	-0.06401201652158905	-0.039643233080563625	
0.10426818435593958	0.1101417703416008	0.11751800947226311	-0.01541827349655597	0.1555853910155896	
-0.16633400412585728	0.07049074925463018	-0.16870322578639332	-0.005458207985495675	-0.06115365772807556	
0.0766048052598411	-0.046945998796188514	-0.02942996743112044	-0.024267306086389103	-0.019652480352824707	
-0.0856366438650572	-0.07496642799536264	0.03326368688582824	-0.007612760071486015	-0.1316880593797544	
-0.1696875764468815	0.06878048264773977	-0.11444473127389991	-0.16024319440039456	-0.20705061558657115	
0.08824082316333141	-0.0471332332400409	0.0705781583448484	0.13935414614139674	0.12187675998622548	
-0.17761687813072666	-0.014822322960505657	-0.17619834139873133	-0.07157072110222373	-0.2654355662736635	
-0.2177840851631988	-0.09851336631317577	-0.17455856010854343	-0.11555014370660889	-0.14283921719415277	
0.18569065758779857	0.12028076861023718	0.25859444491660777	0.18149599412347753	0.2458802457987465	
-0.20629249157323168	0.03163589877721171	-0.3450438832204135	-0.27249375760712546	-0.2680405168245491	
-0.16974816004578097	-0.07664944118265136	-0.17230561104260703	-0.2335793112438626	-0.25103305384572616	
-0.009071683710382658	-0.060561078447776404	-0.08526019501890338	-0.07477750114137353	-0.01495605996097624	
-0.04303776137582463	-0.08108502934102688	0.03416837864295189	0.03718240416838123	0.08689384353620555	
0.045821671551875304	-0.11822026008193047	-0.08296317782126585	-0.014860083732544075	0.041845927371795606	
0.19953892273126167	0.03007504400019338	0.21456339967874724	0.12272041024663849	0.1077972116538443	
-0.33892065261936655	-0.017644564599504434	-0.36849028837576975	-0.19174563639970194	-0.2651764101277747	
-0.20773935639865923	0.08895984241261544	-0.2836748859365386	-0.20311408812635173	-0.23878742418366555	
0.24107014130615673	-0.06337465786848193	0.36661976318695877	0.27215359905229675	0.16753224969568284	
0.038473732732854635	-0.020974319760486707	0.06295305197623935	0.1721474609501996	0.0943562750536473	
0.049639266850094996	0.013261231539180435	0.03680485622710062	0.04694049356357901	0.0474396969052914	
0.11380162271304656	0.018695262976761107	0.19909527305059047	0.07256563618206262	0.1331204457234559	
-0.018738241032399273	-0.08449251537857905	-0.019626042567258382	-0.037664488764915384	0.04377884105554049	
-0.27975001819429834	0.030870710262816452	-0.2605525270917087	-0.2419344297542887	-0.21234416915928675	
-0.010951678131003782	-0.07711274599405069	-0.07888500424802157	-0.022536772149313145	0.011482535430366776	
-0.05733956019116747	0.10223385824761953	0.0026922307711698653	0.11411947047681532	0.024015716539290622	
-0.08847988643179572	0.004017693060536146	-0.14802894436417563	-0.16263265699951607	-0.13346504798383257	
-0.07180475169491353	0.0643410523418464	-0.11079444683129129	-0.0771704353377365	-0.09863299390502699	
-0.06598882393093707	0.008207889943436433	-0.06278856995781866	-0.06505798544232465	-0.10110109015958738	
-0.04120498062655507	-0.023342480799745147	-0.04233664260638693	-0.034647972117316385	0.06901486209212991	
0.1263625261627208	-0.04541663099710672	0.1012856552849709	0.062214463137691654	0.18176756435842062	
0.15142377582438998	0.09448467902327216	0.11900483278838996	0.024619290081282493	0.04293207859763935	
0.14216848245458813	-0.0023296111552552363	0.1337800260308727	0.07176068449865865	0.07987340636989597	
-0.043870810320915714	0.020209607183285256	-0.04476364204334726	-0.056909639733393524	-0.11550077312028395	
-0.07512347542742107	-0.010875741987924448	-0.08590349737146823	0.08235006585805002	-0.07530441855441787	
-0.07626536725907168	0.05902145815739678	-0.12457319218852464	-0.09523805660707539	-0.20302526916366803	
0.0016680130685505182	-0.02403621019148409	-0.026511769504702024	0.012993963772403675	-0.04275912128903115	
0.14827517130733073	0.09364088669125176	0.02260410784280256	-0.015182065635120121	0.014913375891917213	
0.12778391722663565	0.07535808535462701	0.07216410609303972	0.044238930714312195	0.1900141439111885	
-0.3764496523442098	-0.01634952462673282	-0.4560571599148503	-0.3643788851965187	-0.3761639815776292	
-0.13539694667094312	-0.0657437816732398	-0.12462135098798485	-0.12331216004292227	-0.12547536712210403	
-0.025453378046439396	0.06898359384439041	0.001239732351447996	0.03851628760489066	0.09420256859066554	
-0.14205685144104074	-0.028646508040192056	-0.020659248985333313	0.01065814364375069	-0.05000033718763569	
0.14163713060346503	0.10996125199137637	0.14574420461882762	0.1330769600085332	-0.018378175978829837	
-0.04630398727834297	0.017441650217467047	-0.07045555834578553	0.0005086676600610462	-0.17703234893331138	
0.05638437589114191	0.034766486577594555	-0.07492022009745641	-0.04807105985219532	0.0036207063516846003	
-0.07859436029942095	0.06332410142135984	-0.04424595891940342	0.009750323576356431	0.04075667395859963	
-0.14648438586805093	-0.08599509177132499	-0.06024740962158471	-0.07706128022524532	-0.031154781981320184	
0.25967653722621886	0.11347799659772817	0.2734534205150188	0.21558418704089527	0.14112700972059683	
-0.02537585319473379	-0.07353191000879224	-0.046744826062439744	0.06392800119855233	-0.0705794888048509	
0.10634287119274236	0.07948652665202713	0.20603702568917864	0.1473393244876717	0.07173342848075749	
0.23456761127240863	0.020809233715792387	0.401714956471378	0.14322391454728087	0.1938121538080431	
-0.01014802700135671	0.06038416969489801	0.010706642675933225	-0.056322923782255715	0.013533040770687822	
0.0989358389631505	0.07826249939926176	0.14441978551692236	0.046215633887159574	0.16978101408967633	
-0.017832795405052962	-0.051015614994204726	-0.043042235282951646	-0.06564275833749267	-0.07993015073960782	
0.08470465696018378	0.05883945639606826	-0.131925226595918	0.046429261913313716	-0.035279451120903194	
0.19405127396917832	-0.0405531320009786	0.06514491484871873	-0.009597947581120302	0.05872101873034014	
-0.16275364412467247	0.025931257890696845	-0.07376184756251221	-0.04268023597250914	-0.06485044933368539	
-0.06779221138511342	0.07836593965438605	-0.09790999820986933	0.022603375599527745	-0.04656978370458632	
-0.04789297594349155	-0.07922768139275721	-0.09004579001393016	-0.05927636579976442	-0.0008372696767380309	
-0.010245351677412324	-0.0831799965189364	0.1194300266186588	0.03426609446085173	0.11365734882853852	
0.03990470853467033	0.003511986878775649	0.029467962541755714	0.04275648311102132	0.09071247759972308	
-0.04044665142054029	0.07416225303456979	-0.1145970124189441	0.021407443454824357	-0.1025523371476221	
-0.016384621948133497	-0.09524628817889971	-0.0494077014764432	-0.12311081577945254	0.05055920835347253	
-0.004586593401972813	0.050494831759746006	-0.04243477965263807	-0.12056177692779632	-0.16603861233547484	
-0.06043925284416005	0.024522692121036457	0.06882283152492613	0.10999119093605657	0.04064218868479107	
0.044621541178092784	0.0927734021422785	-0.03972271738602956	-0.05485666045126314	-0.09433561808515455	
-0.07932805519199967	0.0605452347309306	-0.08893524286915415	-0.0371399409137951	0.0643132159127357	
-0.104176109042547	0.09567553154579313	-0.11231580656278801	-0.03572894818083164	-0.08561216316895323	
0.01580261711137235	-0.020210852405151993	-0.07992557107570188	-0.0681495159497259	0.00725161373391967	
-0.11568239423459482	0.050439035969895574	0.023721610471416844	-0.12083856908691339	-0.036168642174653105	
-0.034025857023940224	0.07758158234881178	-0.009831199034702653	0.03727454418909001	-0.02386069662850598	
-0.016357015426331636	-0.048393131256876006	-0.08754476833390051	-0.014809040727401404	-0.018316166917758107	
-0.0310041692240212	0.08497282444724459	-0.03282263947624174	-0.06375538106554118	-0.023752389137710953	
0.048286242365589684	0.08180018960750358	-0.0008279187078776946	0.07538455825885562	-0.10230400509422465	
0.03651104223778738	-0.033429134219024964	0.10870859050652955	0.0404158183830057	0.13557888744713753	
-0.17816696804392565	0.03848618337785713	-0.24773564992777738	-0.12790666776185466	-0.22902959603079184	
-0.09258357538955783	-0.028700558976646057	-0.2152156036121036	-0.15019092472440715	-0.08447335760113131	
0.09486313206753509	0.021785716932352213	0.058555014992629266	0.09096279336249698	0.19349032962976526	
0.0987973708588278	0.03597822718633325	0.13665994129245504	0.15030646164597156	0.020672047955613743	
-0.03952767407825416	-0.08227558214218586	-0.01985825926656524	0.02004557845000528	0.030510394686330503	
0.18247654367391705	-0.06510314845571247	0.20965715986614827	0.11752030664054684	0.16392080445023455	
0.055337357339091266	0.05948879370967172	0.04018440259491803	-0.07237451960302092	-0.016596676020131002	
-0.046479676955844505	0.016075155322221594	-0.05319989712461944	-0.07602328511439725	-0.1159757181083424	
-0.023135458925021623	0.07126758678433985	0.01598298219619236	0.17204543788754778	0.015082337056902845	
-0.012735348405979903	0.008461337448576278	0.03760556587657155	0.02115068235719725	-0.058955564925505764	
-0.042798396894014726	-0.00496568543159729	0.04817122497476425	0.03637073819811043	-0.07309982002144119	
-0.13169983301599258	0.00821816650636972	-0.02314563389637575	-0.13482835267866233	-0.014526017571968728	
-0.10383164291249547	-0.03381544635847658	-0.111641285886692	-0.062184276602965466	-0.2067120063234989	
-0.12346503869123585	0.07453021927342873	-0.0832299873222295	-0.09910063456984883	-0.1479124685812098	
-0.02002985334338321	-0.037338166185303584	-0.016266854532155192	0.011754218042622906	-0.06741665085504125	
-0.04070683794702376	-0.058109236884914914	-0.08632150693106407	-0.13164960770328943	-0.06937875731991916	
-0.16520949670562465	0.030545122848969895	-0.22671584620594182	-0.18329683072218125	-0.07091381247404957	
-0.12378904969478569	0.019317088803866424	-0.07573839263471314	-0.1286283906554089	-0.12359343779001639	
0.02490427484386094	-0.05222727822125123	0.04791270799380224	-0.014083091454790126	-0.0003316138541514929	
0.10213753648892868	0.06445056448348957	0.0064851938965472785	0.005941494847415455	0.01676168165643987	
0.0535757835271548	0.05023211032913146	-0.03379772813880176	-0.048336130546257704	0.045382253636447024	
0.02398667377597709	0.08757633534146322	0.09655185218228159	0.0435515202579553	0.006670985328154078	
0.1459294242338662	-0.0561210656069682	0.024520931218394586	0.062192016111838236	0.0863511644883794	
-0.07200011397316713	0.044994768996170206	-0.07747577172365215	0.02212525534879709	0.021609946505590713	
-0.11458724754769467	0.02581106202268138	-0.015884046509192055	0.0025690279419336966	-0.0315883296881496	
0.049739729057750134	0.059978032189757675	0.21107517391633338	0.09474315786282003	0.1840669358297632	
-0.22560438552786327	0.055237930903952764	-0.2144606339894338	-0.15616748464629224	-0.17886730860391684	
-0.1611415893174182	0.07987367201001819	-0.12934138015501298	-0.0692846228038127	-0.07909472725595983	
-0.08319479724553713	-0.06280496090149754	-0.11643300581095	-0.026402268129132524	-0.10355981582543329	
-0.016489295007580024	-0.08173093086084823	0.0459736030358152	-0.06969186811463783	0.08064609114625734	
-0.09103085221714421	0.021102000849439063	-0.1290601977377636	0.03842059747061592	-0.09539283258262521	
-0.007555620234697041	0.04107411839487392	-0.11138403452101416	0.005532537767875816	-0.09325804458793122	
0.15949826983379797	0.04543787698076409	0.033071787167808724	0.15859646428815882	-0.012456556255440577	
0.013826109770969812	0.018702403340710855	-0.1064540658592373	0.008768810671966762	-0.04168469864753962	
0.1902390418186338	-0.032403065455435864	0.02019296010490502	0.18275284122358315	0.19797539735496697	
0.18438564861629825	0.01763275090972122	0.21005464618625164	0.198226414343365	0.15079661496304864	
0.06521580607096598	0.05705556156556107	0.03473422762330876	0.0006149908412925419	0.03976421828481628	
-0.04455923703612914	0.059279454463850995	0.12703043355367902	-0.0073737835686694	-0.03286567096011524	
-0.03866447685703185	-0.03785619410855868	0.0882968087415226	0.009135261681902002	-0.05622620354847836	
-0.07675183526175412	-0.027664928261453156	0.022342886356648373	-0.038002917111316474	-0.00877257969169794	
0.10766687861902001	0.09351566956599264	0.12288878725091465	0.0642234783728282	0.16606397412651402	
0.08178597442193855	0.016090983160508374	0.13404197324072709	0.16181648067454138	0.23305051034738944	
0.08975421094987823	0.07147317501655598	0.11533728158765028	0.1446886157013916	0.018128104978014883	
-0.027701160065031302	0.08965661956421889	-0.011739403799672712	0.05391278813515606	-0.02139068965349014	
0.1003227192034296	0.09103615281880026	0.033292745665959585	0.10637808414956264	0.20030358796828246	
0.019297138623828137	-0.04590737302267685	0.09115448784953668	-0.03881323807744046	0.04498636685435327	
0.030166865851375856	0.09729626800862223	0.06691913855189736	0.08644656883400487	-0.06550074728547153	
-0.020814165302820382	-0.0850181758580843	-0.1874752013362864	-0.02382640642537493	-0.21492066611217553	
0.0949883721358691	0.07547343020601063	0.027893192070808433	-0.010824992314492934	0.08869774738877893	
0.011620212655178172	-0.06525341589724522	0.1034338710269322	0.11467914734088581	0.02228266855574398	
0.1450450179033378	0.0027730100819962113	0.12134276783708178	0.03653290851830402	0.08091391247237674	
0.012894725230158086	0.1073317039364728	0.05155589429646317	0.00035567489436012003	0.02408057944636166	
-0.23526845123020684	0.02742243044639518	-0.1721470944818158	-0.08896723598827354	-0.16761875619318678	
-0.3080795374765649	-0.021843423716416514	-0.4217899386227221	-0.3656940272522312	-0.4049737010801561	
0.0267667964687157	-0.01372883529752796	0.04233320463895173	0.06495715514234054	0.04888374353034749	
0.04816031290463366	0.11399473496849759	0.036340226404343014	0.157393462030356	0.09655754514455858	
0.0015256117842723726	0.07962654568688592	0.029101133772020848	-0.046098328958212365	0.06687330651259979	
-0.043223744639280026	-0.033882663431630496	-0.08853915038139284	-0.008971614101582986	-0.08822572376012006	
0.10786482150009438	-0.03148566681058964	0.0684461227696392	0.04684715874826494	0.11581171237605493	
-0.021914113541865992	-0.07141322049642261	-0.1049056994375048	0.0022487708767469005	-0.12248950367768287	
0.058036116599969906	-0.10567796045620756	0.031779544204556975	0.015679864901987462	-0.09863507137777262	
-0.14882351040357908	-0.042927161528902205	0.02621003721418689	-0.07466839168018478	-0.01070922737128987	
-0.03245335657894187	-0.05030610726244855	-0.03905805087889904	0.07228435534877853	0.057053825603067945	
0.09561061429021347	-0.03360943635706526	0.09728372581065477	0.006417253282604127	0.04082763103266914	
-0.07215654914047238	-0.0689253485397482	-0.1363149664870242	-0.0309776590198688	-0.031291129630843226	
0.054206212681907937	-0.001579910863961962	-0.03124288054370203	-0.04173898786310219	0.019412474870275965	
-0.0011657709409743891	-0.06825933875034457	-0.10155559088021729	-0.0768764748534944	-0.09066972006650852	
-0.04285184289197304	-0.04274052319404357	-0.024258736688497855	0.07546000268320797	0.06589226575953781	
-0.19302011041669087	0.044060283466850564	-0.32039583761536067	-0.15323138125687366	-0.2320013987942981	
0.028265165265677027	0.0720973037051905	-0.04273380892725918	-0.10720282248947739	-0.04052150045613268	
-0.5054548281995106	-0.012408402334707216	-0.6769801800113512	-0.590098465229072	-0.6102237688959609	
0.036161339630088316	0.01875777979003957	-1.935054433006985e-06	0.03946894181745484	0.0986441019771224	
0.15945379395567483	0.0822260779900719	0.18371785615737682	-0.007735743371075226	0.2093557633963708	
-0.16200825367931326	-0.07721953344042211	-0.10470675173122014	-0.13986307630148315	-0.06195032343037421	
-0.12646778990930416	-0.060471823810347276	-0.11952918292822459	0.018869293044113427	-0.0060743420793157405	
0.05994142332612334	-0.06085229932010727	0.16458017836424776	0.05694893725271411	0.15316964869881622	
0.06385231027447548	0.04339708582366513	-0.027710810701220237	0.06358457786987645	0.027377760880693592	
-0.0004882223802357648	0.021736408964506963	0.009327147844734466	0.007316984937957165	0.12866400872668604	
-0.0969793424156554	0.07495673074908514	-0.09970679206289101	0.02124651847139614	-0.11121900619292449	
0.0098666491110224	0.07742598842863092	0.001594087052164123	0.1421599024078593	0.1026731950623052	
-1.2303961953583373	0.18678384569676837	-1.5849020002285896	-1.060935553744739	-1.3071902435568903	
1.5525696048039064	
