TESTRUNID EPOCH: 98 L_PCC: 0.9093294608061334 L_ERR: 0.003998045678869906 T_PCC: 0.7935501787292458 T_ERR: 0.008166070687878613
180 LAYER: 1
5 LAYER: 2
1 LAYER: 3
98 :ILEARN
-0.12756826937290242	0.04918279800919458	-0.22253046548657004	-0.14841474359299628	-0.1924757685006381	
-0.4131669230143074	-0.07779432069334868	-0.4464028727430643	-0.34668653543134087	-0.4712310510612742	
0.06688252895770287	0.014972790988880857	0.05700538999584856	0.14174174956417382	-0.013162517750739044	
0.2795246151555796	-0.05373823134395847	0.33312198807190746	0.14605603500733869	0.2190603882226833	
-0.0268943507022912	0.07150659728043021	-0.15353252280523422	-0.05812750647786992	-0.020556049063747996	
0.026905565212147726	-0.08805146925382967	-0.15782197109838705	-0.13559336848155973	-0.02215076836652317	
0.10731913510080245	-0.04755395765670653	0.33602901922529554	0.17310794941606514	0.25595916984479067	
-0.14679801139611806	0.04772330393082144	-0.06777210937173203	-0.22675027863367034	-0.11107628929892038	
0.0715779446270773	0.04378634044902324	-0.0750831063195704	0.020118772658793832	-0.14020039419200003	
-0.057046762589994436	0.06986654927377979	-0.11508041333789487	-0.0690054559742399	-0.07958089320037065	
-0.13769361036142097	0.025461583383315254	-0.15021945391950672	-0.08830529154591203	-0.03835877931282729	
-0.4588553870314396	0.02951945025114556	-0.49978086121549925	-0.3538498317340757	-0.4484562293335512	
-0.12224258956511924	-0.01559432873449056	-0.0503311341802173	-0.05871864558172941	-0.13152613385726983	
0.006582871875610612	0.022271815005236662	-0.027718843150087342	0.09346751996322893	0.018680398247588353	
0.17450600261753849	-0.11113811701004869	0.06437653141167259	0.14711106024214693	0.08999150648293121	
-0.188675850178154	0.08100802248683633	-0.17312145139552124	-0.09065045073397739	-0.13842348782544692	
0.00019130207529090648	0.011558255903216151	-0.04683990681363415	-0.11045116511974427	-0.14286763125186056	
0.13301387319164065	-0.03934032853772602	0.1372273840253624	0.08160308565951892	0.08469487800610959	
-0.15481898628353638	0.09779114980821267	-0.11690124114921951	-0.03711174990472063	-0.11124694423813858	
-0.08898821870650749	0.062013056297770486	-0.04013638451282953	-0.11191218413863945	0.030228962681372047	
-0.21530202657798383	0.015680090020556443	-0.1390802000529534	-0.1993198821948819	-0.1085047595171723	
0.09912796090107745	-0.11827550144341006	0.21112261141603333	0.12802911929505378	0.21945643985309765	
-0.19830190994674743	-0.06118880383012608	-0.06604381386282109	-0.08078855297689085	-0.21025662181694899	
0.030172160391061714	0.04090919062003816	0.06784250515396659	0.03455652963369676	-0.07221470466098974	
-0.24658805937477019	-0.12329538945901407	-0.28385082973012976	-0.22108215110663368	-0.11708631931884564	
-0.028985888978015923	0.02642737883713063	0.032001779209604696	-0.08289271640423647	-0.08231229924597867	
0.07287798375856337	0.0858065312899636	0.09301411100165588	-0.026358395380978537	0.14640860053619942	
-0.2004532467765635	0.05964215126287268	-0.19936720107789516	-0.05898595642267586	-0.10277680715654422	
0.048946991477499785	-0.06560431089503316	-0.04365320083089414	-0.02675111947558546	-0.033457403680892873	
-0.15882184449514739	-0.08047063594040402	-0.09119457535853917	-0.11418623103109593	-0.254492278533453	
-0.0677152898953527	0.05546302156394483	-0.008216418239011185	-0.0754783673021236	-0.14686107069190488	
0.1007019083453284	-0.06941017485118017	0.1016029902465958	0.16534142552463194	0.16033336933892373	
-0.09636435342106076	-0.012527054330628248	-0.08007759168690418	0.0013865036720771664	-0.22625417934559586	
-0.20139344143563223	-0.08493077008916923	-0.16977748584540733	-0.11178968627995763	-0.16868923577017617	
0.17102403471222333	0.056780370293452585	0.2585159873578183	0.20781729230522944	0.3025348403378703	
-0.2647695487830059	0.07100010450196444	-0.4144191884598085	-0.37710485121861625	-0.35143108834877895	
-0.25739148181341387	-0.042891889262211595	-0.28725492572039046	-0.36415442024791417	-0.35426896232571037	
-0.06850466258654986	-0.06382650045272198	-0.1523023311477126	-0.13196102938784923	-0.10494214024616033	
-0.14186178062191238	-0.06609339399258427	-0.08919567470819452	-0.05271634013923314	-0.04080414525962708	
-0.0650056982804155	-0.11501188466133623	-0.25447852479549693	-0.17201076726004919	-0.11608686316952299	
0.17296890746798793	-0.0008534032539914906	0.17802572610803094	0.09593782497836696	0.10535745409560893	
-0.3114121313102027	0.028355336138857906	-0.34398426419607253	-0.19984145444568038	-0.2536039514606443	
-0.1455950661988767	0.10125268055744822	-0.2056292370938526	-0.17261039723076688	-0.1698355476988121	
0.2647118220306569	-0.1336763380475102	0.4146812468950318	0.3033659895643437	0.2570035122042447	
-0.020216397325019436	-0.07402749655486486	-0.03548155311190241	0.09708367669960158	0.016875990029237963	
0.023795306062922256	-0.008179065530312139	0.030888414733085734	0.04849972541741266	0.04262770948178198	
0.11476027941631349	-0.028577461463249357	0.2169173848679851	0.09143403449605574	0.17398126667030991	
-0.01181553828716302	-0.09834603870370168	-0.017559604771867868	-0.05137236493850107	0.05677845349735769	
-0.3271991290901055	0.06006408254611853	-0.30854942575059435	-0.27211153688778583	-0.28316634025693205	
-0.010161788732893884	-0.1003145237377304	-0.07328922605587533	-0.028369318115876348	0.015617171948265575	
-0.028651144440293378	0.04946433180964209	0.05474748543939884	0.17030329351349385	0.08656818163175076	
-0.12683260972314367	0.022322507849593765	-0.1880953813135919	-0.21495607426850816	-0.17465421630958414	
-0.07536674119663529	0.056550681875810645	-0.0933632014013388	-0.061267832174636314	-0.09835850574503266	
0.007681698874040514	-0.01229204611036644	0.006010703485019963	0.013748571982547508	-0.05534915615232844	
-0.021325064542948444	-0.023548175300739455	-0.010573046101414716	-0.039643966953823044	0.10059576494995474	
0.11758310928597428	-0.07103355273167992	0.08606875421633457	0.04997133916813144	0.19824592088202872	
0.14793387226170973	0.06655924394864034	0.11370760416055332	0.016945111712561415	0.06190219567660993	
0.08612877967655505	-0.05982254499818162	0.06977562977497484	0.030899130914675235	-0.06490833777143727	
-0.02250222561725966	0.013477227853954834	-0.03128481471158747	-0.01607055419490991	-0.1233765443912832	
-0.10280598749220769	-0.034965741065853054	-0.12098373151235653	0.04666007797423523	-0.10246293337823964	
-0.06439707379807295	0.06790628462302443	-0.11457304859808755	-0.10780725140179251	-0.20679646332727927	
-0.03506851162245744	-0.027243848946020992	-0.06943591471744887	-0.05562578821304703	-0.07011994189004248	
0.12638853568627248	0.07431446732929477	-0.028009844625089743	-0.06635641684949595	-0.03409043625252373	
0.1534682296225448	0.04466574222116757	0.07890015920434851	0.03926235848434311	0.2258459972905382	
-0.34000068042560255	-0.000924228342823233	-0.4226497361982749	-0.38266631172159604	-0.3971126622286012	
-0.0675398796882535	-0.04742072104140745	-0.06378029830312949	-0.11049815678197956	-0.07301410300952911	
0.0721332761924119	0.042453030807854945	0.09500171926871169	0.10058248947367901	0.19802465719216758	
-0.08091953366702698	-0.054314569516945924	0.09334014642871112	0.07456784199324575	0.05369054540455229	
0.04920484800677871	0.09199008209560079	0.0168063759067	0.01232838158119255	-0.13050133404964645	
-0.015427740824305524	-0.008098934836020073	-0.034379817157838395	0.047967973530577274	-0.1689102901585985	
0.07675609618170998	-0.004016662208846143	-0.03538188844077277	-0.003952964977721043	0.025135366440299078	
-0.06446095004064743	0.067121535257486	-0.040285898610440546	-0.011375250539668029	0.06070005719681797	
-0.07499031301720803	-0.09896980968470305	0.027782489267214886	-0.013174910776753517	0.030747387430059614	
0.10469722313737524	0.0463625202094392	0.09684015129853107	0.11388770639788989	-0.03690785336599739	
-0.054967995005552266	-0.08544477011972361	-0.11051219097311644	0.023857341427821498	-0.10330969127985493	
0.025164478744173477	0.05027351849537588	0.09014312420842512	0.05590048419308877	-0.013099287332129879	
0.21874155982956806	-0.04425048619923573	0.37186729384823164	0.14244489664744897	0.20433561089600052	
0.022537528342015386	0.013287656510984626	0.05660101358402334	-0.02883770578369071	0.06504921612585829	
-0.050067849854235125	0.044795832590140326	-0.03836382622223968	-0.08264379462912838	-0.013260849832151228	
0.030295307694946795	-0.07508825938870341	0.011030898494785347	-0.009750110827657978	-0.052156862377370924	
-0.0017396856396258774	0.05859869720559922	-0.23393322143556866	-0.022544783285230206	-0.12417009473388382	
0.1553437948118373	-0.05342597621782875	0.01875965930145629	-0.05777860750481978	0.025437686494791112	
-0.06926225645813115	0.016872503703645292	0.04888613310793614	0.05419428642012424	0.048784333258937794	
-0.05643690636291318	0.059347527962097565	-0.08874023651155497	0.012200790409422898	-0.04351726220359381	
0.020889568497996176	-0.14124616990708544	0.001612261854596324	0.01741384402479106	0.10031025368980406	
-0.00938361208636517	-0.09388145501085322	0.128415267708578	0.042389340151623635	0.12145558662703217	
-0.0139467545174379	-0.00732455036075527	-0.03134710525785891	-0.021548689571786565	0.04228973477230401	
-0.01470833531087978	0.049870761170611747	-0.08460761313142551	0.044310444798651996	-0.11954240954747795	
-0.09440223884528587	-0.0746958919857288	-0.1412806907642161	-0.18594410629075292	-0.03841831777453976	
0.043854873457177666	0.02355678028257675	0.020610222655716933	-0.07148971359875196	-0.1024342067393733	
-0.07752154129432194	-0.006403134108649793	0.047593442662312094	0.08595183309005419	0.028975546601055054	
0.15990743367099888	0.07039136737941389	0.11644088655100765	0.06775086582024949	0.03318854413140285	
-0.06251759446871365	0.0422589139281108	-0.05741667487543786	-0.012298223136585159	0.10332041324280694	
-0.1754420944031966	0.091163048369367	-0.20056135259762167	-0.13232655083082015	-0.1565053566715238	
0.028026274913173676	-0.04158191852532864	-0.06571207258370086	-0.05544570613700414	0.0032700339240878417	
-0.1492883600688035	0.04706084036824005	-0.016441671941566368	-0.14507109221777295	-0.06679096947122433	
-0.07942006312746461	0.07027568867990001	-0.06824635852088279	-0.0040477200964075975	-0.06369920497893213	
0.041004333902920076	-0.06725798472496501	-0.02613113071581557	0.0049144147417920165	0.0506731365064576	
-0.02333182355933273	0.08488518920753	-0.03042705544087653	-0.07209842915867416	0.002180026469554518	
0.04453514346007169	0.06010599055930133	-0.005838818251835539	0.07425698144189777	-0.08817353627373853	
0.006920695056685813	-0.06713953089763079	0.06477337146468026	0.015476246719403165	0.11377062390037537	
-0.16864184252574682	0.06097010082660103	-0.2571397069099739	-0.15186575506727495	-0.23819797739876172	
-0.06868532552520479	-0.011376423655553929	-0.17135342463990708	-0.15576718731252542	-0.03800903891599011	
0.12211324832131075	-0.004933589707067576	0.09516088264039259	0.10200952291877582	0.25641932553132546	
0.06650233279998204	-0.024974392483555673	0.13516843254948255	0.16149217657867004	-0.04584217155873085	
-0.02681147243778461	-0.093247137204799	-0.016365446982981136	0.022904951301446635	0.05193645976691847	
0.2026616602919181	-0.08855702632444742	0.23002090978868694	0.13230922321623806	0.20841972906108738	
0.09484215290514696	0.024889727128966786	0.08127380432105895	-0.07717636396373405	0.05260442672616048	
-0.09465665144459094	0.020857728078363388	-0.12978837252907546	-0.16163744987386341	-0.15711042061916716	
-0.06997756213974547	0.020454821886047875	-0.028840263376711476	0.15115527877782098	-0.04257377547335586	
-0.03678910019485404	-0.03858560230069556	0.016633568703541508	0.018986398631339885	-0.09974939258022404	
0.03231972923072921	-0.023054212030725257	0.12897437742142115	0.08694962249345986	0.018717729377628334	
-0.1415168835054373	-0.010124040439711518	-0.03370967469216989	-0.1394178711365249	-0.04212225102683472	
-0.08689603587026733	-0.048304898775024765	-0.08766130935494887	-0.055550092966198755	-0.1950554991213602	
-0.12588843585329573	0.09892487517130615	-0.0954114072431235	-0.13520398670963218	-0.15823076145213597	
-0.07302619328933699	-0.02637758575503727	-0.08755444111638654	-0.054329359429809654	-0.12378491378427531	
-0.1542429996369749	-0.026443388046567297	-0.22727464094757907	-0.23832200304086573	-0.2122404334233837	
-0.08227628571016606	0.026049420744664657	-0.15277806279021164	-0.12117760930917987	-0.002489039387866924	
-0.1296617728069074	0.02216835294400937	-0.09542399207951299	-0.151021197387395	-0.1337161018228927	
-0.07067219014011016	-0.09097073028309666	-0.0616123186186077	-0.07708764230583746	-0.11754205751475288	
0.012461627154146364	0.07187690076079337	-0.09021964600226844	-0.057789334863037826	-0.07490548880792966	
0.16789391512283952	-0.0012967312843000943	0.09633646512809627	0.030815952412613135	0.141981432248468	
0.05688315627810189	0.05519888058346176	0.1415766259715609	0.08280026909945999	0.06436306606877663	
0.08962455613765367	-0.10088679197479496	-0.0517466385403824	-0.005458161884860887	0.007183753804938062	
-0.04753363731193853	0.033152402041337604	-0.03541368960523372	0.04827955507605439	0.0783300296170909	
-0.1665513990191698	0.01807582298159157	-0.08783057307517776	-0.07150978456342516	-0.11247492466447645	
-0.1072690676576961	0.02987748495676896	0.003618877096881779	-0.07195498357004394	-0.018166186117583423	
-0.06550501045654358	0.051304565237530304	-0.029845779943012882	0.004244726666449207	0.006730949296338572	
-0.2187838742462295	0.06025698875185538	-0.19887445195259706	-0.14273220118588514	-0.1549996102540381	
-0.08142401769911337	-0.05856887834722077	-0.08969920562626683	-0.027695651882701008	-0.07528611580175228	
-0.0759784819450722	-0.08196703744517447	-0.02569727262675888	-0.14169839454683855	0.02257769704262315	
-0.03340797186406059	-0.0021375020560084994	-0.06624417132177522	0.07294002902843615	-0.0573426720560217	
-0.06679594848729327	0.04773800139920886	-0.18051667427515872	-0.05096344140594318	-0.14164572422447647	
0.11744411461678966	-0.0015058371235528733	-0.01721253499451657	0.1184103325384853	-0.028102695187381295	
-0.101587353993659	0.005485854798449709	-0.24676554687188637	-0.10219600463554034	-0.2204994131343136	
0.1822554282847927	-0.05472699072172707	0.01776202671116696	0.18738784625781868	0.20523771376853622	
0.14083560943207704	-0.00539427053308919	0.16745819741016355	0.1657246690499688	0.12514951882089922	
0.00873936386229143	0.009054715858833415	-0.05357610317351592	-0.059763068648663015	-0.011700768720263748	
-0.07406201981500553	0.014458046362937993	0.0936443547384843	-0.039578415015333775	-0.04758210605264942	
-0.06326303247830037	-0.03311902960098029	0.08429745885996578	-0.016226673715505367	-0.06182267469245887	
-0.06987023532771655	-0.03559081695082311	0.017117344328078692	-0.045104276327921154	-0.008836257868493817	
0.1056788130250158	0.049902765525441414	0.12026350848614738	0.058834810399009535	0.18515928888835861	
0.10414352051538461	-0.027281319379401703	0.15053453929579944	0.1793439104839803	0.26022781099735093	
0.0907572402732802	0.030643001815460872	0.12828596609323287	0.16392632268208493	0.025457506964674623	
-0.09333861793610602	0.05652754808508365	-0.1280588927932325	-0.050142671462263505	-0.2080739864996325	
0.051650302947224475	0.06152848414418414	-0.015878181263002493	0.0618207636430271	0.14254939496534902	
0.00859637795882473	-0.07288205106141464	0.09111634135916198	-0.040564563311572835	0.032403690231076664	
0.047200401497685625	0.08020254043981864	0.06949350558883698	0.07620407721287292	-0.03169180442021023	
-0.0238793984736172	-0.09337682578664117	-0.18430392115657387	-0.04103250615577321	-0.25703045725214313	
0.11086463420162718	0.047641414507587625	0.03476403451193332	-0.006761370474644113	0.11613106232009705	
0.011214946624932646	-0.08632883492708406	0.09434299508824993	0.0953819081928517	0.02314170952179445	
0.11188985528431916	-0.022181009096826305	0.0784330500772696	0.0031989982761153222	0.05016966841111085	
0.009349041554735864	0.07915540347450738	0.043916141563607916	-0.011980436784482344	0.026598169201814268	
-0.2341910969360115	0.022643069284675143	-0.16678857661195018	-0.0946534688880975	-0.18099092799058053	
-0.25284168861655604	0.016229509297501287	-0.3008609031052139	-0.2907190735858423	-0.31103524988916714	
0.01181555314977172	-0.03172941818150663	0.011699995673991615	0.040734519007543976	0.030292591634767913	
0.07083334893699103	0.1007655767628992	0.053240524732279075	0.16861409014836184	0.13001991267538016	
0.0072047686546024975	0.03280149470629891	0.05157738864614653	-0.03808337557176411	0.07720853094214805	
-0.033672954308551946	-0.06182602436409676	-0.05592440654905255	0.01769979634333462	-0.10387899470910847	
0.13851525517601584	-0.06273805155786791	0.09042854419692353	0.06502526983658888	0.1558325975595989	
-0.07040273804632277	-0.06378642114554328	-0.17281197774518517	-0.06591195181193465	-0.1981534886478749	
0.044212568873991574	-0.11163850959281266	0.03027576090909931	0.020844667154969427	-0.11677031329347733	
-0.12347178548239214	-0.06684666464222079	0.06453222614243966	-0.053675935144408556	0.028960493085581473	
-0.038689486234172496	-0.09821375896758935	-0.04162129625458007	0.0695100013179437	0.06709827497876276	
0.15417052171760573	-0.09149520443975591	0.1535169182722034	0.05079935915942991	0.12098695808520005	
-0.0785242971258084	-0.07013558810916415	-0.1366036163794795	-0.043436247567079644	-0.04213828076402952	
0.020879322378837203	-0.024774061012086828	-0.06253965485369163	-0.06301105648255936	-0.001749426352316162	
0.009949065428333745	-0.09591115769587219	-0.08920460029994887	-0.08788756264082971	-0.08446355289566702	
-0.054339855526950656	-0.04380357763040049	-0.024003107704414918	0.06965384797161533	0.07135467184756916	
-0.20591683062932817	0.05649479339912804	-0.34576085691057196	-0.2020455440586804	-0.28828786026172915	
0.03516995256504505	0.06782756924389058	-0.04691698737708127	-0.12440255056954705	-0.06882508276768175	
-0.537395739392252	0.10644309277053648	-0.7085493620065572	-0.6768756108410615	-0.7222463302336419	
0.05198762306783647	0.006467770592122973	0.014606897816536362	0.040173712357704026	0.099567044154917	
0.16582656198967413	0.07611876317129325	0.19843385549627127	-0.00029774362811353536	0.23732758579978036	
-0.21710152543803635	-0.09571262188205625	-0.17897701546247238	-0.2092950835007575	-0.13053136979260646	
-0.13953712835668336	-0.07249587100576749	-0.14174981133582296	-0.00433739278430031	-0.023548507779579207	
0.01136235545646597	-0.0934321102916909	0.08674144838552732	0.008338808094730282	0.09264925677256206	
0.07693276514428915	0.03004344697515279	-0.008208457905476904	0.06475968566306659	0.053478943886643135	
-0.06610566966759697	0.052750026585831285	-0.05212629913033854	-0.049188464757221585	0.0785697988371321	
-0.13275687123246502	0.06638154623958716	-0.15394962274847862	-0.03266949860213809	-0.17670608845976937	
-0.0028127712031743614	0.1476636668082172	-0.012170497037837995	0.157545518784693	0.09658786072320912	
-1.178698428187275	0.5837970846935117	-1.5819022174151731	-1.1940545235642714	-1.4960133012116985	
1.7702521012655779	
