TESTRUNID EPOCH: 99 L_PCC: 0.7779994786159572 L_ERR: 0.002815578042867059 T_PCC: 0.6439758312592735 T_ERR: 0.004111730111192284
180 LAYER: 1
5 LAYER: 2
1 LAYER: 3
99 :ILEARN
-0.0627159513448483	0.03603215799184396	-0.14985521521816303	-0.08706924232418017	-0.13532416442188072	
-0.11263576502298031	-0.0698949688513706	-0.0657123094761683	-0.0960238856386399	-0.06044085367840625	
0.016945130363430365	0.04084445326597328	-0.03304227357285732	0.09850139987214045	-0.06371452448848544	
0.07751551110300199	-0.004011446833302007	0.04225307254831665	-0.043821909562380905	-0.031243818695040712	
0.05105625913360094	0.10672873376099218	-0.06649939161156684	0.00231874448187568	0.026919808803886	
0.08848348757023965	-0.08486303457771104	-0.08894947803112324	-0.07760653215857351	0.07047287668957765	
-0.11937039860124621	-0.019237971739914945	0.0380409662005588	-0.07528622140449702	-0.0445982775513332	
-0.08361979696814713	0.00758120600280339	-0.017398410955877904	-0.14010659334940878	-0.018827793478179047	
0.06779177156468764	0.03726158948793021	-0.09568661407115076	-0.022183974407995816	-0.12264646586235266	
0.06374690565186346	0.12251775828176606	0.0388913043059479	0.035938410936480085	0.0016537064444107354	
-0.05349214399528824	0.06522433442835598	-0.02137207931158673	-0.013718571970251104	0.024728104739045038	
-0.10736373262423123	0.01040275802315855	-0.0893910166529578	-0.03150507536617123	-0.006649086343252105	
-0.06328330129743527	-0.001903254869843479	0.04632528810722463	-0.016347170510745412	-0.09023781745246016	
-0.04741816353281754	0.03868055154238176	-0.07670198749683833	0.006793501369555089	-0.08964531884446514	
0.10920331643533587	-0.05752185258619147	-0.05144330495395176	0.08033199782765635	-0.010554768669949076	
-0.07627016384774063	0.07666707655559082	-0.04694550829300394	0.03358215340505187	0.020794136822020436	
0.12307330614259228	0.04019691489270286	0.10252985942343563	0.01920542726623145	0.0029585373595804325	
-0.0655597096345748	-0.039357117382627704	-0.09581066743207087	-0.11984743111323681	-0.18032697125660888	
-0.0700521592837816	0.09600032849575228	-0.011433035328268407	0.018540569971637527	-0.020676920721770103	
0.015788561650739188	0.11743982513429174	0.09414277790961459	-0.02434052147725933	0.09827981163985325	
-0.025125274440896926	0.013749292627363574	0.08383337592877041	-0.03162216945778398	0.07315798558078997	
0.07642797528830833	-0.10495155409746351	0.13832939651253592	0.11714696377050057	0.1640527919916504	
-0.0671394304080319	-0.08377356972946341	0.07061331346688986	0.04078342411669874	-0.09835226021172497	
-0.19221898048831762	-0.02727680875556548	-0.21483315051164686	-0.26258068818626285	-0.41528403654425833	
-0.23403243166586307	-0.10242124066959338	-0.28289425544075975	-0.2646916599887134	-0.17915645110906703	
-0.1581777132637673	-0.058865027002634365	-0.14398993901005333	-0.27716321218612394	-0.276079429195573	
-0.5869674858473678	-0.0890488666571448	-0.7036310121851359	-0.8444043240121216	-0.7517694048577819	
0.07916235513458532	0.10362142874774613	0.11377172351450453	0.220949901816983	0.19580793385611633	
0.05875074087660593	-0.07412591603059854	-0.049517436731315444	0.017332981445381982	-0.002167239415816987	
0.03188242228703814	0.005292636198886053	0.16268317248645103	0.11257211099352725	0.02027066816119583	
-0.05347107999364401	0.1271792279687231	0.040445077452381385	-0.05340794935456725	-0.03473452369202109	
0.01719169119478843	-0.09195890813615769	-0.028010342708673575	0.06862512478430553	0.01887951337291462	
-0.007334799086136626	0.02646160943210886	0.06970785098936266	0.09988097126429153	-0.02096360139223762	
-0.11728932702330594	-0.061889786483035614	-0.037247167062643666	-0.024355078117105047	-0.03631459503033578	
0.1160516024390058	0.13633247455563333	0.1896408654150193	0.16382481142829047	0.215117457758049	
0.17034579768753363	0.0612571113454358	0.08891654577689213	0.06306100124077003	0.12562833544871332	
0.1340217095899918	-0.026982765520640828	0.17490847318845737	0.03953720927980171	0.08626352524299771	
0.03138650966544538	-0.05315363382068632	-0.029578029914784965	-0.05719579056946203	0.003915214373902905	
0.02635231765409421	-0.0568983786429947	0.128277433565408	0.1513513615074577	0.18175107934354875	
0.13715619636046245	-0.05720084504752577	7.043587928195183e-05	0.05318135487494984	0.131339355745325	
0.08765239499708032	0.018300564421711896	0.06047434441451446	-0.0019839447501519354	-0.04530524599904375	
0.01933078965009023	0.029666359832303986	0.011112007960542425	0.09048755240279387	0.1082450941799283	
0.017429780310532873	0.10764243995445022	-0.03238660690823676	-0.008927223700108792	-0.05608777564915904	
-0.07679642575156544	-0.09812609501948595	-0.021357915869890446	-0.04575148375687476	-0.2526738466141612	
-0.053743922585559045	-0.02035487221033246	-0.08493425393633046	0.05581413746283166	-0.05824828770197399	
0.11281034100603526	0.02546273453251343	0.0846707061176267	0.08632345003513588	0.09075144819833765	
-0.04774558239072463	0.010612548979451457	-0.006012146022616242	-0.1005621723026231	-0.08104485976746416	
0.009213879369162544	-0.0931389433439087	-0.011636014046132168	-0.048131837403631625	0.029474954299810632	
-0.03970404544393103	0.07329497581361538	0.0073995488162850575	-0.04685296521013514	0.04276986381190214	
0.01992662550581902	-0.08093596816608209	-0.02148107918087792	0.005020821888850032	0.06051755238589729	
-0.10111144392953897	0.10093993613803177	-0.032611312112798725	0.07636782282684146	0.009878067400739118	
0.12112574536551526	0.031050592508210823	0.06776218987082842	0.012241333171286404	0.0783238196036345	
0.08014572133652095	0.08122605764923131	0.08309500400344798	0.06577943886219088	0.10788300747288164	
-0.08382763380617252	0.014712481300891414	-0.05095056832485411	-0.04703595335985925	-0.07027367852031502	
0.027231768597232985	-0.011288963036601572	0.06023799045844133	0.014504658887570125	0.11875774732039054	
0.016884919185975834	-0.06296047024129017	-0.06017265076443571	-0.06142626166666874	0.005446359268626392	
0.07560622454517515	0.08720550017000712	0.015202729470076837	-0.0587029641588819	-0.07376428902820263	
0.03876912235815317	-0.0018676111238292254	0.011926409893949375	-0.0226204944459865	-0.020643021335541665	
-0.023169663098039372	0.036122540455164893	-0.006432556060847246	-0.019881662315582593	-0.0662721414815505	
-0.09690077176764253	-0.01694836988753927	-0.1053471049057426	0.04775238308671432	-0.10121122505870422	
-0.009664703889865544	0.06245331176934216	-0.06388871958405402	-0.08687122909525341	-0.18048207473576094	
-0.014488976547414736	-0.028523797844974795	-0.06708220023196741	0.005390237614030474	-0.06395057960850067	
0.05721188500194994	0.07967280355417668	-0.08915827005208077	-0.10837089303957877	-0.11436378919502674	
0.008929107715855958	0.046295541296875214	-0.05576921521573236	-0.011267934289956635	0.06798233846390292	
-0.07219667018656516	0.024038181768037084	-0.1417769341533241	-0.1726697778669645	-0.0992842634074933	
0.00013842162744437004	-0.06662854494449627	0.024608178754527983	0.0013308148653037144	0.01932784829837334	
-0.06464925309640816	0.05027769338123321	-0.05522570518212403	0.010523671845146177	0.05908957695994383	
-0.1645748945385406	-0.04115420034406581	-0.041808301999019394	-0.04450744063549823	-0.11506352656431633	
0.002514979450306882	0.08533493304674394	-0.03181445504297854	-0.04562687705251781	-0.19597682641519232	
0.0020361460670566232	0.044261331771953336	-0.022808334471774376	0.02166921969115513	-0.16077115464766234	
0.05033758607066404	0.06184049685252772	-0.05965704377408758	-0.055648986950423716	-0.016710052325673134	
-0.06276291928881039	0.04340971246425721	-0.045411572703109825	0.01369234373444126	0.043260750695287835	
-0.059920251674358736	-0.06275864995010388	0.0491027939813951	-0.027052140655175135	0.038378158774780215	
0.05764688520741977	0.12605891685675585	0.031198254028971868	0.023139066641049505	-0.06173478162899692	
-0.07022287512121239	-0.12013420128820941	-0.12311615762080463	-0.0624364983698693	-0.14812559342854398	
-0.01703176711645603	0.07557691722910768	0.047026712961694764	0.05653458895822797	-0.05555527045540531	
0.006590459964196518	0.02183333896725838	0.12021669716610066	-0.030677698506695633	-0.02231281695738758	
0.046883063936256464	0.09044180410821943	0.08365802719769086	-0.0067583721130494885	0.09440523587591156	
-0.061926327849835386	0.07344318727933666	-0.05631254149850481	-0.11719314829205617	-0.006142665350083943	
0.03057177857074045	-0.023088828598078773	-0.006525118528292285	-0.044888882677265325	-0.06265771059113905	
0.07543008422031612	0.04996839953828171	-0.10752974136482026	0.008230808020281135	-0.03464265942116542	
0.14007506801596925	-0.03886621332285608	-0.006819999001048566	-0.025909381043718555	0.029549365441876724	
-0.17749382981201858	-0.0058716782420455815	-0.07802763874111115	-0.0636440334330199	-0.07550113816784022	
-0.12735857826715913	0.04814979103503719	-0.16162609162468694	-0.0593913567817478	-0.13681624676611262	
-0.02444719924927593	-0.0715285732323361	-0.061005608740729446	-0.058893799758738825	0.028113219752225194	
-0.04086659547851679	-0.08028852749606628	0.08180966287217954	0.03582855792766411	0.07528736212326971	
0.02375917755589788	0.002066054532206097	0.01648491351663253	0.035682754243194705	0.07816633146612811	
-0.10195970616885161	0.06091912312249958	-0.18744506062531482	-0.05425143949904295	-0.19745296640490542	
-0.0805469117452789	-0.11956260574233038	-0.1391991903009972	-0.2185442262053366	-0.08940310724795407	
-0.004258041782479553	0.044156319767501534	-0.03616398783108506	-0.23052115957848707	-0.19509175336617762	
-0.06597080571901391	0.03427420371514736	0.056754723852104845	0.04477696503424016	0.01039525579437057	
0.0984670891274133	0.09641266485203945	0.03007082105080007	0.024078667361667184	-0.008746491390041236	
-0.07576004764469102	0.06851914795741218	-0.08153514782600567	-0.07289146188598851	0.05141591908630842	
-0.09354309141739983	0.0988479424514497	-0.12287926283778076	-0.09218563143289613	-0.14120855004245095	
0.0560552335066078	-0.03052700287717576	-0.05166679883933752	0.002700356016428364	0.03208952925677844	
-0.13596787078872005	0.024437065848902918	0.024972643368972973	-0.1371187250847136	-0.055683916883858264	
-0.05607275799788414	0.06440596553271076	-0.020258652208281675	0.004924532617454128	-0.04006157908177855	
0.18703442624501074	0.039069275989069056	0.10655112990499269	0.2219875335915868	0.15114515042425336	
-0.11381715217943461	0.07164935410133862	-0.16444154619703416	-0.2005875958943053	-0.21168565204888054	
0.01603309690913593	0.07342761974326144	-0.028538827797864767	-0.055897423997533106	-0.158065263512514	
-0.08761038947917392	-0.0549088262589021	-0.04184373390064464	-0.08456014171946032	0.014886764739317574	
0.0721420708550683	0.0849802973052119	0.0188901662460044	0.1253586534386135	0.034656595514374396	
0.002310463367451114	-0.035908577459234696	-0.13948350274995527	-0.11619153207078309	-0.017569798188038627	
-0.048815407091457916	-0.0009045963686153566	-0.1486170754673833	-0.10229289391707472	-0.019459367519392787	
0.03366083086320081	0.02643011872102036	0.04507904869577728	0.03504635115546302	-0.049361195302062094	
-0.04293389789364176	-0.07189411020489946	-0.041842219027874265	0.03131548178971387	0.01506751712500609	
0.13863014325859993	-0.05251075719723552	0.1298735104142041	0.0772977670962068	0.0810086791574959	
-0.011403545610968685	0.02523995548761982	-0.06936613044677381	-0.18900084402869682	-0.10505566395924999	
-0.021791556978797203	0.03420904571825133	-0.04472247870574229	-0.070169942313259	-0.14540408838912014	
-0.09145320062090487	0.0710507276904323	-0.029850494784389184	0.11886110566011793	-0.02463137338826965	
-0.0299179014284098	0.020651688449468745	0.053058717916379255	0.010073103256820232	-0.06484402660781971	
0.0030569544125159903	0.010722468787407053	0.059764392834939006	0.06622641152541683	-0.049182551341647965	
-0.06016972795978658	0.020404805362419353	0.10052958291316716	-0.04222236910144683	0.09276629377356757	
-0.02294355731876135	-0.019758998850707074	0.013456082933929093	-0.022237086601536536	-0.19725867415288642	
0.009548569926541756	0.08687645683652384	0.061442313764432564	0.006191125627528206	0.023962405503561084	
0.005298020680516307	-0.04598549251184503	-0.011990699119444151	-0.00457184992378192	-0.05748057095426601	
0.0633105144225452	-0.057984931121286463	0.03426653760696973	-0.05568815262844934	0.048196486262302045	
-0.12341713254634618	0.026785128761895757	-0.16656593428914246	-0.15289716228433756	-0.13249375734961089	
-0.057093138493844654	0.032445248695743605	0.02427929499714878	-0.05692452484075265	-0.10342647411587173	
-0.0160453986485904	-0.044490030435462985	0.02940151376176563	-0.018244140783993418	0.004162755109065858	
0.14986020180528928	0.09202299872001052	0.04902197991189144	0.09112279090915439	0.09392269109668158	
0.17420946930086004	0.07790840396072936	0.10841522385787064	0.05939677767291424	0.16452513712270667	
-0.021957311228535344	0.08532724185430851	0.04284140254601306	-0.0409329984643899	-0.09933074990423772	
0.09675205896020439	-0.05623122273798415	-0.055508504468853824	-0.028487376675135054	-0.0294954323890574	
-0.24071641149586087	-0.0036225937615633015	-0.3017374818302547	-0.22174222124000428	-0.23728764433388447	
-0.037447991122782236	0.037457884412144093	0.07574996969787141	0.04278255601147993	0.03174805119586019	
-0.02288105866673035	0.06416078546737652	0.1064362518541186	-0.004273645727445853	0.0646670095974223	
-0.05137079607829941	0.07177222387233195	-0.00934736330069794	0.012835335698553767	-0.005140341815833483	
-0.11117169550583716	0.08534359415352022	-0.051189491559064444	-0.03589535766404872	-0.060503150588921965	
9.385177197288611e-05	-0.028438220161339126	-0.02018882011116596	0.07439487287443769	0.035948216428601985	
-0.04215425623822162	-0.06673135389783587	0.010944707950501537	-0.12942518734191755	0.05593095934182554	
-0.003752935744790912	0.04130643774051351	-0.023030207280651027	0.12072790325028585	0.005943426064019582	
0.023777153487969035	0.06443935440964906	-0.06483102242142352	0.011387585315662752	-0.04681012478780726	
0.06889901208186379	0.05508532440816704	-0.059573400295068496	0.0774677774345332	-0.10156449505147132	
-0.05098010695890854	-0.007535665441941637	-0.1787359906064493	-0.09042617326575447	-0.0973336109069471	
0.13518068152625623	-0.02745367423414745	-0.04700097123319182	0.12791394822963054	0.12590780723301906	
0.0534499312823023	0.019730811685291026	0.05176835954185097	0.06314471232796791	-0.00844171999987524	
-0.0004445316910884336	0.04650872508044734	-0.058761002631804275	-0.08126136781026688	-0.0980845752157787	
-0.02494893144830915	0.07689027607103231	0.1653436840936967	0.03911778405147127	-0.006387006694423775	
0.04184870245010052	-0.004679960048007622	0.17179323230154978	0.11974572319159067	0.07361611769114824	
-0.11842609785336296	-0.049061514193724495	-0.04787349277143117	-0.10148814581130185	-0.07654076583426943	
-0.03073217923873587	0.06758155253864519	-0.039610693980494334	-0.05987844886475296	0.0033838312399119075	
-0.027807150330312235	0.00291614213574514	-0.006249785141951311	0.051296639218167385	0.12772001596239907	
-0.005694975324953094	0.06348038871919447	-0.01562825659261979	0.02242826619696218	-0.06713757767755746	
-0.0033133206069590666	0.0990855977509542	0.013288198153703775	0.0367670247976549	-0.020252950487758895	
-0.029784078651438953	0.06037900982365077	-0.12744160030291982	-0.028964375444513895	0.05758924921309577	
-0.046513784046203356	-0.07488580110108088	0.00078235819958585	-0.11355001500108095	-0.02840259429286062	
0.04767685033487766	0.11228268370111734	0.05439555717998907	0.09815650352636966	-0.050229063741295765	
0.024828864277841256	-0.1035799640593573	-0.10717013315669432	-0.009088968881381995	-0.16687200579364503	
0.05229501252107463	0.07726412410903111	-0.05285797028480709	-0.0909502367642464	-0.019780891790650856	
0.0025553441889103906	-0.06342376213215452	0.07321039075606056	0.058599006407019684	-0.04827993441476943	
0.058425991257031566	-0.015238076734124143	0.018562955658870846	-0.036606660138238364	-0.010326724689171956	
-0.04413673029657584	0.09914486637461381	-0.03604415429537058	-0.07793322512655744	-0.08307723263659879	
-0.09777128666831927	0.04481445603761301	0.009568897328847817	0.034078850634536216	-0.039401023522636816	
-0.03635168311304769	0.020463207429968964	-0.06306819929473961	-0.11987833043530799	-0.08500095024128765	
-0.056290186696394136	-0.029735939787463663	-0.055932568161298414	-0.023557858870158998	-0.022375145903353322	
-0.05804488760923496	0.08936852943917009	-0.07742245158420998	0.02972067394396269	-0.025980923065909715	
-0.06567662317187396	0.06582896666513599	-0.03991195974455642	-0.12280994121994696	-0.040674367541941606	
-0.08541474400109542	-0.047957721970705754	-0.11071048308639453	-0.06882061922994519	-0.15557741152142668	
0.03941888129662574	-0.03829635865418234	-0.0402554136999674	-0.0512273694902112	-0.014360189597642915	
0.08999955145122282	-0.05245978480165497	0.024559711185524927	0.07142264686189825	-0.019719198209621005	
0.17805690986792028	0.0002992427245274173	0.12144828797433577	0.12938531152557795	0.0540246576648451	
0.0019689584457634425	0.030215628831201366	0.18759153953734503	0.05619873001908731	0.15303732680832208	
-0.015067392901110453	0.0034674223743000852	-0.03644588161504027	0.064919194608449	0.0680746472537674	
-0.002610883276649401	-0.0542281231356363	-0.032003724789774264	-0.1268783309888581	-0.10862056738826678	
0.024390811035919776	-0.0001632839941351925	-0.03559405160581672	0.060736038426753756	0.1008705782275786	
0.03793171041462014	0.05526312991332043	-0.06261943050957218	-0.08246834060617299	-0.003780292240714493	
0.10251489616717366	-0.03226680523511788	0.003923293351604963	-0.01893957161191301	-0.0060709931669541825	
-0.0036464679448905885	0.00920723679456036	0.017898237660713034	0.1188587305343016	0.12234030357547218	
-0.0864212969727786	-0.022933858654412644	-0.1595580844861434	-0.06965681277828871	-0.13983748123133838	
-0.2337485432413167	-0.07447377771172237	-0.33452545813685414	-0.43456188978187593	-0.3914032318302658	
0.183077814493354	0.1351498065148176	0.12143164043586845	0.008273348627769024	0.12919857605998283	
-0.1668825573690956	-0.07443863846135579	-0.221221204310561	-0.19837901887075088	-0.1548014367069394	
-0.07794275416360386	-0.017535474101536636	-0.06694866397757908	-0.22557966897743006	-0.08096122239460236	
-0.05020334067636633	-0.027835521649192087	0.008216578048863742	-0.06719251520653072	0.033801805583091746	
-0.039913911894395644	-0.014040018948462824	-0.04023893618970307	0.07491722526604616	0.07334295669826876	
-0.019945589397423576	-0.06010199677560116	0.045425499529585134	-0.03698798895564281	0.04865467481424261	
0.1158300979110751	0.05288976463496551	0.040594421522021945	0.17079946936105228	0.11412223930453586	
0.1109853767849494	0.03819214657685353	0.17530881442315216	0.20352579150615988	0.316186741386739	
-0.021900859541450893	0.033903593810440225	0.010939899520582785	0.09799964232848347	-0.03324323579821463	
-0.010867441580194034	0.06819579928841837	0.00035595894997861175	0.18715386234338077	0.13830763378845054	
-0.7848138801813068	-0.0018611743521480502	-0.9909613054896866	-1.1651338127391178	-1.199452464111856	
0.6643004905078399	
