TESTRUNID EPOCH: 99 L_PCC: 0.792410070836378 L_ERR: 0.0026689927533756316 T_PCC: 0.6070266365524404 T_ERR: 0.004298341724309077
180 LAYER: 1
5 LAYER: 2
1 LAYER: 3
99 :ILEARN
-0.06742413038340904	0.03665094504109285	-0.14624351615526718	-0.08332724415586437	-0.1589749207389588	
-0.17925348133978714	-0.0737780328811864	-0.13703801186229086	-0.1695062074132893	-0.12423171338863273	
-0.007853765687592615	0.028247681730094547	-0.05497207114932788	0.08143238661013465	-0.09150583762848155	
0.08073231220720856	-0.020755915473773923	0.05566174579175617	-0.016019355844419363	-0.018479616253928022	
0.0432662993946237	0.09925932410944939	-0.054195751005258516	0.009332962163405952	0.02792813679832293	
0.07970503354784067	-0.08840467944848947	-0.09632731477277276	-0.07819749484732509	0.0742306073380521	
-0.06595218065258279	-0.015833928301964742	0.1088291249677691	0.009365053114342872	0.046394523203266466	
-0.16872789500781923	0.0033319888324107993	-0.10395124283639244	-0.21971926996958333	-0.1482041574634129	
-0.011429128683732685	0.03139421627952854	-0.16570936478587522	-0.09171476555420406	-0.18951536118260282	
0.10705172730190508	0.11456615718885403	0.0923815317503219	0.08391506640256387	0.0649248923763622	
-0.032938035883337005	0.059484061635663193	0.013800294152024295	0.010479711764076213	0.06877343252766462	
-0.08289297994013566	0.013310232265295516	-0.06522412573746822	0.007489211172772204	0.04122667985885286	
-0.04087233322513699	-0.0010462570356065937	0.08384019946024113	0.01327760638431702	-0.04036062618342355	
-0.018956778344258504	0.04266112811955652	-0.022041582786378185	0.041335076562381834	-0.02461348264017053	
0.11668906458824486	-0.07190436866363462	-0.042981015888095775	0.10690225806886118	0.010073567855572518	
-0.1257581794770684	0.0689874080148167	-0.08944567934612054	-0.01875636363708266	-0.04543324330554448	
0.08431778185713397	0.02550063946551128	0.06679304334595744	-0.02960891091059601	-0.04603368286965463	
-0.12206844206119898	-0.031129622326925763	-0.13898711607019446	-0.17404929961294183	-0.23990343099959643	
-0.11798082719425741	0.08722167423963477	-0.05537661596226289	-0.04592128187637411	-0.06397225821778904	
0.03154431337908448	0.10793693162175727	0.11609764930378015	-0.011518817131260439	0.11971941221898577	
-0.02360642103716252	0.012301763293462402	0.0851298650862498	-0.017959158836836825	0.07985601730288618	
0.08712837258017292	-0.11510592877559137	0.1361422414228087	0.10778356809796023	0.16215351789557694	
-0.0912870375067676	-0.0908123050883601	0.04984894109792867	0.020100968683576245	-0.13089035896341608	
-0.2634811547794174	-0.014211408478183444	-0.2494705003194619	-0.2870746402842869	-0.48286604180687265	
-0.10905279740589097	-0.07952412679044224	-0.1148865025405705	-0.07718862919174196	0.02815010044267711	
-0.13391288056271292	-0.04225056896242167	-0.08943633342686723	-0.21753922371233425	-0.22145981049314709	
-0.6887569555576369	-0.03178120822207828	-0.7277621772795777	-0.8542595618130475	-0.8087247001338124	
0.06191693536206928	0.07739069753933386	0.0864912238716946	0.19584268738344346	0.16453167841972463	
0.12247081875117286	-0.08453385399677589	0.012537842419610748	0.05910071860353429	0.06393323743907355	
0.0028781252598529625	-0.008629332735747428	0.12803579818953223	0.08406136043832535	-0.007621183527959893	
-0.040461109448217035	0.12382376127941178	0.0603346507609084	-0.03059536963803412	-0.000984726769268812	
0.01605832502942668	-0.09403177066096796	-0.03258179662153936	0.06683414109276145	0.014072597749965192	
0.035718732890335995	0.025210873703250303	0.11567055486255941	0.15009775939075767	0.0427893706052632	
-0.17723296124364904	-0.06586482788501125	-0.0884246440055817	-0.09138310021914273	-0.08547565391208892	
0.07582586599198943	0.10680990207386436	0.1363232653824106	0.1021253755977478	0.13561279905004864	
0.17622580973382643	0.04699734574730854	0.08018073819445388	0.05541175766364167	0.1165663179400631	
0.12786655926652002	-0.038858776047787764	0.15659191835169106	0.024695302646436153	0.06747061227326179	
-0.02252288166702934	-0.06166972740423744	-0.06933248882479102	-0.10162770308485995	-0.03702787632416159	
0.0044693226870438744	-0.06973686767551436	0.09668576605889266	0.10390653559070695	0.15160273107916905	
0.10111206967020664	-0.06300685249028343	-0.03643635039651991	0.02637304027171608	0.09838367567551722	
0.08099150840024648	0.01730435279443149	0.07237444381910868	0.018268193057045114	-0.030354069057507	
0.010417371005185907	0.022078673637611172	0.02160513608291255	0.08921638044003369	0.11892524295028381	
-0.008086237623107647	0.10225958206720899	-0.04410722265179973	-0.03196549332269481	-0.06049636456713358	
-0.055424634123411795	-0.08515915499466392	0.03175598241425156	0.003692602591510363	-0.17744089249506273	
-0.09453577833633453	-0.03196139107446483	-0.1161099457273602	0.028257209749742156	-0.09502865066182481	
0.0745607405964935	0.018253564316763938	0.06812077990882451	0.05021329760201844	0.0709933645436713	
-0.11495626854148534	0.005088481104293078	-0.05077148501374975	-0.1727406326190551	-0.13294740686155884	
0.007466518186861416	-0.08565148755484213	0.002276909145083035	-0.022291828470241436	0.04076201396041199	
-0.099678226513803	0.06457703574597551	-0.04548227951149881	-0.11554818654556306	-0.02245716950515307	
0.00505568606681925	-0.09351577581625917	-0.03858158999707545	0.008943508724393881	0.03592727920981978	
-0.12163844307939822	0.08823577766742478	-0.05629409992929955	0.057488016794226236	-0.03052180246077733	
0.07982951870376996	0.021505364617780357	0.042362649662803696	-0.030131071508091262	0.04887015983805197	
0.039970313449014035	0.0665457280875246	0.039963187667538515	0.024219621669325543	0.04756040734176995	
-0.09790585237946613	0.00449542285747922	-0.09606329157141708	-0.1016346200270021	-0.12911260353062098	
-0.005843505024889096	-0.02129265057663175	0.033187906337724386	-0.01671397040749522	0.09281344504005995	
0.044301878594462774	-0.05219653303912065	-0.01061552613422857	-0.009671374996266224	0.0704754332907996	
0.08225404347371552	0.08790799797514638	0.03500909894639422	-0.034104218127097886	-0.047521663717133414	
0.007935683901825287	-0.011960822216849003	-0.012883859779080261	-0.0605170522658337	-0.060139575338432026	
-0.05399760939302649	0.028227983976555494	-0.043792253267254604	-0.07309858839416009	-0.11967183552159051	
-0.10848193908336566	-0.027343356423207104	-0.10957675182886507	0.06479257902923126	-0.11075267337831683	
0.0012581029510040052	0.0761607735115973	-0.03068459274142547	-0.06591835860830364	-0.15158363022390065	
0.006403346104734684	-0.024233556668457223	-0.045470036496039166	0.042329473300840637	-0.0321167035654665	
0.08406104309121445	0.08313279728010828	-0.03910156056111939	-0.05953312869534343	-0.05529490208735224	
-0.10806346461321534	0.018938267111780455	-0.1506805899621642	-0.11541476206099048	-0.03474576662941263	
-0.035360436294362065	0.03091329132985471	-0.07906866773164758	-0.1199899720908554	-0.04018363318414616	
0.015072067462904433	-0.0634487598444146	0.045151752167513534	0.036716322734245785	0.05321475985081795	
-0.0696668388493108	0.04432921267453149	-0.054023585196627644	0.02386144903787768	0.06734828964140631	
-0.13506337147860334	-0.033940499253461744	0.026872546184015654	0.019898360911502443	-0.05662506835782972	
0.03991776412399999	0.09332718129150123	0.03172641300900724	0.029536328917118146	-0.12651117503040077	
-0.0034622437701189225	0.04714698859729093	-0.014502548760392111	0.010634344908352206	-0.16683284974320964	
0.041212263048597354	0.055508069444248936	-0.0603227602484161	-0.05955003459068331	-0.014718456690629976	
-0.062190448937940894	0.056926465449525954	-0.0366742149362826	0.03533072943733861	0.05469096822264207	
-0.021984782384111497	-0.057654255504403146	0.09564966166177429	0.018934213653910938	0.09279429619636166	
0.06374653881842608	0.10732656878993702	0.01799458145416992	0.021309982871765856	-0.06573968297476374	
-0.11083645360004381	-0.10842073820783328	-0.1435034067721554	-0.06022118944730634	-0.16132026602330918	
0.008178699724941747	0.07932032451765704	0.07948336339835772	0.08422225483957649	-0.014959880961350302	
0.04486704777782522	0.02593299741829389	0.15912995592038268	0.005629983354596495	0.018154407708127172	
-0.041511435522017234	0.048785419288983334	-0.06798638549189642	-0.1449718094573593	-0.06656003792366606	
-0.08456732776685913	0.06043262859969915	-0.09607861292344183	-0.1501947014478758	-0.04236294916205635	
0.04093419888189821	-0.01587348078279369	0.016384927998087398	-0.04530424729209202	-0.057303000804153806	
0.12438660390297096	0.06230922571494377	-0.06205597299065993	0.0712514189350456	0.03476964744995843	
0.11496493056634946	-0.053404043507297626	-0.039130820859900585	-0.05314834949640741	-0.007966503438755757	
-0.10497277855386355	0.015701635608216795	4.028880502809989e-05	-0.0030469945739835256	-0.004250174418593707	
-0.1916608638623772	0.04381484752756716	-0.22628905926086432	-0.14830801667157942	-0.23175699562384994	
-0.07030822851815416	-0.08298061430280108	-0.10756006361505993	-0.10132444983837251	-0.02094505137990275	
-0.08654282965341491	-0.08931119025799268	0.025543180861212017	-0.011232927061877772	0.022170663028661386	
-0.02996317058962237	-0.010804860881701154	-0.04624792772432553	-0.03490079104089533	0.004589952159331608	
-0.04261334697797716	0.08244635560052217	-0.13354126154848162	0.013951002973885159	-0.11783655599209013	
-0.012347459650666644	-0.09833702397854713	-0.048436523344718915	-0.13255305574273996	0.016961687726124726	
-0.02814035025906164	0.043196839692714636	-0.02710612232449246	-0.21205723613529243	-0.19806495860221573	
-0.13635809985522293	0.012712509377481347	0.004499800515081887	0.017199044464605722	-0.05172554201033784	
0.09711218739639599	0.09006169275761965	0.016745850360054482	0.012513320429661192	-0.019252934460065877	
-0.13042653773602692	0.05755647089208588	-0.1233861019593396	-0.09619045903938987	0.0012022118634313049	
-0.11857925562299801	0.09589207722921639	-0.11219167847389862	-0.07929936371266291	-0.1382848919720883	
0.06413759690923247	-0.023632553345632024	-0.03977609056136002	0.0018529202826687227	0.04856076484631118	
-0.07533761469985828	0.041437379902211115	0.07601622624544045	-0.07579358320274213	0.015671019806483454	
0.010777800576761637	0.07154293151229747	0.048862749947625024	0.08850059262961538	0.04749266878219924	
0.1667697026089042	0.009169136070840148	0.1072359994475444	0.21758999657284817	0.15949895435743075	
-0.12740246543892403	0.08517417188951532	-0.13812302010028618	-0.1838162840835941	-0.19290492172792786	
0.010612642871736602	0.0751681280648251	-0.006000545583750023	-0.02235134720005675	-0.13924536636070486	
-0.11702815066319577	-0.050634189342629164	-0.06335465707317445	-0.12407066260981546	-0.026466913622359943	
0.00756922474089988	0.06311538386504566	-0.053196151788242454	0.04390851682061762	-0.03638260757551353	
0.04557570687451212	-0.032628459167908984	-0.06485402170442991	-0.04890108433021813	0.0618553512533447	
0.016197107247247333	0.007189865710192486	-0.05841259822496682	-0.0017014716714498258	0.10832243134012728	
0.07442460835411317	0.0335894548131456	0.10864729165653983	0.08050616655597176	0.01383387569604262	
-0.00978414877207398	-0.08141372465499148	-0.012137258518548546	0.07478564425152079	0.07176534609677718	
0.09366947397956363	-0.0660996301687147	0.08512583910637685	0.03329204534952362	0.055347971784185115	
-0.03766763477208132	0.028322155545715134	-0.07298466624446395	-0.19533357764534737	-0.12711085103799885	
-0.13768434267573948	0.008297902810632508	-0.13926801539489683	-0.1682159248438624	-0.24741146296927727	
-0.07146116085252675	0.06809217365801029	-0.01296118221217365	0.12796967611848437	-0.02691378298790283	
-0.023530391829287286	0.01639640120516079	0.0561649274247697	0.006190529502023853	-0.07599603072976328	
-0.042139116146792735	-0.0004443732366858372	0.021323760744147588	0.02429638796090603	-0.0880567767829664	
-0.08347804412442311	0.008948446583677395	0.07040239628378905	-0.07857444023039568	0.045827310997831765	
-0.029234424357124044	-0.022764594372214907	0.01485826012160281	-0.010247406106212009	-0.21415803586930413	
-0.09894961710217642	0.0667044819820249	-0.04486756594334919	-0.07487262545835775	-0.08945693923983632	
0.026665838687537715	-0.038224819262780325	0.02493613418181605	0.017116481092814585	-0.031065336140758983	
0.10832224805499302	-0.04754720986566767	0.08526988948646448	-0.0254680771953508	0.09065569766835439	
-0.08492997122125388	0.0336694010057327	-0.1175252194440424	-0.07648122471494427	-0.06944081210940968	
-0.05601515829670329	0.022843570309169867	0.02722581036490318	-0.036701309286702906	-0.10199539325695665	
-0.013290598723798931	-0.05133040599848456	0.020942212139274326	-0.04490965986005163	-0.023849150039413007	
0.1538386350701682	0.07347134478415678	0.04274749043671512	0.08580106543983881	0.092672433443773	
0.14312042018893914	0.06304955632577643	0.07417779389889101	0.03543431572167252	0.13092766074690682	
-0.01137209291009836	0.09218393609051893	0.07000315286508532	-0.016837085031397053	-0.05555537633860882	
0.07907661934751713	-0.05310666319584078	-0.05403382702196011	-0.04409779247814285	-0.02896650107319097	
-0.24832600407158884	0.01927591307479828	-0.26978680320701115	-0.1690878500240156	-0.19420243868928475	
-0.012811400259398977	0.04277394484134199	0.10906528793733364	0.0785923430693328	0.07667317934077238	
-0.006516766857839054	0.06515850112003682	0.13234365122721795	0.012992572775520598	0.09648049799113122	
-0.09640474231580677	0.0719319267176355	-0.043562091752296105	-0.03574201912127723	-0.052157750486890184	
-0.03502850425978478	0.09769127812679519	0.024289483162106017	0.0334645222301138	0.0384116632067564	
-0.07807459930561192	-0.0680704955963465	-0.1189367240016518	-0.0017770995723356525	-0.05740665752560574	
-0.06245281853236562	-0.08639643031516853	-0.007091405987358989	-0.11771790420515459	0.04375758649903234	
-0.009050184588262955	0.03676490885921293	-0.023467802562651574	0.1203102214764204	0.006343492543397356	
0.02558927358443798	0.048692460001786925	-0.06837743367265506	0.031511394239445586	-0.035820033035963886	
0.06260977902766751	0.02887213283531687	-0.09435917577874994	0.06520702280586231	-0.1371915596871947	
0.016133980193823193	0.017924090445872704	-0.07093200365800266	-0.04060568215642819	-0.028493817559171894	
0.13282563796422375	-0.0292477893510031	-0.039171232908352276	0.13282973810934445	0.1281992617255405	
0.059445182857611925	0.015666689601229144	0.07306109861464359	0.0872485155797302	0.010655055680471101	
0.02927101349172072	0.04237320605959121	-0.016690819899788156	-0.030504033001132205	-0.05255526960283619	
-0.01423414288378496	0.05469748365425004	0.14262112728606938	0.02783447465702194	-0.014914824866505813	
-0.041415020203493726	-0.044897306434379114	0.06685524771865921	0.03405265468162441	-0.024472935584881395	
-0.13199379567927758	-0.04051801967249103	-0.03321220960879257	-0.10187091342332834	-0.07454821945133816	
-0.023072686223575674	0.06922032478044067	-0.014124878221054044	-0.04776771528513706	0.002876006109656409	
-0.07380673413638135	-0.01038250210711406	-0.044054124666021995	-0.01348734822108784	0.06828057403799011	
-0.030339571923175487	0.058528461970006766	-0.026529971706206683	-0.008346451109153101	-0.08925289190499104	
-0.031056579448911895	0.08975982102560821	-0.002172494082692537	0.027257404531248128	-0.030863574831656315	
-0.037655217906494835	0.06812025763594466	-0.12070746581130765	-0.03440890334191127	0.04655589264606045	
0.003553966392191281	-0.055807556692708045	0.07429994277964534	-0.052544350737549754	0.04328442116053279	
-0.08544907618079807	0.08385695289152965	-0.07925497950357867	-0.06415276498725267	-0.20778721361830607	
0.11604037248186692	-0.08874885923912317	-0.013553959222795243	0.0864940773990875	-0.08260864181686832	
0.020184825538017533	0.06903078030048596	-0.07477335277867744	-0.08171479727434845	-0.02274516050139479	
-0.08365932976285287	-0.08174178165761135	-0.025039714626488026	0.006654279582925904	-0.1306175719720879	
0.044195266276091466	-0.011410251944289226	0.020270387719234676	-0.055051360555501395	-0.03468951415175145	
-0.07883332701448832	0.08910236544014147	-0.07601007699966542	-0.08665031931744312	-0.11047906664518874	
-0.10590836834565381	0.03353551459253903	-0.014388902764311474	0.04190519196314559	-0.04511864968583309	
0.06329666263728098	0.04745534137003664	0.06452530303913148	-0.02691791996957473	0.02921137248463521	
-0.10161929021164821	-0.03557360748968435	-0.09078594328970666	-0.07594476141047521	-0.07069406987483434	
-0.06891914353473591	0.09486994617876622	-0.07372977146400451	0.034801620255534196	-0.020322059900351498	
-0.0664475692593299	0.06161589688113978	-0.02947991387247163	-0.10148702918794533	-0.022922929954386616	
-0.05486858085451165	-0.0412620207913427	-0.07500970073169767	-0.023431726895606325	-0.11426688810246215	
0.03906716669427713	-0.039434731950929856	-0.020727926873062495	-0.008483410547685704	0.025091683785994395	
0.07026779795399739	-0.0627355804484839	0.007458833383244417	0.05488265640739994	-0.03446683792727758	
0.19036793767988627	-0.011548199045281642	0.12831863861181497	0.14016362044858757	0.06742120820250956	
-0.022706782814379357	0.006975101016096147	0.1567260899976455	0.029885602117233557	0.12343905852792075	
-0.042273714946435975	-0.01602072098785179	-0.059519654540344386	0.043678154013338896	0.04050791555526538	
-0.00993491900722221	-0.05974577254270066	-0.02454050364063623	-0.12090843384913319	-0.09677496972890487	
0.046974706098847074	-0.007218193027423274	-0.012499188113239282	0.09420445381454592	0.1227851873650349	
0.03585722744697693	0.048717144857456304	-0.0551583402886949	-0.07031431037845942	0.004538560953042876	
0.05667090324354398	-0.05203697038917143	-0.03490010584848703	-0.052095077447354754	-0.05031009037206645	
0.023848987081055855	0.0025153999429935532	0.05238109391122736	0.1556995467668022	0.16353772556977333	
-0.11239247393208081	-0.01596796558792735	-0.17669000262218792	-0.10133721149458057	-0.16055260476644478	
-0.19041454489127735	-0.029317938582159052	-0.2477899484036289	-0.3610327764620236	-0.31340559939188245	
0.19956652346660425	0.12466187455755258	0.13156278094819687	0.02602677598176829	0.1455867079196464	
-0.14071173315268776	-0.04702555613885959	-0.16679894662820272	-0.14675257435974248	-0.10841167830523234	
-0.0825229882184494	0.003091212337275	-0.047213434559509	-0.2184820447022058	-0.057391975562094584	
-0.10603630726081022	-0.04860520142441595	-0.03897281032015821	-0.1152205153561862	-0.026535592220407342	
-0.08038968417450426	-0.032153577054590037	-0.09134876587820953	0.023253850660770615	0.02002690561901122	
-0.051018911262112415	-0.06829149064178992	0.011118446066759175	-0.07517190298092086	0.01185652747219409	
0.1020184409363596	0.03316185703882035	0.018636378153736567	0.18459382687361497	0.08242732637321086	
0.11893017740652959	0.02416438789052164	0.17167720787596838	0.1951381526061022	0.316455305319091	
-0.0678605142312828	0.02851383548720047	-0.03792144618956977	0.03564305191669471	-0.08481345070799837	
0.04013923226869843	0.08431631533384785	0.023000411069258035	0.2076079867931675	0.16968818321761142	
-0.8970929323907073	0.15512515249358833	-0.9202437908421705	-1.1068727852942886	-1.2027256190161881	
0.7451357527969984	
