TESTRUNID EPOCH: 98 L_PCC: 0.8008044663958047 L_ERR: 0.0026627904083150935 T_PCC: 0.6086410393122021 T_ERR: 0.003955052412301883
180 LAYER: 1
5 LAYER: 2
1 LAYER: 3
98 :ILEARN
-0.014591358102661125	0.050206961189222084	-0.09643937991510833	-0.049860380693529244	-0.08198631261407924	
-0.14088479946272411	-0.07276490595222337	-0.08664202916941317	-0.12147155362401682	-0.08662488637985588	
0.05239589061353722	0.058133006770717276	0.00906973863256166	0.14414602259828085	-0.020612359178227655	
0.07829527076091432	0.004859627690476039	0.05106035271423595	-0.030823937453941602	-0.02993393955094503	
0.06481054362530882	0.11764594170867844	-0.03544027718904027	0.020502413022431505	0.054202611974560715	
0.056256994247780835	-0.0869666579218332	-0.11645246404898943	-0.10738467308026264	0.034720107588549626	
-0.13776735767830708	-0.02134122360785086	0.032066380097340905	-0.08141780664662658	-0.05808610058073119	
-0.0877862901209651	0.01814673062218698	-0.009993860752005389	-0.13375245120329088	-0.04043910828334503	
0.1056313264834136	0.05243425985378536	-0.043264651577573775	0.04210189069202499	-0.06041420926504043	
0.09003733367238778	0.139014718557537	0.07190301449359088	0.05934455275894144	0.04423989561618973	
-0.060507949208123	0.07160398064592813	-0.01956586800644359	-0.02468653639702576	0.027664815727942976	
-0.1153371087631857	0.01471628030618725	-0.09097849295885985	-0.036340538449853736	-0.016126569028973366	
-0.04867338810138006	0.0074085433131660374	0.07174512412818679	2.8135708008474257e-05	-0.05967043283513005	
-0.05657820282570403	0.033503393411166975	-0.07264637330435812	0.006408040549139105	-0.07644539171662364	
0.07999110484629506	-0.05737943682340139	-0.07742874375657456	0.04850162178794996	-0.04414761205331479	
-0.0738734280584085	0.07716161490940766	-0.037308200191264254	0.026767465168730104	0.020075720451345033	
0.09193230725631768	0.030607870312013674	0.07357341921091498	-0.030764732556808307	-0.0376138509138286	
-0.1570050666372783	-0.08268956824718979	-0.1736457425113029	-0.19221199953196155	-0.2613031851665549	
-0.07997965179192	0.09279806039248452	-0.02332550888222953	0.009752018398500194	-0.017464706514873793	
0.038512359458624926	0.13027785316825088	0.12087010739551353	-0.008903965003487292	0.13465735327683884	
-0.029983369477710294	0.016634478088554873	0.08045562343922164	-0.02423971369022057	0.07175018559216267	
0.10913979041393596	-0.08666112935509396	0.16786678027756377	0.14980748584496953	0.209889407069821	
-0.08500639095004518	-0.08368396704075336	0.056723929521507184	0.02152238812259201	-0.11761264961981807	
-0.22943754158471424	-0.044945394940491754	-0.21515983846291692	-0.26954487014494094	-0.4352904604802819	
-0.28119339175534175	-0.11645573447554823	-0.2955248175564693	-0.28685747095240527	-0.2198340859732152	
-0.1874977395729924	-0.07273924875768185	-0.14308017507690973	-0.28782164371183944	-0.29091826084165273	
-0.6802552491224344	-0.15130366960725	-0.7153631023590825	-0.8843547569786351	-0.8041297407228191	
0.08947668350021591	0.12590811448001793	0.11654714645957827	0.22394331266533937	0.20309313290588596	
0.06741376374615907	-0.0700013464601626	-0.0391912427621048	-0.004080298779399698	7.618976049675259e-05	
0.01623024075206675	0.009153140698585789	0.1426568720573368	0.10200561467064204	0.00011241733142195953	
-0.06692706993447811	0.12509465048452417	0.035665932171831574	-0.05705571219296809	-0.04082252639739482	
0.004115083836115437	-0.09040631103077243	-0.038988152480200065	0.057359058620451785	0.014864671275554702	
-0.025233679992361067	0.021810291881208102	0.05658362822371545	0.08192664889082474	-0.042415761077214766	
-0.12416741537915961	-0.06505408290376681	-0.030744181285953083	-0.03841821872790831	-0.030483459647592675	
0.14195817414526132	0.16170736325008442	0.19691054801055108	0.18532752271533484	0.2283339424549961	
0.16931337361869123	0.0736734643147575	0.07055663258966532	0.05122917617604548	0.11641685652888341	
0.12488730274938582	-0.020427365901553116	0.1492274716694778	0.024277411324090375	0.0696530713768331	
0.006321065044037812	-0.053268243731706834	-0.03550022378428962	-0.07821398180550504	-0.008216593243789745	
0.02714894414094454	-0.05244840784022184	0.12313695927998429	0.12768030453912094	0.17688485796146086	
0.11059692208546958	-0.060842550018799825	-0.026260851990825226	0.03708944570070575	0.10126141433132091	
0.06787769310693413	0.01931251247697489	0.059130600850566664	-0.01094974001887333	-0.05105141752051176	
-0.023067326052283694	0.02636393641749147	-0.013791591113295318	0.044496590621062704	0.06628999992899601	
0.05345321081119383	0.13884431267534245	0.03283109277249288	0.015994936801549522	0.02333479000002481	
-0.07926522379992008	-0.0947033659150915	0.014798518912031195	-0.054219859922857765	-0.22610762737354553	
-0.06328708167252477	-0.011034419204114148	-0.08184979206812594	0.05897690036601769	-0.057781108583590014	
0.10025289707564922	0.030275536752452814	0.09252290997310186	0.06641395548627495	0.09563941800517477	
-0.056788143137772716	0.006282235430034281	0.006779717831958599	-0.11562143466818588	-0.06674585766754974	
-0.0014593101045891886	-0.0845450521012244	0.0017963299096334184	-0.055894181641959646	0.0494829174843735	
-0.06761315442167921	0.07022507913544457	-0.012726901034067923	-0.09602824769525932	0.022761921467802704	
0.041725325936832945	-0.0668975066605869	-0.0002218014656268229	0.06014228943664423	0.07392222058549784	
-0.1242741511599434	0.0994484344602747	-0.06188486845065302	0.06382581906336066	-0.044691427794664264	
0.08252069105756286	0.0329888672352883	0.04312554920646548	-0.03659411856070651	0.042905778171590754	
0.0866149949955792	0.0908251167294602	0.08646672533267633	0.08146647538310114	0.10213851370285185	
-0.12318642579606752	-0.015580315409111152	-0.12808155811551972	-0.08939259977265895	-0.14805167137450234	
0.01736642820251472	-0.010785839084467586	0.05701485471122049	0.007362956006565579	0.12789676308378428	
-0.026435842093230764	-0.06730418024824183	-0.08146698061821177	-0.10802567540837948	-0.02924926037931306	
0.06622081422660366	0.09199365054948973	0.0194751838737916	-0.06026166009102944	-0.07811651670044176	
0.05476971823058625	-0.0049533816261179186	0.03242631296483924	0.007708635537352554	0.0054019204215216285	
-0.06300531745590837	0.007687479334313645	-0.05938348978140181	-0.07030193028808693	-0.12405955946445457	
-0.0777729269962338	-0.004843618063657936	-0.07857151288676661	0.10268147504069727	-0.08297006641892954	
-0.009491943485901905	0.06528352405399802	-0.03376941314282409	-0.08179952509094356	-0.15667026099053613	
0.001810538268609833	-0.027561975895401124	-0.04787548429427634	0.032599698483921566	-0.04287463814570608	
0.03217282803076791	0.07355342568552321	-0.09930080836454343	-0.13565688846692198	-0.14179051109377658	
-0.012863044465152967	0.03748991331351905	-0.06322840590730734	-0.04090428329743667	0.050592903464532664	
-0.08895479454665854	0.030084771281115023	-0.12836789724009887	-0.1775879371486566	-0.09102087496416876	
-0.0033874181378452696	-0.07309873455625922	0.02189532762867261	0.001146556433005694	0.00680111655602481	
-0.05320785839362745	0.05199025656169449	-0.03401155603753401	0.030860718269524214	0.06930195019400091	
-0.1861574213244019	-0.04622866499407739	-0.032488457325991635	-0.05254627218551718	-0.13069712305246114	
0.044312298221006956	0.08927870686583747	0.025290524050849746	0.02495886558839488	-0.14259231630223232	
-0.011459449495603092	0.053491212450962625	-0.014780233213339867	0.013412694419610254	-0.1497765765445406	
0.09149449394118413	0.08380447224360435	-0.005224574279332093	0.0019928625757208713	0.06301548055266253	
-0.05165012008205484	0.04287960028460685	-0.027383997140149344	0.03888953149432887	0.056300711769361605	
-0.048351362638999786	-0.05366854004152223	0.0710495662476142	-0.006558901827445773	0.06831887477156237	
0.06232715209726555	0.13343119014889065	0.02395351939461517	0.02896683799527702	-0.053558953753896674	
-0.08093362258983615	-0.10353737479638839	-0.11313132421974013	-0.03243263405301455	-0.14838221627929718	
-0.01810820354088805	0.08169440652089896	0.05221994888293897	0.04864242886884076	-0.046850987885469604	
-0.011905996082088257	0.028039753842570417	0.10648108555794045	-0.054671107475997495	-0.036695500035158216	
-0.05858240573715031	0.0527721644482674	-0.07364433457117928	-0.15658665637207073	-0.08784021808749017	
-0.08762394648490124	0.05894399975299432	-0.0962737961159494	-0.15430414929709774	-0.04680598661775578	
0.014230351410318661	-0.016254200112702677	0.0013714720021336512	-0.05929433086919553	-0.056745994847516024	
0.10234146985304257	0.05902613558611357	-0.07601314707144531	0.05412988493344544	0.01256919277694775	
0.10683364048776585	-0.04260762174361957	-0.03181797444474618	-0.06220018487871079	-0.007033118603719848	
-0.13763180506515504	-0.0019349831262225766	-0.0020620474443107354	-0.006643028629777957	-0.017542660072124086	
-0.19865360706046672	0.0012287679750601127	-0.217406497127869	-0.15266000063341933	-0.23851760619758647	
-0.021464896205084915	-0.05786539130448151	-0.05472610840220673	-0.04528691057782433	0.04304812268144718	
-0.11587296630209404	-0.10799564860453628	0.0048942096068702885	-0.04412882049262369	-0.017027081841004807	
-0.006449685118836375	-0.013437767436269408	-0.012762733281470066	-0.0022474491896234804	0.03756322542411053	
-0.09115601150419335	0.0676767769024579	-0.15668748247832132	-0.028427707345726975	-0.17469482103107656	
-0.047561763499159214	-0.1122799038789951	-0.0749733843881929	-0.17425877173933874	-0.03519961117361941	
0.006803168294935978	0.04953358730189719	-0.010846577361982397	-0.1901705944988531	-0.16219990334753404	
-0.14290580803066	0.015393493192431848	-0.022076165684725604	-0.020893405859301675	-0.0788383985663487	
0.10339172663865827	0.09677511422413011	0.037146283426551005	0.025698712272580797	-0.0024285777371566	
-0.15106149633040813	0.05322660492831705	-0.15726360979159976	-0.13622506033155277	-0.03708862146591061	
-0.011534633641516804	0.1383887556910001	-0.017891200475204466	0.01974749072745083	-0.016407595289938095	
0.13233609280784514	-0.0059972858903161305	0.021533858568758283	0.06640474825791054	0.13231277198262364	
-0.09216317567527019	0.029658759629891503	0.0775427968525538	-0.08761318628898385	0.0035814251256754675	
-0.0021376373942205793	0.07693205457480831	0.03953726854319325	0.07438207040707816	0.035132654635219286	
0.13566014437443077	0.06122781158490076	0.07082189081438103	0.19595018325393684	0.11253731611945038	
-0.02329470377613635	0.10182057545799203	-0.03534310159512341	-0.08591631597105313	-0.06801980173732733	
0.03447331026626856	0.08207819693228269	0.002725005529080737	-0.008789342924153483	-0.11299052709252283	
-0.08600981947412273	-0.05220259990678092	-0.02893023261577439	-0.0859901952856022	0.019851590047609526	
-0.02222066995680542	0.0624182534102009	-0.07606328657563603	0.018135457198884864	-0.07785107753598831	
0.029494891161638757	-0.030806694379962835	-0.07665593840154408	-0.06770806595547195	0.02772547149754743	
-0.002004415741618685	0.01194041366028471	-0.07033911241857131	-0.02205801497466737	0.06209697451059911	
0.027176035856836027	0.03034415004661722	0.06319535142723816	0.03465769488217342	-0.03818064966866682	
-0.02499860394877149	-0.061304368325664625	-0.01562104439543835	0.07031124213835195	0.058090109608209074	
0.12264576017939488	-0.05458025356059425	0.12077345356028635	0.07227925858614657	0.07896412611358114	
0.0006179805830025361	0.03810214341005585	-0.029608418003383933	-0.14724594782814882	-0.08346503467058243	
-0.08023842243422918	0.009660460013629845	-0.08623277754120698	-0.09164331684656868	-0.17798433346846665	
-0.09452079112015777	0.07875889300354887	-0.035377129106483725	0.1023811064586822	-0.036630321793582936	
-0.024164078753375756	0.031117443755017935	0.056666549505551986	0.010480504576392859	-0.05989424862408581	
-0.03004416802594967	0.005630057725024099	0.04229194808504283	0.045378418203874844	-0.07628658034155486	
-0.07018520695628397	0.024441683694666885	0.0845945077664357	-0.06014431879014103	0.07852988980637286	
-0.04441902935765671	-0.021873799801926802	-0.011819364182189075	-0.030594720874691877	-0.22559196844410503	
-0.039902818603855174	0.06904220198936481	0.011850361303923645	-0.03085418593292389	-0.03204925378237918	
0.02418006010599917	-0.0422500046983244	0.030649939447785535	0.023597718693675475	-0.029376391981980544	
0.09035480880779065	-0.05266075474818948	0.07586475094893802	-0.03448051909435879	0.08422180625821264	
-0.01272926394138763	0.07125949584088764	-0.042889716380569425	-0.02804800821944307	0.025804392458518614	
-0.06080965792872835	0.032764110842892304	0.01495086827285819	-0.04352072811043147	-0.09951477870296173	
-0.02846873762486769	-0.03987615483384467	0.008068578798009199	-0.059189545027146455	-0.022668332898422537	
0.13799272247869454	0.10261743237536837	0.028303734849545643	0.07641959682565405	0.08130794659076432	
0.11315193359133399	0.08081188376124519	0.04764879410200314	0.012216608341371846	0.09296982468852938	
0.05462252744773642	0.1335370705472299	0.12740261818070298	0.09124872007928242	0.017498018623017815	
0.10297453818742686	-0.02878170928165897	-0.03818199670991475	0.007066862737160451	-0.012955736828091138	
-0.27071067215304034	-0.021600084838438706	-0.2941169814967275	-0.21298660173001505	-0.2488141199035318	
-0.03528897153066783	0.05593587335977906	0.08466679965489805	0.07194880244648781	0.04982890286566704	
0.005446046085935777	0.09025621249002794	0.14258319882592713	0.049306378985996734	0.10720009947106471	
-0.08111703673865756	0.0856004088501559	-0.032643408323246796	-0.01525785692014554	-0.034147236077036264	
-0.0782019135864362	0.11231937214653973	-0.018699623702306482	0.025577039849196046	-0.014929689840558553	
-0.03766124779181492	-0.053571349210444874	-0.06544695654885896	0.02367243713657158	-0.0077437859791533665	
-0.022801677930566176	-0.07651321662677125	0.04500085461272985	-0.09724778763684204	0.08927090926482319	
-0.03493491089277488	0.051014181551527246	-0.051687536718614216	0.10721540759282454	-0.029421541504707428	
0.07048526263733229	0.06975773478022992	-0.014030625720071173	0.07116086262156006	0.02074625989053324	
0.04242096022420629	0.03469853350308167	-0.10700878821132247	0.015482252795045936	-0.1550450576970779	
-0.04410513118943977	0.0014263751713340812	-0.13091075294216184	-0.06871619978741328	-0.08847708119974329	
0.10789754213984128	-0.014436975281370846	-0.06907128415439795	0.11967707471014644	0.09723282494888856	
0.052024571256538116	0.0295047513022166	0.07092822276976866	0.08236898605602708	0.009349595878213468	
0.10138481457489713	0.07864017136046932	0.054352517642461635	-0.006815346409083774	0.06734755678979513	
-0.029519237708751377	0.07945653079258133	0.13153504016405942	0.0026372456373848106	-0.01737166447720006	
-0.0082431463473032	-0.02816533967611316	0.11359965733544802	0.054513772191101026	0.01936820791717013	
-0.0910429415548731	-0.03531864334969613	0.0028085014694450975	-0.06932665592188031	-0.041736432057928576	
-0.005955844832129487	0.07828976546319175	0.004235155771020004	-0.017208667123094327	0.037587964686508685	
-0.05773065749211865	-0.005751998944432454	-0.02411710682996571	0.018638419639940045	0.09952971930758726	
-0.0115390647153963	0.05957925420047197	-0.008902100490857956	0.022814288415998293	-0.06445632695709448	
-0.0016663114884110386	0.11303772909537138	0.027916695073985802	0.04867763255641773	-0.005744276397478536	
-0.05304288859550501	0.05266118353031829	-0.1352688231779256	-0.05031565599424974	0.030397586552727986	
-0.03292417490547145	-0.07230289731563855	0.033141266563423866	-0.08704738573513363	-0.007093325417493202	
-0.028987487988088166	0.08641628646018629	-0.02620511099434573	-0.011022992033568582	-0.14482720640014596	
0.011334399519460284	-0.10865297789527895	-0.10634228301133648	-0.0008061487810930664	-0.1645775014121989	
0.055831020629745196	0.09571942901320563	-0.03328612350454471	-0.06587495810287142	-0.0028689925205051363	
-0.050391652960138825	-0.071437895308668	0.007749085148818478	0.013963407088268725	-0.11371445574310605	
0.05557215306985309	-0.013940980335411203	0.031576557586281986	-0.030241060488125485	-0.01237867617092545	
-0.08727283208538479	0.09534132981286404	-0.08176304894597905	-0.11665146071441414	-0.13525268742131866	
-0.10696665644019204	0.0485054170623928	-0.01250626368041777	0.030228134612143583	-0.04181548935953821	
0.020421758023415282	0.032221308675481626	0.024257099181712236	-0.04539280950525725	-0.00022155610202882634	
-0.054396531359440795	-0.025573237391291716	-0.04672325112461618	-0.0205126143025844	-0.01261510673079101	
0.018174342550351268	0.11746634241489852	0.009810145413609873	0.13350630907256592	0.07713094306882258	
-0.06577549340609086	0.07030960388824313	-0.024495789578980992	-0.11593519506002206	-0.027620376141199	
-0.06271277086030382	-0.044680150060036845	-0.07507760101001151	-0.03430899691344904	-0.10736006105429902	
0.08205932090532153	-0.0065862800631709805	0.027266989729949856	0.017555785453403278	0.05267260080107406	
0.10916588041973746	-0.04221835573756366	0.041447138764531155	0.09481036553260574	0.013886220338233923	
0.188579341152994	0.011386465121465312	0.12336280417401177	0.13711600375895736	0.05866816038845439	
0.0035753727235280485	0.043122870614276325	0.17826473732241593	0.05407259432023108	0.14783170934790404	
-0.0423254778886066	0.006971539719121917	-0.06199412458651007	0.038388276232562135	0.03061828768202944	
-0.009944080743013197	-0.050237319900171225	-0.02321942203604523	-0.129624935369968	-0.10077218246288251	
0.021582612454286745	0.0026614002612365393	-0.04590619361635197	0.07061922177824843	0.08732961282412899	
0.05134210488804164	0.06335556437631808	-0.04302899488226012	-0.05721798839325812	0.013616844991096095	
0.07100490833362663	-0.03363356765541057	-0.02635156682524808	-0.044199776504236135	-0.04698923616690863	
0.011230632229950752	0.020416790372821934	0.031192737028442226	0.13794000051874528	0.13057509953356852	
-0.07219972749970369	-0.014389874246714153	-0.12684546621285134	-0.054363261847757416	-0.08697346503251138	
-0.24540364626557945	-0.09710713949651686	-0.2941893456657572	-0.40820693493725035	-0.3726917181308956	
0.199458035392843	0.14401414441506885	0.12747901407751225	0.02735673420644936	0.1393505891499355	
-0.11467403080664962	-0.06854015032179818	-0.1412753530810575	-0.10441480606748127	-0.06679163626559197	
-0.022803156837083803	-0.00958549950981221	0.02030225319265416	-0.159438574634565	0.0011288585222637571	
-0.08154543680583416	-0.02587583917259242	-0.015717353083283026	-0.09438966399452403	-0.0005720991980283479	
-0.05154814604685846	-0.014251630179281289	-0.06651623236451974	0.04917743176944955	0.0456747579018201	
-0.03780774921496266	-0.062431575046575545	0.026066164484563104	-0.06346340338459178	0.029184698507068084	
0.10144077601805455	0.06090374283416388	0.01864882510023152	0.18593222595550685	0.08746680127434638	
0.1224015668353626	0.05425642453617471	0.16809503313724025	0.1950579213555011	0.3148364885120591	
-0.021910943501863258	0.04434426090792806	0.016026861811617714	0.08322186476048425	-0.0016942306929701907	
0.01636791038289453	0.06061071887539691	-0.00633882171010686	0.1899441977534092	0.14460579483055938	
-0.9011038939231805	-0.1649492972365916	-0.9255665104987044	-1.1511449904986388	-1.2331198492592463	
0.8010933164637928	
