TESTRUNID EPOCH: 96 L_PCC: 0.7958806936907279 L_ERR: 0.0026972620597420396 T_PCC: 0.6153437980463492 T_ERR: 0.003805241733710649
180 LAYER: 1
5 LAYER: 2
1 LAYER: 3
96 :ILEARN
-0.014725795571696693	0.05006593958946313	-0.09644923361496238	-0.049695176103213855	-0.08181347149118043	
-0.13918317649100426	-0.072682953187645	-0.08519876800665593	-0.11932253526926585	-0.08462431276411712	
0.05066426377344844	0.057739242675769416	0.007390743240877829	0.1421924752764683	-0.02266678935294507	
0.07698212479284318	0.004407530180666659	0.04981980901413545	-0.03262862855210786	-0.03131599487900091	
0.06481301991172174	0.11737326775057391	-0.03537766215365309	0.020876109801231894	0.05467095004451521	
0.05591702139777764	-0.08714328456617848	-0.11683665850594256	-0.10768288781359892	0.034383661339612334	
-0.13705851708427128	-0.021472677717364934	0.0326854924363782	-0.08053097480247656	-0.0569190656770992	
-0.08742879386907468	0.01810829936904272	-0.009181712517056864	-0.1333374550322633	-0.03954029312449188	
0.10398316232947034	0.05203594351654528	-0.04484351723745149	0.04038385863159177	-0.06278707134283647	
0.08969208676027765	0.13878510032096278	0.07129594804623839	0.05893105514209408	0.0439182010361163	
-0.060211618429060663	0.0714394544145091	-0.01934979698422879	-0.024232073773753773	0.028319125112588932	
-0.1147343913074488	0.014628780705086162	-0.09057766500944486	-0.03540055473986898	-0.01521967011347924	
-0.048580765789781134	0.007319122174958908	0.0717707929309368	0.00036700069544221323	-0.05935383389595159	
-0.05583467820434455	0.03342295899234343	-0.07184246274793422	0.007492694430810893	-0.07510620281789396	
0.07941230347190406	-0.05771719671771729	-0.07790423725496366	0.047834055234474225	-0.0446093285847417	
-0.0746044152545078	0.07702209371574224	-0.037894027108553184	0.02651227831056675	0.019524125611529945	
0.09173820647157638	0.030528326985378454	0.07331658534166857	-0.030600569296334437	-0.037569916025130976	
-0.1564356185444566	-0.08274665841606312	-0.1729461063721738	-0.19210011193362111	-0.26032444357111467	
-0.08138566590630816	0.0925035949283171	-0.024723044721821293	0.008140688653790557	-0.01932667720785628	
0.03813393155501122	0.1300827973444768	0.12020305738727055	-0.009298839404160594	0.13419568717383457	
-0.029919060446712116	0.016549869083730167	0.0806270224626176	-0.024589434341180723	0.0722090573511908	
0.10614819928061847	-0.08716727300974386	0.1648833364996873	0.14619753196034138	0.20624950669136488	
-0.08654597856582219	-0.08404412986461814	0.05529503116481834	0.019792179101745834	-0.11908487435786758	
-0.2280640293587385	-0.04497039966617905	-0.2136370512050948	-0.26752919063196057	-0.4326123386288464	
-0.2769842199425205	-0.11608038718045384	-0.2911426273820222	-0.281619398982563	-0.21297100825500279	
-0.18713905066850678	-0.07277197235666641	-0.14262977872471988	-0.28706762768687444	-0.28960004338999323	
-0.6726927832726547	-0.15019237948276026	-0.70764586204789	-0.874528568116415	-0.7932630283197548	
0.08701792500722828	0.12520307140216175	0.114148307301259	0.2209017617627599	0.2003432330917496	
0.06488944384613876	-0.07039737825814919	-0.041848512512989725	-0.006691926566072042	-0.003336159932607436	
0.01637493085679157	0.009004152072981535	0.14270246564772257	0.10167688052937614	-0.0002547132010111954	
-0.06645199405359735	0.1250172072086525	0.03596236249976417	-0.05671909174360169	-0.04079858946966836	
0.002751274324036908	-0.09068068109977916	-0.04024009468408571	0.05577428026344602	0.013561699833990524	
-0.02497451470495236	0.021777831106278102	0.05660756435829341	0.08213739485144606	-0.04246022683308261	
-0.12179046905646841	-0.06485333541767828	-0.028571912914431494	-0.03542983095529745	-0.028251327394100065	
0.1395895686184957	0.16115900796363933	0.19466898609322458	0.18229551685988105	0.22548059241005292	
0.16744171586703965	0.07332795365970811	0.06882638774465313	0.048878296591076904	0.1142826738014556	
0.12368996702264684	-0.020642545001928775	0.1481400145655489	0.022693626583832928	0.06814060488812398	
0.007398427047420206	-0.05344897303018086	-0.03448632577401624	-0.07685800642152935	-0.006797828233832102	
0.02688775096971978	-0.05255708636636416	0.12273364756899988	0.12747891630935493	0.1759644433776925	
0.11182736157982301	-0.06076424413037244	-0.025043698665999883	0.038067977713317915	0.10252464633813131	
0.06843266918341642	0.019299233266786033	0.05975416070248325	-0.010393468530264384	-0.05061518027673253	
-0.022538843606843047	0.026312004749895958	-0.013168474020111702	0.04540082329008265	0.06718446257568138	
0.05145050443699868	0.1381915208081639	0.030536497563442427	0.013605820727982628	0.02099263497649879	
-0.0769290403277797	-0.09454401928914476	0.016851012073368987	-0.051056762118583156	-0.22266480597357957	
-0.06394421625743042	-0.011471622427607893	-0.08239267988015923	0.05808236449879632	-0.0581980686115122	
0.10015209904638772	0.030180986015198853	0.0923262302907797	0.06637656349093811	0.09537190530173313	
-0.05600993989439102	0.006279320757378245	0.007527265638708466	-0.11433967315271523	-0.06574936190544524	
-0.0017769659786906387	-0.08473518678886323	0.001319151604575328	-0.05622047912840094	0.0485191567941392	
-0.06739721300333705	0.07021403856515097	-0.012628037010641923	-0.09528462224241785	0.023285421057528212	
0.04161099507149251	-0.06724198699417049	-0.00024907738132783324	0.05928795259893245	0.07401649903311129	
-0.12358256900022073	0.09928714967499003	-0.06100547671704267	0.06438969235333611	-0.04343181176982146	
0.08201480814144925	0.0328171321148095	0.04270379144135037	-0.03718272379269479	0.04212242682342475	
0.08597558004712379	0.09051674129570397	0.08589122071915209	0.08040631946505504	0.10139455167219356	
-0.1233810211082697	-0.01563417354398779	-0.12803358796044526	-0.08928766358728456	-0.14745006762741444	
0.016284879060108517	-0.010995733147683606	0.05591625915258116	0.005974315985046013	0.12624746520710714	
-0.025122982935489986	-0.06714754430934913	-0.0800507731102412	-0.10638681199609336	-0.027249126767298952	
0.06670856667917652	0.0919202145486155	0.02008202694287944	-0.05984798554147274	-0.07717520674861426	
0.05386212747318301	-0.0052785448647983775	0.031466054028233686	0.00681685257420816	0.004739608769654979	
-0.0627337101183812	0.007799625299753317	-0.0592133022463564	-0.06938465641965665	-0.1230006746292052	
-0.0775139944744455	-0.005104120893474596	-0.07821270498402774	0.10234743087120071	-0.08239565590470749	
-0.007475402404714912	0.06548323538352717	-0.031858964421897465	-0.07916353484555497	-0.15429402674427406	
0.0019170723634972723	-0.02747399912782595	-0.047668278629611344	0.03277322237976895	-0.042211170124593224	
0.033341293120773975	0.07366399149196848	-0.09806017100318348	-0.1342099591400518	-0.1396556100937679	
-0.014372700368930586	0.03718594527711033	-0.0648048381046476	-0.04324758628081299	0.04916605488604086	
-0.08766673387593764	0.02995847400211773	-0.1271940310027145	-0.17577930371256675	-0.08971920230643193	
-0.0029347509144696613	-0.07292385767933271	0.02249356346790043	0.0018083989742058472	0.007980781621505896	
-0.05392657299864521	0.05196299617749801	-0.03466132573410638	0.02965511608088544	0.0686040377068394	
-0.18400022616959194	-0.04614259590851248	-0.0300299164396546	-0.05000044296984948	-0.12753509715234237	
0.04542344418904736	0.08938860998722925	0.026663463766264047	0.02634776371525175	-0.14052159490009755	
-0.011167863170364086	0.053132914229004714	-0.01478964998123499	0.013736087687114703	-0.14951627504871073	
0.08963382695573027	0.08304115792161065	-0.00726216616970479	-0.00039702111640375437	0.06052225900879796	
-0.051219156322996534	0.043114864571817985	-0.026966532342731372	0.03945216118463771	0.05743559588849561	
-0.0480630928052843	-0.05390810890977458	0.07129455791249172	-0.006134246826386681	0.06872568930923784	
0.061220046766788536	0.13290067520275767	0.023014527223343257	0.02772152766551367	-0.055011279111182136	
-0.07869978101096695	-0.10325700448649268	-0.11123106004262152	-0.029873489275116318	-0.14536819126590295	
-0.018066082351394175	0.08161201452812426	0.05218444702025655	0.04873907557672033	-0.04673090962312194	
-0.011927908106781848	0.027874057302636455	0.10629719414747316	-0.05465368091214164	-0.036842888639532924	
-0.05854299297065593	0.05270259028436324	-0.07295106299468197	-0.155711083580893	-0.08716824302802756	
-0.08684845501845072	0.058972702544142885	-0.09519518721550059	-0.15301088427949977	-0.04544175653551851	
0.015029133558578756	-0.016468254710749048	0.001873185769426472	-0.058327108755846395	-0.05596142002006403	
0.10202371889000694	0.05902131848180272	-0.07659686573347133	0.05322242947838783	0.01139713572012167	
0.10553563813651638	-0.04294813105409211	-0.0331001010550304	-0.06332625394791562	-0.00858723184423974	
-0.13773673625444563	-0.001867934348064884	-0.0023626078940904047	-0.00681133627121056	-0.017327202150490054	
-0.19646266493870673	0.0016258651088162232	-0.21494857017300945	-0.1494559758306224	-0.2344402211578095	
-0.022192949162842597	-0.05814151900443081	-0.055495311851645863	-0.0461104443586514	0.042166236183266204	
-0.1156929952837974	-0.10800763150289705	0.00508831510150913	-0.044184889224058305	-0.01632783857127818	
-0.006812786551544288	-0.013527953960776403	-0.013067156464735382	-0.002666750741228169	0.03755705404857512	
-0.08994575225444291	0.06773917475806612	-0.15583078090722288	-0.02705724224103737	-0.17274372878180008	
-0.047043686511694265	-0.11224291297470995	-0.07434926349394415	-0.1733296595088985	-0.033585396049943046	
0.007358164369099548	0.04945831967094663	-0.00990824883370239	-0.1893217234097815	-0.1617147339137715	
-0.14220628630213575	0.015285952462162019	-0.020958913563261482	-0.019951683193968443	-0.07755933722813901	
0.10174214054063052	0.0965270871404571	0.035456744762259386	0.023664670908044017	-0.004531389078990481	
-0.15006896150657054	0.05322802991122541	-0.15603150574428212	-0.1352936445409904	-0.03564048624037401	
-0.011704433535865144	0.13797463412828714	-0.01806399830785342	0.019636985596628798	-0.016559474452620564	
0.1318573123693008	-0.006110338970246729	0.021224236086811683	0.06539339030098548	0.13121327996264223	
-0.09268545973890274	0.029714713013853263	0.07675704182910598	-0.08826961888182622	0.0026203847819518435	
-0.0030357656573268125	0.07680807465577412	0.03856191450520928	0.07332096339064696	0.03355879010455057	
0.13608800479926916	0.06038983576270674	0.07032782969508022	0.19468998180191385	0.11283012340184377	
-0.022052919098311898	0.10174857555672608	-0.0342055630416302	-0.08436027346705686	-0.06645517957225357	
0.034944511876571084	0.08201693821480184	0.003460130727686504	-0.00801727803149913	-0.11290979285824344	
-0.08619969234916655	-0.052263801238584234	-0.02946247427914793	-0.08603970239673087	0.01924668265767794	
-0.021602247738181115	0.06254748211905281	-0.07532825571512915	0.01861446419234497	-0.07675608214983774	
0.028481883751249736	-0.030877703535408585	-0.07777005493257275	-0.06859345414495137	0.026532627547620712	
-0.002422006521368815	0.011879326154686532	-0.0707634294002992	-0.022163493843682373	0.06184195203087253	
0.027489037470897322	0.03007955812136583	0.0632871393744327	0.035078834323085936	-0.03769792346741982	
-0.02597505618667562	-0.06142720918819905	-0.016588336004898327	0.06855737506220101	0.05667904013418814	
0.12222942737666205	-0.05464381555576063	0.12034987644181518	0.071519516190063	0.07848726961227998	
0.000974356571702012	0.038064787897694886	-0.02935663146342702	-0.1466179270943436	-0.0829815964016964	
-0.08023722464448865	0.009647028601082526	-0.08629472704184778	-0.09201993736227575	-0.1778298950792533	
-0.09448889312608708	0.07832977151653243	-0.0353690007900922	0.10257352043866992	-0.0366819343561933	
-0.02409614924479685	0.03078561337240158	0.05671555479123209	0.010400853901094688	-0.05990453416197751	
-0.02987836937772356	0.005647097363201402	0.04242191518401169	0.045454414895028945	-0.0759754339360119	
-0.07056583958081311	0.02414863322102718	0.08425467876470609	-0.06080478737664895	0.07786287716306212	
-0.04368801430314572	-0.022028474440180794	-0.010949561386453588	-0.03023903236139945	-0.22394864040267118	
-0.040044833187402096	0.06883631833554632	0.011906315380775448	-0.030757446833252704	-0.03214714988829924	
0.02408447704854691	-0.04217669807543053	0.03023891829113694	0.02377887831576089	-0.029653572470180568	
0.0898587646270329	-0.05269039927367591	0.07511954677178428	-0.03471535397771167	0.08314354540269284	
-0.014011633946819757	0.07079449546298859	-0.043953564249076725	-0.03028425469015225	0.024841485437787556	
-0.062123276089043375	0.03247264204232657	0.013851201167001032	-0.045736086259246904	-0.10062148175759561	
-0.028918630272999023	-0.04032115514681687	0.007534456592656718	-0.059550631349635876	-0.023425670965722553	
0.13596816537777157	0.10211520509121955	0.026164804169663932	0.07363186119875101	0.07862776534370142	
0.11324250004618017	0.08057704160055339	0.04767291091312111	0.011696993215393	0.09293355202171191	
0.053870049990847976	0.13310231290748095	0.12654529106712809	0.08992695502052475	0.016370902543160617	
0.10337304959572766	-0.029106234175485447	-0.0378478518672951	0.007003792757781979	-0.012427034215898658	
-0.2687488776193145	-0.02139516478153129	-0.29172089042680277	-0.21038935042047685	-0.24492605555397023	
-0.0347196471693179	0.0558047474799212	0.0851648926621221	0.07150806833260087	0.0497590364816436	
0.004950107866469886	0.08987083252416374	0.14206895984861184	0.04814170798045462	0.1063368308832393	
-0.08181979662269816	0.08527566919664022	-0.033809003980437125	-0.016084968939938934	-0.03479515821923347	
-0.07848482983989201	0.11195331908255783	-0.01899684870065599	0.025090363319079018	-0.015523251892725931	
-0.038179872933731165	-0.05373452187776188	-0.06579014545353662	0.023275468855372718	-0.007980740837653036	
-0.02293034541479691	-0.07664555681744127	0.04502048571132904	-0.09732777560644262	0.08961036881257352	
-0.034794901870904546	0.050801000504738125	-0.051590939020146644	0.10671494957251101	-0.029467670817089148	
0.06977693588333758	0.06958323372232486	-0.014614137459608269	0.07020581743313578	0.019874571252539483	
0.0415428646626944	0.034477579809707115	-0.1076860878227049	0.015589695753507429	-0.15539941103066193	
-0.043071200393919096	0.001322024878225336	-0.1299127896364169	-0.06781347579654354	-0.08764664111612053	
0.10827333205520692	-0.014676559356563503	-0.06889498035916648	0.11957643140253818	0.09771462823951083	
0.0523487315359048	0.02925153308737584	0.07097076253437473	0.08241914763857423	0.009740611163418409	
0.10091762467704704	0.07840539375077493	0.05380956913328222	-0.00681149645194653	0.06610518387240562	
-0.031335378739192045	0.0790679162520622	0.12992419482966994	0.0012887592892291365	-0.019574323778438756	
-0.008854463437536913	-0.02836627467610474	0.1131135186814798	0.05390767577623513	0.018947245687064924	
-0.0895866105958673	-0.035166467212845484	0.004139754979005202	-0.06772035273193754	-0.03981255549980328	
-0.006741812537353168	0.07806170860660244	0.0033080215653743146	-0.01816768854891101	0.036853324874516535	
-0.05853601785112154	-0.005886630263190715	-0.025141822522677805	0.01786955789359002	0.09783666396671738	
-0.01225495114295494	0.05946667318227588	-0.009692028037774334	0.022064106753244984	-0.06573781106462326	
-0.0009768598557630193	0.11281848670163921	0.028555541472065207	0.04941303607219665	-0.004691612726331515	
-0.052312724281320645	0.052855867687830835	-0.1346482196280614	-0.04915197799842843	0.031115965319429062	
-0.032397102036839216	-0.07212748034152988	0.03367165932311416	-0.0863580890482865	-0.006323052726695227	
-0.02811531132356758	0.0864441528424105	-0.025220345364216936	-0.009656473385746489	-0.14427296725636	
0.011377049167300621	-0.10867678134708655	-0.10649521226562728	-0.0008288530609856435	-0.1658114712949454	
0.056354221372081334	0.09536070887238234	-0.03267758682129946	-0.06533894677663808	-0.0009947108275051434	
-0.04966853870925934	-0.07165140480800594	0.008796140292198424	0.014820105809919729	-0.11168813606789708	
0.05572048718291819	-0.013902303946296574	0.03160641241290061	-0.030122239714452582	-0.01217717935973276	
-0.0869978213639445	0.095159028300324	-0.08136167560297196	-0.11625963901477732	-0.13417782939546444	
-0.1076793590687086	0.048147835689716735	-0.012925609151834242	0.029633836723533594	-0.04222059243390263	
0.020200114215556488	0.03222544444050336	0.023720793641634888	-0.04620680360190043	-0.001071134062306165	
-0.054053312469501	-0.025539720456210436	-0.04660566501728489	-0.020086805077530124	-0.012688620372797884	
0.018181193419645848	0.11735681802329456	0.00954359118004444	0.13343230150256252	0.07712526644084283	
-0.06512039152160926	0.07012593172688912	-0.023798475132008477	-0.11464185437603419	-0.026198555441971104	
-0.06297155432094113	-0.04477772459875505	-0.07534966487151093	-0.03395718453606609	-0.10774083831593291	
0.08249926025887096	-0.006954596620317905	0.02765179107344289	0.01792963247863129	0.054371240712001986	
0.10803049642361236	-0.042572577655718785	0.04038653813756289	0.09352595550013602	0.012301099421960691	
0.18808589864731493	0.011223172111409701	0.12299749511531946	0.13615819376122337	0.057594058196631784	
0.0020159496547388386	0.04258450969764604	0.17689844634057506	0.052166420121895075	0.1457510109649739	
-0.042725828225862454	0.006539069431794839	-0.06225488178209818	0.037930734736239	0.030157741711318017	
-0.009961056292575151	-0.050549859703383285	-0.023177177400659457	-0.1294393465428629	-0.10021619076254845	
0.02119566716416974	0.002523275605780726	-0.046157288293724105	0.06984398669232134	0.08647943602347623	
0.05169865302464001	0.06320497315846438	-0.042598614960865706	-0.05704018977438986	0.013946997068540344	
0.0711978682369125	-0.03395455121224665	-0.026013011066621978	-0.04412954398925788	-0.0466341490380854	
0.011490677429453096	0.02029649909922358	0.031590443011284816	0.13790632244241555	0.13071748524399399	
-0.07370090490316955	-0.014675771933289831	-0.12847930729928436	-0.05558233103735928	-0.08849291143715478	
-0.24226765327623337	-0.09649727978209693	-0.2913383313386346	-0.4042899675145051	-0.3678256541844217	
0.19895383358220448	0.14388598057109733	0.12715050413819315	0.026371416789136026	0.13813570871671735	
-0.11470334565944283	-0.06845698018836252	-0.14143222415331025	-0.1044409852736734	-0.0663435463318366	
-0.020470326956982067	-0.009235928126286506	0.022447766998054675	-0.15674513384138825	0.004848946611597307	
-0.08158829821931506	-0.026255462744275232	-0.015695957085569298	-0.09446402980751603	-0.0005749284129628634	
-0.052109604256273895	-0.014529805551610913	-0.06688278349535744	0.0486588966193238	0.04500535425370586	
-0.03815267649716504	-0.06261689454339604	0.025744269223811185	-0.06367663962765448	0.028891802639067325	
0.10096408594828911	0.06067856255435187	0.01818035092277956	0.18462860526247804	0.08666356884154659	
0.12119590859685316	0.054075191942185484	0.16696831440568705	0.19334812881414015	0.3128680841664597	
-0.024073496099713026	0.04391748241665561	0.013783547963933314	0.08127278151834752	-0.004307272026699838	
0.015826264767741675	0.061147738888449155	-0.0069209076768361275	0.18934180120547112	0.14328567568390643	
-0.8977618116505922	-0.16803209645627493	-0.9229070848098494	-1.1446226355360676	-1.2262059156460627	
0.7644401672004921	
