TESTRUNID EPOCH: 98 L_PCC: 0.7945003389695469 L_ERR: 0.002553391868826154 T_PCC: 0.5928548855658762 T_ERR: 0.004905322694616589
180 LAYER: 1
5 LAYER: 2
1 LAYER: 3
98 :ILEARN
-0.04057396576148	0.04348394370888138	-0.12517632222519265	-0.060910516155748225	-0.10016837904359598	
-0.14938453025816395	-0.08662375826180496	-0.10352787579178005	-0.1408592360699327	-0.10379688440765464	
0.04219540213427625	0.0559400032721119	-0.0033056619269637632	0.12808652916367586	-0.03281139273700955	
0.09392390245852815	0.007913398464453521	0.06690461826015147	-0.01799972262161147	-0.004942954889510252	
0.05219411882961669	0.11416279920812067	-0.05670825229596476	0.009907309767327517	0.0342502072860205	
0.08877917586690993	-0.08454557084719784	-0.08958670119555028	-0.07133638753865018	0.074202573152723	
-0.13195118011946405	-0.020978690016075992	0.03361156154636709	-0.06824667867444852	-0.0514022389432272	
-0.07173223910548221	0.030724078152611876	0.009476787310663818	-0.14032990805675288	-0.0017013881658724164	
0.12936364286924654	0.06053391988642527	-0.013166461111227497	0.07233626852033997	-0.06321998648806311	
0.07825090085335522	0.12668200911643177	0.05683464271910565	0.05247506738958129	0.02366370106201263	
-0.07683310045807862	0.06015490402584466	-0.04104268608858347	-0.04046324405414878	-0.0027436505189081957	
-0.11447729559001889	0.007955381902778363	-0.09884845422638418	-0.03896403805276059	-0.012001720657514758	
-0.05952111175103206	-0.0013519490948402562	0.05779868615310372	-0.005141968435662222	-0.08001620501952525	
-0.061202926244939414	0.033423075708494114	-0.079236445667822	-0.000857897203479895	-0.09906991878517817	
0.103037085099507	-0.05621077525215704	-0.062316440593068956	0.07421335728675274	-0.011084266981074956	
-0.07122727688556146	0.0863601241170542	-0.04259246846061159	0.03470411874751166	0.03094021330448762	
0.08885233634052729	0.03161553316599839	0.06133701364114849	-0.02834103079380978	-0.04060291395074734	
-0.1375302798387399	-0.07475126181873487	-0.16823290237976787	-0.18252351784547183	-0.25059472988773546	
-0.06018870035857776	0.09661476473831518	0.003478535906593302	0.031044447394150035	-0.004244232873756982	
0.02314465138485583	0.11858084807521867	0.10170519244986752	-0.016063416888946327	0.11044623785527491	
-0.04746404541606273	0.011375873014828746	0.060642812060469425	-0.054624388145741616	0.043270478829720474	
0.08931316886694686	-0.09796869190240802	0.14568743186261016	0.11606966421169913	0.17303967392419653	
-0.09215346794291901	-0.08741786657244019	0.04208055066945755	0.003935242712323922	-0.1391577346233602	
-0.25353986576921494	-0.04259518086059198	-0.252957844124843	-0.3047033592007868	-0.48564047336801924	
-0.2288977236342834	-0.09866510737582238	-0.25283935869267854	-0.22583295788463922	-0.15502252553917079	
-0.1364484984352555	-0.053586028028169426	-0.09626699394436228	-0.2341665939893811	-0.23453556413840615	
-0.6452231479759765	-0.11223720905740925	-0.6916471768245527	-0.8315988150729882	-0.7966902992251388	
0.0744494451399412	0.10893775906587075	0.09343478249048387	0.19313185039424918	0.17870456017068845	
0.06809711260190716	-0.0755672783240414	-0.04801695400342506	-0.008865971696566919	-0.00863758071563026	
0.014354386438255599	0.004568771202411195	0.14309539171521438	0.09618890649615645	0.008681993647427985	
-0.024123009247638702	0.13481561416707194	0.08137918529468166	-0.005333337242038334	0.021779037472002338	
0.008557857374074163	-0.09133624301059579	-0.03469309844403347	0.05477239607247692	0.0010486891383097636	
0.008904128340727048	0.030214642110072305	0.09513278157875317	0.1234664250715192	0.008495602615863268	
-0.09428961951202047	-0.05613442713734979	0.0022567938048796937	0.011220962674305711	0.011252448110494131	
0.11715397288099523	0.14076322974058225	0.17085812315507126	0.1432871015796592	0.20068346112736293	
0.1808366277870069	0.07003138437100401	0.08325565385243384	0.05852478262224153	0.12631999200619953	
0.1476821778709845	-0.01977345382093597	0.1757000938133059	0.047841908594179125	0.10044064483716186	
0.03522316353001721	-0.047983138962369214	-0.009613705201758768	-0.04511396157248869	0.026539700107896417	
0.02926217960256863	-0.05460693312797451	0.12625217804455238	0.13539702550893445	0.1835291541037687	
0.1059646498630192	-0.0618148915740957	-0.03019524005924956	0.028542568256582426	0.1017197769482432	
0.06663097773233172	0.022910687279529458	0.05250200275994959	-0.014732314412833751	-0.05401347226156451	
0.05051580720006891	0.04817093795301241	0.053941181603676086	0.14673690914977153	0.13007605972409805	
0.03769084935113152	0.1324697121625538	0.007942235208300268	0.020706116410435918	-0.019939222958519975	
-0.048605553550614154	-0.07976582157167444	0.04587489986939251	0.013906483084233607	-0.19059611040500762	
-0.0852547288987365	-0.023387558810646802	-0.11252561628748585	0.018715417996002775	-0.08857913526801123	
0.10588834013908024	0.03845008784670889	0.09166266427026355	0.09287926212796037	0.09556132188577983	
-0.0772477156031438	0.00791974935317342	-0.020455711716220532	-0.12070525332687644	-0.09735967554682701	
-0.0571755181915856	-0.08966563446433883	-0.06136790415493017	-0.11199755094708398	-0.03016501473702854	
-0.058143631589502	0.07425880596920696	-0.0134217055402177	-0.05132106361549977	0.017468149190801356	
0.01497229448291704	-0.09170285906416623	-0.028534068191725076	-0.004877733382439367	0.04806874606244828	
-0.09654505361439167	0.09297921771624135	-0.03423375163953617	0.07375056443161573	0.00460711665370248	
0.09628755641533548	0.04168089655594435	0.05282387712064232	-0.004887132313393279	0.045639720344818516	
0.0944690436971219	0.08116769158912022	0.09122582255053481	0.07769380144630199	0.1194775639948324	
-0.1580324717242824	-0.031551750419671024	-0.1691059625080684	-0.1756443960706693	-0.19347023047277215	
0.03751728095377458	-0.00474032341686719	0.07508986296720906	0.03709670287134592	0.16006815320376136	
0.021771102469632746	-0.04331772477720927	-0.03566163243558062	-0.0493783392678104	0.0263908994521266	
0.10256908684733206	0.10173870353662118	0.05480912262551561	-0.023302318332491936	-0.03325232929783171	
0.0646404148176599	0.0005176666880080888	0.029315221240543563	-0.011442820669675991	0.01584707159015531	
-0.02930700341896226	0.02130828812914303	-0.036713941372069396	-0.0429205304872807	-0.08631497489028836	
-0.0839914395630325	-0.01988066297002502	-0.08758647457196567	0.0659701444649771	-0.0853254013271292	
0.04137596750992645	0.0793749685880597	0.013604291631337608	-0.014770341437789164	-0.10233661042670693	
0.035945926020319194	-0.00584466913760489	-0.020692328468116836	0.04844524643332906	0.010386961743447203	
0.032129288076429896	0.08064788382868054	-0.10720220171081117	-0.1492044598571531	-0.13784767661451855	
-0.12527281426394138	0.013523524200550896	-0.1802692198272796	-0.1838772191998324	-0.08672949183925621	
-0.03619995905165156	0.039992909524715875	-0.08340234570069009	-0.11339520573731608	-0.046599110521169065	
0.019806594095570635	-0.05899428951976434	0.04008806407423213	0.01731733828056053	0.05338804111851233	
-0.09113413248563372	0.04766375784474173	-0.07884322562195718	-0.027889722490656504	0.033723695148464274	
-0.0996214968616504	-0.017102182573891504	0.05781661732574591	0.03910518664628996	-0.022661018507165193	
0.024236062679221723	0.09031916261907105	-0.0002103746367662468	-0.01423742141199547	-0.14807124572556069	
-0.0007559848211246569	0.04312741057833558	-0.011171825282344604	0.03876712902175812	-0.14695226806563175	
0.019315584782670762	0.04848264489168473	-0.08545731323676245	-0.0742046326385167	-0.03177400162277851	
0.03409215441056676	0.0854680751613234	0.05428532470068309	0.11473967514215766	0.17374709671313998	
-0.06936783080461074	-0.06921586036093187	0.04249042197072398	-0.025932900496585816	0.044028715368531514	
0.022360524920557602	0.10679824202886028	-0.019651512356575807	-0.0159501338730602	-0.10336634211714148	
-0.04912519300247159	-0.1000001484358811	-0.08125081357093465	-0.004954427444373444	-0.13981124577066759	
0.009456022095402238	0.09027789788904424	0.07920049561103737	0.07530552638014987	-0.02037011612189837	
0.011322262220488424	0.0278550704583314	0.12746005309309444	-0.027693832695268365	-0.012644827589283996	
-0.026346911419696743	0.054676782315205105	-0.049593115174251565	-0.11555629850391623	-0.03406514845683778	
-0.08773176394484468	0.05380727033815002	-0.1008628989665022	-0.1529275564110001	-0.034796652877780054	
0.03648250933765477	-0.021870142456540106	0.015746334526791674	-0.019359145282395105	-0.040671308105928825	
0.13428533633430453	0.07674100640452418	-0.04823556523911382	0.08394469377572253	0.04077945409066085	
0.14351901735951542	-0.03277394768382574	0.0032390292688331186	-0.013288755892935029	0.026484151444458075	
-0.14169070053941082	-0.002612312416122367	-0.022027025283734333	-0.01535948616438043	-0.015549139813064819	
-0.16487232805452037	0.02419646156917744	-0.18938829953258993	-0.11095166418967227	-0.18305585123730883	
-0.03421384486939007	-0.06536099435094278	-0.07261078374306658	-0.06521642440433348	0.019200925875141047	
-0.09220914044561197	-0.09459047591719415	0.02304019538584213	-0.018702735199166952	0.008055322130921683	
0.0035431803803010658	-0.007075817365583846	-0.005883622646422406	0.011674786119669064	0.049796490390208115	
-0.09830001064242444	0.07259496684040406	-0.1801199651877718	-0.06559512891732402	-0.18075874439262676	
-0.08726815831742223	-0.12254706799986646	-0.12849858770354572	-0.21268856529687877	-0.08628100092650441	
-0.025749331866770864	0.04080981472458172	-0.04234443442412516	-0.21682995714204875	-0.21064240005494458	
-0.1778132608118052	0.004486539641339444	-0.05991767921390715	-0.06192213189866955	-0.1208072666445179	
0.10926522915984963	0.10344877550960575	0.04132336185059965	0.03557436994818127	2.4730118544616976e-05	
-0.15609420596669643	0.050179126250495816	-0.16567553706368418	-0.14202024459024085	-0.041534831967901836	
-0.09258060172234314	0.09830119026905246	-0.10385810897705482	-0.0790908815851929	-0.12424913307234614	
0.06683494977834341	-0.022655083367135797	-0.03510156060087651	0.004734484890759124	0.04458601925330188	
-0.04885370095351795	0.052014896194213824	0.12610539073925994	-0.03889418753509146	0.05936039490407717	
0.006468159773871897	0.0818399220008174	0.053387860297011924	0.08605112360712887	0.04322052039149512	
0.2680013485113011	0.06366898591918865	0.18502578503983072	0.3021113283837384	0.2601528367303754	
-0.06951655087021968	0.08079110259423733	-0.09024233136084858	-0.1289791592043688	-0.13644594340377436	
0.042705565907887925	0.08538101151310926	0.0160238930450314	0.015699622255129993	-0.11687729756725543	
-0.02935425633306134	-0.03143858432276663	0.019271607187726143	-0.007660991991144652	0.0840309106190946	
0.04741993190713056	0.06889694310118474	-0.018212140665795965	0.07160252396201909	0.005643633130629856	
0.04916156872816062	-0.027535707968585562	-0.057367011583029384	-0.036600330074692836	0.07418060133723459	
-0.0685530571524217	-0.006852056678185082	-0.14192173477285908	-0.09997481399020978	-0.01565994520581198	
0.03851256805292245	0.03551467895928393	0.06716185665156489	0.05104457389140798	-0.031249364427079027	
-0.06343838244093017	-0.08318717140364357	-0.062276808812526584	0.0007771333784331629	-0.0032649096398174207	
0.06913473257382581	-0.07486526925266097	0.055669905419602164	-0.005164526497567653	0.008855704641323753	
0.07652118710597872	0.05991475169354555	0.05022291246582792	-0.05569004651064526	0.024574784326618443	
-0.10009634371280093	-0.004124597592208498	-0.1037946154338217	-0.14661631827450136	-0.19492865652944347	
-0.08334782413367	0.08063822133658466	-0.02758240557607461	0.11960123997179223	-0.04645925782276734	
-0.03829574423599631	0.02535851910397436	0.037000928809219125	-0.01572459092308008	-0.09681363943343231	
-0.013018001806382865	-0.0012630510085350358	0.04728801929398966	0.048177988770162265	-0.06253894462910134	
-0.06644768162654384	0.021438062757218355	0.08640774469264853	-0.06340479584869382	0.0684523370049062	
-0.03444780623961164	-0.013423506884771433	0.0022837292071430358	-0.04115065796397364	-0.2126280602302534	
-0.04061449324319206	0.06729877746305153	0.004164059112183846	-0.029262300718326244	-0.03354681001238778	
0.03020582853681074	-0.037148200416123225	0.03441301505622676	0.041517842453039036	-0.012112526307548383	
0.08331144694966079	-0.051660605441997326	0.06470721066377444	-0.02593629922651131	0.08061479358239594	
-0.07255684957236254	0.05204842021924197	-0.1040285566310487	-0.09463627441150972	-0.05468336013453527	
-0.001708015801530123	0.049506045954915624	0.08819766380675463	-0.004144491963437912	-0.023855012029232354	
-0.013256237849434036	-0.036829233319390885	0.019071343236857514	-0.03359135046832987	-0.025415126146893605	
0.10857257182829205	0.08937563846310205	-0.0033391759515062638	0.027279536272493826	0.043305440726088114	
0.12476497423715134	0.07097276228704419	0.053158264965562585	-0.000651542845473421	0.10005049838545325	
-0.048944507177730065	0.07947729808259571	0.02053217625992695	-0.06672760035940055	-0.11060394257755396	
0.07043673288927413	-0.05854781876309099	-0.07639050758181452	-0.0561766850986961	-0.04897808207110787	
-0.1456542441652904	0.04522507196339923	-0.1599478689724666	-0.09496766923313969	-0.07536800590464694	
-0.04359193999497632	0.04064471606217288	0.07606517001483486	0.041632921724406864	0.030031024163447214	
-0.04020686556993994	0.06303581809070008	0.09346449116796766	-0.0257186193646073	0.046140986017676806	
-0.015041690549258588	0.10026911316238851	0.02551119544477935	0.05640543152179956	0.058426537579562905	
-0.1598721506284094	0.07685905097058288	-0.09931261871269277	-0.10227130795673599	-0.13319825876966998	
-0.06400428525798182	-0.059942608931630566	-0.10045471010063212	-0.005559255036329091	-0.05791197254980921	
-0.016183151174533925	-0.07068345117673797	0.04483351496347806	-0.08100756969708547	0.07212209547374085	
-0.041950232045385054	0.03755766285646051	-0.060336490111140284	0.07706909784663386	-0.03518075904953202	
0.04170016258864291	0.05910907086129607	-0.045913048255790026	0.03932687812355569	-0.036510267003902724	
0.021297155796801387	0.03234142566343954	-0.12924257089817942	0.010886041267160236	-0.2059674297582718	
-0.07618857047491685	-0.009704015690834067	-0.1696947686244991	-0.1003312787988692	-0.09966874960348815	
0.07634347101977403	-0.03152561283025032	-0.10302556117896995	0.06282409470930723	0.06599580664785792	
-0.012551473410484803	0.005451588257762058	-0.00479292970009162	0.0018899564125283784	-0.07321991935860489	
0.03836329478096822	0.0495214115005336	-0.013741477026233432	-0.022473070440953778	-0.05060786882146875	
-0.07313152057231828	0.05893073159305544	0.09340264186451469	-0.03528832544937732	-0.09914656756964574	
-0.03434283839683608	-0.034095333276691536	0.07875737964832391	0.020409030442951188	-0.028392932057749364	
-0.13301133662873593	-0.052161745965858874	-0.04961127247208098	-0.09918481634909918	-0.08953324486399966	
-0.04106293187435269	0.07076582222030271	-0.034914460679753734	-0.06937841478871204	-0.013865678407677929	
-0.047924055326874285	-0.0040693292156629875	-0.008736181240757592	0.03199615165296235	0.09751716765092676	
0.011235825537388066	0.0718362093164278	0.020058784035867014	0.04506361417208277	-0.05563984209374585	
-0.020146210519796013	0.09605904789814457	0.0020274728088244703	0.026598865853671685	-0.037986256966702985	
0.0110612090030087	0.0772634817203869	-0.0681373440948016	0.02030652969673498	0.09866428548886451	
0.0036165156864225887	-0.04749181812078561	0.0763439980355219	-0.05449127293731475	0.029232288076093387	
-0.020378307449139106	0.08543457567009369	-0.0193889184837988	0.02027957172252996	-0.13203193500734917	
0.041038630279126916	-0.09109744461853253	-0.07688488016797436	0.01094974184912098	-0.14414812138450028	
0.05423849499763368	0.07627964975203566	-0.047678447272103644	-0.07091301217367732	0.0034385530387702912	
-0.04649021943890669	-0.0783830502550052	0.005107480814449662	0.002470457076984218	-0.11005164215507074	
0.04354495329085152	-0.01458347757065061	0.018120629236537213	-0.052228817359436006	-0.04165140911269648	
-0.050243804545200145	0.09718675285437753	-0.05088701486017286	-0.08313734892447912	-0.08632698659986926	
-0.07365877740598148	0.061739175314269756	0.017198714903126258	0.05872796964683282	0.005671619025383692	
-0.006850514930442506	0.025532893231611547	-0.013392718028043576	-0.07692183720997554	-0.054664457506274765	
-0.05421809372339783	-0.03209539168588903	-0.04260727985761068	-0.008910308890369336	-0.037562622279316754	
-0.06018160584772447	0.08475064444893578	-0.0627975288094672	0.04173901878320692	-0.0364733750161597	
-0.008735399931269676	0.09530946884715255	0.026229382486368615	-0.060119757677715546	0.05932519897825457	
0.029578182374281992	-0.008098364695516917	0.009099799409087658	0.0712706830746947	0.013700941818628997	
0.06223764062338237	-0.03210275022940472	-0.00629630843820005	-0.004675086168791012	0.036237182967478146	
0.09538302970038265	-0.0497524882151712	0.030451790603336176	0.08317384952393546	-0.006901400479893404	
0.1996170241918507	0.007874363830955904	0.13853220278329567	0.1442765145089097	0.07946387938062976	
-0.011140759911766085	0.027051401253584004	0.16380365491085677	0.03327176259365653	0.12900974019271355	
-0.03355871597336475	0.00014800108926637512	-0.05862777493963235	0.041530136964836664	0.041157776429532146	
0.0055873176748765995	-0.05020583411246468	-0.010595951507650905	-0.10606003287545658	-0.08720652522010994	
0.028985985745291102	0.0012211976130640898	-0.03315849605792901	0.06496559861944996	0.10216038009876406	
0.05277798239532184	0.05777254357662699	-0.04304281540654492	-0.06180430667305326	0.017664459362474075	
0.07350347201739528	-0.037974544453313795	-0.0281543311256385	-0.04973278082365399	-0.043374222120476924	
0.03220963127125659	0.016999321599813672	0.05788103928871336	0.15987870172106594	0.16335135110468454	
-0.07148265806514673	-0.012569473280577797	-0.12921650607584495	-0.04300144099961765	-0.10280872742028939	
-0.21349988092124828	-0.06447081120707246	-0.27275956836886817	-0.38509627314479905	-0.3422470864804477	
0.2062320205578732	0.1413791397955989	0.1376330536028797	0.02665770468082156	0.1542975476983433	
-0.12897404398428622	-0.06452344717364161	-0.1533925977398989	-0.1339673984844133	-0.08943918582577859	
-0.04176322055319575	-0.011351703675798085	-0.009590334572054545	-0.1752545880973963	-0.02936559648669662	
-0.08247805238424859	-0.0337073082362075	-0.022226949317902072	-0.09969234093865643	-0.007465157312940912	
-0.06980385956702771	-0.02286118668739188	-0.08693947562870215	0.027698860587148037	0.018736642669061346	
-0.046863972833384164	-0.06547468708806786	0.012165804138185935	-0.07387402407540455	0.009735461220819332	
0.050716770012523976	0.03558458160357091	-0.0388840077694197	0.09649974884593426	0.02292549844949396	
0.14457912617568575	0.046407217989145315	0.19876109584488286	0.23152896160453648	0.3454924671229792	
-0.015564781577926162	0.04211571556793019	0.022193802582736226	0.10880103313779306	-0.010553093561637934	
0.010793729291696866	0.0664168237402325	0.00326692456312829	0.1977801104152902	0.1507924448807617	
-0.8731078642631117	-0.06698365729294933	-0.930510595327723	-1.106988852161331	-1.2192074232497967	
0.7023510282129833	
