TESTRUNID EPOCH: 99 L_PCC: 0.9040498075804337 L_ERR: 0.005041371347022171 T_PCC: 0.40483917257036117 T_ERR: 0.01911703956292972
180 LAYER: 1
5 LAYER: 2
1 LAYER: 3
99 :ILEARN
0.10763340016181436	-0.06581365320142483	0.06812181736850097	0.09419933217341148	0.04239557260300144	
-0.022592036940740325	-0.11202417866200623	0.0315095680176135	0.027911929189287102	0.05455057701228353	
-0.040067025327332105	0.0664661027859873	-0.09350820543470656	0.046513005257125685	-0.11117317008819116	
-0.0784879951851384	0.1060431728681182	-0.13668361630053405	-0.19866515323426331	-0.15713637694394314	
0.09421545319058562	0.06238387952792573	-0.006857647267626107	0.06551821780507866	0.10537130141288827	
0.06516932550278472	-0.06869043278765104	-0.11535303057438895	-0.08001212405617193	0.06664201037915214	
-0.10165309865861877	0.011122605899896823	0.059828796251686904	-0.020950952175239825	0.019901871927648727	
-0.014939398471060435	0.02230383422991887	0.08995899384615769	-0.0769822761244784	0.07283452944646414	
0.12523587342942125	0.019199453872059125	-0.0043607723355249955	0.0873232890191372	-0.05043492270136574	
0.011595845405781747	0.05952995035017266	-0.02545812589960496	-0.027109925689939793	-0.05746074217184737	
-0.09281799295678637	0.0285111951117916	-0.06710205491813875	-0.05123149729663495	-0.0026893120474607503	
-0.0558015818670902	-0.01180528921854064	-0.036386898945021805	0.04622208453640596	0.06949465546748461	
-0.056236907637116425	-0.0440859304154194	0.06046623959835764	0.004732801325101377	-0.07027758135752374	
-0.001870177864538303	0.026532789434579748	-0.01828756454560378	0.07224574988518973	-0.0015077905297697493	
0.0787524454647804	-0.06626987051127003	-0.08437941314591174	0.053940981854883024	-0.01911837968054825	
-0.05080575862687399	0.07486680293612365	-0.012288949096128156	0.06559674724864464	0.06424268438512469	
0.06623665973404687	0.036306204858050715	0.029262697343262974	-0.04322195251386873	-0.05066677358813186	
-0.03923803932390071	0.07145091552021333	-0.06632533288838503	-0.06938201059966988	-0.07121287732610887	
-0.08258544658160649	0.08366370510675435	-0.01974816664469565	0.009966027248590623	-0.026991874627239888	
-0.010727934218800991	0.04147116956579796	0.05815358555292021	-0.06150657567512878	0.059310567372919384	
-0.041665048522453105	0.009298756827758162	0.06291366976052495	-0.03631843975806495	0.07900202624603081	
0.015358912358694401	-0.09253393558039752	0.07305203108941813	0.02946166350146423	0.0837264035191521	
-0.10521471723932531	-0.04316338202175604	0.03375477399475673	0.004698310819424865	-0.1156395541202956	
-0.09729101721481834	0.17173582681835012	-0.10377792695641119	-0.09169025059685848	-0.18746345756582666	
-0.052277200127931085	-0.12694449496103463	-0.05295388938119322	-0.01704462335202029	0.10783846588584578	
-0.06941182554980564	0.07026703170835574	-0.02274359129810763	-0.14076264605259828	-0.10471016044189287	
-0.24293087565089108	0.31137740233774597	-0.30675837304296694	-0.32683610502566524	-0.13930233755205898	
-0.042590690192640085	0.04902138475502361	-0.020872363156223317	0.07683173320679382	0.058845528944166565	
0.004987869843497596	-0.07126582347188795	-0.09411462126091504	-0.07906162368522271	-0.0981292907195676	
0.003897442456606144	-0.11622534789273302	0.12552745566140786	0.07335490646454819	-0.03200819290864374	
-0.031403335188619735	0.05570391039612741	0.06524771467514591	-0.020326643551925615	-0.0064397214700021	
-0.010091994337139707	-0.016010332861284417	-0.056340341094985674	0.04186501161350732	0.020461049506597075	
-0.00727516576326392	-0.03412129794231744	0.07016690484570012	0.10016984902616378	-0.03310623990929906	
-0.025796793081210537	-0.13660909838424995	0.07380194903731359	0.07725644615550675	0.06890258114678394	
-0.08424096951988495	0.12780163665701086	-0.04827703236222926	-0.07422488611650513	-0.03097852299820998	
0.07720245083981452	0.0024368843845560856	-0.010440325488274161	-0.05503154672273447	0.001065471164460335	
0.06591307685912864	-0.09367003470430638	0.09434702829969263	-0.0487155709037484	-0.013727377491750644	
0.09811693351879439	-0.08612048814700547	0.06304532150180799	0.030325127166630245	0.11297948955390784	
0.03206495725800065	-0.1505527710733045	0.14342341688140273	0.12436638060658864	0.14171252175363372	
0.14658143367181803	-0.14139910228342734	0.005384371616707963	0.06798810779976444	0.13841036336612123	
0.13686912183254193	-0.03096923817212062	0.13648159722808112	0.07047384833963459	0.01994012418687457	
0.026392299543747565	-0.004378154287649569	0.03971845711857307	0.1118028024916348	0.11538532449801439	
0.03711211475086466	0.044978266059842335	0.0158040783962894	0.001899353639899766	-0.0012610270193727242	
0.07154299641400988	-0.1506721182562963	0.16057836443217502	0.13618319531702477	-0.024927287336299328	
-0.08049226066676621	-0.01940052088010466	-0.1040496592230063	0.03979363304210131	-0.04444566331960238	
0.1374837795472288	-0.024543060482639985	0.13078962912220388	0.11565038144416119	0.1300231387817784	
0.018324982591780906	-0.01099962572689507	0.08112567112900947	-0.01775282553012216	0.02926813916884058	
0.09010030745483218	-0.1589649723116508	0.10344499645044501	0.055106274856643545	0.1272621968696012	
-0.030817171802662732	0.07443254112568191	0.021773438234189264	-0.053908322941479306	0.0672339543216087	
-0.018288140894865943	-0.055096900379808765	-0.07365024390959513	-0.014796052169504517	0.03771225034238746	
-0.1727701778997191	0.1620175240836559	-0.1241747886807797	0.00746113002433337	-0.05445585009519901	
0.12252042825679214	-0.03529840100176738	0.09345753238957466	0.014605188362129365	0.07861715689452498	
0.012488805708390614	0.10570173539167876	0.001519281152121542	-0.005993933133011576	0.03260810832896109	
-0.1888377977377265	0.16533881153033378	-0.2035548165483289	-0.1810153288558524	-0.16598093984447856	
0.00016258971816929442	-0.05363304100432501	0.032237831433862614	-0.0004047382494266829	0.11604221073005279	
0.09099005125499422	-0.10772408587855663	0.052143050963337635	0.02548238643560753	0.11391854776381673	
0.11010803533310162	0.051984338545866274	0.0721605423290529	-0.013678633781236443	-0.020268963637063403	
0.02006784003984337	0.049095614004145034	-0.01405197099875819	-0.0463167793609334	-0.007069088976896006	
-0.04580740087601668	0.09538751776442794	-0.04749489194286051	-0.05975749299870031	-0.08953295875824667	
-0.10417757126080968	-0.010575521139700549	-0.11413781001941654	0.06812857157714447	-0.0895408629934441	
0.09801683648823147	0.04735021561684451	0.06911185065303616	0.040755538699085665	-0.039450337213107804	
-0.02379938368528102	-0.012823459613579405	-0.08488437167104804	-0.008422925904482724	-0.05279018949535826	
0.1532644017313981	0.027270840328560725	0.028120897502681284	-0.027376160460839818	-0.017835482177000848	
0.06086859316267801	0.0026967316323305845	0.003451884049862828	-0.008855282311908156	0.1133038852942394	
-0.027025479593723954	0.0340544874361681	-0.07994097494832082	-0.09647497659153713	-0.0060201292459534945	
0.012415817721222862	-0.07960096176278819	0.03672472112412197	0.01485171480785766	0.04417395302182351	
-0.0619547356172629	0.048368650325071635	-0.0568138914650731	0.0009902666782540793	0.06310084446634422	
-0.057248213177666034	-0.06442802780977432	0.10123398376983689	0.09033059182290332	0.034162545805767254	
0.08802352507411432	0.08060440530318597	0.06955094613878725	0.07281104405581704	-0.07212923805597028	
-0.0025498927090556725	0.06604332710909012	-0.010695285745933245	0.037224030820857686	-0.11692859835685025	
-0.007399386401035608	0.09428718905318031	-0.11528933390591951	-0.08942851739972806	-0.013626965672909651	
-0.03803509742118261	0.0691400577561358	-0.021595704145553635	0.039906741709139146	0.09041789543134206	
-0.07232942237883479	-0.0470797673646369	0.04547738547702264	-0.012262298728702888	0.07382050383766216	
-0.029052746160206585	0.14138980439498997	-0.06777139116105187	-0.043379073369760004	-0.1134851593005075	
-0.01671183171414031	-0.10057472323269798	-0.07100767872507441	0.046205194860810386	-0.08607334769033875	
0.002033494073362542	0.05288664101803138	0.06119114202995522	0.053644952728306716	-0.04289552198927353	
-0.016713328160168222	0.023386336506969804	0.08527356187722515	-0.06838549041279694	-0.055541313989202194	
-0.08205433735344737	0.0701098356001707	-0.06966417042944094	-0.12712539426590794	-0.024376397434057635	
-0.07986818111824624	0.07618638174502053	-0.07685660153618751	-0.11870269277251631	0.001210051613866241	
0.036671128705935474	0.002543507072668756	0.014646377735806682	-0.023272052928476523	-0.016283285504695048	
0.10783897291214493	0.04702782427836001	-0.0828075186470957	0.049824812793155815	0.001317146799268926	
0.03932050626167716	-0.021611710800467983	-0.11869667553691488	-0.12974675576780617	-0.04862683767897897	
-0.11335701038775156	0.053163696734282534	0.015835388573378822	0.0032646366710100336	0.01890503522328364	
-0.0964619722365958	0.13078724176249226	-0.1018738099115337	-0.014261639876170164	-0.04276698144277588	
-0.055187623113620174	-0.0998189348407432	-0.09998899325112338	-0.08327101009280152	0.0021765304859289775	
-0.11737159251486308	-0.06245917400131132	-5.428852795577512e-05	-0.05620512050519179	0.0185497918379428	
-0.0667317865978792	0.03916010814242858	-0.08235757480498403	-0.06493722647282738	0.012098308374708697	
0.008657491277548819	0.05747381195031683	-0.062071858569188	0.07169722844748236	-0.0679125897522983	
-0.05486357424940914	-0.03617912958197697	-0.1025403052137436	-0.17545501411518344	0.026479629793250737	
0.15057870322403402	-0.00125944160800909	0.14884695396070552	-0.014590785485927753	-0.011015877466845327	
0.019183554167362865	-0.04688487523834474	0.15982647231847086	0.1688223569640376	0.11117304359235881	
0.017279274387833735	0.0996957503899903	-0.05732782040086452	-0.07417994935879452	-0.08409521449573581	
-0.02216818896276671	0.013431280648320118	-0.018042594708615953	0.002624549068087167	0.11164487356570116	
-0.07777721042731547	0.12701385351425973	-0.1169954127318848	-0.031101771569717298	-0.058929894619971564	
0.006279580287880495	0.05363441351901786	-0.11804120931562474	-0.08511780984592472	0.015236762820696421	
-0.1121592495098392	0.05826687338830131	0.04702540011877772	-0.11914543722575814	-0.016829261970794755	
-0.028503931112107236	0.06651262876593309	0.009686306777372323	0.03756389860174773	-0.006645568767116063	
0.0006529040092493645	-0.018603154070451853	-0.09624527240723019	0.01942927517484574	-0.026441043264056774	
-0.08462642329340928	0.15112894742840824	-0.13326320904905414	-0.12775239509783465	-0.0871199151600687	
0.14884152432101713	0.03211084132226378	0.12819574272636533	0.13416922727364625	-0.002658508274517608	
-0.12190493608921266	-0.02391819368893129	-0.08829475149473934	-0.10402295501220735	-0.00790145697894988	
-0.0026452137086075897	0.048217344497721464	-0.05962272348347643	0.046490316412116185	-0.04141709793543446	
-0.00455589758673392	-0.019486789074224076	-0.12493668254803221	-0.07783553924373138	0.018870211443484153	
-0.010777877844328173	0.004217732229753143	-0.09540720419446475	-0.00555292878671606	0.08761734438283858	
0.08537606848132927	-0.013048803536107172	0.13536630621414514	0.11589538604183504	0.055092382109429607	
-0.06848833589608318	-0.10449962484588127	-0.06969200339404577	0.005266054479295588	-0.009265249715276942	
0.1360501922925995	-0.10814986301114665	0.1346005653354977	0.0860644978359593	0.09502422748955142	
-0.027688534216589112	0.07817116219998922	-0.09342787991118345	-0.16036724270474423	-0.073320532293699	
0.03352564608502214	0.014556144475619934	0.020916080592101705	0.013850473166079237	-0.04857085044632854	
-0.10762153165370046	0.07075960384605397	-0.04523373147725736	0.09118690358419765	-0.06051573289491717	
0.005004439036765383	-0.02018519221822189	0.09233698759881541	0.026128019820116352	-0.04997594449512177	
-0.03843796345395261	0.00022078080997653662	0.020405411555239693	0.044243574338661565	-0.07725916324183922	
-0.047627584322260434	-0.029101053551058003	0.11321084068043001	-0.054554744003819114	0.06953184504998801	
0.09170133926418776	-0.05080949769419775	0.14379689369689316	0.07525761758024099	-0.05851520018395499	
-0.09898551073355973	0.16414950427778086	-0.06599938818062624	-0.07995964431104075	-0.05378204506793672	
-0.019756035597873783	-0.0215912045374834	-0.03712881717693464	-0.0005848252721281781	-0.05506465369986913	
0.03567069806610728	-0.035890255037859135	0.009399408673266276	-0.07007917308304207	0.031104628791862095	
0.017959900927580572	0.03838170961648125	-0.008157740603188246	-0.038784788242937865	0.07509617023342191	
0.025681116929413952	-0.003952096976048358	0.12256229957161219	-8.386376292514348e-05	-0.008531433231809141	
-0.07551384891484945	-0.052266218879713104	-0.03392824431236401	-0.09928475450896623	-0.08154540793597741	
0.003720444180528311	0.0859374966946599	-0.12699295620373677	-0.08795480085273424	-0.08421655531673596	
0.10541071955023093	0.02505538426370091	0.026838283953444814	-0.022142164133253744	0.09120499535010701	
0.08943535538373937	-0.005718238920245954	0.16980984741769403	0.09481811415294414	0.02042109509896616	
0.16045527469371637	-0.13357966936216578	0.026573519327501793	0.05747466229141794	0.052731672185026085	
-0.08034609807228031	0.06013229842596633	-0.08823899843169172	0.00932350282675134	0.04198229584718923	
-0.03874416098830494	0.0012845549723450493	0.06703361793471803	0.04515891994163105	0.04115177441988169	
-0.019727846564055566	0.024038360306859182	0.1102914829452575	0.007303887814545504	0.08471075430232805	
-0.03373127317938279	0.013462579264381656	0.003436903991079758	0.028128501794793887	0.010316213220294888	
-0.031873807500024685	0.034104401901208156	0.028683452382160763	0.0524029924189399	0.04684965494406675	
-0.13225165287705976	0.002515655442729837	-0.16598708117988167	-0.06883682736598203	-0.11486106540667639	
-0.07435644734035333	-0.031238347078466254	-0.012049284355554569	-0.13405389629506081	0.04777910898721137	
-0.038011302686273764	-0.0101290844281501	-0.06429123530109596	0.08074417755359412	-0.03470686636854556	
-0.022785404970370137	0.07931538320353249	-0.11566824219370085	-0.02814490272639955	-0.0918193207960406	
0.02635452404668017	0.0727211868541846	-0.11445933190388898	0.036277234062936474	-0.12825307683694873	
0.005716222651273585	0.06035984328290158	-0.10565212724724506	-0.0028460071001006103	0.0018498388042529634	
0.10516999432409667	-0.05269918853289986	-0.09066438664612138	0.09993182942626329	0.09127339359201794	
0.02421730215294471	0.024599499484755784	0.01656156693709739	0.04685201327425904	-0.029473598475578636	
0.01824438949888701	0.08313558939709893	-0.04700102541142815	-0.06569981139554465	-4.912232968070818e-05	
-0.09077671359089277	0.05065701016563895	0.07704809580169313	-0.051314745283598515	-0.07695583287114333	
-0.1253390186661766	0.03157304783233891	-0.01709517143639015	-0.06933025177282989	-0.11487583812273137	
-0.11010676726334218	-0.010767666064094869	-0.02947101076048002	-0.07522649012132628	-0.03786602675061522	
0.018353101867225358	0.04348721378902983	0.018549568061661657	-0.013000989784132885	0.05224124196447134	
-0.06473381096251082	0.008132613916606047	-0.05351750378076523	-0.0013780935345508926	0.05578683228578654	
-0.02773267542031352	0.069421057975272	-0.037067359377007024	0.003923451843649072	-0.09214213534652102	
-0.030579214094524243	0.09896786269877865	-0.013073122695714484	0.028868216344703962	-0.012546271158125077	
0.024360816890227545	0.053119839510913744	-0.04939112887640968	0.029317936298802152	0.09977229820407328	
0.018788493679497975	-0.07727448857266034	0.09546820279911306	-0.03810558830170693	0.05175936511509916	
0.023212696625093045	0.0817616888517471	0.016045905665455468	0.06398171684127425	-0.09338609332435421	
0.16760689613150123	-0.14105575504283144	0.049622547554395144	0.1403044002415827	-0.0628015296095877	
0.041240213147104895	0.09359721963695376	-0.04297827083340665	-0.06368720130625641	0.05159715944387533	
0.024568819480987752	-0.0961528521093451	0.11579427771958678	0.10782781735845967	0.02581794127784518	
0.10200022735218328	-0.040335606590021736	0.07592079331152862	0.0004706212483094713	0.0192786046604036	
-0.02914131812415037	0.06983482615068815	-0.0024164770427733836	-0.0503054042135785	-0.043636928628416616	
-0.07152781146207987	0.020809081995903818	0.03311772808495041	0.08040766485673519	0.022588736595332417	
-0.0666702363725545	0.14093768084868782	-0.10858018010645677	-0.13490109830600022	-0.06304296492180325	
-0.09498511560668292	-0.006654241685523805	-0.111880791062003	-0.058123100431646875	-0.08041655899592941	
-0.07142355329686227	0.14192432607851266	-0.10598978962884774	0.04283863080237212	-0.011994890937944843	
-0.016759944660689204	0.06836042610164422	0.017730838820118264	-0.05224933432048915	0.06362974077333677	
0.0051279210317470335	-0.04257979392297963	-0.016775244518628187	0.052657345542536	-0.03559724342575036	
0.020733415290807997	-0.005735422388683305	-0.040548312998646106	-0.030858500463168976	0.05063336906689272	
0.10898160310786503	-0.08803468028694676	0.05071969141416981	0.10509177035482282	0.015472852040374465	
0.13560327470182373	-0.08472547673405469	0.08387780291292284	0.07647245501349312	-0.02499514095332177	
-0.058498467197126834	-0.04227620588192169	0.12742035240072846	-0.0049385084648055355	0.08414846850698841	
-0.027975346876497966	-0.0555931232288162	-0.0362930666235707	0.06707923479190268	0.06810642683800702	
0.028121206072757778	-0.04326035458518453	0.012738065079435945	-0.06897773760060584	-0.021352663061097545	
-0.006743649386312545	-0.038621363353636175	-0.07030838838805982	0.03609671244578783	0.05381079515232183	
0.05002723901832226	0.01040130334906194	-0.04014943442360567	-0.05295357850167345	0.02127799680832505	
0.0968160722095083	-0.07580558910993077	0.006347407286083412	-0.004747266239567227	0.01725961609878859	
-0.1115239826196385	0.012928732595743318	-0.10717865855407022	0.018781200888920806	0.01774285478221671	
-0.051772139114008846	0.04633581297527375	-0.12135265890041357	-0.02754191384434015	-0.06390401265034243	
0.0008796407333477621	0.08514785963224854	-0.06272909662381342	-0.13207895202522388	-0.054038903493245104	
0.15177834187957298	0.04752853554476224	0.09322401950976457	-0.026058894056706496	0.06606298671010848	
-0.046480228813471705	0.04095440792145143	-0.09062102324763094	-0.03163871436111926	0.027854382579492534	
-0.1227227784569135	0.1571573474914006	-0.13905447316532552	-0.2490548970446459	-0.0422915489748646	
-0.05686778804783933	-0.08202649820143246	0.012190710368844155	-0.05851716682029091	0.050208153286813266	
-0.05785350373916213	-0.06717103634911838	-0.05374215736212247	0.06462206868441625	0.05807831044823626	
0.007692572141565422	-0.09006209573431392	0.08602878344741387	-0.0033756367789059215	0.08534187705744477	
-0.08451952449958307	0.08362923112933322	-0.21742284680711427	-0.06516453647291803	-0.09724404778366923	
-0.23466544771293804	0.1487391143560565	-0.25261562292115514	-0.1826022151842996	-0.056207894800599144	
-0.03237827278824849	0.05413025970382155	0.001051357017792227	0.07662712946789539	-0.02913045717254455	
-0.032441745740074295	0.06381722494381936	-0.038637356618271154	0.12525641496410556	0.027626770366852012	
-0.7058478328235362	0.8333652736230542	-0.962665797553005	-0.7600953350195162	-0.49672625921808256	
0.17559654922263865	
