TESTRUNID EPOCH: 99 L_PCC: 0.8655797259605907 L_ERR: 0.00719304829722536 T_PCC: 0.7349933515724842 T_ERR: 0.011497656190332892
180 LAYER: 1
5 LAYER: 2
1 LAYER: 3
99 :ILEARN
0.13796242904512562	-0.07548382804940708	0.060166369045025946	0.09095799515388889	0.06984894753906386	
-0.05789073263154892	-0.0783253605769712	-0.010766012034447756	-0.006882303836837106	0.028561245361254255	
-0.03143611992277308	0.056284165557717744	-0.07348180199036607	0.058765713045966395	-0.10887929043890866	
-0.042334056665655484	0.05919133765294478	-0.06981313715847647	-0.14745245117859732	-0.137888549048145	
0.08305566979651054	0.07461001252282934	-0.019564541622693745	0.05498439040426169	0.08995792725667885	
0.08918319237765102	-0.08879285986182832	-0.08188563925051104	-0.05863675293692793	0.0864316453534242	
-0.0861059850650091	-0.00707414923358351	0.08423473364296882	-0.002238914689897696	0.030972175943587914	
0.0543062389872799	-0.02783632367468697	0.1570642469291301	-0.027429259908115906	0.12889430939614716	
0.1818860385657756	-0.02506309809650462	0.054501419928405015	0.13269459244478224	0.009219371090032544	
-0.020192259010554516	0.08346840280447217	-0.05814163558817124	-0.0493074826435107	-0.0887405215923318	
-0.11885307128212123	0.04684990480195868	-0.0876391687081921	-0.0655024637503604	-0.027598087660066658	
-0.060279458747177085	-0.004254777226915253	-0.043215554794446075	0.037817544497838126	0.06566909276234753	
-0.06868950154074348	-0.03276243908121659	0.0473422196497875	-0.0050969663312134305	-0.08074183178668594	
-0.04979555760652355	0.06242415674118889	-0.05989923699574438	0.04364189014471566	-0.03877160676305597	
0.1007915022835694	-0.0854996922137157	-0.055903924544774344	0.07437389640153408	-0.0068356117688003	
-0.06005116568278025	0.09064509950366943	-0.02399683268856936	0.05020715837798193	0.047039864585194345	
0.041424283907746794	0.05729221418398957	0.011815457829853795	-0.06113921182370523	-0.08151094067562119	
-0.04334507144515028	0.06392353617953384	-0.039402477485865776	-0.05465085062483133	-0.081543425311636	
-0.09413612057196927	0.09094509592135602	-0.026710926338114373	0.006048684226745627	-0.03183515013374363	
-0.046754232680825195	0.07200490740618463	0.014784666572325187	-0.09261467465715013	0.023905382863879603	
-0.054286379906118	0.01724435279233486	0.05646788526955919	-0.043134513138828205	0.06477340742386917	
-0.01851234836632075	-0.0659267304356945	0.04012346682049358	0.0059402553710975435	0.06005396354539249	
-0.1147486687285413	-0.03920770729434432	0.03605596712980692	0.0037158190790835904	-0.13076932140404923	
-0.0821959639929867	0.14796516549730798	-0.04952764741613611	-0.0574050844072033	-0.19524241865050174	
-0.06150437262603639	-0.11864362998925511	-0.06767913835379855	-0.027319371699795394	0.0993808196266504	
-0.10022023768741381	0.09179870235333566	-0.03867121854594746	-0.15569784780686927	-0.13880421014389674	
-0.2577042167044888	0.3062548854201553	-0.260055531974724	-0.3035484760731358	-0.18133587148378044	
-0.041239015655137226	0.04632229401250806	-0.014892069053570337	0.08133842373101827	0.05689125743003832	
-0.0011017743790553791	-0.06448287927813973	-0.10300901076573715	-0.08459065182609046	-0.10426753723966073	
0.00014085395164108682	-0.11160160047094911	0.11216402274606008	0.06452501716553498	-0.0328803077628237	
-0.04508726090532614	0.06799519113009032	0.046400082585651155	-0.03449194680651201	-0.017879899773180292	
-0.018311293325591935	-0.013418743815955462	-0.05117234168411478	0.044557629552290014	0.010388413097225295	
-0.030140945831947027	-0.013248231127483643	0.0407476761950575	0.07804753191712092	-0.05143042601997885	
-0.027103799696643924	-0.13148542128552668	0.0603049847378384	0.06911333767688907	0.07075019673325783	
-0.027350215742671408	0.07705693074506764	0.026642318394096174	-0.018190245056107238	0.014568791259931527	
0.051952305829307356	0.02372535417206917	-0.04060735739782343	-0.07894377813122568	-0.018953722285283508	
0.036238944429142536	-0.06987281534962617	0.06151484382929308	-0.0770424949336231	-0.037338325078626416	
0.09524060850376985	-0.08149067354765493	0.05684538148435227	0.026663493465958994	0.10988999208722275	
0.028828120004444353	-0.14102402802454211	0.11977461816063725	0.11047429935978817	0.14585560081228074	
0.13207874542233453	-0.1294570098654714	-0.014510341006371984	0.05272022974737335	0.12703667746228411	
0.09582172261197541	0.006129380942166882	0.08973116374440519	0.037485460639372165	-0.015678420767599108	
0.014267715175598087	0.002780690678934368	0.029505655348836295	0.1071747998306887	0.10582191799755938	
0.049707953228889774	0.03536607034444532	0.019336463995729164	0.010990901956156741	0.008081976123162766	
0.043556339190701024	-0.13070468976057123	0.13584234071864035	0.11415190844584702	-0.05147821344783069	
-0.08218540227414203	-0.02072552107905561	-0.09703214941925394	0.045808972349568704	-0.051428949760793034	
0.11653020467630562	-0.006900389059281169	0.10736712683273994	0.09959933315430303	0.11272538602547622	
0.0035485892202568483	-0.004098060847019518	0.07406619098842833	-0.0224746873919302	0.014745343193800347	
0.09072739942497647	-0.15604993567018172	0.08989796592568734	0.050127624817006035	0.12751201613051047	
-0.02547442922422183	0.06386159691200557	0.029801543121336302	-0.04141310898279037	0.07432322843676956	
-0.020076097967533218	-0.04718099331148079	-0.07018857730528141	-0.02006873494195084	0.030818752309085564	
-0.15170357016949493	0.14397521916960698	-0.08963118409439777	0.029154539903155835	-0.042354193878958425	
0.10897009278441304	-0.022407914542348747	0.07609798449279348	0.003308596273115768	0.06818730185914781	
0.02291298254299489	0.0994808585591094	0.016174798164208685	0.0032352858496708953	0.038483575392425355	
-0.13345404571618297	0.10461774642794813	-0.12113534699046224	-0.11665537048799819	-0.1195892380476677	
-0.02782195216035804	-0.03359694760108509	0.013036795113436432	-0.016665838684350977	0.08696369861813402	
0.057454341218188765	-0.08006544242897973	0.01193384991281125	-0.0016158998119786831	0.08610471246303666	
0.06586791184690131	0.08902871436642756	0.022668896104023825	-0.05116252099205546	-0.05811231602476491	
0.03018409970578479	0.032155051248162494	0.009212937954831375	-0.025300965655822426	0.0015309011907736513	
-0.04721976743705665	0.08838420411279832	-0.04351637668036897	-0.05140248404105073	-0.08241732326351874	
-0.1279153666649418	0.015433846144066092	-0.1357925680601837	0.045166896189784686	-0.11388095561570515	
0.056516678693952424	0.07843917511818652	0.028388246211486085	0.0068750044091499445	-0.07231780634749686	
-0.020219025243593227	-0.024956857330715225	-0.07202678601413916	0.0029720074183979704	-0.05071686607617979	
0.08991481228526754	0.08046807018613485	-0.051021165346876056	-0.08785107099502948	-0.06184050843420859	
0.025145571549843725	0.03897182139443934	-0.047031713722931565	-0.05750211378923351	0.08133437331079017	
-0.0500778255551855	0.046397490865589065	-0.09248792707347105	-0.10544207036088052	-0.029917625949857963	
0.027268349423490493	-0.09336841845004192	0.05244153098561442	0.025994367506982082	0.058778587903758214	
-0.06081140317929324	0.04561211714613703	-0.052912353785292736	-0.001522609501813085	0.06181295205206443	
-0.08705595048984695	-0.041095713148753286	0.07293515410512656	0.06539503478740506	0.009533805279064677	
0.08228412222459694	0.08208433223611399	0.06725426546837508	0.07034203334350447	-0.076007103185407	
-0.006742478855375668	0.06603159039984045	-0.009892269170026072	0.04419039492378883	-0.12479386950286103	
0.024409193527769987	0.06415457946207881	-0.07042093117970516	-0.05073788018423257	0.004565183778632612	
-0.023650826037134826	0.04779258376033408	-0.0029250941593456656	0.057489147150544914	0.10626384346039042	
-0.055749354364089974	-0.06375788843597628	0.06982736685497182	0.011201738286694822	0.08469159536306962	
-0.006947955534879649	0.119257423230286	-0.025410194038409314	-0.00939367145441439	-0.10427940763108663	
0.04418197609555346	-0.15040042206924	-0.002541335401255309	0.09569658152165464	-0.034028263131575816	
-0.028547318160311013	0.07482159314374978	0.03005304960601826	0.027543360894072978	-0.06686071814106319	
-0.03137380078877823	0.031524700604372666	0.07517069828225151	-0.0764650520360122	-0.0695778234074062	
-0.06283256339101082	0.05745515157503704	-0.030167011610584875	-0.09880854349068385	-0.015326884155877577	
-0.07843465970421806	0.07303450292351583	-0.06456388775388033	-0.10883460075169803	-0.002032200893352608	
0.014327144805017856	0.016272874792724313	-0.0020156656735539225	-0.03129468779494646	-0.04013750726795432	
0.13777338027711447	0.02316873832603007	-0.052744469630109966	0.07449364208323617	0.031203261973831442	
0.08207885049566277	-0.055632269083225945	-0.05233823623561396	-0.08362379360803733	-0.01830143152471507	
-0.07938804785799328	0.026909722004942974	0.05693632372842462	0.0404807581592395	0.051165411755086175	
-0.07382272765016581	0.1097596185121059	-0.06352578766117843	0.020230678136234657	-0.022309647900517798	
-0.06136714153472701	-0.09463950337760961	-0.09881085581787567	-0.08675909769672173	-0.006519466134552627	
-0.07363533254230414	-0.09955161376849819	0.05900431004429872	-0.012570304210723943	0.055433156504158684	
0.001302713760370957	-0.020012164174230743	0.00798421967982344	0.004824257599125759	0.06985512533802056	
-0.02694867555220571	0.08604483705869606	-0.10574341653434158	0.047705958195024524	-0.08600813445187806	
-0.07471006966464304	-0.027180848581325363	-0.08984063448732912	-0.16435692437861585	-0.0008337198749557989	
0.11602054252511113	0.03244125045396134	0.10381898786894815	-0.05894160923366259	-0.04427780501351288	
-0.05935657039086005	0.02503797935818588	0.07106291549293717	0.08396633662511761	0.038783553838955175	
0.05578468909291705	0.06804719431823014	-0.005034087113310634	-0.03389250495014243	-0.050402453986431284	
-0.061967102158469234	0.05143070496064581	-0.06378436223459465	-0.04361959583545629	0.07385934593709449	
-0.10520254392170408	0.14254819002068359	-0.12098812521007646	-0.04533002404039216	-0.10189424349049907	
0.01678073832297798	0.02160906716349877	-0.08544145563204851	-0.0466167378677487	0.023621679326838656	
-0.09729216511219949	0.04516421532353202	0.07005681412363682	-0.0990450932566982	-0.0016836791462833834	
-0.020448216534883865	0.060929856717594565	0.019897123964850317	0.04380481418936626	0.00013654836650362054	
0.08655851129399102	-0.09344042509167634	-0.014187001376713134	0.08702121818651248	0.03011124714431056	
-0.0825594798574968	0.1405002016509081	-0.100740608931815	-0.1086766680468212	-0.10519218409552562	
0.14098870483597573	0.04419917416143491	0.11099743235172914	0.11301360343672255	-0.012258070050906632	
-0.0941380910356373	-0.050590099160318446	-0.049954553981413914	-0.07415136167862384	0.007699546533788733	
0.022795260881305946	0.028734813639325636	-0.02798245022907853	0.07139406590243275	-0.019514513208969676	
0.024724091632220734	-0.0419573981260903	-0.08271047438163702	-0.04735251522942107	0.039055964635757	
0.019567837831210348	-0.01470219168954164	-0.05129740837984303	0.02539557360121805	0.11271137294417956	
0.06940240975627723	-0.0005481033447600329	0.11410543709008611	0.10301426455840429	0.04084159616095017	
-0.05369423880923297	-0.11340205310943054	-0.05095418783048143	0.017770173494186227	0.007839483003526614	
0.16252344175850347	-0.12431667770617855	0.16110351500261363	0.10691041495565543	0.12655126435005545	
0.015735484141852527	0.038763906763860115	-0.024091009742758112	-0.1122449320391565	-0.04758312277219408	
0.04392551278861018	0.009260261056439885	0.03361764482757855	0.022535598567890176	-0.03621312223084064	
-0.1498195827628406	0.09749781385513188	-0.09180160648820998	0.05628444428179433	-0.10439138589112221	
-0.06234876926810478	0.030671157526069033	0.016556341773917675	-0.03067170804450124	-0.10294982751847066	
0.01622422744857875	-0.04241400595120137	0.08398465742291675	0.09192033750588698	-0.029896081286693615	
-0.11008173457545856	0.018054666143409354	0.04365174831682293	-0.11019470210719856	0.01984502325400543	
0.03433334639755822	-0.005678604599863072	0.07453679191460547	0.024745945580647202	-0.10365166672531637	
-0.06591311852042163	0.13042462665473192	-0.006635260100480144	-0.03924333036971813	-0.03820254016801244	
-0.0061742962740977516	-0.03376495412890042	-0.011220376086917132	0.019769291968237398	-0.051022547103844684	
0.007649628257604666	-0.016040698946168802	-0.013331399433163178	-0.0840920522335835	-0.0010215427266483251	
-0.003992987068780149	0.05418456348511197	-0.02839278310371928	-0.054275096951708075	0.0555084595181703	
0.0001592253906169204	0.019698864062550142	0.08317971368910103	-0.027963761969704518	-0.026161795400173205	
-0.10970025543439031	-0.03176795069811595	-0.07342788058163546	-0.12617589778970809	-0.12030146071295787	
0.025155616965113477	0.062407413433311486	-0.0960255296882763	-0.06299869325060647	-0.07112092785165897	
0.1108735464048253	0.018385174182667236	0.03491701053460074	-0.015543342326508636	0.09132597037119135	
0.13799034848027913	-0.03645839073027753	0.19595077686001264	0.12025602889739297	0.07096386839762071	
0.15690745475131315	-0.12634452202410515	0.009504467795871907	0.0474790794788522	0.05116073702274607	
0.0017981893182021696	-0.007990248107001515	0.006093897212832854	0.08139700518271274	0.11043486374933603	
-0.038314336398214965	0.0013138439355863212	0.06672378403862898	0.04396555508056928	0.03867848444898107	
-0.020857698143714604	0.023756666632731325	0.10996130807578387	0.008080999357165192	0.08005610518648956	
-0.01121021747585551	6.403704231165656e-05	0.011811167919539569	0.03763130010440696	0.028349399097593583	
-0.046547036771976864	0.04903979429002391	0.008101884537338157	0.03719725645028248	0.033057655956075016	
-0.13422041968531526	-0.002148581061032385	-0.15285803960376967	-0.06056767434653839	-0.11549208862370472	
-0.11175101274949652	-0.002532584120250983	-0.035664449864534674	-0.16028828749736054	0.0075535576428281265	
-0.029489156840471573	-0.017046762150874514	-0.05885086638991095	0.08634982395200944	-0.029301918674114354	
-0.040081643076336285	0.09231567746745857	-0.1243070962961407	-0.03984458445351036	-0.10975743070543152	
-0.040105140251280744	0.12376740518580673	-0.16403420642504488	-0.005373271117309565	-0.19222809730177198	
-0.037226972227714206	0.08388131412247891	-0.13248983796709135	-0.021988673464847244	-0.0478957477312671	
0.12742038767726405	-0.0740742242579843	-0.06546437663626756	0.12087743133065641	0.10425778424974783	
0.04043391161439802	0.004728173781726667	0.04220144884704976	0.06631064490825325	-0.024222449780566088	
0.008091352105367013	0.08670659483704186	-0.03356047608086096	-0.06102798615209916	-0.012792939795858278	
-0.13737243867068638	0.08709104546709348	0.036501231352960385	-0.08431758695100112	-0.11728982266644485	
-0.09990602611898194	0.0008184962474676831	0.027872028314778988	-0.03545977275661657	-0.09271124351179783	
-0.09625101080862923	-0.02662010306273115	0.0004575056901365313	-0.054688625745382684	-0.03149874571549953	
0.01858107983505757	0.04036591870341155	0.011322723641125888	-0.010591145285985787	0.0554282261820463	
-0.08277662023982628	0.02023898572081809	-0.07581316845726335	-0.01461296648508101	0.03323210514389647	
-0.01650286077680712	0.058120640931873836	-0.025312863848466607	0.01623156128515997	-0.09278261648361757	
-0.029276920781589267	0.09384053055628404	0.0023918512385776806	0.04029785414265461	-0.01584478508870681	
0.031000812373610916	0.04139776929069325	-0.05579413894768055	0.03802888018971159	0.11130265875765996	
0.030901759187871726	-0.08952665875890715	0.09913468793975509	-0.02546170841840535	0.0643611196820353	
-0.05340459909055035	0.14660303905671923	-0.05598693415714265	-0.010328031848146907	-0.1735135153470673	
0.12072575705714533	-0.10227901596953214	-0.02109029393911092	0.09707846923208797	-0.0879849336429332	
0.07249677325268722	0.06689875029796977	0.0039803031771210124	-0.02704695475927597	0.0783768596755846	
0.043137743239615334	-0.11031140174272808	0.13706577613239776	0.12535362228438113	0.04993029959603075	
0.10921036977133135	-0.048442573471658895	0.07117835012744952	0.005435783946994014	0.028199718866842447	
-0.014953370469033266	0.05875946295945057	0.00951901035104373	-0.03729582183285207	-0.022434051524437507	
-0.03822529595401923	-0.0035047338727722897	0.07058264697651606	0.10803237539771074	0.05788929219038697	
-0.038663089270036574	0.10544956710028225	-0.04870828029009813	-0.09169183491430451	-0.057144597761718735	
-0.09642458355793285	-0.010660223974344102	-0.10321050938185153	-0.05192842990207955	-0.08927495724225629	
-0.06069096518189539	0.12661556929601886	-0.07661410150923614	0.06554438471244999	-0.009843028394162887	
0.0008344560441925846	0.05076476269305357	0.04358826736361064	-0.03264403706245028	0.07773031576500888	
0.02476206410545785	-0.05852438654133851	0.002591636662621992	0.07038425556942632	-0.0127935294582859	
0.042756125866350775	-0.026704589246796837	0.001791762821790456	0.002511196965948696	0.06730780283785909	
0.11989117497965462	-0.0955334543221121	0.056245866513255444	0.11048979871888628	0.026468609222869553	
0.0660912045064911	-0.028012668463117157	-0.0006133359351411798	0.017776734560456284	-0.07657122514011563	
-0.08233596127122461	-0.02256592339148031	0.0970868752870424	-0.025884462934670165	0.06363881659967115	
-0.03885566947266574	-0.047242585215250044	-0.05077754608448854	0.05808715880259593	0.05825451747140272	
0.056379801154289505	-0.0660148760403336	0.0541084308081714	-0.03941017601914203	0.0030865191551779367	
-0.007434494036819064	-0.03905517944410451	-0.0727196234285435	0.03628177770934707	0.0546856550054378	
0.03245012527035717	0.024337601737151788	-0.06124318856143859	-0.06689070886028076	0.006718777087792098	
0.10441710679797032	-0.08282440757214504	0.015402408037657632	0.0031746036064813285	0.02051383847150012	
-0.19448205311987063	0.07121309207917191	-0.18248030761799394	-0.03813650554859737	-0.06822262190668993	
-0.02760823908128321	0.025097155645362582	-0.08270961816801942	-0.0031976998385394194	-0.04645816041044805	
0.0678250750397337	0.028023537719408933	0.028118513461231457	-0.06838143699292676	0.0007395489513766285	
0.12464299521601538	0.07103154549460673	0.05366476881626667	-0.051980509395223785	0.04964835191079089	
-0.011602794023552462	0.008934180053485685	-0.03662840619571316	0.005083047251261669	0.0528851212050896	
-0.14814004248233376	0.16365236223994392	-0.12020364132177914	-0.2431735680732284	-0.09336109477621793	
-0.08266713134299086	-0.06413157834636769	-0.016866805893562153	-0.07895984106601213	0.024176900751524955	
-0.07084808272353263	-0.05579696581054147	-0.07217898322609592	0.05240905336072609	0.04801886335500703	
0.008350397388538698	-0.08801633284439551	0.08114071143108954	-0.006247211137209434	0.09015181352867102	
-0.04380399441546863	0.04091193197733029	-0.14911964204226336	-0.016295613771601457	-0.08414052437926885	
-0.3317234432813484	0.2063969630046916	-0.3111357023391851	-0.23321730687001474	-0.1764591683317862	
-0.031871811541494516	0.05391416282696491	0.005906614180445424	0.07729860687634	-0.028383523763128398	
-0.03454879234295048	0.07200527828911665	-0.06090722625759127	0.10996638173010963	0.036076643840679955	
-0.745583322183462	0.7896397492526459	-0.7182920389553701	-0.6289848800094133	-0.6285661702359476	
0.15778317589306576	
