TESTRUNID EPOCH: 98 L_PCC: 0.8800102126105147 L_ERR: 0.00659516266807792 T_PCC: 0.7813426472820525 T_ERR: 0.007222498304742491
180 LAYER: 1
5 LAYER: 2
1 LAYER: 3
98 :ILEARN
0.08489347574461982	-0.029317745405594012	0.020804697380414777	0.0481067722517308	-0.019481338883772688	
-0.03606996650958047	-0.09545132431091666	0.011084741948978216	0.010920673938853187	0.036466113057747336	
-0.05793973472744976	0.07155436507256302	-0.10063916086317272	0.04153863975087162	-0.11102187844013933	
-0.070798841717234	0.07758848479217033	-0.10113572535376214	-0.16771094546433904	-0.11734052081907338	
0.054953398749754946	0.08786585775096147	-0.046195845870588004	0.038759856163424054	0.08294892685213555	
0.06584049296891996	-0.07280469673999934	-0.10900511955997752	-0.07522233819014479	0.07237501309554129	
-0.10286573912442268	0.004621718001103468	0.06684740615627978	-0.014198449547574831	0.02847407431711274	
0.036460735991506905	-0.01061859414792303	0.1490681898214318	-0.04292026589811784	0.08232032385677969	
0.18199763248171547	-0.02119467408970553	0.06491562593216745	0.13156362298963747	-0.033690520297864145	
-0.03914427177968216	0.09055084778607882	-0.08013697619844876	-0.058907137329255135	-0.07644844675320318	
-0.11850863632915007	0.0398383750981608	-0.090913803978163	-0.06111891898330929	-0.003797816169307695	
-0.06908567983634815	0.0012564697481786818	-0.05153399593667207	0.03260916266759689	0.05508434328010143	
-0.07757691423195975	-0.030204751109849316	0.036434910140661664	-0.008939186280605386	-0.08006839260105479	
-0.013535158733555219	0.028502109824054562	-0.027714726130344747	0.07440802784289106	0.010714518106782913	
0.07409200499907664	-0.06893911788568934	-0.08109435879078421	0.056729443662689255	-0.018215074687174985	
-0.096378040462525	0.11018660505622561	-0.05859341220575337	0.02675364842870428	0.03192685819156186	
0.03832323670973567	0.05146564768255912	0.0066398354773025805	-0.05922309608909599	-0.05960137915960456	
-0.004257525116792072	0.03238927546972211	-0.022690074859730482	-0.022833366741241114	-0.006033325676516241	
-0.07602259594281531	0.07623582058773003	-0.011268148668772697	0.020757631903579685	-0.014171881807140792	
-0.07039911139012182	0.08322488350264508	-0.010822410840903043	-0.10594723736009277	0.027023807988413723	
-0.04214844940780864	0.00641894691107582	0.06708022166465634	-0.031750132563757236	0.08380287570661923	
0.04819576514237152	-0.1132275721911056	0.11184325254431855	0.054523831356473894	0.10120801276676787	
-0.10151926097456232	-0.05120061671997246	0.046490154267706196	0.016075947111191598	-0.10059392260452948	
-0.07951206892790735	0.1394662225942691	-0.0564815484495358	-0.049939233461546106	-0.13201106881492922	
-0.09252863177435973	-0.10207612269977268	-0.09997708330043412	-0.04731676954393965	0.08429226055351932	
-0.07295855700525801	0.06671187298385578	-0.016055926580927974	-0.1327975024669571	-0.0827766835992008	
-0.2679257713102	0.2995688152820807	-0.29372194327825857	-0.30244413077446175	-0.06700080640435713	
-0.040772463987414534	0.042596493747837784	-0.01335620115952992	0.08475707924836771	0.0630461633407302	
-0.04911326341792834	-0.03275012861289794	-0.15476493905243732	-0.11884612178902244	-0.11604262929897649	
0.008047591144686518	-0.11512100369626943	0.12391701563623783	0.07052160834628529	-0.04912152768930649	
-0.03695932893437579	0.061803716083470364	0.055321798815975695	-0.02771601459574342	-0.01970029641735551	
0.02018940406508864	-0.04241286458055004	-0.01174402976957387	0.07424797062511172	0.05186776586890581	
-0.02736616221419019	-0.016322168520638176	0.04317855352692058	0.08084593800213961	-0.050487808982881514	
-0.07391690698507644	-0.09949053266286595	0.011338377976321931	0.034544674666685656	0.03290414141913928	
-0.06451386158190497	0.10258093005628052	-0.009832030141491942	-0.04253453794557324	-0.0011325221570412857	
0.09613889562484014	-0.00642585873479431	0.007398661274430115	-0.04567038224955749	-0.002347815280508352	
0.09262936490573519	-0.10631248965096651	0.11911843197165241	-0.03580484282711567	-0.018578971392748368	
0.04390430336159295	-0.05240802178922227	-0.0015151477301565109	-0.009771700374089462	0.086128193403083	
-0.03171257468468384	-0.09769473717539864	0.05809042193125127	0.06409504662187802	0.09320900486545673	
0.14729347016402025	-0.13914795288365248	0.002051555087472718	0.06459531871414753	0.12514818777523248	
0.06767072080085111	0.022571559749047832	0.06098584028457245	0.01939661169823895	-0.02343530704754746	
0.027822328985258327	-0.010233417416571002	0.04579311099278314	0.12007390571211878	0.11613334420893097	
0.032918533929789384	0.04372947131507616	0.015388267841877096	0.0010292564365603034	-0.012452964770748412	
0.07800130301541847	-0.15759118907099054	0.17152727031802129	0.1426375286100568	-0.03823463321137392	
-0.10558122052195575	-0.009355702868948804	-0.12332898069622993	0.03219386514882723	-0.04203828425289529	
0.12828180885459353	-0.019101470700347095	0.12293799064170437	0.11083690874791821	0.11715303003388387	
0.023197073934804472	-0.020414075349969103	0.09369884030499917	-0.005274174363158313	0.03040906111933707	
0.08148143828134237	-0.14947250948005472	0.09265632806073693	0.04605876190588744	0.10529592108010961	
-0.0006393450272122789	0.04620235078582828	0.061355595576143514	-0.022558499086928408	0.08651559938806834	
-0.07259589618334547	-0.016805939906346802	-0.13386185956656899	-0.05726569446782349	0.026638986751133707	
-0.17417774914417652	0.15672380759210836	-0.12056353363056842	0.012863203353497117	-0.0323884540864302	
0.10692003482895693	-0.025105090169846987	0.07785347432555072	0.0048220626931773	0.06132168569041439	
-0.004500953756180553	0.11508897896880403	-0.014968944682405352	-0.016527863122588877	0.03779817759199083	
-0.12276030670022964	0.10289818700188764	-0.11948159104151035	-0.11235128451068362	-0.08795443217429773	
-0.013488385710661467	-0.04951687717241946	0.025716863684639175	-0.001838196907631981	0.11289125419327939	
0.06565401378581968	-0.08830240839988447	0.023945904024803483	0.006997997167417795	0.091051003126672	
0.07774256449435606	0.07659207826661166	0.03305846357189386	-0.03980775435644191	-0.040649295525160695	
0.04741761973459289	0.01954148037944179	0.024848960541400712	-0.011819499934696125	0.02861310660134134	
0.0014262986339520572	0.058038659837079024	0.005692685716296647	-0.018782632162317514	-0.05106693424744214	
-0.1689313491251263	0.037111176579367196	-0.18713597425993214	0.017344725844306026	-0.11104437593870231	
0.10133834933508744	0.050044403661764575	0.07053867403920906	0.03857014201813051	-0.05179352706317824	
-0.049431986095067396	-0.004785652391620109	-0.10538655373763518	-0.01678333927964534	-0.04990091247832028	
0.12343024330018756	0.05652694616646177	-0.014507841197816673	-0.06423035595755545	-0.05172564254424357	
-0.03163460274357482	0.07427190962806168	-0.1093833054657151	-0.09795208214513731	0.05296265287040824	
-0.02491992592691918	0.02556463943686195	-0.06981328818445096	-0.08399579999089657	0.006708491598172415	
-0.00999817499317283	-0.06649134412094797	0.012620610818966194	-0.0011160027540751225	0.03316467219571287	
-0.1072539840730782	0.07649729131477623	-0.10558302551813521	-0.03374679045009718	0.044672028296832776	
-0.0805608414109962	-0.04842185432367867	0.07671192403773282	0.0715964194102012	0.016983465994457523	
0.06668295527435032	0.09119059338181962	0.049522651374326467	0.06049074445672269	-0.07839483257994781	
0.03555554893223172	0.036230869927784015	0.03733434625859601	0.07682683037734685	-0.08833182012268279	
-0.009159936956439024	0.08397872088860603	-0.1075126130633764	-0.07136757648616751	0.014295397456539705	
-0.0603622373407656	0.0780217300803248	-0.04110547643271289	0.029904226990052477	0.08722318999868271	
-0.05815747558383247	-0.06341451912791286	0.0675193034745636	0.011632004770023527	0.09622972245146373	
-0.013372547361297152	0.11672311097280817	-0.03418600736202007	-0.008891578627535075	-0.07729982259376425	
0.056386910844642174	-0.15387251906398816	0.01594031894521753	0.10221218025772406	-0.05979188498074913	
-0.010351278440174961	0.06278589125581995	0.04627853823645855	0.040456026075679975	-0.056073351286809535	
-0.0062339343883861115	0.013350933051492129	0.09972800282460535	-0.05754540248839684	-0.0475429823475476	
-0.08078351464885111	0.05571349972648145	-0.05274751583189175	-0.1056586021094308	-0.0011961939815086718	
-0.07403693767182416	0.06481004832409308	-0.06157853523821258	-0.10251449611687578	0.018027480618207567	
0.0772605797312515	-0.028280773776964276	0.06416488158739855	0.016228644831529485	0.012237126496740275	
0.151053366610397	0.018056779358494767	-0.03402947637072539	0.08167915137167653	0.016850836087091235	
0.03350756801724829	-0.03313999852606764	-0.10818924364861321	-0.11274961546830743	-0.02791484965492392	
-0.06504412115419896	0.016613404330303824	0.07527859463620633	0.04661563672909665	0.05266837282954908	
-0.07775066267650053	0.10737283779915018	-0.06965387161846541	0.017056930941655394	-0.010964179976609943	
-0.04278556682071968	-0.10957046391976875	-0.08085332957129271	-0.07183098900258564	0.008671805696306855	
-0.1305513151080623	-0.06221312314584933	-0.007094557697146798	-0.05083461613328914	0.03001734340650531	
-0.03769962484538478	0.0051607104102580955	-0.03345981756348102	-0.022051242921602675	0.047462066617465895	
0.03704535279735365	0.03987835468437101	-0.03341495856935734	0.0925924282391783	-0.05735235155627702	
-0.08795814491611731	-0.028936615308097855	-0.11081201544434023	-0.16942527998242762	0.04385063205493972	
0.14829258596905007	0.012876518225908963	0.13575368734353568	-0.03559474119937446	-0.036193902002837904	
-0.012653187585180949	-0.008286326696029137	0.11075557593982997	0.12019551676760691	0.06612272585335736	
0.014473480901186095	0.0922511480138001	-0.050628099111974266	-0.06078232991968434	-0.07110922372871394	
-0.037286998749105245	0.03493297517196881	-0.04338529284577188	-0.024665774868915077	0.0847809307712209	
-0.09381216494984751	0.1253814290787796	-0.11620374654565077	-0.03150946569208135	-0.044433114782115354	
-0.06325150095255999	0.08072863335914116	-0.17599143133539633	-0.103353380106207	0.02317150428297591	
-0.09400952738620647	0.041759053259303125	0.07337829892025453	-0.09744472633278739	0.0013672457429026522	
-0.019907086583702494	0.061098839398749376	0.01993469279227086	0.043824610361516074	-0.003325752756177361	
0.0039031801744328675	-0.039379053669745326	-0.0884792504469582	0.03334518960418325	-0.0036359971274127242	
-0.08445371395786927	0.1316240102668723	-0.10718964319652315	-0.1060970406475178	-0.04988816181542729	
0.16408824754943555	0.031807452407504516	0.13691646982739517	0.12926197993580954	-0.017427239853605135	
-0.08822956941998612	-0.0557009634069042	-0.04120204081457015	-0.06857176587158764	0.0211952668343201	
0.03676143304181369	0.018657057681309538	-0.009860304363011455	0.08183095042447494	-0.023878546015534834	
0.005148414446324582	-0.031733974142290365	-0.10265631365822102	-0.05885783205885127	0.03568009581215965	
-0.003580855109986973	-0.0054331234026869825	-0.07625065253428603	0.012001338932626613	0.1015858019813975	
0.09049264801341127	-0.01799449030709193	0.14215466595722892	0.12073982816643826	0.052557643776199946	
-0.041014208124139244	-0.12111951423963967	-0.03702673894693102	0.02661693751605319	-0.0024488100771258682	
0.18110535821047058	-0.135133422356675	0.18424335055553562	0.1192138134221362	0.10320959516268775	
-0.029671960087945693	0.06295293292119673	-0.0760196382602637	-0.1383277012668436	-0.04463286749011051	
0.021829819414847275	0.023375744693856382	0.008753864557225204	0.007411967013776395	-0.057701893462330026	
-0.1242802642229199	0.0808775255042871	-0.06368586207230119	0.07327047224515852	-0.06634682396421676	
0.0005505499962225316	-0.013354326658959297	0.08151358789897932	0.013159948326244304	-0.06460055681509745	
0.024297493436450462	-0.0455111759135294	0.09652682772993901	0.09701667391538853	-0.04803112814458174	
-0.04164846321084161	-0.02652993091262492	0.11196342982643301	-0.06298712483599293	0.05274248083055186	
0.02699627402262725	-0.0022365292015022516	0.06398215675574107	0.019049137859333577	-0.09823714745645239	
-0.1283582141124065	0.16823973756626187	-0.08743520154147959	-0.07731638662984368	-0.029709024058415023	
0.0011021434068324862	-0.04312996825519026	-0.002691978518684289	0.028211040806301692	-0.030835988100450427	
0.051700131623353	-0.050352492000740365	0.034607859921784154	-0.05013638426440875	0.048690251910908464	
-0.018730114514505007	0.06112179904792834	-0.04706118888668316	-0.063073018812297	0.05911397316588519	
-0.04131588250077454	0.048883565992766054	0.03879791733343259	-0.05966506545280832	-0.052302021206108905	
-0.07911842730318278	-0.052139559178694346	-0.036593099364269265	-0.10530493889505652	-0.08017537367231503	
0.028413620655609304	0.058530256560234965	-0.09149608714207959	-0.05905179659215398	-0.05921097798307544	
0.10048355175228138	0.021669022592765336	0.023789428974685292	-0.0204797076536238	0.08808745285933528	
0.0940559773607201	0.002158902421110343	0.15759653704873405	0.08229224686075941	-0.012559142502456936	
0.14437700293207398	-0.11808803509523888	-0.001055633622393132	0.03830966974257114	0.028897104549532527	
0.005800452398855958	-0.00512702026635056	0.019023141392713782	0.08067368883315487	0.08472837394134983	
-0.042603241725022716	0.0016595410272816846	0.06110761363980952	0.0420500023805949	0.03802190685097093	
-0.027714997667887563	0.02599004583011192	0.10249429403652013	0.004393824139070556	0.080135227963557	
-0.019790273717956715	0.007089338278280037	0.012052131905130681	0.03231162548060032	0.001217337950753618	
-0.05691756932393317	0.0537476388082926	-0.003614511612478704	0.03173375105883506	0.024692873462803397	
-0.14978574440693582	0.006604410873545575	-0.17382096756048487	-0.06917373548993988	-0.09964051560030816	
-0.12953700931123588	0.0026997397818445197	-0.060626048773381826	-0.1674905566051687	0.043412429809741575	
-0.028716794185015427	-0.01915500514656771	-0.05657462484904542	0.08737568890970851	-0.03556145147392823	
-0.058834405385896835	0.10140106100778275	-0.14876302282227652	-0.050146523175202816	-0.09484136943700083	
-0.046905231512715605	0.11809494920544814	-0.18064034330429019	-0.0017647777950564759	-0.14438738258404898	
0.042168904350647116	0.021636188065720707	-0.05615426380261523	0.037595465115895475	0.04674781916270735	
0.14522093594082316	-0.08653854589069479	-0.043268186687949746	0.13369582727651474	0.10781707878995773	
0.06171629450969457	-0.010466860690383755	0.06585370855235873	0.08180265092428941	-0.005820734439081838	
-0.03266266937065039	0.10547361881818443	-0.08865944308467222	-0.08418668362971271	0.0015518937618046198	
-0.14136764008594815	0.08384457237394388	0.0241641378114784	-0.0810935218980804	-0.0945757423135601	
-0.11217932806980016	0.009814940178726425	0.012520973709614936	-0.04305668375363795	-0.08298011117076239	
-0.10268334418040909	-0.026379087882428646	-0.00690314985045241	-0.05656542905888701	-0.016803045296245465	
-0.03140082549273414	0.07671794456313723	-0.03609771087129248	-0.04641790406185772	0.02645308842770197	
-0.0943998709759296	0.026653338429608153	-0.08237910047027594	-0.021113559497412032	0.04552735956337394	
-0.032058495087615414	0.0652358653314144	-0.03615090171142265	0.007492230748554335	-0.09023834564758246	
-0.044344359433716694	0.09807165713590577	-0.0163324880314425	0.03319714918026447	-0.0009340469209570434	
-0.024595789457433223	0.08944383367376807	-0.10380197661138263	-0.00431003347922306	0.06735470409410554	
-0.0032452437588555427	-0.06385036639119339	0.07237585705668238	-0.050093912561776206	0.038263476141990806	
-0.0015507090763581	0.1053101289037518	-0.010598941782711497	0.032015140690573894	-0.11631716987318476	
0.16569626355160724	-0.12935827496465474	0.03715176537426638	0.12828170099178626	-0.085654809843836	
0.05100388688946807	0.07717500861314747	-0.02363694684050848	-0.041797333941503624	0.07634601195672622	
0.011545610209223834	-0.08782293374365781	0.09702841060330515	0.10259934256206504	0.019387407880216423	
0.04959902030467673	-0.0030172898278340884	0.015196246184045246	-0.0389299800080528	-0.012020957365858004	
-0.0383292212416247	0.07824627838469689	-0.01654965215894293	-0.05542517040813548	-0.05246940117028816	
-0.023478249477475434	-0.01337747688607313	0.0864215230434201	0.11883481426248103	0.04324455590149026	
-0.02725311746271874	0.09070882829901192	-0.04003681512436294	-0.07872832988298091	0.0008290224344363328	
-0.11245509437065222	-0.003098637774253314	-0.11994709990986815	-0.060586048120762556	-0.07498521822027669	
-0.08827196397134818	0.1394728116806733	-0.10962939556270622	0.0491722710120983	0.006094858327337262	
-0.022292333185709882	0.06686472595262695	0.01945996848243108	-0.04699146744222793	0.06659105709574502	
0.02587810878189865	-0.057878775695142035	0.00810227297751884	0.07147618835934476	-0.026492266939332938	
0.019093029995379863	-0.018070999654962852	-0.028704194134138564	-0.012528243716120796	0.07889426903260861	
0.1261266117229963	-0.09729659716921568	0.06745151550029631	0.11536110463623461	0.016146954596204792	
0.11171290846250838	-0.061822576704395206	0.050250052670953976	0.05231874872025643	-0.04764454799207806	
-0.10338091570802278	-0.012002820300874458	0.07533809587994043	-0.03856907973067923	0.058574315123281914	
-0.05642324028399904	-0.03773356136289835	-0.0679371870816544	0.04830782089814442	0.0529368155205317	
0.035604299146255146	-0.05422203668476314	0.03112058225505548	-0.05250214617862929	-0.0031169625751238128	
0.008179733944435353	-0.04925355349255736	-0.05188847246539649	0.04946417652758071	0.057444437231599095	
0.03985524064911409	0.01738766279644552	-0.05081925535602974	-0.05952000412400138	0.014458278011527197	
0.07675092273816903	-0.0674691829105973	-0.014153926288047116	-0.015348119247381761	0.008411514904007884	
-0.19290619916518456	0.06001525126608156	-0.1885984878791195	-0.030479461310102964	-0.002917673911215122	
-0.03789042593187216	0.030908796441502007	-0.09793168982920127	-0.008114949591302687	-0.04264227214763778	
0.07772755099035432	0.020771953158271548	0.03520742225171888	-0.06105156557924312	0.0019021995347233305	
0.14865520057267692	0.0549864355511327	0.08423623502063188	-0.03340648746046819	0.05260225848685778	
0.00266489331172924	-0.0031087154566343147	-0.024512314243074214	0.017543859428537714	0.06724439214946965	
-0.2078544217586285	0.18935259292141987	-0.20313731122320236	-0.2814271234671813	-0.024131498191089323	
-0.07905961577608563	-0.06790858065315737	-0.01112391611788524	-0.07230056443297468	0.039682760998784525	
-0.07973356204354556	-0.05119680128383391	-0.08012786696263195	0.04721054694391969	0.04361439858989002	
0.004418457944742327	-0.08527087694390302	0.07835550882677896	-0.009065158294068924	0.07752310078842528	
-0.08138426787655703	0.06208741984717342	-0.19230144179451655	-0.04096976169363623	-0.07149736653741431	
-0.39521726376396754	0.23382439908078564	-0.40246349336045373	-0.26940341366241827	-0.0739530988480031	
-0.032875616495686016	0.054706073263192344	0.002077583119865911	0.0788224525380242	-0.02443008972373613	
-0.01695729053751223	0.06899776176933829	-0.0387682979445125	0.11600595068244346	0.011337481709806425	
-0.8933599329247921	0.8106436437119962	-0.9807958736176435	-0.6991589268209806	-0.2354231062697937	
0.22025547444785964	
