TESTRUNID EPOCH: 99 L_PCC: 0.8610150495485787 L_ERR: 0.008256579523717746 T_PCC: 0.8319838589470635 T_ERR: 0.010282615411466215
180 LAYER: 1
5 LAYER: 2
1 LAYER: 3
99 :ILEARN
0.1225709541674957	-0.04271211401707117	0.10098810599600848	0.15427514638714296	0.02548880483223494	
-0.06896745954894899	-0.07326824816870676	-0.024265227187072972	-0.018131711448594136	0.017381629502827265	
-0.04524190597945517	0.05767584328145475	-0.10015629238007194	0.026881602488465158	-0.11208031146007501	
-0.04101753418533417	0.037821046078417346	-0.09290865033064077	-0.18431715913219174	-0.11094610435233868	
0.09372274323591001	0.06794097220361028	-0.0030080781045569746	0.06360036921437413	0.10115070595473924	
0.049980495991553804	-0.06500119784445808	-0.13529489580121723	-0.10668580751896305	0.05649560629188979	
-0.093564499126603	-0.0067531166836557075	0.06963267135480963	-0.01884642269893178	0.03004625275325362	
0.0314921230235423	-0.005908856069971335	0.16032750683127517	-0.0126012893982963	0.09532055453961542	
0.14069274428501252	0.018194436022805374	0.015268922750153218	0.10693484598139803	-0.051666091709068156	
0.008053984241641693	0.06372538539499484	-0.030220292875585357	-0.034151571189580586	-0.057633392783770596	
-0.09213845591698902	0.02658202462766668	-0.06741122310618529	-0.058449620249961816	0.003048379597523811	
-0.08243900459128496	0.009209355779349615	-0.06702650694806511	0.017862458747279826	0.04595856793631768	
-0.06538391017964489	-0.03187568125082041	0.04857422472658027	-0.007450821782352651	-0.07832806027618633	
0.007199617412091929	0.023909790266926453	-0.010952064445125625	0.07359755795505159	0.014501818736338611	
0.09295120719607079	-0.0821213472077778	-0.06320092196132462	0.06428632222536355	-0.009566090288948248	
-0.07497298021217108	0.09550890052290774	-0.03757479096914374	0.03446582029678984	0.040805657242596716	
0.04688751839396988	0.04488309042638234	0.005597390019438158	-0.07851423671363753	-0.06246087957829016	
-0.06078339757344449	0.06456503479281071	-0.11167499670186191	-0.13585960029831345	-0.06451355359285504	
-0.08375753097372884	0.08775923909069373	-0.025885791686717972	0.002277973785551203	-0.02431761759861931	
-0.026334669962576787	0.05914366698586235	0.03937384978204917	-0.07705044520003528	0.046144340328942636	
-0.0461550066400345	0.010559728504698789	0.05379392323106397	-0.051439809238245274	0.07601362206963123	
0.026308186452784398	-0.09898253800588347	0.0882557757112042	0.038311547543492516	0.09539119883930253	
-0.09991072074981477	-0.05217725357911792	0.03502013012772603	-0.007922149787921811	-0.10840127210734991	
-0.06871006815508487	0.12709073786023406	-0.07849730712914825	-0.1080823925011892	-0.14915219124560058	
-0.07022072561312033	-0.11434699602434102	-0.07784986076470606	-0.037232669861148746	0.09017019187370763	
-0.06398174745710487	0.05779028324468788	-0.023563349903146152	-0.1601832938930596	-0.0896313625574037	
-0.2305125506779898	0.25894545501701727	-0.313722067524167	-0.397547387162486	-0.09367987900667837	
-0.03184560252148719	0.041305179744338914	-0.0077976193112949226	0.08275238913725437	0.06516569222319218	
0.003009034534254345	-0.0688957963979491	-0.09927769560426696	-0.08589687111365343	-0.09660897885526039	
-0.026020632916131183	-0.09356606540592355	0.09481602807438431	0.05537317147458044	-0.061045803512388225	
-0.06900219187624672	0.07902658560779914	0.018943799259742346	-0.05906906633008472	-0.03625828739260677	
0.012442385109796535	-0.03777321440258827	-0.029938385936732634	0.050666277894565306	0.04460320702651603	
-0.041064562007477	-0.010171715165432117	0.027650977661474042	0.06534689675868856	-0.05922638453394172	
-0.06323745253790847	-0.1111066130113754	0.027985777716363604	0.04541503594504516	0.0373439743806868	
-0.003717827533630584	0.07174861982186292	0.06377779290347865	0.020088885263388912	0.0344699409478566	
0.06864123208668092	0.018617376586387572	-0.026892166766576728	-0.06630564848197947	-0.01449442546460869	
0.0494147577524436	-0.07468687238946771	0.0734306641078211	-0.0624316094698408	-0.03455009409323238	
0.09060456556197466	-0.08366377282741938	0.05681928422646154	0.024845672043237496	0.10733766059305055	
0.010138245779848672	-0.1266246164061225	0.12031776897045238	0.12058952633677605	0.11835700689724749	
0.11657241313686775	-0.12012945267838043	-0.02862371732244513	0.04241049583415974	0.11120598796432227	
0.08442994992015011	0.010442405667168544	0.07262632104039028	0.01782044125641102	-0.020334412709679138	
0.018259424354428105	0.001935936245155091	0.027778042359655176	0.10174684255615624	0.10359337500344129	
0.044531400004544364	0.04893351364712999	0.031267374082127666	0.028087291479895603	-0.00913823212433991	
0.07310558747667421	-0.14605021869049598	0.17395738024646246	0.1542515595045506	-0.038507544681553096	
-0.07880837294462308	-0.029015477603934293	-0.10204933941332665	0.031069746672262376	-0.036416603843955515	
0.1254745862835749	-0.012633898337344582	0.11729420668867666	0.10860150329001726	0.11267517847950341	
0.02234836497249148	-0.014714616915271433	0.09080486968965808	-0.008992023295456243	0.02552680014355203	
0.03980054381499305	-0.11565445544616391	0.03606078275816118	0.005980632777159795	0.08541618762870785	
-0.008578083480474334	0.05800338502691726	0.051898791769904515	-0.024416661242440643	0.08184237947894285	
-0.019466452859038495	-0.06146293130189269	-0.07655022847465329	-0.03663052647485172	0.04718035700880308	
-0.1277853434484895	0.11326414459910486	-0.06904907006150428	0.04113287359775432	-0.006863763312187541	
0.09165019522368437	-0.006983521119424935	0.05134198536605296	-0.018312663922675717	0.042806831790018166	
0.03415348130092313	0.08173986534964113	0.02758696329808783	0.008008204274334844	0.05738024474696396	
-0.10889977414141627	0.08635779549603509	-0.1066666193652566	-0.11803934989006366	-0.08188051723160635	
-0.02369203598943828	-0.04105832312509367	0.00289807277746431	-0.03587583196756278	0.09823746729752465	
0.061222620845531976	-0.0808299458666954	0.016475042636347016	0.0027146172193048134	0.0857684767413395	
0.0905236892853349	0.06875343654032656	0.04882315998447682	-0.030588626376354934	-0.035868092887426914	
0.04816714064982156	0.01734282382637574	0.019109681601288744	-0.029676526493335825	0.026345947855134794	
-0.008081956997823754	0.06419559336390962	0.00048638890418340006	-0.02183387044916477	-0.05085575596113694	
-0.12174036222983609	-0.002487675756569071	-0.13664623065730705	0.03233295428221284	-0.09389257226919198	
0.09914559804979922	0.04997678071211472	0.07614670806984182	0.052508353889571924	-0.04282653802587159	
-0.02727941817310858	-0.017097769059153247	-0.09717657923070044	-0.03129585200258303	-0.05289589637339535	
0.12991383541388907	0.05433375812237514	0.0004690574439873213	-0.049311328322199886	-0.04088652349373809	
0.03236041856613165	0.03174706763091216	-0.03298529533442038	-0.05350081965740482	0.083099019321252	
-0.021013860121022073	0.019873348432456583	-0.07305504966873293	-0.09671479496143863	0.005175026435127054	
-0.00650059753587513	-0.06617418906790629	0.011899797707245682	-0.012831510663170462	0.026746596669425294	
-0.0707909577601294	0.05307943225826091	-0.07119161211481559	-0.025274392470398796	0.05400511962834936	
-0.061073189592077914	-0.05948406657775205	0.10062588075726348	0.08206729192222266	0.027987210724188204	
0.08118348497428005	0.08415848151617675	0.06002869958933009	0.05414571290056519	-0.07781881875275196	
0.0006411856185908953	0.05291839940706898	-0.007513468266588377	0.05023136694154803	-0.10345855710682314	
0.0021899259660423448	0.07429811091556898	-0.1080588610675656	-0.08681662551957571	0.0051876319163849435	
-0.04245107766765114	0.07137166954566387	-0.035605071620460546	0.020949231012562203	0.08506466469539725	
-0.07047997958155042	-0.05672050838172699	0.04642852964955714	-0.009170687351393472	0.08326151585098603	
-0.018340682755332106	0.11846199891195064	-0.05555052137098757	-0.04591262209764888	-0.09286000481789393	
0.03617070142717923	-0.13696037007795306	0.006350020208724282	0.10858632771773927	-0.05526409858795948	
-0.001048153817394143	0.05684036513098286	0.058419081231900455	0.04778689584268116	-0.04857534838188299	
-0.010471379114190027	0.014244879667534335	0.09276832469451467	-0.06477032634151375	-0.048539771988767244	
-0.08715072143596998	0.06357450499857698	-0.07232935982278671	-0.14806732315224458	-0.01960716224049151	
-0.08192308651660836	0.06905450676674142	-0.07978312747420872	-0.12970250101844252	0.006583424511908847	
0.0430247362893773	-0.014332951053612302	0.02132847670738808	-0.007200018657828765	-0.00017469824366492308	
0.11569446541597475	0.042148031311932975	-0.06934870435376406	0.06120769709386759	0.0057308408411840105	
0.05489455132289848	-0.04111388609129675	-0.10190260315219776	-0.1324189613999685	-0.033684027674085126	
-0.07573903208277064	0.01779595888922995	0.0679468766147463	0.0546408690107588	0.0512824704043751	
-0.044969942274201424	0.06999874261477936	-0.037247340734069344	0.047800800048825684	0.009834112994062566	
-0.05481233167660204	-0.10150575431786446	-0.09594764772738781	-0.09113507421114733	0.0023879748282638097	
-0.1143257642524076	-0.07345785372703882	-0.0008191876721544378	-0.06228724987063061	0.026315957729341578	
-0.01861120615773383	-0.010035957908120719	-0.017749930519213513	-0.013741608168352017	0.054343450556288954	
0.02225775636987403	0.04892510480813114	-0.04077810050519289	0.0991275737106596	-0.05496808454518599	
-0.045225776856788885	-0.059400606013626435	-0.08406830936848003	-0.17336462036129094	0.045989291145176366	
0.10199377994258609	0.0443680868443517	0.08665089669707086	-0.07461237564714616	-0.054095426174655716	
-0.025005257628906402	0.0018935583673665036	0.10585043477471737	0.11295485871258977	0.06727168574968623	
0.017695583209702232	0.09498473671403071	-0.06347136271967377	-0.08771869733408434	-0.08386272992250374	
-0.05799173855978328	0.05161591275906067	-0.061658759346630336	-0.04170307364763314	0.07747413690237144	
-0.038524622392897376	0.09510497185784475	-0.06212049267347417	-0.011383605957011583	-0.0278493980061805	
-0.021158890912473347	0.042634745834652855	-0.15872340549832295	-0.13701874760112884	0.015130106140707204	
-0.09751628903485045	0.04056589562790906	0.06606613503009957	-0.10450400283530896	-0.0018467105932677952	
-0.03190818132417965	0.06701181860217792	0.005805214190919344	0.03094970775492229	-0.008899321079961173	
0.04618366001216251	-0.0519961952784998	-0.048366390129033085	0.05419832756550378	0.006044417734995283	
-0.038725348131783396	0.10711624953579729	-0.07620207877013992	-0.10238049881201691	-0.042656454930383364	
0.10754836953008362	0.07106738220720095	0.0753199460651495	0.08344826258487664	-0.03923553574032388	
-0.07779481953768339	-0.059505187706367674	-0.031136354730641972	-0.05935669172058336	0.027516178798964744	
0.03521569760064568	0.02266592461529299	-0.0005652920307601638	0.09917406793541149	-0.01450659990209647	
0.00643592326809258	-0.030640396810329085	-0.10972471661908964	-0.07565488679831271	0.03221431281941774	
0.00502696558755205	-0.009330407687207557	-0.06771948165065504	0.010185763231979407	0.10804360260672252	
0.04809381695685742	0.024735735392805373	0.0663003953638249	0.050323443697205976	0.013193968016431782	
-0.035939937881250994	-0.12275271604654106	-0.016886624200876936	0.05633732493732717	0.013804153467303288	
0.18142640271474983	-0.1299352895606277	0.2072722628007007	0.16223317825570874	0.12578409714675878	
0.003656298484343317	0.04083309303277046	-0.055299452361847114	-0.1478379226710192	-0.039304914066383194	
0.05218134662713451	0.004713102224989334	0.05247498595969859	0.045675001120816586	-0.03581174311499805	
-0.14634194116485363	0.09194809783907494	-0.09525810918613374	0.03315183543830258	-0.09025158076618509	
-0.031007163674500713	0.008685822201109519	0.051796009404645994	-0.011815524629586932	-0.08144822489583112	
0.01690315313408313	-0.03887143384117358	0.10122749448480062	0.11568221692407099	-0.0369494299888071	
-0.06699593751453956	-0.00886615446178236	0.09836941666041736	-0.06511797977028227	0.045965791374030014	
0.046602158099271394	-0.015722112145189735	0.08704843308662696	0.02691660378796734	-0.09547752866503922	
-0.05380313132503867	0.09831218529045047	-0.019127164889838868	-0.04321246787446337	0.004185288246027945	
-0.005273835644907127	-0.037760687276018695	-0.020517322746472905	0.007393556859498282	-0.038524844000135984	
0.01308225297288277	-0.026639770599800158	-0.023558007160329478	-0.103697245159148	0.020488780694677855	
0.017466525236853304	0.036135412848435994	-0.002054537869430779	-0.035809367612026	0.0753158428437858	
0.006990140572020732	0.01613305022498266	0.10534375719597813	-0.005415180846980296	-0.0282110477702011	
-0.10229640392442671	-0.037649022435251166	-0.06970789355642519	-0.1407642847021979	-0.10374048877598784	
0.05117111808612725	0.047506165625422314	-0.06485779650825145	-0.03670685618601394	-0.045153229085025	
0.11348390038183549	0.018846290636468536	0.03943864528618826	-0.013972717787758215	0.09366222166159496	
0.09707811453697149	0.008890722492441099	0.1863787497258112	0.1346546310366222	0.004629350343787187	
0.13292491435752452	-0.0993212152052903	-0.021803234920658134	0.021836285912048923	0.01520269481256681	
0.0012019965137087239	-0.002048476631569433	0.03189230646766897	0.10987599480341578	0.09805264934843093	
-0.04286806612233705	0.006277912027357133	0.05806785289959577	0.03386391312195829	0.03470079307516581	
-0.02344138868349411	0.02988654879173715	0.10188261830129056	-0.0032679709734930876	0.07532165974281513	
-0.06458745101349825	0.044235676234964	-0.04408057877148116	-0.006226054075298618	-0.01727545400922269	
-0.05224883543112121	0.05490328529209484	0.004149594995412435	0.034861841980812415	0.025872007483967095	
-0.09275695823403908	-0.042137778055932294	-0.10872370676268805	-0.028307455330929578	-0.0697843645012907	
-0.07441346932578334	-0.04382713541132763	-0.010996964568686752	-0.1560274267494743	0.06121257403264048	
-0.039550965237346684	-0.006700934446993338	-0.06799883112644288	0.07833575598664883	-0.03924655902788089	
-0.013597547309019102	0.0636583873997868	-0.10038333197566476	-0.02685684545517117	-0.07454132004656436	
0.0008686301778594187	0.07801913132833399	-0.13869804289433096	0.0017759815155436315	-0.13354934023210413	
-0.0004451654716939249	0.04822534796208174	-0.12423383650309293	-0.03773810038087923	0.006395954754690225	
0.14284777300976612	-0.07679681574050047	-0.0393746022741071	0.1467545377445906	0.11041087003999789	
0.09164941815680448	-0.025104176259204154	0.11182866168725838	0.1290615968719884	0.012283479196777289	
-0.000786593827942214	0.08135337909672694	-0.06914113169356567	-0.10499670889434352	-0.0002090755479676245	
-0.11169818592096308	0.06191542965516091	0.055646517367745695	-0.07191275174295424	-0.08584948486683458	
-0.056925150321695026	-0.03430480331820212	0.080762129090112	0.006759731092282876	-0.05103527260500725	
-0.07268989308543891	-0.0427493378066947	0.021779419966100545	-0.03962352650655462	-0.0049977935336531585	
-0.004692175145728156	0.058443756688548565	-0.011349743673082629	-0.031583871649814396	0.03609841779007519	
-0.043937562644155964	-0.01807710677995523	-0.03023755823280011	0.027435381595848882	0.07548759781481584	
-0.025619161173334837	0.058821655091383526	-0.039899719809308766	0.00012877287881482598	-0.09091337640122447	
-0.005894462764711698	0.07300964838234095	0.019609840050009663	0.04720472502346173	0.012085355519054689	
-0.04668701604163068	0.1005513642828615	-0.143177753375509	-0.03973355712534138	0.04979977610732611	
-0.013659737835808605	-0.05457097008167037	0.04460725475247718	-0.07413751479365788	0.02469867596863298	
0.011888460159254767	0.0904729936108825	0.005474126821637262	0.035123680668930755	-0.10596577468527939	
0.14485533597117822	-0.11736478605252117	0.02342595252571084	0.13819604736250646	-0.08143270047756071	
0.06455847468086962	0.07174793071418822	-0.010432503384383365	-0.04491196917730192	0.07638205858451294	
0.021347702478742157	-0.09021957244128692	0.11538508169236968	0.11088470558438097	0.02425060845094202	
0.07512820693640938	-0.021035945895729467	0.04106996932244972	-0.018319814404467963	-0.0013549602594753838	
-0.051494439727582234	0.08753300355198168	-0.026799269684525888	-0.06397620571199893	-0.05863650402256147	
-0.034753132808881905	-0.0007820760337281404	0.08706634936185602	0.126058334680927	0.04710080498222926	
-0.05594933687403141	0.10406205551147954	-0.1027563439291564	-0.1628249653998684	-0.03993726446726777	
-0.07098483016186437	-0.0334568942681764	-0.08038395775638067	-0.03619177819811901	-0.05850425409020678	
-0.03145048402724322	0.10058702538534332	-0.055939835942006036	0.07760156100841885	0.023510765454754584	
-0.02552561401343634	0.06923440651426226	0.009397878140465629	-0.06902689036229794	0.060284587382775916	
0.013380328100278553	-0.047671515805094745	-0.002177923146034929	0.06607022482365967	-0.02825049894805201	
0.04502985767117061	-0.03058189067556178	-0.009864292331706189	-0.018297473358940112	0.07843932218829722	
0.12498933620377418	-0.09459282570079122	0.07544494333319092	0.128494510789052	0.024466723020816688	
0.09479267664526275	-0.05229832078402866	0.027563991111308923	0.03179613987823742	-0.05489685474774954	
-0.07783115027870553	-0.029770853898038685	0.10227167091438887	-0.027715781120952826	0.07100516139783843	
-0.049863832357286766	-0.04457958634975857	-0.06635214373922574	0.03740780811830194	0.05293025898198701	
0.06344823938562907	-0.07008594476742494	0.06232130198973216	-0.033641728474608355	0.010195469513485642	
-0.01801711524560297	-0.03414200756769867	-0.08415374019843988	0.022192892499700058	0.044930217758432256	
0.037327921392728655	0.017717294827226608	-0.056841668192359786	-0.06924794871495892	0.01242123893519837	
0.09933246702305991	-0.08199886142555346	0.01195552249681172	-0.00520661285949194	0.020190222630695146	
-0.14791183646004588	0.022003549977684524	-0.16120690247730501	-0.04614204481885757	0.002041017432559458	
-0.02633398435407665	0.026342409072396444	-0.09065648758218718	-0.011354161714022246	-0.04178755010605098	
0.0452326864344693	0.04757363555533606	-0.009424730190894967	-0.09907482479747706	-0.020099638083247495	
0.12683983590106757	0.06889363324339849	0.059617511726562565	-0.05040218539726527	0.04510555128940517	
-0.021044174588663082	0.015100977457533134	-0.06133595944157839	-0.01984832152058811	0.049709317345960985	
-0.1100608456545466	0.11756103572348695	-0.13114183934307655	-0.2816580157165384	-0.011461906762231555	
-0.061603698666755115	-0.08041202805903105	0.0074912506363982775	-0.06584749716964405	0.04769006235298176	
-0.062143507856592825	-0.06246648425244638	-0.058278347727426634	0.06073929231841339	0.05499721370174003	
0.010867586545244532	-0.08658499756844398	0.09117791306985354	0.0047129038705347685	0.08565205080313162	
-0.0907557533044893	0.05890176848801272	-0.22034285875731568	-0.0885388480761674	-0.09435310403751988	
-0.2861767709175288	0.14260806691128414	-0.33424309030532906	-0.30032266073335645	-0.06657183125933312	
-0.020018322248709502	0.04866135015211925	0.01602759809265231	0.0855970611566109	-0.018283245801793104	
-0.042262807134334064	0.08658383663924707	-0.051157278124037475	0.1367058492719631	0.01155939007415305	
-0.5499724570406649	0.5571061314779876	-0.8242313913344808	-0.8851744627153162	-0.2498053507567327	
0.1866572703130963	
