TESTRUNID EPOCH: 36 L_PCC: 0.873016839533532 L_ERR: 0.009939432660831119 T_PCC: 0.8472355447804685 T_ERR: 0.011737831463190603
180 LAYER: 1
5 LAYER: 2
1 LAYER: 3
36 :ILEARN
-0.0897798617956064	0.0862433026358784	-0.2473963172314866	-0.13753213036311188	-0.22572036626927547	
-0.22626719888045424	0.1083990769672345	-0.2533736873520253	-0.16644843274767845	-0.2508545518834636	
0.07558554310701864	-0.08261529750373274	0.0420474593101302	0.1356805429611266	0.00043981574637652154	
0.24480587050827166	-0.2099306431199688	0.2723885180175487	0.1018625339151115	0.18613475656717507	
0.06237776652774429	0.049376034981133764	-0.055650307010568605	0.02781715456783973	0.04011011713397492	
0.0830195670877749	-0.06630696182292269	-0.08273290986534493	-0.07989955894403666	0.04853698214661241	
0.10641351297423024	-0.15898092805193165	0.332290773170382	0.14684050628837958	0.24751424943289843	
-0.14282153120999797	0.12701891166812782	-0.13084041367004218	-0.19800280547435797	-0.12272971474773771	
0.10226124308596615	0.04698510498681907	-0.08725032552025415	0.051981378351291616	-0.08465920521940172	
-0.06472579475193885	0.08636730966618116	-0.1060384407431887	-0.055009064926099284	-0.10079775933865229	
-0.11607736625693761	0.004956510546706771	-0.028635221211361833	-0.025783798538907186	0.033016485462476326	
-0.22589360368861047	0.15841238977105357	-0.26238916066560214	-0.10871750299514127	-0.1916465466669019	
-0.1433523752265356	0.03655967608361098	-0.022185937351655638	-0.06040291607743849	-0.14124276296362043	
0.009731914777094347	0.014413145580184712	0.01097629270323282	0.11987893724137266	0.078196280213454	
0.16129062066435157	-0.17267599201475198	0.002807288827147651	0.10943622955869046	0.03140094202139447	
-0.2559109293715889	0.24447139816529626	-0.3249277412921158	-0.17210648601184791	-0.31197835016394115	
-0.07787124618463205	0.14667991670671146	-0.17772633438679558	-0.20940251854119546	-0.3313084423688292	
0.01204533899110446	0.06238312877419861	0.030588193140304355	-4.265986274937304e-06	-0.01628370929665397	
-0.09887619352706464	0.11337636601776627	-0.06759942522631085	0.008900850059570043	-0.01590526336779707	
-0.12737860723542677	0.10897114379523815	-0.09684996353112502	-0.15125669001594855	-0.06878337614712918	
-0.14300968620732493	0.04438175150375395	-0.10579523009432205	-0.1236619339438102	-0.11419933391022735	
0.12444676722558795	-0.19259492099928943	0.18446112605071333	0.10829184382908345	0.19369186033440025	
-0.08741662613200711	-0.09183545176506087	0.017184066708818734	0.010279044854866014	-0.1825761910074833	
0.04162910401326675	0.04958493566085164	0.042470041117737146	0.02707453737981442	-0.14617439914901453	
0.04615017345549823	-0.3623532031017061	0.0838502485360185	0.10365414247354986	0.3149915831788549	
-0.13479748561439014	0.21454201197206402	-0.1365524893654894	-0.20448960670361999	-0.2808204793209269	
0.046763320358181294	0.07831326667174858	0.02477323872032014	-0.079290807441924	0.059380942769557646	
-0.04758371496918071	0.04639425986766379	-0.06783397604196707	0.06959704093567227	-0.003956977127469294	
0.17924959515745587	-0.1853297636498039	0.10161523187263467	0.04078847878516898	0.10069808368718018	
-0.341525893756162	0.1271102923798644	-0.2713178331217311	-0.1811613434330354	-0.4158621911827562	
-0.15987464836811444	0.1431155994927952	-0.035926965646767964	-0.10019311886143555	-0.1002602554900007	
0.09841478055894688	-0.10919066480842722	0.06345343888320333	0.1253041583000866	0.09669531767146557	
-0.11731859989837634	0.04610282532168301	-0.04922733679793955	0.022957392995373693	-0.14724599198467248	
-0.12779378824199078	0.003500456834611387	-0.05374915700015269	-0.0008436602707980562	0.0051864378086136885	
-1.6250415882176816e-05	0.10213825478495635	0.03995111451678847	-0.01236124244127003	0.0223307516280271	
-0.2679160881000554	0.3130061476870715	-0.5370758933114208	-0.3659127795677241	-0.5347472240039128	
-0.3624297532116158	0.19963699937234683	-0.512743839076805	-0.41851251958136965	-0.6393446493788726	
-0.016208972287142968	0.05002616912710348	-0.11131967226256799	-0.06086437895456055	-0.03744456924129479	
-0.07094317234087995	0.005905980429915599	-0.023600998389154044	0.02031685304592347	0.04689688426543092	
-0.2476255817157793	0.1254577197484988	-0.4860517937119214	-0.23159550587856073	-0.33915246115869696	
0.013414379291820907	0.043621650536275536	-0.04895300438299714	-0.026313283243594904	-0.12092657844821719	
0.17786934032701285	-0.16996597966781932	0.3091432794187562	0.25257526265416935	0.3340908377670702	
-0.14660883351780296	0.21400092063453519	-0.2351164792634419	-0.15917655358521737	-0.24913157317808193	
-0.01968083005684445	-0.028075682406804504	-0.029270699737097627	0.043443946743604495	-0.2013076469546318	
-0.2099805406955169	-3.806940699410482e-05	-0.28595073857811804	-0.03143707969344611	-0.22530711142841195	
-0.11350791909379955	0.240162159194698	-0.1895360310518938	-0.08890008815490175	-0.2152315171869035	
0.03525944661849697	-0.031728663358100755	0.09019177063782917	0.0073115788474191635	0.03222998844614419	
-0.02559978732874321	-0.09708854287610763	-0.08566866327123891	-0.05386858014146336	-0.052876962934186304	
-0.05099761245673988	0.052154893158795866	0.027311131040999023	-0.02252849474494606	0.06367452070553045	
-0.08533018730439611	0.021950941149843074	-0.16955961019997395	-0.07957561276230339	-0.03323797582537649	
-0.07936745766348759	0.046669189197796536	-0.011016455957931649	0.09272371306007174	0.06126878730255296	
0.05744739293380688	0.05624779444217154	0.04417975897450564	-0.044523273874939456	-0.0015725206397511507	
-0.10677132835501384	0.2288241327795073	-0.19095984371980254	-0.10932594452153649	-0.13648675093443444	
-0.13802844633526948	0.1555556577696568	-0.1408078755358015	-0.1068185100426413	-0.1120467519172827	
-0.05111511043194367	0.02325370897153513	-0.036230518301425485	-0.03258704692417188	0.033401046230273033	
-0.10755482627283372	0.05554117157053199	-0.2066370912689531	-0.12720674132611776	-0.10199116092967392	
0.11041273346456312	-0.019289970989935068	0.10864793226889408	0.007174842748036276	0.066242428914188	
-0.0033525901010169053	0.06568804168727375	-0.028474216575672066	-0.02764154967451226	-0.03843437833769154	
-0.21408988797103776	0.2588034924589899	-0.2434380390254257	-0.1605546559937197	-0.2791874795935886	
-0.10109621566800442	-0.06685312581499663	-0.08903381148120693	0.08259944161990826	-0.02647945491927809	
-0.0564585525551075	0.18167606289201807	-0.1641201510010986	-0.08729806600214024	-0.25098997148969027	
0.024906201967225237	-0.06074252822815135	-0.0605008892957625	0.008663119796623434	-0.08982503818519932	
0.12032807365347294	0.03385105058067647	-0.03698490930754631	-0.06169347533870359	-0.02985866017021511	
-0.0758959353528066	0.11492142431643051	-0.1807167715356543	-0.11824672693851268	0.0021233437145912826	
-0.01499350610648682	-0.06105967739656861	-0.05658841088605836	-0.007479508544933389	0.0008228357912130583	
0.018508164794410458	-0.08873277966814908	0.049354036497832925	0.009320534807594916	0.010977582838948481	
-0.005462664193922403	-0.041272193510075876	0.04794479087263217	0.06863107298538422	0.1324810125605451	
-0.016766177456465314	-0.1113815083574978	0.038568180308010264	0.09211255749966335	0.030997204735699245	
0.07764397418742323	0.06907362964125817	0.0860039900195612	0.06464601295286794	-0.06868963300096656	
0.004608671035089979	0.01951384765233046	0.04342304050282267	0.09487506997295489	-0.0625259302869596	
-0.018821082414525007	0.06773469565408441	-0.10074978445287766	-0.06690023418782678	-0.04484402760681515	
0.03893592959684278	0.013545575464808095	0.043391062673102616	0.08833367878094507	0.13241898777990174	
-0.1485852878578073	0.010288339097311198	-0.03154555941493332	-0.048305529439424545	-0.03854227126703728	
0.015632449457378007	0.13220800965434107	0.06516764764990263	0.012892915439480505	-0.07582498787509696	
0.010244546798979246	-0.03146566625512805	-0.0645523155208441	0.010861036399485994	-0.04600187169784608	
-0.020811580708986827	0.05581248575624533	0.017118017505123758	0.016547797715795277	-0.10254719493604436	
0.10613028710094123	-0.15968757261335495	0.2765719995982062	0.03033568710360258	0.09602899303458116	
-0.0663410836793085	0.03925537657878438	0.018400598056615192	-0.09776996547132875	-0.028588381822478786	
-0.012547969341150815	0.023276335390101936	0.09039132883939023	-0.048982828490507925	0.10000884894725014	
0.09795602599987338	-0.13180112844418135	0.14398067171239665	0.08450684616468691	0.10120290877925986	
0.14203548370665917	-0.01452008970316616	-0.001197640072130298	0.08242572836034531	0.08910368575720481	
0.08821229460335514	-0.0647309878150842	-0.08713743573252271	-0.07847999917711981	-0.12510596908011487	
-0.04019199264624958	-0.0013219315718976242	0.07777570489321087	0.07057848642582897	0.08070334493691922	
-0.005803606927127462	0.02896916526617574	-0.0209225431099907	0.07677358162182965	0.014138374832122652	
-0.09105384854008176	-0.11187898838906186	-0.10491228477001559	-0.12131727461885163	-0.02059280926781245	
-0.03955401450410959	-0.08472826161230582	0.05273954982253392	-0.00964328426057863	0.002370120217556027	
0.049349863945399954	-0.04717483487853814	0.03160452837464061	0.032262120352494955	0.05752475106843067	
-0.008200308724976105	0.019355947391960643	-0.039627720650409204	0.08085530224720268	-0.04425160396336526	
-0.024345608150221364	-0.015455285044908526	-0.06840903332408325	-0.12890454378487295	-0.017843555446534924	
0.06304245438225617	0.05400326184640087	0.04635386666619253	-0.07449303629884205	-0.007647547831711739	
-0.06630516057323073	0.0175342115707397	0.05956859660479994	0.09485971184310187	0.07190380107844606	
0.14856585327536687	-0.03129496462010474	0.0723854293581407	0.025763767087359998	-0.037759081624475735	
-0.11369356248635315	0.1333166075066991	-0.1621276421617989	-0.08613173205695794	0.015634148901347678	
-0.07634003821388452	0.08685749194721676	-0.01689635138347963	0.029537297203354324	0.03409012063731561	
0.018146665493149413	0.06403355245611286	-0.1597245687400702	-0.07968120057362371	-0.09131211489382635	
-0.12723216648619604	0.05493979353776676	0.030331127342834184	-0.12608099441360224	-0.052292978821747875	
-0.0027700679953812017	0.015896218733049174	0.043649305936690384	0.04845278025297787	0.013225290767887192	
0.10484660274939259	-0.08607491418098837	0.006928200161970353	0.09643464312420107	0.06741151395363577	
-0.09802055847355769	0.18834653507770144	-0.09347849468157692	-0.0888445999664324	-0.07806121026974891	
0.03965323652768648	0.1160782492577029	-0.003820482785738589	0.05418679936408908	-0.03923632460247149	
-0.10213104581197242	-0.0782668132713703	-0.05718799079000157	-0.05712925377481479	-0.010578051186377958	
-0.02912422035389827	0.09154423154295932	-0.13011822406117615	0.013225848546553091	-0.12974900364760833	
-0.015653990357426758	-0.015262533857261553	-0.11253401710890336	-0.06676142760055084	-0.0011374698237288502	
0.02615165991584089	-0.022815299048758272	-0.01215157445767718	0.05485164420808911	0.15587850921647403	
0.03642562476571724	0.004837565595391562	0.063541740192959	0.07003618207819905	0.012107179185426354	
-0.07715213440708202	-0.07029872499775794	-0.10317255125080468	-0.010970437535738373	-0.038806259978180095	
0.15057580071459697	-0.12549883041163068	0.15083190085148482	0.10384978256073815	0.1265350707013384	
0.04628274229848605	-0.04309700373955397	0.01266950151953465	-0.07082565522331567	-0.03039719290957928	
0.04128445485325169	0.03061577143490006	0.04252130646348134	0.0008978599865449119	-0.10011726209081181	
-0.07224962130830885	-0.005048468779269946	0.014472310080455367	0.1309037929888376	0.021019756978345242	
-0.0889103471388318	0.029970998326890638	-0.03921239799614308	-0.05211831003049417	-0.11042091937291576	
0.061353764405605374	-0.09601477016342513	0.12044037750307929	0.12076087743991509	0.013634392203844497	
-0.1929863057084542	0.1053647829002791	-0.09790472697782446	-0.17882030146456718	-0.059119313567900025	
-0.02880024351620311	0.039485168814828234	-0.014291277093111007	-0.032485409748821	-0.1859368101857439	
0.006737484768982761	0.07138937798875318	0.05039378429465894	0.03855358257818414	-0.007309760592290175	
-0.04853477874976261	-0.03143831121025446	-0.05846302875845215	-0.01182085604071689	-0.12098274992291494	
0.009113670153193879	-0.04620520465888545	0.0021540605857116135	-0.07637524868972267	0.009816094974589157	
-0.030899612365647915	0.07700286760210702	-0.07736004339990343	-0.05250514059103404	0.05042984514677984	
0.08540789043374972	-0.11442262875265692	0.23680176523874674	0.05173659122011915	0.0881787239030353	
-0.013280603378735214	-0.1727814945240944	0.06998569829017269	-0.03334572702671644	0.028589588624154977	
-0.0310130435468852	0.12371115642833587	-0.13619874612446392	-0.09173087071837668	-0.10437670826718048	
0.18222036752061946	-0.0580150979659776	0.13027995045811044	0.04585743183095209	0.24106712479476394	
-0.05095189070944728	0.08234233073329228	0.024551982102917515	-0.025946350110165287	-0.09143833061801043	
0.058440684008013014	-0.04667138279611413	-0.10903497016542778	-0.04819568976855182	-0.06808351161813857	
-0.07799976897522337	-0.006188784739867142	-0.07791148167199434	0.08075595957628011	0.0700343681998066	
-0.03293841380638133	-0.030709146170141883	0.06710113158181386	0.047320662367821176	0.04295586232122767	
-0.013255710637428027	-0.002035147655446814	0.10946923446665184	0.009767965792021239	0.09323305313634045	
-0.019770378604600233	-0.004216534093416977	0.020788110836479076	0.04657834751490109	0.0766694173979788	
-0.12123966950301485	0.08868530040316563	-0.10428268739627061	-0.03309910046872349	-0.07273285285652586	
-0.07417340656064053	-0.09112193355771417	-0.06313655329756734	-0.007279057592688992	-0.10330511726439824	
-0.10416647287598582	0.007320720875721301	-0.05871433691854675	-0.16106077702132854	-0.08895362021545553	
0.022540905373004537	-0.1007865573862801	0.0350751607308436	0.1414942548645268	0.10001773204840947	
-0.08820368438748662	0.12147524850162895	-0.19485453986926876	-0.08572063785142682	-0.25611569665423717	
0.015598196410506334	0.11298826657354445	-0.17116427152937508	0.02215739512199673	-0.1961848143487982	
-0.026121981315831433	0.070770669486535	-0.13984651100936424	-0.016423736017564045	-0.06600343901871024	
0.050304578122465346	-0.0036573640473252255	-0.13307154876905572	0.06875346153646897	0.07276897943224453	
-0.01088054633084416	0.046216986268078596	-0.0032210928262777867	0.021452224083885175	-0.05609938790435798	
0.007099314939226734	0.10254717394788392	-0.11264811300342167	-0.07358131051157282	-0.05240518599625939	
-0.08065814219802633	0.03257545168540827	0.05271194634625889	-0.05924220063945134	-0.07689873559754308	
-0.003809151169270575	-0.1329642613580218	0.17459118065510354	0.054160099700788174	0.0006621631546033615	
-0.09009088394382452	0.023457363965466285	-0.02811302051720042	-0.06141218840274201	-0.04089631175801651	
-0.03867219453686928	0.1319100002594529	-0.09743711743288502	-0.06770514499356946	-0.09971591098989269	
-0.06975746263277512	0.05971575019225829	-0.08312326736517106	-0.0231931578806612	-0.024613940117231184	
0.15069138301838422	-0.1283895052283723	0.19299063487655316	0.1576820803050481	0.05940566308912523	
-0.058335340976292886	0.11363938906103671	0.019807559411856066	0.046223589866181476	0.05184085083878891	
-0.0030845280105600047	0.09227995919583148	-0.07963116256573168	0.010610483947485228	-0.00021882816332701772	
-0.037958072900816514	0.006986568402825761	0.014325285879926042	-0.08740149903952701	-0.07729779624075178	
0.07986086079664492	0.01236968898298213	0.060649772189852506	0.12253586073263602	-0.046645352743881374	
0.19772775730017753	-0.17854339221041698	0.06340641365650108	0.14789007258142	-0.046532646420061545	
0.14643839168412742	-0.04819141841220956	0.13808432553367145	0.04165912352021745	0.2766142413544899	
-0.13572480649771498	0.08349823208467382	-0.08943153126421304	-0.035939310901577495	-0.12291329013449852	
0.16690515107316584	-0.10892224489292096	0.14162313576961794	0.059159230324154	0.04102235060378773	
-0.04328736729584858	0.08083955397872747	-0.0036064785914526674	-0.07431292732944139	-0.027148899494068464	
-0.2730897412115293	0.16694697101840855	-0.246414702335853	-0.10427462730436857	-0.1974347718664037	
-0.019400849638962395	0.053367271802433246	-0.12764247492472286	-0.07318740899099371	-0.20275461075635656	
-0.06584914826737158	0.009631800112093305	-0.11007770946351324	-0.0514675518812721	-0.14945666447529765	
-0.0130244252176099	0.12483368595194143	-0.051583464611214304	0.0797596615298378	-0.010140883068915672	
-0.03372759536963916	0.012245753660314038	0.021952985834976	-0.05240041412414095	0.04224346829639944	
-0.03957793751597717	-0.0713847652330099	-0.0992682757273468	-0.007788522646637935	-0.11979215977332491	
0.11731539714198475	-0.10497227961284418	0.11823586988991015	0.06200869782473652	0.24295835978605573	
0.11059402473036233	-0.11451516238511036	0.04694732403771526	0.1079109461276554	0.013751912134100189	
-0.05469966421903276	-0.03633285106071489	-0.08021384542608063	-0.06756927851478407	-0.1888505367325176	
-0.16852425789101255	-0.04941085516182347	-0.000738815559177062	-0.07243775113340767	-0.03195480021605071	
-0.0755654771941394	-0.11877984112584358	-0.08628656588194022	0.04715531625068325	0.015940665125389573	
0.047948543736054706	-0.05172371713531563	0.009876048702453339	-0.04705731311934056	-0.029848750715726353	
-0.1501665867790958	-0.0006351928871266184	-0.24398941509398892	-0.08075762369239571	-0.16053922796652662	
-0.04489530765249635	0.007822782368670832	-0.15439246688952837	-0.12023664332292312	-0.09820671587052719	
0.06506420380395779	-0.11469362793959678	-0.03127723488599994	-0.009505752316088596	-0.020206029658394273	
-0.12431081175674151	-0.1060175712909335	-0.10484959826460687	0.0616171208224501	0.03157972339976626	
-0.1052882220034627	0.244702735945722	-0.26061821488545955	-0.10046184383779586	-0.21700488976842802	
0.15089314238228976	0.07767398126342824	0.08606388662983701	-0.030796710197919977	0.05278849591262097	
-0.7274705470181745	0.8465083845998752	-1.1018591773513273	-0.775752188744889	-1.090100979108216	
0.11455426593627507	-0.03974165891229833	0.09710297211669601	0.09308615108605912	0.1694307087258115	
-0.009047626907561708	0.16653333773241283	-0.028704065283065513	-0.13284512955936845	0.023770028645437122	
-0.2227658592349458	0.0246350381852314	-0.22615714739437665	-0.1881981120900778	-0.17536319412252346	
-0.1330892883902973	-0.08471799616969772	-0.12991918397273858	0.015968635777439226	-0.017844936847601918	
0.12008963273806798	-0.24273341618966274	0.2525243663234869	0.0954759663652869	0.2517883430341356	
0.09139122162624135	-0.07782912859307502	0.02184146769601603	0.12475749132257347	0.09346964120234888	
-0.4565754036510128	0.41464811708497956	-0.567586758546717	-0.3343163480205644	-0.4261063160943448	
-0.009734534382224502	0.13814336485473602	-0.0062600521021613205	0.0725523586011122	-0.043662040904586544	
-0.03950805532577522	0.11509219505312664	-0.04019788806728055	0.08749364876998206	0.04910211532759781	
-1.1618219023272174	1.7302742757408047	-1.7233137862963697	-1.058817617812191	-1.7139502216355365	
1.1403066937321253	
