TESTRUNID EPOCH: 50 L_PCC: 0.883127714654497 L_ERR: 0.009170410406947 T_PCC: 0.8615624439102798 T_ERR: 0.010846650619047717
180 LAYER: 1
5 LAYER: 2
1 LAYER: 3
50 :ILEARN
-0.08253121253738767	0.05055233000078199	-0.2178527464373777	-0.14044608850945878	-0.26817652522245433	
-0.16771901802363573	0.030458806178707415	-0.17654575924675073	-0.11906542211678259	-0.1996200165785219	
0.08190194663249815	-0.15631904100671634	0.07748882630440426	0.16470796387513797	0.058809928195907905	
0.16288226666281094	-0.18538049265577608	0.16481818532907352	0.041256963723992936	0.11862023251730508	
0.011255826094334124	0.06350762961154753	-0.1303537306033028	-0.01574617126506134	-0.052063335190360716	
0.08717868596764686	-0.06999287339403881	-0.07420241912114811	-0.0729330322139811	0.10194406461586174	
0.028778958495726082	-0.08287205837206878	0.18408790673844727	0.07432398962422987	0.14502709193736818	
-0.18128579380734403	0.044503495622087025	-0.15883655642000072	-0.2071118374261041	-0.1983482481242948	
0.09146970167054465	0.03602241077682045	-0.10525696624943777	0.04678200962013724	-0.09440325548702072	
-0.047523396994263195	0.10746323357089116	-0.06801718439782689	-0.03377930276774382	-0.05381029667458014	
-0.13413793505687185	0.043834543734961415	-0.02598655632527437	-0.02204320449326594	0.055978715988573576	
-0.24101601883488014	0.19079822451965484	-0.32285340203576596	-0.13658272470063632	-0.23188778253041156	
-0.12330561395750184	0.03678727124779006	0.04938909726701072	-0.021465645379945008	-0.0535983809012452	
0.00970453455399756	0.057217773541252154	0.0008034340532146247	0.10771513293771873	0.03524442492144062	
0.23989783467806905	-0.22889151702470809	0.07239851049181295	0.14357010956524127	0.11395082087550244	
-0.22504310372281394	0.16578413546735643	-0.26557589116836766	-0.16901570075297667	-0.30865746166877933	
-0.023344722205422844	0.07913060746858146	-0.0920931874732868	-0.1833684528924333	-0.27875601777923437	
0.019868373040025002	0.04683140380947466	0.06893394253379748	0.017485264154231375	0.009609711421771671	
-0.07329496645739494	0.13409268903832747	-0.028909790306721195	0.02720707655648499	-0.012712594001014875	
-0.12622136087244717	0.14251886601211838	-0.08953896644235648	-0.15304993761559957	-0.07622737603803646	
-0.1732762196172381	0.0962126441983164	-0.13722987412403648	-0.1214797376989879	-0.13587757626541108	
0.15958453237519615	-0.2892799731315559	0.21979705031853508	0.14321364068887674	0.24851562738487515	
-0.004689763161916928	-0.24482276180767193	0.13887889536696615	0.09247060815534035	-0.06880388301195538	
0.011244309292830863	0.02443588736874597	0.006874348951388331	0.011534691970198557	-0.1722662962953146	
0.05940569059026853	-0.38702116574502315	0.047678789674832106	0.1245258241419248	0.34887907287275066	
-0.24119287254429397	0.2644980697359154	-0.28383169735032276	-0.2814031558373632	-0.3627284031629771	
0.0027184630561927696	0.07304239593098524	-0.0330054578995371	-0.10766231223761247	0.019819067220942368	
-0.10533263904823027	0.10400936853777822	-0.14134591705228017	0.027066959581103122	-0.054774452286092845	
0.1731841849516304	-0.19910006655373796	0.08504643772965907	0.016471985072512806	0.08245002949497111	
-0.33472388778537404	0.09099481226820674	-0.237349023986137	-0.15603430332578283	-0.44014673264346593	
-0.15906937471685664	0.11926904951460346	-0.03055304571845737	-0.10781663447281546	-0.12479338456069629	
0.12587108686539522	-0.19534632883158962	0.08773539706036151	0.16173795146464298	0.16923077962641503	
-0.1654263776576257	0.06853108523730621	-0.11287774246454642	-0.02582589806105916	-0.2238865335438283	
-0.1302968727720429	0.05449979294615594	-0.04393891799905497	-0.03500630612801929	-0.06497356242752686	
-0.042955272980049496	0.1552104749615003	-0.009081969199047328	-0.05925836318087654	-0.028819430258548284	
-0.36682914950783657	0.41112786993157563	-0.6626815775691675	-0.43760445033911877	-0.6411018850170991	
-0.39766186108449636	0.1852170608087732	-0.557021341704855	-0.4450584046525869	-0.747378785968799	
-0.07131530772664643	0.07889579400710593	-0.16572813239119544	-0.11527971035386955	-0.13855525599047577	
-0.12525454273210512	0.0828391670450981	-0.07971995791268188	-0.04969402122632485	-0.08586011265176764	
-0.2923938278808801	0.13902778104946587	-0.5142242393379564	-0.2408491309481803	-0.4329496536181036	
0.03104269542059061	-0.02866073260605949	0.011036842691505556	0.007571509794224733	-0.07254049518785062	
0.11021321786474728	-0.10128439783710814	0.18756555273908357	0.19527571536501356	0.2317108432557709	
-0.18841970965396818	0.13949316383805113	-0.258470350381942	-0.17408018149939672	-0.31137278822939013	
-0.06382858431944492	-0.07499531671677938	-0.04131084794276641	0.021128637021092227	-0.27656546906948476	
-0.21393924273815546	0.013166368225283654	-0.31687285016311745	-0.034825299332323145	-0.2607949832185035	
-0.0208089809768748	0.14575261139145718	-0.06338976857390397	-0.020203057642138533	-0.09001706195727996	
0.062152965766943756	-0.08049176983784745	0.13158564323213168	0.03386344562416951	0.06028917104947741	
-0.04874149862768419	-0.16324932023125757	-0.1008820530427837	-0.06200124461554877	-0.07038845741710656	
-0.011464287176098245	0.030754459782502585	-0.00506311377488141	-0.01381907506998073	0.066254915133217	
-0.0513506759911757	-0.04011329258008708	-0.0660953589452767	-0.031194619130820625	0.030558217752841607	
-0.12108501320529935	0.16663740082825865	-0.07945420226553891	0.03760921256399259	-0.02001275331215895	
0.04580053900400675	0.057505858552900135	0.0313401186336156	-0.051846898094641644	0.0055975459952802755	
-0.2094401228106478	0.3460220410054576	-0.31364541200374313	-0.2104200018153829	-0.2801869371508175	
-0.14849782252054908	0.19559969587235748	-0.22443243043907782	-0.14389111782023184	-0.17165984952982188	
-0.07330733925677332	0.000943208933230992	-0.023370915817721664	-0.024968785865428965	0.0667583146170489	
-0.20003432642856442	0.05171024547998342	-0.2776929386414129	-0.17410437585799513	-0.21010664681172608	
0.037281455120966	-0.018998899757629393	0.07536940141989071	-0.011481465739682721	-0.0148925025412187	
0.041030123168660046	-0.002871983484742165	-0.0075922707723647806	-0.013101213711992243	0.040425606249288024	
-0.20288750363669036	0.24871772458360009	-0.3209367084953275	-0.17830676301179194	-0.301154144768688	
-0.07478571521876712	-0.13639489877418295	0.011008895381082916	0.14048675751224127	0.037593930443133965	
-0.04661854888840679	0.14786134212326693	-0.20391622375310955	-0.08207380097380237	-0.23905939961719266	
0.01454489789030295	-0.15640242049935887	-0.056077956581127124	0.010982785181546054	-0.06874043154494235	
0.07556237219221658	-0.05071324472594613	-0.06985102422116521	-0.06448551823128121	-0.05529400529600739	
-0.09112206464497301	0.015512914743813054	-0.16527959692822922	-0.1390190568881601	-0.09266760292848795	
-0.05230013818208261	0.010261028180827723	-0.14971639456064464	-0.023692612600363844	-0.07284018411252165	
-0.03311747049497193	-0.12337348564032684	-0.04326092360021782	-0.02417386415906891	-0.03450934618667312	
-0.020856012822140363	-0.13002499036435203	0.05923989969629965	0.05728101921716956	0.12103948174243696	
-0.01835775904914471	-0.24397956496520679	-0.02273706964330448	0.10535777298743026	0.008708604120242287	
0.0590493653713938	-0.062170427511175304	0.11803563635343013	0.11051064716609231	0.032505365283582666	
-0.0017351022597212023	0.1298116411210629	0.04449886114041102	0.07876829548173117	-0.039879435977339346	
-0.005906260884557484	0.1395814301028588	-0.07033370722367481	-0.0518800545608053	0.007905694316353143	
-0.041944975566295124	-0.003123672545603988	-0.05602220255690092	0.02761521176426067	0.06159671111255916	
-0.17179557219660183	0.07147097480734987	-0.0685763574528493	-0.057674071832687225	-0.01128498048886366	
-0.04380628252390383	0.24546098217344073	0.02217020140742852	-0.042159101567055914	-0.10993724021151056	
0.06474070064064004	-0.09294588200088884	0.045361416513627434	0.06424728580364504	0.01115444520118396	
-0.09300464102609932	0.07567521624764777	-0.11907150783870864	-0.04663043071993794	-0.22688289644661053	
0.10661789845778998	-0.13873551146889637	0.25575554305402887	0.017952056313391498	0.07352628377329258	
-0.06957846942070939	0.09743990150011374	-0.060660117623661455	-0.13599017785525722	-0.09431806354107498	
0.011424201092148442	0.022617857260448297	0.14615829078650447	-0.02416315189279728	0.1751609914967504	
0.1311228569709119	-0.05073739047271046	0.17997594405663558	0.09545958050667622	0.16314169831634162	
0.1092607335580224	-0.008727128990259294	-0.06039942080905839	0.06320915734036749	0.05165674157256223	
0.08055638071863797	-0.04377274090253693	-0.09447787639422778	-0.10753304997776196	-0.1367202145432975	
-0.015457068555438096	-0.02938494730381496	0.07406724486323153	0.1024557341334039	0.08621206466494885	
0.08198002753373819	-0.06354908010075211	0.09684988277539125	0.16699298580142086	0.14167494774407807	
-0.07901159004876396	-0.24056451780288454	-0.026202322634570268	-0.0387244890605983	0.036913432307324745	
0.00473091106613603	-0.1568025027102692	0.16461117695688487	0.050724972722536094	0.15726235075673123	
0.01420649510898062	0.010345115612345869	-0.011782646631688438	0.006761467051341992	0.05666134531743098	
-0.028498165783287403	-0.06118451340092621	-0.10858636312618375	0.08165226037218622	-0.07951529264505791	
-0.07018637605432175	0.05256532440263129	-0.1560562905998111	-0.17184670129639312	-0.1086449499614003	
0.10835831857463304	0.04068858540077261	0.11477207469540647	-0.04795515806512104	0.0004969288315489076	
-0.039569435296317214	-0.01777228162218385	0.10558923952684487	0.11235783833636362	0.09934542815288777	
0.18438080971218926	-0.037241446157777025	0.11636398119931261	0.05123079034928841	0.05621277119153626	
-0.12258346454307179	0.1434910836387988	-0.15810234667731482	-0.10146561425675417	-0.016557597678343448	
-0.028649949296514602	0.07269013811937577	0.030487353214452933	0.03720618037398397	0.047250767651117714	
0.05856750649091393	-0.021913732803051266	-0.14046747668836324	-0.0741640011727375	0.011919779840695897	
-0.17309557083802568	0.06611890066042225	-0.033391095833352785	-0.1518841584595627	-0.09406804845333318	
0.0043531449103996825	-0.03767514855919045	0.06899526567032525	0.06727435818621258	0.044816946170138844	
0.00041426363559961184	-0.03514633902284726	-0.05812998065589631	0.032729844294688906	-0.01231749261168773	
0.020182251974088787	0.08579854346066154	0.07259860903996816	-0.01146341382087985	0.05776538783390054	
0.03986314803432221	0.13922631635281904	0.015650350674593895	0.048817981446956656	-0.0851612224209063	
-0.17366266087985324	-0.05465111965097332	-0.1389394443347868	-0.10615119595220035	-0.10100003171320161	
-0.054789767714534414	0.08786644252130252	-0.06938011225254531	-0.006647014352672468	-0.10206670480268369	
-0.015039429962303988	-0.0456825539641485	-0.08673886297269731	-0.07255946523119461	-0.04377053529573347	
0.05176625432089241	-0.03170053208090869	-0.015478667620468541	0.02233412167698427	0.08563438847372586	
-0.032834506551644646	-0.018813225088656897	-0.012988124152866114	0.07488192790006162	-0.010284520777040524	
-0.041307558674552616	-0.07770071062249694	-0.02770017284977605	-0.013533234403333125	-0.0013698523471378117	
0.13682763026799352	-0.10009575197204396	0.14137599203256396	0.05359990076471178	0.0738183988329407	
0.08363023932339891	-0.12349063268703908	0.05601267630506423	-0.056232820874590875	-0.014224567930433274	
0.06974940980236766	-0.013172968229281854	0.09485193615475895	-0.03206130148980745	-0.119215764214049	
-0.07848762753164734	-0.029708824891851848	0.0299394685454108	0.18438534288926273	0.08681330247593026	
-0.06375902555322042	0.06798296239688893	-0.04315179293057953	-0.024470637674142794	-0.05846016306360185	
0.0757478423172793	-0.1250943997066308	0.19824131582804366	0.12349521785509843	0.044239390316588655	
-0.1381349751371391	0.09725435118125253	-0.02080139570212806	-0.129437881474464	0.040622976600733274	
-0.0750653353856401	0.10126447214917134	-0.1316223637628133	-0.0664201295350642	-0.23236617942488624	
-0.03722660748200199	0.04246400972060944	-0.045833926289159325	-0.022942535076554787	-0.1183509018627518	
-0.019717339430295962	-0.13098712926247902	-0.033416457071084704	0.011743672212689711	-0.09870932788594168	
-0.034200916498559254	-0.08255213603692682	-0.018918830959725137	-0.0758332390772616	-0.011087973805151705	
-0.005545941422751238	0.08941580976344472	-0.04012457957560103	-0.025407500288394367	0.05228970802890385	
0.10548111539684761	-0.13328201216569757	0.25839568065735263	0.058335873961074966	0.13602091914279396	
-0.036698837268587255	-0.2230132803402816	0.09009596148456415	0.02014744852644786	0.09618834451955457	
0.04669376824733817	0.09236438964079843	-0.022527015340278737	-0.012247335661453928	0.009291917991009018	
0.14429709762106868	-0.03458638355787505	0.060958231711241206	0.017480301818369206	0.16266055284207118	
0.009327602652203311	0.0875206580140819	0.09549649313184298	0.028859638815680034	-0.00038951717235341196	
0.07906882940940896	-0.05102734553329369	-0.09836610443035808	-0.031803468786254015	-0.035421707012294947	
0.02000801165575335	-0.09829835737264872	-0.024028971462909242	0.12498029291849448	0.09385296313694212	
-0.04703578043502834	-0.038774987955504873	0.07168853514080026	0.059807588044545036	0.02871053883579899	
0.03379262154870637	-0.04713124168876876	0.15213018530006353	0.04739784909419778	0.14449085490741648	
-0.0694058198367773	0.15180826393336389	-0.05444833417439704	-0.025557449746233293	-0.03684887785773172	
-0.11251032287142748	0.05275770932808202	-0.0834719207400931	-0.028734913192026038	-0.051399159619197304	
-0.14905175330812878	-0.170085231351401	-0.09997944073301653	0.004564958796867318	-0.09633939560980627	
-0.14321493305256608	-0.10431348369579568	-0.091581105494364	-0.16702326359050407	-0.12019420352348965	
0.031814063906397336	-0.12121227891691126	0.05285995383928946	0.1674562367527127	0.10854799239087835	
-0.13324674625905522	0.039933296528602766	-0.2390737125750235	-0.07907856402813042	-0.2762599371799398	
0.025381867262503428	-0.02206511062704301	-0.1764176552141348	-0.0024060965755621664	-0.2093806322057721	
-0.06172315748121783	0.1341339770225597	-0.19726991134868252	-0.0294050989951815	-0.0462424496629253	
0.035854873599231014	0.08113685982759523	-0.17804588118006706	0.031003200364058837	0.03341711673720808	
0.0252460764602193	0.02103016117661263	0.022097405939512794	0.04795270309383394	0.0044975610277240485	
0.10365189055506273	0.04154289988065437	0.04940221234965822	-0.02048060755082225	0.011574096870753428	
-0.13213197070266447	0.04943176834564882	-0.041773041783845825	-0.13177716177843904	-0.1832083864629744	
-0.07711902747546988	-0.15181741467289633	0.1152218044218669	0.05232140402364139	-0.01047608676063046	
-0.05108868524464653	0.004590644810162166	-0.012097105335111002	-0.05099900609405478	-0.02561710110365071	
0.05569341063614802	0.13860727924155958	-0.04826072775592393	0.008366458745925644	0.0017657731647520395	
-0.13368769871035235	0.13289425744811598	-0.2024801418128465	-0.09137604770458646	-0.11054356105196263	
0.1384000639724023	-0.07857092750355285	0.14319769773250354	0.14229451875841026	0.10565722970247723	
-0.04766760552436683	0.05047095071809127	0.049813859861265374	0.04700883910997433	0.024804161110863903	
0.09864277463601405	0.09273134952411567	-0.029860255755990606	0.08060998376571471	0.10193905255365769	
0.01146447303690547	0.06197567358840822	-0.009741262413756568	-0.07678183382199381	-0.02551934671623972	
0.10744009704593806	-0.08529241047452947	0.12183601966654094	0.14981622588285376	0.006474363041676622	
0.1875961824643631	-0.1839369281871935	0.001310341315811648	0.15537514375229	-0.07614282299308435	
0.11282136537806296	-0.07601668408516513	0.1537981256471494	0.03318189421483378	0.2303838625453645	
-0.20953547212541618	0.06023551154720461	-0.10663900842117535	-0.08247954253082886	-0.19098718187652539	
0.20630581696229983	-0.0008339399601145282	0.07290039074342708	0.07071263954231387	0.041642122091480556	
-0.04680909881913179	0.017575459333392145	0.03407618924444825	-0.07129311654539988	-0.049660711728131815	
-0.2863113834875407	0.012244358946521034	-0.13769542191111583	-0.0634419268542845	-0.1681719599878914	
0.009851725077334195	0.02354046713690674	-0.17948166416748823	-0.07610274182310682	-0.2017151353257867	
-0.027420734852097395	-0.011860466032956781	-0.10192856462817843	-0.0421366325619259	-0.10962340976119812	
0.07722585363320962	0.005623408327230947	0.04565307785688395	0.15152778041632217	0.13889368913799516	
-0.0831143780442983	0.013204743189658271	-0.011626183858330046	-0.06343778689726672	-0.0284715509455597	
-0.06747805098163431	-0.1290905422805676	-0.07566528408767328	0.02616544184893265	-0.12917186771090086	
0.11709360912589155	-0.13624293874404278	0.15340853250317263	0.07130382755881287	0.23138360869147423	
0.05810568795840711	-0.05075229629410881	-0.05912455267998936	0.050162653242370674	-0.06972167354276426	
-0.07770902292380398	-0.061631365965952443	-0.1153540032742319	-0.07477038626750408	-0.2385495100109427	
-0.18592569929137193	-0.08593580569791534	-0.040425931423428214	-0.07281144270062127	-0.05162694643196897	
-0.07902413993376206	-0.1725783956762286	-0.10563602676789445	0.05428427596958386	0.006970434336750778	
0.05468968781606171	-0.05780164229296251	-0.00019089955318570383	-0.04700269022569651	-0.03161973310750022	
-0.09730319655438517	-0.11871907418437795	-0.17384884470792825	-0.03294501831148091	-0.09328373224589391	
-0.035249561105747694	-0.05138453232527285	-0.15325079420298687	-0.10440796164594905	-0.08747849661894468	
0.048463965460925115	-0.1323725694489045	-0.0705477378024779	-0.021649829457768742	-0.042597042947840946	
-0.13923102205361196	-0.223490931371911	-0.0665497052038983	0.10994555406380507	0.09494326796326127	
-0.11588014297655588	0.2898704343819413	-0.26432171106198954	-0.12299839425567673	-0.24394094344579426	
0.1419738843507389	0.1382792813431371	0.0948281775263958	-0.06125455379273544	0.023535212689111892	
-0.827097836253727	0.9164738470982411	-1.2608304702932562	-0.8619308776978225	-1.2511747242151223	
0.10196321322799651	-0.008983428066677629	0.1011468433499149	0.07312883165867959	0.15371962965054645	
-0.07997388172398752	0.21394091787148847	-0.045015577924147517	-0.17243431395846423	-0.01413390166946642	
-0.2132494559719989	-0.024406531190122205	-0.2309884079931986	-0.1745940012182371	-0.16735260382780814	
-0.17443309081304723	-0.04837270801556643	-0.2255142599612033	-0.02332870171715761	-0.09342819236880716	
0.12573054662139121	-0.230680005370977	0.23186685535992183	0.09115494747241105	0.2359735317519696	
0.05728232716704308	-0.08828863123248035	0.034106495125949834	0.10644737707897191	0.0855432500710931	
-0.578371064285488	0.44758023178850503	-0.6013628727505121	-0.38804827430040945	-0.49337369920200924	
-0.006432705512456015	0.16874534618078013	0.0018840652922308663	0.06438270049398069	-0.05496760433617954	
-0.018926450688803245	0.16104827935110566	-0.018855892487139803	0.09495368119282539	0.07954599037221707	
-1.2734867434982937	1.8689373501747717	-1.8045098290773478	-1.15382670436248	-1.856189766371924	
1.2204167919202054	
