TESTRUNID EPOCH: 71 L_PCC: 0.8968609970818078 L_ERR: 0.008183001972331806 T_PCC: 0.8678034721836559 T_ERR: 0.010299896218519417
180 LAYER: 1
5 LAYER: 2
1 LAYER: 3
71 :ILEARN
0.020398149821037014	-0.04921107455642996	-0.28501768024863916	-0.1420773848229497	-0.2728524816019828	
-0.2510371773922335	0.0628011657079166	-0.2903039450425068	-0.18626163447473051	-0.2640310591763857	
0.13481715663322627	-0.13304644495334736	0.05965822355507599	0.1402096088861159	0.06932256490203983	
0.27320907024229707	-0.16193840570135024	0.22300254221483648	0.07681023625945509	0.2148268394453379	
0.09381494827423374	0.050896133114890975	-0.03310699432938996	0.034671938213769016	-0.0013576754260409209	
0.10801208996663024	-0.0779075283504614	-0.06923152797300945	-0.08814149614287926	0.08059778143160025	
0.16416533070912692	-0.13861085114143085	0.34540334745336254	0.15973303831288563	0.2856701046480528	
-0.07578871490330583	0.09809592838855968	-0.19169729942255642	-0.2114876554637173	-0.11346310272628217	
0.12911140223760256	0.07885580130811326	-0.1743257893433284	0.05392455231177361	-0.047536471744880064	
-0.12071815906042077	0.09182801851177708	-0.07197490243136367	-0.01874779311730627	-0.17885955359560693	
-0.15505378122417576	0.02443647366390478	0.1417559621822727	0.0689280996570344	0.11881457192486868	
-0.24800123924036838	0.11284442392737569	-0.28230318034499624	-0.11607985200443133	-0.20515453571110148	
-0.21819774313330234	0.11335617701683001	0.012103590772498141	-0.05750302405939144	-0.1810242863832505	
-0.021429994735488966	0.0752674435831133	0.07211366443081482	0.17366076891591348	0.15005124610094248	
0.2355419303116113	-0.24895020730386444	0.0029715909361737163	0.10271156069580298	0.018788774816690057	
-0.21425978337817986	0.23724933149124178	-0.371859263817479	-0.2680700857202579	-0.44128936254804446	
-0.0034879472548616	0.10716847629993047	-0.09749087171289984	-0.23157171954701194	-0.42487799184786473	
-0.03332249524271817	0.12292369276019366	0.0007460349946051042	-0.02667512513342414	-0.011606313033727623	
-0.09407618148465013	0.10397398959710548	-0.06657981098612188	0.04643265634840939	0.05520692576324806	
-0.14365829140751168	0.07802422120237329	-0.07276704086717534	-0.13066109048203295	-0.1878139735815253	
-0.1462905603138804	-0.04219926349538262	-0.14902264432930193	-0.11471878058296901	-0.15527712872297544	
0.16680035719082775	-0.21951050083830226	0.2555205050308272	0.10433000669944961	0.20837879017389266	
-0.026943144742985026	-0.18751765304780493	0.07549310452212413	0.022161261852218034	-0.20518011063643818	
0.08592112314587871	0.012910129893903255	0.10715885543423473	0.027080967447661527	-0.16854726093342892	
0.0541024814594963	-0.38147014944679963	0.04779163522325537	0.1220690184461175	0.30013392879073375	
-0.26752408288389024	0.3885912521835911	-0.22179448431353024	-0.33990608710308673	-0.4539734396552934	
0.040381163687423796	0.09984497151515419	0.0515382834635259	-0.11319775257923813	0.03198619195720614	
-0.031131170344872314	0.03831731389922721	-0.09303241604981984	0.05793211842438284	-0.041517350285484096	
0.2405482788128046	-0.2067774736896938	0.1816792867699293	0.03944819902586372	0.17866628488901956	
-0.4128675589692623	0.09325564329931872	-0.3684320709874175	-0.14415063049335702	-0.4594315678966308	
-0.18485110975533273	0.16629849033159386	-0.016732839353595794	-0.04541619976327647	-0.004439649350939906	
0.12680003552436456	-0.14576280896611987	0.1410687832943066	0.10910343361252722	0.06900212854048159	
-0.1446222412008237	0.02047698626073749	-0.05275209882343938	0.06734690468607053	-0.09254415046953149	
-0.1439470370012222	0.11585189001579488	-0.16163393153174957	-0.004608409154574179	0.048532530273693836	
0.007083467788925445	0.14153989413246024	0.060740915965905196	-0.05602701748774005	-0.01924113488239014	
-0.2733539026315795	0.33395714493509465	-0.6182286972562587	-0.42348338013336784	-0.7153361404341898	
-0.3279646216385749	0.10552973233458757	-0.5503158039466552	-0.4240783800008345	-0.7570014972277508	
-0.033935615795371826	0.09151109859466361	-0.16207711352137183	-0.06613247776489294	-0.02079069079943945	
-0.05717821896882635	0.026184290901364555	-0.0870878539916438	0.015183079177047351	0.11175268993923282	
-0.31107674991618584	0.057231574228684995	-0.5966439084726488	-0.1954089497355597	-0.4036230350278358	
0.026396707179293856	-0.04073631222606994	-0.11692619599726907	-0.046840669265479626	-0.10802961687183393	
0.13912043985130357	-0.20588520080070674	0.39585324528009674	0.21480933978054503	0.3474271893014897	
-0.17569359702284237	0.2305368726470802	-0.27592738852863696	-0.20286721682071127	-0.2831247096367818	
-0.02217070814390333	0.07480863102397083	-0.12370844488660922	0.020179689250333026	-0.20271815207970786	
-0.25583134900632215	-0.09955281759024026	-0.40274421611291283	-0.011849715866835373	-0.337470960221375	
-0.2030669251242086	0.26677060950109055	-0.3265624865617671	-0.1919740294288401	-0.32146336649141305	
0.08461885281189249	-0.08170500577139574	0.12812536113433154	0.03858220239493973	0.09832994084182704	
0.01805187254682289	-0.1888351225507325	-0.13683517955707009	-0.10082995765433907	-0.1355161214706827	
-0.014158661491984968	-0.08087018388583724	0.10209022353764498	0.04054887141256529	0.13922329977855508	
-0.1336273035082243	0.11630786302170401	-0.25079748132075685	-0.09757364601507391	-0.01584794425289195	
-0.04730166213826746	0.07104443814343704	0.00814917621819179	0.14585305270032575	0.14122205609398267	
-0.005813994380192605	0.04111539303488696	0.057276151043776174	-0.13936451702889005	-0.040791125228395904	
-0.13183368386968988	0.26343610121811767	-0.3096588004256831	-0.12952322851052125	-0.15187817538797937	
-0.16128415261568815	0.3339178791280236	-0.12702294569645511	-0.05945976727396798	-0.15531721536894133	
-0.058047120400042555	0.04500438303707534	-0.07694362016860272	-0.06839043775241783	0.005990102521808327	
-0.14747703614554317	0.06044853130491307	-0.28504502665770287	-0.1820218976487098	-0.062964570392501	
0.10237520315398126	-0.05002794355918574	0.12028338616954191	0.023004124541654902	0.21746335524808558	
-0.011782753590886135	0.08116194981998043	0.01647589142896942	0.013078419651461394	-0.07648583889534961	
-0.29389389655728465	0.2943278698009219	-0.2911670025505442	-0.16632872296408988	-0.36474786371353085	
-0.09753024492425456	-0.1152505202463165	-0.08234299310588768	0.1274487368925082	0.10536432537102318	
-0.09084530622838274	0.19818332321389845	-0.25875334132102973	-0.10472131461967903	-0.3386363730953856	
0.07342328632169143	-0.07850622043824916	-0.053415636741484945	-0.0303296992332081	-0.19023928583034658	
0.11540968688499971	0.08424960212485233	-0.09630545424425199	-0.11432304813667662	-0.03142487185222344	
-0.12833584436661638	0.12060883461415156	-0.31594533205202124	-0.18680833013729747	0.10559893420505859	
-0.013931215229503274	-0.05960149022139293	-0.09629939899511762	0.04364846739293226	0.005103636189054131	
0.03087825724101234	-0.11085292749691829	0.07316055060662723	0.016297796108994938	0.01684651566262665	
0.0068155480343199204	-0.06338693905935944	0.09282624556418727	0.09810305297955617	0.1868334953457414	
0.06700233260331728	-0.19030178602147638	-0.006836948380149119	0.11094592115934411	0.06559496079118632	
0.10193676379737535	0.05261822127589286	0.1719557479018686	0.061549452802011545	-0.062449808511431185	
-0.05423078988583547	0.07321677982353418	0.05988002329790217	0.12952630781025895	-0.05072357310607867	
-0.04214846672516241	0.059497241197350476	-0.019692575166797597	-0.008502246991529067	-0.020517844557040768	
0.06098810044006251	0.029787268170316235	0.053260784323515116	0.07356256446704325	0.10974714321995786	
-0.22319846737515142	0.08111284662738374	-0.04047509861633771	-0.051990612325532023	-0.12991192132814738	
-0.019256328853171568	0.22319225364766812	0.1389157795449926	0.01213576633740952	-0.1994220414157445	
0.06828792823683631	0.050905013869458726	-0.07395578729624788	-0.017718335545721917	-0.019604366450474017	
-0.029304425714911098	0.07923829270487921	0.0041159343792171454	-0.02560049666787808	-0.15529164964049505	
0.1452264102427507	-0.18730633596234333	0.37906689155859763	0.03816474525720357	0.11824243781093188	
-0.12362302838131722	0.0072516309019834135	0.0375566278735769	-0.08866659260094208	-0.15978514779327954	
-0.02157498745770416	0.016077618068721523	0.15688788367825737	-0.04545461099422397	0.013962787317276721	
0.06938553502567339	-0.14368565096527156	0.19333418970225108	0.1417464285936641	0.12750798702361826	
0.13262238141507574	-0.05140621323920362	0.06508679134402116	0.0992743480856351	0.11329833327998684	
0.11102225029898298	-0.09845183252168191	-0.16108115493473502	-0.08261906862884785	-0.20289606291033613	
-0.05992164349018319	-0.019849754171071564	0.05110910873637574	0.06267514962049629	0.12634472573785085	
0.00438907509557931	-0.07192607274567914	-0.07421726209591827	0.04473386863316268	0.07784247345021728	
-0.12844922249855245	-0.11350643013196544	-0.04637381610427369	-0.15748225415586245	-0.01354044341526024	
-0.001378578849321263	-0.09162666620613655	0.04267606345130864	-0.024264295073023346	-0.013179597148534564	
0.07502381614590453	-0.06822092550177397	-0.003487376350399699	0.01648876515891571	0.03866267992602606	
-0.13351606455620424	-0.07340159061625455	0.0004730268309902101	0.07923631712879169	-0.06509742550085311	
-0.020721047359921887	-0.0006386289777175913	-0.08294428938511278	-0.12340996175254186	-0.0027831014500827676	
0.10759941571083181	0.15478452382593036	0.11298835053501326	-0.009759112488035656	0.059931628742209135	
-0.03368640592418368	0.1221995200630929	0.09494430363631035	0.11821464873502664	0.11915249250988236	
0.22238985430078714	-0.1566345249530453	0.12758764953957114	0.06956594056999856	-0.04194883749686064	
-0.0719781939680217	0.24434973769022925	-0.1401084834004141	-0.06115014226977074	0.03781420139804066	
-0.07904850562752633	0.20612598035452784	0.0722440866179118	0.11764759633425313	0.13916163614441468	
0.1216707070396755	-0.024114111620072657	-0.19114676624884877	-0.09162047348102251	-0.18711427069310133	
-0.16962288481822632	0.0647367469969164	-0.0006797510519381137	-0.16715334730923873	-0.0642094814578538	
0.060057338119571	-0.01540847021480071	0.09328779614611761	0.04941116821615762	0.01878509366219811	
0.1342829100593985	-0.015418503321612905	-0.0008420751178342758	0.12843975496223556	0.05497811097508214	
-0.11695635144310422	0.32055407375162714	-0.07623983747092017	-0.04698376202971982	-0.014060870810623302	
0.05506982051486585	0.24379621502490773	0.014582663510162758	0.08613378383486128	-0.023277390788243035	
-0.12575676422141485	-0.08362035913139798	-0.09983787487467653	-0.07535976366024291	-0.061639621629853376	
-0.039290711399534606	0.09188643343886652	-0.2141217236236592	-0.020873403292511385	-0.19172440295276222	
-0.009647307139290679	-0.019702011583591937	-0.13037303154171923	-0.07755123552812135	0.0597219107116921	
0.011827315472819417	0.006430212060147556	-0.06308249397010746	0.032879666008148345	0.20828099155719143	
0.03678217502048492	-0.015434092444193923	0.08776228037135358	0.05165015180561958	0.02824749263780383	
-0.06320739159027455	-0.09209711311546916	-0.13533212488418148	-0.0016107551272458223	-0.01699311347647398	
0.18062980917749769	-0.18421040259373128	0.1258031994299669	0.12896949630248092	0.18331432736851366	
0.11074865856542467	-0.1617421665824838	-0.01702115575496879	-0.06771118780412222	0.05339709374311298	
0.03762823978665433	0.05834558447719418	0.039449014856986035	0.00029705675031304067	-0.13419208886942222	
-0.10014920571474814	0.026031085110099435	0.13783546266409255	0.18117466485472497	-0.013990825262417942	
-0.08619589950744082	0.004688590499835114	0.02396714953160514	-0.005853142660348633	-0.1529474560670535	
0.14220140414516	-0.22099181085709363	0.13810868659642156	0.15546924533253054	0.10295628079474414	
-0.24682888572060804	0.16165194769931784	-0.13244569261731903	-0.1810414157545572	-0.10569584062573342	
-0.06682223484183948	0.09821200189895381	-0.04647768276397601	-0.029088264624192606	-0.25442153825108216	
0.053234324672823304	0.11711575541315723	0.050099974084123734	0.06650576288369144	0.023580593996003082	
-0.02568415641517784	-0.08364850644160868	-0.0653215276312764	-0.04199042688664982	-0.12456885519938048	
0.006907717899472921	-0.05699103721636662	0.05181869086027017	-0.08120983803295416	0.027256392852847425	
-0.05308158222998879	0.1205182831244868	-0.13811064356902744	-0.021434256668914093	0.14341934468443235	
0.12963503991128664	-0.18454893708238532	0.34615677221442265	0.1521009559465594	0.18811417331352515	
-0.03306823676936916	-0.177149241557768	0.21967151111228408	0.0262859908808879	0.01782192890932963	
-0.05555378818257509	0.21331070741800512	-0.12330770881577796	-0.06978115811897691	-0.04543899318045628	
0.16559096766199605	-0.07613181528297779	0.08052171714487717	0.005870010727441767	0.30585608326146435	
-0.052093179298832976	0.05484674571766613	0.04097321958125767	-0.030912040552812197	-0.10411525834591769	
0.08806923032084438	-0.11555956469514254	-0.09976456178545588	-0.0652517779071308	-0.11294617960917229	
-0.11143418128562597	0.01802167896863442	-0.13795275942234694	0.14255392888480947	0.14550368117633714	
-0.04421325965053363	-0.06665096829204921	0.043962894989144546	0.033258460490413685	0.047581649807861275	
0.0035180911975398136	-0.07166748570086263	0.09108145193375423	0.0026236429327263825	0.08235923996016704	
0.05091301589950205	0.05266787619956959	0.051923944952487436	0.09613635204194446	0.1487781023301033	
-0.10154737429473983	0.014265957741356396	-0.16707142812315542	-0.08123409404728762	-0.133755497380305	
-0.09905947623774085	-0.0906834981065449	0.019291543002052488	0.009535767153374026	-0.13307347240391532	
-0.1220863544818349	-0.009447019100062693	-0.027974136870569325	-0.16699876639515487	-0.16875446057097981	
0.017685301168903832	-0.12451116347612405	0.04253682366500875	0.1339421910454115	0.16331527472863014	
-0.10033712340195645	0.08093883057730697	-0.16622605351626227	-0.07837001770590703	-0.32357936234330265	
0.0468152992375597	0.11847924712028274	-0.2320895089187121	0.01304259073711508	-0.25746125501993455	
-0.0639351429565346	0.08897032774301573	-0.11342336676538715	-0.0002725703708303551	-0.08687410717005686	
0.03503647375594593	0.07330933328422459	-0.19195973123231289	0.07016919384601271	0.13016947749079738	
-0.038805736999714575	0.05147404200123145	-0.005725845280677823	0.03486669000269049	0.025942986329796	
0.04173947847695113	0.09614527863491842	-0.1482602173619674	-0.04024393651422012	-0.023268383768123686	
-0.02945060518525221	-0.06934932302596764	0.03635233288672883	-0.04995141880775294	-0.059610198161100844	
-0.015344752028603203	-0.1538675310760001	0.2623209685360646	0.09458671756580429	0.042145050060248254	
-0.11595740071892892	0.09446935274829099	-0.08595326450624415	-0.09822157436239316	-0.09006182305747158	
-0.01677008250319385	0.09583374612472915	-0.14828537617436757	-0.06601681550595548	-0.20429576136670552	
-0.1173691103284627	0.1801817425816871	-0.19199297075741148	-0.10402410452769598	-0.15573587256858532	
0.23881750908458643	-0.17049735627508417	0.28954525402963516	0.2231261979394648	0.06488331690776258	
-0.14742750476504823	0.10616006629100136	0.04353703365596984	0.030799492907159755	0.12394070855257588	
0.0010692077562081124	0.14620311543750322	-0.06901478781128434	0.017769015661228262	-0.07804256710519646	
-0.03714820713977012	0.05234990301204456	0.012022456777078855	-0.07246714723575222	-0.1876359439175509	
0.15785739967607093	0.015423127916133794	0.07958536983790919	0.163533095136029	0.01126779625911965	
0.29630063518546385	-0.24264947070985815	0.10251784335887787	0.193800200565907	-0.04792456099982386	
0.12328208347908362	-0.08588246472410331	0.19325371856647214	0.03722486606977577	0.38890997297590724	
-0.19505840501758231	0.2306641778413433	-0.16058848685027008	-0.12657671080410618	-0.16587350077907168	
0.2507916104055942	-0.21684781011259738	0.20310164962991417	0.1354193616979148	0.03340577932944789	
0.019790654028451635	0.047098751800520075	0.07131782332400687	-0.07958127411696876	0.040962837278406355	
-0.28799142140484224	0.10828945832577822	-0.33180682641631354	-0.14370766294033735	-0.23254295010772155	
0.026849317286914885	0.05927361263348556	-0.18480048830025678	-0.017137095218469036	-0.2662185459079187	
-0.02053360116971139	-0.04018350636769316	-0.07751779961096106	-0.044151243756200165	-0.1998292852204567	
0.047189295622106296	0.05655252809080792	0.03883951179710073	0.10780582067211256	0.02156202351968584	
-0.021426658626565943	-0.038814455892110473	0.07205955894481693	-0.024355428562860444	0.04449362848309355	
-0.019008454431147043	-0.20275109839214792	-0.14467949441867264	-0.024483793059722793	-0.21983895190502495	
0.0446623274671554	-0.09401496146099828	0.12303380875387136	0.023122979495977244	0.2765465697584603	
0.10846888682745867	-0.15301091221282764	0.030970633538580268	0.11552245851765106	-0.022675159651672605	
-0.10753312707240358	-0.061296674376419724	-0.06608108165995291	-0.12006416922814982	-0.22328366424275314	
-0.15002466915684046	-0.17493468852792873	0.02180065180902941	-0.030359680980041118	-0.019712454672317838	
-0.05419915943514247	-0.2321895846303666	-0.06478027902791003	0.08779770562250679	0.014222385287811052	
0.05244512345727063	-0.05111217994697034	-0.008031398541593545	-0.03426159352591821	-0.04899563511804726	
-0.11606177718819786	-0.12902051614355126	-0.20655508856456514	-0.046318869629602355	-0.18245765140075676	
-0.0294568254046685	-0.09286678209138374	-0.1580386359153922	-0.09883154987606069	-0.11437788173494598	
0.06507205861626476	-0.16755490213065166	-0.03729115645121202	0.011449014692607737	-0.032824028208807976	
-0.10672344472187334	-0.18681020451002137	-0.061737252650812424	0.11563004870740881	0.10730394614111542	
-0.13050918879854936	0.38087007347706414	-0.3436975473235688	-0.13827045525974027	-0.28879748526062154	
0.1616479346565114	0.19840907651321157	0.06356698551920205	-0.04838071339642211	0.02702050951086316	
-0.8787592767890673	0.8571552448322368	-1.3862870616112366	-0.9117032249886139	-1.3517884767624424	
0.16699166725853898	-0.012842458324143945	0.14989461604334867	0.12676340236745853	0.2151815590765205	
-0.0029133838173165754	0.3606636838180961	-0.019339775048191666	-0.1279656941302826	0.11555373010872635	
-0.22855347499968526	-0.0325664530926784	-0.2697682093883236	-0.17498508851524536	-0.2149232411913081	
-0.10313056875776987	-0.23193557239653198	-0.07510363135494895	0.06945960114881773	0.0069209754477969065	
0.1749220126461575	-0.3569352913638021	0.3418635743019412	0.15382884674014002	0.31071254037790064	
0.1349755700249974	-0.023753420395544303	0.06797833884687256	0.17042036867916632	0.2094780051139939	
-0.5310867426804586	0.6444717500301108	-0.6282107522988856	-0.37672353098730327	-0.40675898433080715	
-0.03350877831974341	0.24442140437133003	-0.05109942237957351	0.04209692526442804	-0.09614441385553876	
-0.04264561616402934	0.10082687907516076	-0.025584770044521362	0.07100790873315044	0.05738935724604607	
-1.3476446514336897	2.0367442697858262	-2.033654765789565	-1.227214349092169	-2.0526504248924007	
1.1533557552444875	
