TESTRUNID EPOCH: 60 L_PCC: 0.8953289329177344 L_ERR: 0.0082669313124953 T_PCC: 0.8369274912551063 T_ERR: 0.012752059976715814
180 LAYER: 1
5 LAYER: 2
1 LAYER: 3
60 :ILEARN
0.0002686573049965203	-0.014206483838266417	-0.12756017779440124	-0.051477491843613866	-0.18171570530801176	
-0.26611986566057433	0.03642918074319704	-0.19850607459788852	-0.1212067412701868	-0.2547383262827169	
0.094438393409146	-0.14241145571679928	0.10753995538676053	0.19583512835928105	0.15479494385238593	
0.19758442534989373	-0.12346820803450842	0.24088578590601248	0.07118753945705453	0.20615690830042444	
0.025149618526872124	0.08434938939938465	-0.08153169568639038	0.01285333809122143	-0.029739515324648268	
0.04047989886566708	-0.03369619237519386	-0.0842176532168527	-0.09977848625454852	0.09598142815512185	
0.06133359967199799	-0.08551789117397388	0.3114392363040896	0.10406692587213251	0.2548304110309775	
-0.2413883632861099	0.22992003788415932	-0.25831555258290595	-0.1323093091819105	-0.28334309851661715	
0.05357113661156857	0.048004178817516494	-0.1499636019019566	0.060057439494579964	-0.06309911600949804	
-0.0438711928630744	0.04221078099584485	-0.10639306861022776	-0.09561737288337219	-0.1208691899143634	
-0.11608868826059256	-0.03985654640010145	-0.05622627500906285	-0.09379512886294496	0.0064502039149349774	
-0.3284199643836023	0.19741813376295667	-0.3233953947839417	-0.10178316386523524	-0.2687253873114907	
-0.1861481312407371	0.04255745534630011	-0.09485200913086823	-0.12040432754377618	-0.20567558907588765	
0.05427143222939533	-0.014118163382938476	0.02330452431923676	0.11707198887705025	0.07384394415336597	
0.18126257992164296	-0.14366727226760717	0.0856531133079411	0.136473047950014	0.058412825691967235	
-0.29133228607253886	0.3078343776738137	-0.30069096305145065	-0.12817281224295463	-0.3701159025796757	
-0.14391580777585875	0.22446829127788262	-0.18506676172209108	-0.21739990288338762	-0.4201893819555581	
0.07655812026704005	-0.013074559619059309	0.08822996005908763	0.0668051353225551	0.003709898327563815	
-0.08148109678122221	0.09042544706033051	-0.07026118378923606	0.017011614753153714	-0.014839871527744943	
-0.11130517717140063	0.07500771034085388	-0.07778204509985644	-0.18389706855912816	-0.11348267057379006	
-0.10714072677979807	-0.039425866469499964	-0.10349170270005029	-0.047614434636080914	-0.11571304972185852	
0.15932390258239945	-0.20083319024389262	0.25266069789285495	0.11376912606682896	0.20997750839717827	
0.013593142501967737	-0.18511359674817585	0.15164775794053792	0.084356719153357	-0.08231866220611	
0.053936023670681094	0.02314870231626064	0.08467576069445902	0.056511886652709925	-0.1634345868145708	
0.05055175214940455	-0.3517046227498939	-0.013242178947917788	0.09680927584820252	0.3696284440763941	
-0.28287890434914476	0.37025992633538074	-0.30287464326566066	-0.25602419906866214	-0.468979005923178	
0.008688104151974503	0.13145610004334232	-0.0067500528217057775	-0.09388634355497162	-0.011194421730684644	
-0.05636639192723997	0.05470399151055939	-0.06930129244605013	0.08696418436612999	-0.04355661004223505	
0.18711679026597727	-0.12141344966728719	0.13581186491568187	0.015734010018219044	0.11822285226776813	
-0.378203361579201	0.056751310876492586	-0.3097878068098256	-0.1385026677779545	-0.4674939055503128	
-0.19754824031565912	0.09717302891712747	-0.0391638849169545	-0.13031575880134294	-0.09985100307396425	
0.06954970176884524	-0.06040940726843539	0.03448781294108794	0.11015691278011931	0.03341734088246449	
-0.17587794943798832	0.06932005835489104	-0.11241041320461004	-0.01893305300149698	-0.18860343883251848	
-0.18083720538770084	0.09336826398524813	-0.048889888815427156	-0.023361689364777727	-0.024780874816445798	
-0.010210147349099903	0.10440194594412783	0.044273877426308304	6.270524565767064e-07	-0.04041438015108921	
-0.3502050333052108	0.3631657082224946	-0.630289903490693	-0.328885241665708	-0.6890101649612481	
-0.38841863550426753	0.12993075811830604	-0.507785433719917	-0.33943936928079504	-0.7379937721005304	
-0.060837804101226745	0.09224537908219545	-0.10929505494520586	-0.05150601865012066	-0.09660202294198275	
-0.08114427648956637	0.055729592023057835	-0.005364954549966478	0.02691372936200929	0.04023210520109599	
-0.290100697033447	0.04783643399855172	-0.5534188462558159	-0.1720107741156845	-0.42567627512283324	
-0.10093718157093136	0.1290211850312824	-0.1524238428492531	-0.04691008048015979	-0.2733391803032086	
0.07658543363460968	-0.059870261659988336	0.1813705138658485	0.2095591604385391	0.26333001278694096	
-0.18876618031714598	0.2204504557776609	-0.25592434980589807	-0.12319568401387435	-0.2787910560019299	
-0.0525005806961571	-0.04330231388562159	-0.021620867382404804	0.08735354732790998	-0.2341284732153962	
-0.10878663725145495	-0.2064700880924272	-0.36418981463292055	0.1042522036658636	-0.26962387869025023	
-0.09209680070188893	0.16466844066001654	-0.13973794698061281	0.017606022435875005	-0.225933535388221	
0.04287500519987913	-0.04075780024413511	0.11119453131531391	0.04537481118894881	0.07309778757719443	
-0.015419468963418764	-0.11915743934087739	-0.013752858534300326	-0.025701880613442977	0.0035130657968858174	
-0.006398204720664735	-0.02038551103750979	0.13092466701669475	0.028469590512797332	0.1897691105933276	
-0.04798867427412847	-0.03567559955406509	-0.10241924447649457	-0.01887828995078512	-0.038404860865635305	
-0.0928984019692839	0.09305223581944139	-0.05278543494739865	0.0694216621115753	-0.06441747935713683	
0.06799093527783207	0.014901434397251207	0.071148148135576	0.03216156293328747	0.06914218411954483	
-0.13258502570859457	0.24837123275941833	-0.2489566094166424	-0.08866831231695313	-0.2627449730638161	
-0.2229320649138457	0.3115387938754344	-0.15980983952733335	-0.24710477952128268	-0.19948345031684722	
-0.0892676866376601	0.027204857834441314	0.005761540178169992	-0.0031197647871147767	0.07007958392369962	
-0.19641318468052912	0.06349896371479796	-0.2706880384410385	-0.11235950444723079	-0.22273712623068334	
0.12547956665734655	-0.08897878323897648	0.15609031319234276	0.030973560615032092	0.09335962381798027	
0.032091546324838745	-0.010631607655377677	0.09024696831249883	-0.09757099960675321	0.027119341493157752	
-0.23324186199037425	0.21537846198838914	-0.18145110991780317	-0.18827877824910447	-0.22477594442993037	
-0.037235993291268296	-0.1757139365749809	-0.02240873025426945	0.15238503777073617	0.013910998809198162	
-0.04056787471089372	0.08553139051904594	-0.19750512929029843	-0.03383358267805866	-0.2443542763885344	
-0.08196682427771793	0.020338320611458308	-0.11702905825138911	0.0065533591867506	-0.20399891965716918	
0.0732890891616864	0.06995544318384307	-0.027905421920362737	-0.05790783656478063	-0.10382916497438469	
-0.029912525392054426	0.08579012796066654	-0.0741279461408307	-0.06496787904496314	0.05370088712366606	
-0.0364738938694469	-0.07063876643675752	-0.10331553963750875	-0.02215232502431246	-0.01833760469561019	
-0.01072736585167219	-0.06786062438789238	0.03214954838182693	0.0020629438870290273	-0.048482817912089735	
-0.030899309832901466	-0.038017824916252774	0.084233946203202	0.044622368379949054	0.10441289840260996	
-0.021553579072683657	-0.16903435031845546	-0.07802849424057211	0.10733165598698031	-0.005714735602197806	
0.08428709250673995	-0.021675837840463497	0.11562181737034856	0.1207156283913767	0.01623023327692139	
0.022889659758301237	0.019419363370402662	0.07647092019876382	0.07941997754031857	-0.02262889485887062	
-0.008473297594108455	0.04360053710613482	-0.05118249107363964	-0.06738833489096833	0.018231192306100614	
0.021207407949473935	0.0031907674557012113	0.07585791848296873	0.10054562778621379	0.10540889006365173	
-0.2221657543811881	0.061388461843119004	-0.10404891216950159	-0.0715397547548532	-0.07398433152615028	
-0.13864662622230464	0.2558579871181437	-0.10295587156105682	-0.06307981927185866	-0.22880790518429442	
0.011582767601957906	-0.056330315085997326	-0.08911192893347604	0.01866820187177583	-0.15407379093840806	
-0.09556558162761009	0.08347359861005811	-0.13698626936502756	-0.008019319763265687	-0.249520803827098	
0.08953447363176115	-0.11794042601205024	0.23585191660591323	-0.018335911561973516	0.016104556643189456	
0.009179466726193054	0.0330254807660651	0.16483698387017162	-0.044226442921446986	0.009221514864422685	
-0.050484475780545615	0.05721968191335238	0.04959875213635396	-0.060513283640134974	0.08932074861601391	
0.13557266001994145	-0.1487911255514264	0.18424331206806946	0.06842804394437003	0.15499410258183807	
0.14662275224994356	-0.07768140757155083	-0.006171113934418956	0.08654002450523453	0.07688770625902823	
0.18836266145840813	-0.11321684724917556	0.019299908884482957	0.014542194595660056	0.01251397243214945	
-0.062044897397348274	0.043610840172101206	0.025014461871012236	0.08553597235867252	0.017931566432146308	
0.1171379792352047	-0.01662012114054941	0.09098362433305185	0.1916899484638311	0.10516534075981111	
-0.13020286561347016	-0.20519075341855494	-0.07290558270716031	-0.1294613911247896	0.0487946088616902	
-0.023719447873624462	-0.04283167146421172	0.08988576806088525	0.022634857562442632	0.025250017819887144	
0.01552252303086279	0.05588124359939625	-0.010444534707248999	0.042430489433197154	-0.01689854328298679	
0.021991911008345296	-0.046535660509985824	-0.023033247710551912	0.11261373293718692	-0.0484678219685283	
-0.04060594216893525	0.04682583892632227	-0.08389922733105284	-0.12863651471526197	-0.06738289758576751	
0.05436626853952882	-0.020796999319227138	0.023146355184913713	-0.07551218189870638	-0.06841549541111816	
-0.044053544194374086	-0.0602177269903381	0.15537512584464447	0.10816121779675146	0.13450817473692153	
0.17655254679277374	-0.008388507055715226	0.057069649311083014	0.07916190566384576	0.024403925351451382	
-0.10893941259297937	0.0880217709337421	-0.09146488876475205	-0.07380629166879484	0.00534340173284894	
-0.12814952396694515	0.17257952037662566	-0.00675674551379568	-0.10249850952416109	0.007799071915129407	
-0.01174125106689906	0.05776650069714762	-0.18673908871610043	-0.013594848548716855	-0.11360265391628432	
-0.19956394021571977	0.19782069604955124	-0.0923157377066571	-0.16424045181445945	-0.20318235166369844	
0.03764671497702716	-0.05430245752917426	0.11587116216584029	0.10962556294314715	0.07055858787846096	
0.018139711109163906	-0.013690321667951422	0.012002856278983101	0.00014969485930156254	-0.014494815185861154	
-0.017400992337003665	0.12218225318359979	0.027135956106758806	-0.11579597803553388	0.03223829912599497	
0.011350035363192311	0.05921881827666208	-0.06694538553309967	0.04937360302817628	-0.15589778667354767	
-0.15087810884358038	-0.06705895366161702	-0.1112097736662192	-0.08542041297207177	-0.07723401381100717	
-0.059180452679278954	0.07157006892332798	-0.13279626023202842	0.03471880055826796	-0.1673349727686873	
-0.0017731640555765766	-0.03825067662249714	-0.09010408919943379	-0.04323483336459489	-0.031110351705024946	
0.05031038805143206	-0.018269844930538754	-0.01962754910646773	0.0653175257296891	0.12203562846956448	
0.038336176391756	-0.04289192527788979	-0.047947061300877794	0.12825490044710494	0.1021845730203339	
-0.04729243776729839	-0.11570876519966364	-0.014446761552821163	0.03049888588768622	0.013321510471452778	
0.13440074176144642	-0.12284024197190063	0.11420592372707056	0.11374835202562288	0.13384915078009837	
0.09773579040700012	-0.11602827129793215	0.07912566532341347	-0.08339530472522001	0.02638013314626183	
0.02892520947925236	0.08529534125527033	0.11329764776664723	-0.012998620957796126	-0.1508398152402496	
-0.04322232266280188	-0.040617384879512386	0.09132016975728804	0.13839782043903873	0.0011048439308605675	
-0.05771964693576737	0.009269477405844826	0.04271987658820453	-0.019945990101434045	-0.09259475349945936	
0.09611645829856254	-0.17922381620071554	0.17702883773393802	0.16117611106709154	0.05731873772459724	
-0.1504496058047313	0.07424340405619309	0.037181327563215516	-0.13869289085058728	-0.02036877398093719	
-0.11405420614345232	0.1494133703889341	-0.05358888532715105	-0.07779642687459214	-0.23181208573008982	
-0.05733689599733347	0.05375952334490698	0.0022297947418422927	0.03839288635530437	-0.08238484000016494	
-0.1096054608053888	0.012732855444309873	-0.13469557183477307	-0.027695308154057782	-0.19115043905083856	
-0.02584814544863065	-0.05456370936791652	-0.035286960141145164	-0.0863629323177458	0.0003359328849705899	
-0.04353033103516071	0.10129723270236551	0.01733208208556595	-0.05294015044704964	0.11387233576030131	
0.06822278214118295	-0.059442302612160304	0.308193921445446	-0.014249251656059416	0.12881468006464347	
-0.01141182107508562	-0.18622451472477158	0.08497723040098562	-0.046652144798539776	-0.012489219811340109	
0.04347711026255826	0.0815620121854918	-0.11164336216511578	-0.05385488846965691	-0.09956788932992235	
0.1215997181662697	-0.019279074079794987	0.05952471179364134	0.034929095548929825	0.24979850829750694	
-0.01576485029112685	0.1326706050448751	0.089155617063229	0.01691354442287329	-0.07856676504319243	
0.13395477167238962	-0.08778454107082641	0.04591439759477838	0.0362063341613798	0.004875495871192359	
0.011525465557599257	-0.150898994533394	-0.034154827481221096	0.15421867921186386	0.15925938994629837	
-0.07373464049498375	-0.0035710506643267833	0.04081406136752026	0.04994181924281101	-0.002264686929774192	
0.03764057164661203	-0.026898437939376105	0.19799079190753305	0.05793668402326119	0.16001609104220915	
-0.038818572802278135	0.07852423291233032	0.04728673454272713	0.025739420394321578	-0.017254505193185693	
-0.13692538481737548	0.1759083928903222	-0.10203859218773695	-0.008391476904312344	-0.10030900401089281	
-0.05619878014919474	-0.1878272966078279	-0.06206732266978579	0.016431380507239593	-0.08413981200727794	
-0.2185734768635491	0.0017260565273069036	-0.1545699852067659	-0.17837305776323328	-0.1107163809830275	
0.030142877250639293	-0.1380872807667925	0.05999364158866166	0.16657178779714824	0.15356405593310088	
-0.01608642281360411	-0.03487488041939576	-0.08173125943043962	0.004223661338625648	-0.10473140175092847	
0.04094479867272638	0.06900510054643544	-0.12310305538147702	0.0020461916921767687	-0.16668230565629943	
-0.05580480207255184	0.08423714594529316	-0.13925310821325818	-0.00566590123593707	-0.06516454574795734	
0.04271504683839122	0.07505523399571667	-0.15891993751398084	0.04383729390394344	0.019165656492627515	
0.029037200001631208	0.01629204140703828	0.031537157375614196	0.04830754589959354	0.027049512864756615	
0.10131705418914351	-0.00707162550789209	-0.008362579737754205	-0.04125668092238228	-0.08875605158884531	
-0.0404041574849688	0.0058266764135769655	0.06214284109869257	-0.05580515883439969	-0.08432298370262589	
-0.00356366158252035	-0.17026328928045728	0.10439919030963106	0.048601181902671854	-0.03356047682500303	
-0.1050775531141057	0.036907443001721704	-0.01874727754035778	-0.06070645845698054	-0.07837848990075282	
-0.025348560930977402	0.024105626719325857	-0.19495508145739238	0.018177065931537617	-0.1497532794987596	
-0.20537636562646266	0.13286635692916482	-0.18681075484113105	-0.04679448565413484	-0.2034011952048201	
0.04744483446990925	-0.11155919920129061	0.13324916176958673	0.13576322631525672	0.028512930198828015	
-0.06719627204821127	0.060720027572732996	0.006715548907676126	0.04224705188494257	0.0019166210946569805	
-0.002672917867455691	0.005855662595838695	-0.14217033478445856	0.06210461176988922	-0.016780145390911144	
0.0042455629257565	-0.129075790138932	0.036563086841697165	-0.0064745931936588735	-0.046980594306179	
0.025398961017544706	-0.040996794824590115	0.12058159736251864	0.16155027680337047	-0.04895345061013158	
0.18669122653170137	-0.2670276696424725	0.04216312505840958	0.20382848223389316	-0.11298786129511885	
0.2166757146953623	0.020071211055954503	0.20325258979860455	-0.050420995465598126	0.335172816505081	
-0.21726079414306246	0.17544901194028856	-0.20790914741942035	-0.1302757139162217	-0.1924627690035509	
0.15733123599612356	-0.1620977260960868	0.014690067002777312	0.09026648579185745	-0.029246771382222366	
-0.013568560885511201	0.0811445204141732	0.0049071231261553746	-0.11662043311041248	-0.018744959689863793	
-0.19206850532166586	0.13644813860125732	-0.12442426962092823	-0.06118075709957093	-0.2123791852247186	
-0.03922483072583931	0.14309430992683386	-0.11552138507415528	-0.001502897468960693	-0.21056211203649472	
-0.06747588310813485	-0.05572262474159886	-0.09584544768991297	0.019402610149710148	-0.1555782157674997	
0.03665254773923076	0.06043492966944661	-0.014957434911363846	0.14073172393284272	0.06891780401055098	
-0.019328700019022718	0.02778283290624853	0.06986420166905825	-0.023395120779070848	-0.007136844665200307	
-0.07964363374574368	-0.010125987408191322	-0.15880276150386394	-0.01163683078303449	-0.3049575393369873	
0.1768522470688101	-0.04016239407749563	0.15778897482881846	-0.00981373909556694	0.275772651962852	
0.026936908890002734	-0.037449281089396096	-0.08055229154158787	0.0748716807309819	-0.1245037204160798	
-0.05169419725026772	-0.07803091333342627	-0.1145556024997551	-0.028325009906322945	-0.1623551748460297	
-0.17036667570536332	-0.11239684417059333	-0.012519719178575044	-0.023369852111962693	-0.031186700844769898	
-0.08750219471728668	-0.15825020491361175	-0.10921226349288593	0.07603242131420375	-0.007191477881206541	
0.055965277416622716	-0.07124335342972891	0.03200430757392486	-0.017208889089270516	-0.04764484948331881	
-0.11836993296780375	-0.11078678677864119	-0.22890392157013964	-0.0292311679308473	-0.09928858255565284	
-0.08937949470959278	0.005252827534608688	-0.23311023773651876	-0.10791229522890762	-0.15181515693616113	
0.050766131263988656	-0.1345633105380007	-0.03705563509778724	0.017763001791484264	-0.03879546729493997	
-0.10321194753092454	-0.20346007615331382	-0.05747781683710521	0.07540650422441596	0.0628388288833977	
-0.17124081717437292	0.3165783359466045	-0.30821033924462465	-0.11347452057672552	-0.32368539414493047	
0.14892681344588596	0.13645500886796155	0.10750200515808214	-0.06476908488379944	0.011431303236924633	
-0.931586394210023	0.9225732685972337	-1.3800946198272077	-0.6554203120719106	-1.2731361147646545	
0.14739147117032259	-0.05601373647803561	0.15675482870792984	0.07508263620350751	0.18825042756910262	
-0.03598306660749929	0.20549869951539665	0.049667272424926585	-0.20283926877921066	0.014997312593305964	
-0.24658384260039348	-0.013681671735829268	-0.24638651645588178	-0.12562737084751177	-0.20255882823970608	
-0.1385531188776956	-0.12093570078956259	-0.156764334691819	0.048813397148464686	-0.0295281344577453	
0.15627988264148063	-0.2760335272786875	0.27068066144441955	0.1055186822278244	0.2672368428037017	
0.09914354284105373	-0.08690048849513685	0.10992006004142432	0.07038254807302331	0.15170137240194773	
-0.5884519251508855	0.4811454944100149	-0.598663276884251	-0.4268902483664093	-0.5278890651020461	
-0.07050982682970798	0.21527191688530223	-0.06471955059020311	0.035319952818170096	-0.1569097510520472	
-0.01804226385179688	0.13932316150410576	-0.05617311604752471	0.057158740396397165	0.09280750121624365	
-1.3846223757782792	1.8487009700673305	-1.913905063245885	-0.9898920577670439	-2.025405018612097	
1.2412933800397623	
