TESTRUNID EPOCH: 70 L_PCC: 0.9041644488271416 L_ERR: 0.007613397528960619 T_PCC: 0.8059558638993115 T_ERR: 0.014910015269630752
180 LAYER: 1
5 LAYER: 2
1 LAYER: 3
70 :ILEARN
0.11889639543706777	0.01874908660706457	-0.015313598747765637	-0.019387802670980548	-0.023692430932702836	
-0.09258195138546409	0.06096145534917912	-0.09807897005277615	-0.13363270827933715	-0.16822027244428164	
0.18595849217621682	-0.1545419079022328	0.13444202249108791	0.18754869610213218	0.17947973078363497	
0.25466626015625005	-0.1339623893878693	0.24276025723772687	0.08340625043727484	0.17932635152081303	
0.044860891817363725	0.0678987413269231	-0.06668932349458817	0.05105084324209517	0.008357971158910816	
0.18060873145993186	-0.08664817597134751	0.003841499241101083	-0.07821140540168416	0.11572424003717312	
0.13176995393712743	-0.02582760425576329	0.28901679803393604	0.08909232410450244	0.2010357033239022	
-0.2080455473577976	0.14771125110162256	-0.1836799236256134	-0.24402520236098982	-0.25354331694700094	
0.02786652808981792	0.17499855819327173	-0.1634877929324699	-0.041035916787423424	-0.20436645832774286	
-0.12226090607582532	-0.02944585717661986	-0.16946014775957602	0.0027598491785684838	-0.10491226062854095	
-0.2653989277130835	-0.09068605143957334	-0.12103605373698487	0.011641149756781538	-0.047147299359679574	
-0.21995690029037318	0.30648401735251507	-0.3334098574304467	-0.1785134045099656	-0.2879127310253742	
-0.19039910089274897	-0.09759691060303453	-0.05859067185883992	-0.0042358628137917475	-0.14774708950481508	
-0.01947925436975423	-0.07711866206458087	0.06590395829295002	0.17688537252626296	0.10014006918860564	
0.26843811249507893	-0.14574450226426233	0.09044832867174862	0.14505902713317276	0.06267037342538555	
-0.21276584623993106	0.3751349093015451	-0.25028044092281526	-0.14944168674516842	-0.2900488372298775	
-0.11686927105286955	0.2558940358858052	-0.2061568350328987	-0.21935259403376034	-0.3929677766787815	
-0.02288606969569919	-0.01881126035229912	0.040647064552250124	-0.012735174169766281	-0.016476486484888954	
-0.07320180975595668	0.016524801594681414	0.020483143592277042	0.03771047520150255	0.07204443984748876	
-0.14750384336138933	0.0383914058050818	-0.12401138903424865	-0.10259786919859984	-0.053606801217691125	
-0.1939794567968754	0.03161064675528547	-0.1995906122262454	-0.10729149184193104	-0.22535903689095196	
0.18017713865172263	-0.14180946853010246	0.21814944007176323	0.13263994475030935	0.21322195283596154	
0.0764059760993609	-0.1642280236643789	0.2084210344267248	0.13763108943815458	-0.04948674783868027	
0.11997096495266976	0.0477432261600516	0.14869890834304897	0.10041076259505817	-0.09487777119472511	
0.05603496186559258	-0.4039037261855022	0.05236710003586889	0.10257441350134419	0.312193137284975	
-0.19620525489553386	0.4113371564974025	-0.2838029810146701	-0.2374709028716399	-0.440103638392562	
0.07831902539699823	0.13679803508266317	0.03188588155229967	-0.053657219352264446	0.060921056866043585	
-0.09659179022633488	0.15863997172473818	-0.13259478687314888	0.05797178010070606	-0.14559381822134349	
0.30135871477663145	-0.14302282599030655	0.21257291233794198	0.07294456694350071	0.19627900178222468	
-0.45725990298787045	-0.05813964378492611	-0.35713343818849025	-0.175457877624133	-0.4903902804306531	
-0.17128875347796674	-0.015057695239001995	0.01145348776714509	-0.07532167802930471	-0.07398156394096951	
0.17239904319743643	-0.0791526074500781	0.12228846744495286	0.16261045447361697	0.13404769399827518	
-0.2634860078337906	0.14048245220578168	-0.26701571264064966	-0.067846857760192	-0.4034341819697675	
-0.16983671004269027	-0.0035561691586293636	-0.044252573041107565	-0.030945443483439358	0.027368288454544584	
-0.09908916934846221	0.3330623174348019	-0.09133361767950059	-0.0986254878674156	-0.14923141243118357	
-0.27872962416093605	0.43288212486678085	-0.5463023565219071	-0.31985860703015995	-0.6266204642271527	
-0.38164102719420595	0.2897633834226189	-0.5240837730352194	-0.36855848012626435	-0.6869395884828114	
-0.11914043984164624	0.1606151652170884	-0.24841404420220303	-0.11220608329084457	-0.17522482064330885	
-0.06771516154924802	0.02741792524530983	-0.03591558614095527	0.005060829929504143	0.06948287176169328	
-0.3630943358063241	-0.07436428577180021	-0.5830470412926536	-0.20054247667241082	-0.4021168185973456	
0.0016017457220116578	0.0042729474651782085	-0.045907130526597194	-0.03193457601187502	-0.21455754518952988	
0.18993556110864657	-0.0657886196775757	0.3070368394160433	0.21512324013558892	0.4498457908656197	
-0.047256176293304704	0.12295381173264663	-0.10649059775498597	-0.10574822317398327	-0.13454611186980983	
-0.05922273855322966	-0.014391790968412633	-0.011692536965192245	0.04146341046389973	-0.1650553207524755	
-0.2185200614101217	-0.17391493647868111	-0.3403965719259372	0.12090758721039921	-0.33527443072899255	
-0.10152520144467755	0.2048329846124087	-0.16312045274700918	-0.07263390618768466	-0.13210796567902228	
-0.024459753075029036	0.0284115491978814	0.037939858144474	-0.024918370196580355	0.07376757778584764	
-0.03368224384699704	-0.0629143899610794	-0.08871681222552731	-0.12534384370909155	-0.19941362365884607	
-0.06134028207055751	0.1374954892040677	-0.03761343439611227	-0.12066589019326292	-0.041325554020884114	
-0.10473015029704283	-0.042528860737333425	-0.16495681440443052	-0.001971935681845422	-0.05855072221545761	
-0.17678643341809183	0.06921433169554445	-0.14048111922080364	0.08454305055460913	-0.05482360070211868	
0.04822369275685834	0.13248085569375437	0.004988890988224939	-0.06544175341973373	0.08058252694735611	
-0.15233454812564798	0.261262845423101	-0.28435432791925214	-0.12769424518149258	-0.2223828742420893	
-0.17837348939366748	0.19534495347426906	-0.1826516010084295	-0.09616243293565595	-0.1991157668880907	
-0.05485993024487173	-0.007672673651263274	-0.00019293687210040746	-0.06500110103259836	-0.00240190685980243	
-0.15081139182028078	0.11410897244826688	-0.2182054494861149	-0.15779512535849666	-0.20665178462807307	
0.08100602536831382	-0.04473201149589556	0.1486376157662207	0.024675410131823425	0.03707105229021917	
0.05970736193195568	-0.08607625705162159	0.1083512940113529	0.015718291859806922	0.0810162726806713	
-0.24483607785671055	0.2660444521748112	-0.2711726325975927	-0.18622027238521469	-0.3221772790206414	
-0.13986891504076093	-0.11894483612125212	-0.0949433959100321	0.14384929604335997	-0.06007764587393435	
-0.05719309247792225	0.1267017601253331	-0.13836388016759918	-0.038375172825647896	-0.2240192131151587	
0.09791350309500574	-0.06164455740991103	0.008823544572081623	0.012237291332752689	-0.1090061031928257	
0.21537355617674364	0.009172497925462118	0.09431272942038262	-0.03452845679303731	0.01744878447899276	
-0.06346824328593315	0.14760418496432878	-0.18430037062808635	-0.1883447000614334	-0.047271968843595163	
-0.09763695467102852	-0.0723134158772544	-0.15922579994790523	0.017977034629113466	-0.12730132576874448	
0.018401584197372065	-0.09093379672138314	0.029364800121123573	-0.019289806488497076	-0.007661541013783786	
-0.005092202381790884	-0.04392118984326345	0.036014706094212534	0.006569100427045701	0.11459035575193753	
-0.016459268257940377	-0.11822599012448827	0.06623481630390284	0.06452247833966772	-0.06357048967101853	
0.09365357564673292	0.18209768006421945	0.04584136036458474	0.030148335312148753	-0.1598361416223054	
-0.08134911870878453	-0.04801181074557828	-0.001296881413048621	0.15722799622683709	0.005353393701570106	
-0.10794058031102773	0.011166845025236993	-0.18428477636411777	-0.050765891532128474	0.026429018251182324	
0.009081079275932009	0.05259727243460379	0.03628693282088831	0.04509141470081933	0.0603714756342096	
-0.19924401701581215	-0.058826795221160404	-0.07208115448792923	-0.019218907454949	0.03866357129228	
-0.008870534558078378	0.1318119259321234	-0.008138139938817695	0.008626766712118613	-0.09717187265507703	
0.016740855987476502	-0.011684807118920656	0.017679913481130984	0.03686680586313379	-0.06718034457911343	
-0.04224195192668578	0.10990722987756732	-0.028324327782516888	-0.014593504229189357	-0.17229388928854658	
0.02941116722692164	-0.030909929004639267	0.16180958386559835	-0.05444575545868194	0.01134171880668023	
-0.05842472011382226	0.0523468117999572	-0.015202943036193779	-0.11997762777232861	-0.08933349922944986	
0.02937215273902075	0.05195679295746178	0.044481090585700066	-0.08310004020358457	0.037765448499390945	
-0.002595461739715972	-0.14242798788685912	0.05563300658652782	0.11321128342391923	0.10566578534158147	
0.20855215875036	-0.14269439665604178	0.12152171843819966	0.18815973029793873	0.25417304138458446	
0.04678482128325792	0.02675484199170941	-0.14979270946475706	-0.11234886210081266	-0.018829440224472683	
0.03281890282321856	-0.14952781818293556	0.22973942097486164	0.08203728618386431	0.13304090486070277	
0.08131487472781466	0.028909700285598333	0.016308417242005994	0.04907690429624428	-0.0699607478601451	
-0.16931846069091408	-0.24759999699766927	-0.039590610049263245	-0.012930864843271765	0.11425434257893771	
-0.05497161416584275	0.005844495691116122	0.025986168049191048	-0.0334591269650401	-0.0470962330199514	
0.12802453539959552	-0.049177520865295164	0.10473754392182887	0.05576284438447209	0.06633044241419862	
-0.08103776007781628	-0.029570377891861097	-0.07134756293620517	0.05547435716019007	-0.029947402031884254	
-0.07475044200479951	0.012986633776538282	-0.11296901672540365	-0.18407326537649654	-0.13548484716710557	
0.08378557837645811	-0.019914173146296055	0.061266787758321825	0.0006227719296771551	-0.03621751156903597	
-0.028481635789109724	-0.05858324371484392	0.12247083601431696	0.1714316467563601	0.06851558179575	
0.23856916672317555	-0.09142522972804977	0.21525984567427087	0.07897513992976704	0.17487268599937578	
-0.08540203273542951	0.0690027626213446	-0.07904648116897432	-0.00964907927070411	-0.0012560037873146758	
-0.09853518680130496	-0.015576635359913066	-0.002816184654123047	0.061022033464026244	0.02253091432197103	
0.18902467191014655	0.05380956744405037	-0.009391705049513938	-0.05111943498814029	-0.06647510342495871	
-0.22573494745677275	0.2237722949242259	-0.08535822681819115	-0.18491499832149663	-0.15690466323238136	
0.017445262006225065	0.10253209767156188	0.03185447008488859	0.04477534984568811	-0.00189660118080668	
0.017276749749818583	-0.07366624307342295	-0.027300443937072108	0.07557331207622446	-0.08831094289273121	
-0.09684058023018241	0.059248836784259365	-0.03638037171678752	-0.054313756940182326	-0.020576402786248876	
-0.012240139190272463	0.14198852123999137	-0.08862654627402204	0.08989678540142	-0.12421182111954505	
-0.18192109381472596	-0.036288830038585705	-0.1200289048706302	-0.11565937571183584	-0.12857870493569423	
-0.0338764371146686	0.14083433138512416	-0.15841535479476507	-0.051542318216801934	-0.1306706189751168	
0.0960260226008294	-0.04118162599206636	-0.031449732442199334	-0.022415931918463167	0.10507001752878914	
0.03839771427953835	0.13393052000679787	-0.021045443808347664	-0.01290957507794814	0.07886852323115753	
-0.09123567532085823	-0.001336138961391667	-0.09955559755314414	0.09509743547080265	-0.09675524017423726	
-0.030792427471150685	-0.06617798415630935	-0.09275474936383855	-0.008378551994721574	-0.022238609439260842	
0.12548509764987692	-0.01542384454303375	0.0891134862335229	0.04646530017407929	0.08728465253951426	
0.09530551355815654	-0.04523187858830462	0.11039582389946695	-0.10688409252686981	-0.03995185640406626	
0.0512648277169829	0.0051631820309608	0.0721468779476692	0.04275300504341517	-0.03533792941711645	
-0.11282407910148354	-0.11337532978244598	-0.04916124918989731	0.17949068389718917	0.04026219918180452	
-0.0845555169976627	-0.13525863275015776	0.009657551803061345	0.04767349500664222	-0.01615646065288677	
0.1278238364389796	-0.10928898198496567	0.14708009965261915	0.1100959043409395	0.07853820288196471	
-0.18523011771897557	0.011668770936357788	-0.08864560002188966	-0.10243703817246663	-0.0058387717715793494	
-0.14167373448041537	0.038449773486329636	-0.056096924858755094	-0.002351058337701241	-0.2354997363420493	
-0.027303301526461234	0.15193788157483687	-0.010804341145700298	-0.015097457549346997	-0.16017818341652323	
-0.017583744136755102	-0.010733089393741112	0.0011930669661536614	-0.017743207800803417	-0.09320860176113237	
-0.09186143138148788	0.03420259361620692	-0.08810535787275392	-0.13602482323149387	-0.04522539115263448	
-0.051195913514726	0.042994893611025126	0.001785619416234079	0.0040840505735390935	-0.04285650813151765	
-0.018514565541426886	-0.06246501808603463	0.15406968778959573	-0.0038941827313180933	-0.0016044346690721567	
-0.11750097773697804	-0.19972979767577037	-0.07058269372175496	-0.048329581343264344	-0.017898131783994395	
-0.02589600412178203	0.07866104530430072	-0.13683053227018868	-0.051898999650927924	-0.11784633029911254	
0.17031301275056138	-0.014042480555639525	0.08543214131984544	0.03076596891732435	0.22561772564455995	
-0.027968010941927426	0.15787392268205283	0.029911316855793516	-0.0034825404629382603	-0.05575733279985845	
0.07937347729488918	-0.04444968913725007	-0.07424622387693644	-0.020118586392914677	-0.0026962510816903084	
-0.07630183942214344	-0.1556172297972887	-0.030366529518180415	0.06906335166979695	-0.03699263274935296	
-0.03066294731756004	-0.031426574987321106	0.04345866242193586	0.06423268532483212	0.046540144770434576	
-0.009188669401985362	0.007373765125730163	0.12501445417031984	0.005953387753575159	0.10256952553306296	
-0.01601639587632904	0.10058230182823465	0.02719795058313526	0.04999669512222716	0.06477242158272352	
-0.13814084852361355	0.21350412445875944	-0.10736391237474353	-0.07458012996492623	-0.089867718086746	
-0.11070298266802273	-0.15768934431344614	-0.09842910497454323	0.025851409431969802	-0.0996827003939822	
-0.11203913480490602	-0.07940941290377206	-0.0840344604687617	-0.16587916298440356	-0.14637165574138294	
0.06382981747474077	-0.13408731629648502	0.061638176071347896	0.19454454637621307	0.15976016986399041	
-0.08150169738670533	0.054857027781128	-0.2202075333798145	-0.06868697017953594	-0.275819073321541	
-0.08596513236147685	0.12676649217217334	-0.2143583512798624	-0.054584217719987	-0.3009341958207767	
-0.027860914922792746	-0.01372264085579013	-0.12898826744650796	0.04888020017663405	-0.07696484746760392	
0.05724263477711602	0.022437816308417458	-0.1704017568608599	0.03750771146695055	0.0037296557423665234	
0.02348277476733266	-0.03947103339557129	0.01911813114087307	0.01683253678902768	-0.0462616071625529	
0.06867823390330416	-0.02019765754104021	-0.005365677852821745	0.01948622633956984	0.03655499553182001	
-0.06651606284808362	9.744813183614807e-05	0.09888342241385126	-0.05628033028391096	-0.005623605396216533	
-0.023321239559122218	-0.1931733338967958	0.13871718722191959	0.06630617855155846	-0.009826395806763345	
-0.017203612918566317	-0.07513324535701307	0.08750573947644298	-0.0135852137064624	0.01040393168433027	
-0.07925002284967116	0.11511909347061855	-0.06829160358298494	-0.01454590380657829	-0.08360616592959438	
-0.17929811476120225	0.12909475141422652	-0.20992385049120474	-0.1347524311741389	-0.2655703451192604	
0.1538361961335006	-0.24320142043130266	0.28110446061186267	0.16753561104792178	0.15482940904487377	
-0.10373506972224554	-0.0046697638909384605	-0.038397448320740074	-0.0038208411232812625	-0.051454340164578984	
-0.037737736413289806	-0.013372092328916622	-0.0645671494151714	0.0725023812817906	0.0163194539268083	
-0.131495191789452	-0.03623552495556622	-0.03956137274264701	-0.08346666279430823	-0.10913608157398559	
0.09317338905671578	0.11334433808926206	0.10640416711519707	0.08787795494287642	-0.13711103424712925	
0.17774739515298288	-0.3316623944054661	0.027838007714091038	0.17322063352279676	-0.1282090879360725	
0.22213158870233815	0.010821865042356693	0.13767548829040963	0.037384739310660484	0.2759620376408044	
-0.17733468775745853	0.22095854692546138	-0.1828055880605847	-0.0650557429709689	-0.15975332806607997	
0.12267505408897257	-0.10020062261611183	0.13994003174974431	0.09054678419582592	0.03553050238943079	
0.06620553184295747	0.055042216738556866	0.09745802926629171	-0.022434841039255603	0.06893372018851153	
-0.15059980423581643	0.05079923740149444	-0.1445172038133072	0.018143452761115987	-0.09763979780787423	
-0.07219881597056521	0.01267715710373167	-0.18975267236235094	-0.029097844716381313	-0.2517060068113432	
0.03709834785928768	-0.12349762088733374	0.06723508386613168	0.03719061727100399	-0.0139452213466074	
0.09328884423542988	0.03990142734874529	0.052323951344114425	0.1341034369489047	0.12331844821220177	
-0.03803761153002564	-0.0636227950633696	0.06769674612522268	0.011997952094443863	0.060681465255983245	
-0.09404202229112141	-0.049900649023135554	-0.21342868557211814	-0.015174711583321657	-0.28996949639151437	
0.14940980417951985	-0.02744698164464562	0.07723004515524269	0.032392781424497176	0.19572113216787718	
0.035646154826318	-0.012175466618087029	-0.06497960790761591	0.04496108906176828	-0.12305044831855332	
-0.006651199855593357	-0.025135213911681453	-0.11039766323365469	-0.12795289991667724	-0.24748295009930274	
-0.1516265168025117	-0.09189944518139317	-0.0026944382302249554	-0.058585636961595404	-0.05187431442079578	
-0.03840534567160196	-0.19514281645440787	-0.052144977311317224	0.07999138232717151	0.02947740028730665	
0.03658004284164054	-0.06485390035987895	0.019909123130932075	-0.023799927309954942	-0.0511318567097141	
-0.10355459635494171	-0.0746981961230924	-0.20341445529650054	-0.05942441815712453	-0.08074371236082079	
-0.003532273432232357	-0.048208294274424496	-0.13495002248335783	-0.11060502486386928	-0.08374413649211074	
0.05384309590255487	-0.1231648399140214	-0.040474471828268875	0.001550234152497475	-0.05820671671018113	
-0.12454314496262424	-0.21922306462299013	-0.0760067528626911	0.1350790825295454	0.07906586375782304	
-0.21612420911981634	0.33907154548674456	-0.3400004056131987	-0.12170026463946722	-0.3142923189122227	
0.16132758182540027	0.06378965695628029	0.15658386747617992	0.007904290037599343	0.13845841011445664	
-0.8313270374699968	1.039641581263569	-1.3070168116348375	-0.8828855034976151	-1.3265541614145535	
0.13821141696342656	-0.102044534228803	0.17732725982324324	0.1418413208264441	0.28024637578637734	
-0.09814269673142585	0.11844332029164627	-0.009713507972750356	-0.05390250681338955	0.04457627295995444	
-0.2243922417249366	-0.0010105332493547232	-0.22899188683293603	-0.162930546489876	-0.21161980454119048	
-0.07829876895557492	-0.1419705254805169	-0.08529508663758116	0.043627786987110284	0.008495735653403355	
0.24075153486985287	-0.35637849750821754	0.37870208114127757	0.154555859751121	0.3574037363824608	
0.00026184096531507326	-0.1336054925879825	0.008309401122129035	0.16412932331487193	0.08541842039684655	
-0.6804530615846284	0.4216102230032432	-0.682019291731611	-0.27270281147317504	-0.5222726582582462	
-0.11119240924113322	0.2271992989701338	-0.09208717840112571	0.03687875268059703	-0.15617401342809353	
-0.0007789848916662334	0.1540251653782829	-0.032324141132373335	0.06017376832897544	0.11775491231339805	
-1.4190795595654553	1.9478449852831905	-1.8350239291528683	-1.0717040347281412	-1.9564125500448053	
1.217011238081235	
