TESTRUNID EPOCH: 98 L_PCC: 0.90063161358911 L_ERR: 0.002691097458153422 T_PCC: 0.8456950190191063 T_ERR: 0.004169663308381384
180 LAYER: 1
5 LAYER: 2
1 LAYER: 3
98 :ILEARN
0.003799442399955237	0.06353829041757218	-0.04826730759684286	-0.0011894707183121862	-0.0406019749962915	
0.012034060081015359	-0.013220834584253004	0.05544919007707789	0.06708133192145124	0.09998171844525144	
-0.04280793305296673	0.048675701779786286	-0.10747421002005901	0.03412606582286797	-0.12549233375995145	
-0.016707894962838726	-0.008435036726923016	-0.11820318686294957	-0.16296067601162426	-0.15249396168910415	
-0.16368554680838943	0.04471949467307789	-0.27082850299395805	-0.15348129417827802	-0.19092023383235238	
0.07366223590500617	-0.06964282422818051	-0.11737033424650102	-0.07322449472897434	0.0815000883178374	
-0.06604476762383209	0.007327390741579139	0.07890377763433125	0.010850723084799526	0.04298148294275789	
-0.041242506192744686	0.047931002697750566	0.0522365522765148	-0.11557720039988971	0.03583447663349282	
-0.04106601130509367	0.032004795129999736	-0.22949185844441078	-0.11047271447964403	-0.25966885894858255	
-0.03258113820979054	0.09726435008755704	-0.04187898427816288	-0.03120258441857185	-0.0638941370631647	
-0.1611352148303425	0.03397152922512578	-0.14675441837155895	-0.10810274195082946	-0.08269221654774633	
0.005946449098013736	0.0629643620850208	0.017822003253178502	0.10972042436498214	0.13360934338163813	
-0.069988054629165	-0.005814672966625327	0.07758041508547243	0.014858208454157914	-0.02363134765806571	
-0.10870069738887606	0.011712214496206625	-0.12878790493830558	-0.027753481897050538	-0.16752251117230252	
0.03634210552194938	-0.04843710426562909	-0.11803806580257754	0.012257541098694777	-0.09524507891019209	
-0.15475309643634397	0.073440673400645	-0.13224645661773016	-0.04246122650769323	-0.08923617343587897	
0.019585731638665404	0.02393609652092124	-0.012261693692301949	-0.08090794554002519	-0.12499060468620087	
0.0021055434495399913	-0.0022876655831494696	-0.003546984907379432	-0.039439445422189676	-0.07673050018332069	
-0.2205455776647033	0.06035202166592536	-0.17590124296573081	-0.13211418005160774	-0.2028096427656939	
-0.0857736883213448	0.09341611890664778	0.013871776953875491	-0.09126681791428538	0.027741946244414815	
-0.31070269479152407	-0.05319222304704439	-0.2576115169301852	-0.2795528180105463	-0.2640749388627093	
-0.018167764616958265	-0.08864740185089165	0.0002686660754008011	-0.021756259089106385	0.007894372079833331	
-0.12971602841920377	-0.0855762339241433	0.002930491332468065	0.0013381341620686646	-0.15048256162506948	
0.020467159556145906	0.06372221425008963	0.02664091657469878	0.01886706931253257	-0.11827834435737833	
-0.2541090951111902	-0.10111975434298957	-0.1560267860429112	-0.06730231810339789	0.055953720232920695	
-0.05906346136438962	0.023076373241755117	-0.04846407083454389	-0.1529468218904328	-0.1492844218825157	
0.1270521652526667	0.14178383283811766	0.12557288986695092	0.007367662362572662	0.1903612956562213	
-0.13484297345256402	0.06117029762601802	-0.13745031538344096	0.005210774648266479	-0.0589497743081634	
0.16282010218287724	-0.013760625347579453	0.06159558802617452	0.058526655610141504	0.08074669116964449	
-0.241415628339779	-0.08418184542787308	-0.1716615089854442	-0.1841097032232218	-0.34806973156941545	
-0.34766121310212306	0.04441243359749134	-0.33952679545650744	-0.37196159472867873	-0.43773545472478453	
0.04393926097596602	-0.04783347710001483	-0.011879678155745178	0.07961206328726425	0.04899504654497465	
-0.2468174499516602	-0.032680019800932096	-0.2515739873718615	-0.17649556196092847	-0.36377803774757334	
-0.03090034224960129	-0.06148158884366106	0.046265337903290175	0.05402499034468515	0.043013609191447526	
0.08145033368452953	0.14812710415721267	0.1541825009601445	0.08774421345871268	0.14497173707458758	
-0.5583696353787286	-0.12538390123269863	-0.7731615220256175	-0.6300161361146072	-0.7665381755794858	
-0.4833503390277918	-0.20449838218791283	-0.5524664478770738	-0.5414654767412879	-0.6824275334836938	
0.09347944898704645	-0.019108115873186504	0.020740045288191677	-0.00525848125936285	0.0640944280521271	
0.08049116245137748	-0.04454252712759755	0.16442370135404422	0.14554744549601475	0.19321180955375972	
-0.14139581432162238	-0.14889727285263815	-0.32661281633467376	-0.21258796687958875	-0.22029927007629138	
-0.05439439006552468	-0.013881492654087144	-0.10072446056284524	-0.11906676099624701	-0.22248208572682582	
0.1476711935966916	0.084506227081612	0.1980678464070215	0.24031937713956777	0.2772089636366551	
-0.09147823518271228	0.07542254213399663	-0.13998709201224194	-0.13049700177252097	-0.13694944841320839	
-0.469762594044648	-0.2334681756475701	-0.4535759845075732	-0.3685140421739939	-0.6265004704698638	
-0.17083814759438132	-0.0454549011452875	-0.2694025457986187	-0.06750252977864124	-0.18563338882301325	
0.017616717656305368	0.01157547004659995	0.0025867020058162947	0.020883516777965246	-0.016674890961880393	
-0.20477439446677462	-0.04398805744168441	-0.18020814219323233	-0.20732238883219165	-0.24553093171458815	
0.027895438777237245	-0.07762525661557106	0.014695393775586997	-0.015447197236691461	0.0655862701484947	
-0.055188742379949474	0.09944987730009722	-0.015045295000940762	-0.0726652035051286	0.02047464537011629	
0.020893591908723617	-0.05466350225950544	-0.015832029498262255	0.028660401083189152	0.06759668007590301	
-0.10963207663671398	0.1304132706355979	-0.03445191011154339	0.08881409038923221	0.0008339074890836834	
0.22525662976095484	0.06840814687433425	0.22313100999768692	0.12646938976426186	0.22133052973527892	
0.007121068090862671	0.09887602947830358	0.0058879172656226084	0.005924717747680164	-0.0036719447110436683	
-0.05162336416591055	0.0653797409627357	-0.03210713772258392	-0.040105636868146145	-0.05057139847011804	
-0.0369308252402849	-0.018765396154492794	-0.017458982270181576	-0.03883074256913468	0.02149118197112505	
-0.11483656967090423	-0.0923531523105658	-0.16777212882881967	-0.16286822610284898	-0.09857165717346768	
0.1014427868115872	0.09313219232134558	0.08051962299083841	-0.013609618603532225	0.005598077562106889	
0.09217163466461345	0.04639179197817859	0.08796610520060588	0.019334586168903864	0.028163848418957065	
-0.037694755775291244	0.07027490410278626	-0.02884606543366524	-0.046256503976528474	-0.09482675191910139	
-0.09934617455513231	0.0018026282265102404	-0.10043994220366066	0.0767779480614551	-0.094225749625295	
0.09464205080214157	0.08829106019358941	0.08366615138620555	0.03898853121765573	-0.002654420625429282	
-0.08624280113578967	-0.016232309373212316	-0.09120827940969331	-0.03947550474298791	-0.1079485231503302	
0.019538029247072694	0.07750054028107498	-0.11299658867910463	-0.14843629588703966	-0.1461727991106323	
-0.09039925474873883	0.04247874908348217	-0.170472844736647	-0.16254856461365447	-0.09966094468921889	
-0.06998860314807569	0.027949521354481158	-0.15612303339520275	-0.13515487068875764	-0.039042216916627424	
-0.039415645731842974	-0.0519275101778203	0.022196660043749258	-0.014966571067017353	-0.015225365083218326	
-0.07441159877906861	0.06789109453265461	-0.02114593643515268	0.0015752895583371529	0.038005169104272714	
-0.12498158412191014	-0.022560227438218925	0.010751270294600171	0.030284257113477424	-0.08593235331286544	
0.026979972409335595	0.09299551380698161	0.03901831087273091	0.03953992308709451	-0.13265587579278948	
-0.08708505476584695	0.023976326682684183	-0.14525361450252983	-0.05044144038987117	-0.2132313691956863	
0.01871504916659445	0.051462965985497225	-0.11779115686408036	-0.0785049546147242	-0.011665248166172674	
-0.12672141264914438	0.07292622479433543	-0.03518120836717231	0.003874902528629377	0.03029450948703051	
-0.09069734315411353	-0.08152729320934383	0.000719712338325914	-0.04275399391276002	0.04552859309404284	
0.004652626217728432	0.0949991771881932	-0.0635000118071214	-0.012949685980679925	-0.12825357941342794	
-0.0343152706240507	-0.07407700438873062	-0.07497822948996766	0.019059610106140268	-0.10838481608790677	
-0.044621429385597614	0.0762634584647093	0.021784486022398127	0.014192985167931198	-0.06601402149037762	
-0.12030879722847168	-0.00036751552326721266	-0.041729393316166846	-0.17219744562913986	-0.15739621584743765	
-0.08097085132126021	0.07310988928085707	-0.06832533945679341	-0.1168019201024646	-0.07702154315951962	
-0.08329460483516299	0.04918009673337204	-0.08116319791938324	-0.10842492873542796	-0.025248244008793653	
-0.036318254215627316	-0.04124627730870119	-0.09754255739410975	-0.09903448115713791	-0.08644680399157832	
-0.014975839781898145	0.032326571398411816	-0.2454088792999038	-0.08593677122557458	-0.1598119152101218	
0.046886124067469837	-0.04879051706200834	-0.10525499489083956	-0.10101663886300982	-0.10540460789888763	
0.025384807270843877	0.0775754475223462	0.14489536215804658	0.12916992670062705	0.13705067412115662	
0.06272199678467348	0.12456990642351055	0.05662453995655864	0.140557307971172	0.09246896331686955	
-0.08392593831959544	-0.04565905531755531	-0.02873954418627887	-0.0046099850546994685	0.10127247042092662	
-0.12423895947506994	-0.08798918396614583	-0.00997060816254574	-0.056161032780369484	-0.03939497860085446	
-0.07656285590850716	0.005848932211437163	-0.09163459946219779	-0.053465705776350236	-0.058696006719269445	
-0.08357044710557143	0.061897632412344555	-0.25349029046647176	-0.0711398724594307	-0.19642455882705526	
0.0863669513610754	-0.0646230151757507	0.07000146981481953	-0.05242889277429804	0.1365690889082469	
0.020275248000472167	0.05546343320318121	0.017700370756095075	-0.14075780524768358	-0.13789710510727335	
-0.10095412984867473	0.020843290171305037	0.037173207008484345	0.039873829888435	0.0023464192126625917	
0.046564261561093875	0.09651719697671308	-0.0279692466177737	-0.02342741991643166	-0.09251402555490947	
-0.059182320404697765	0.06649984895891643	-0.03227209331754362	-0.04421093174926711	0.09838346045806413	
-0.16994226362386644	0.0769418660446302	-0.20693541554467865	-0.14637943074323675	-0.19523708045933486	
-0.03502681463300981	-0.024537945605095163	-0.14998907644570017	-0.09997107156850216	-0.08661111726718748	
-0.10018321891204458	0.03907796430707899	0.03168476184978446	-0.1210750926944414	-0.028652542002830576	
-0.0643783690975065	0.06872834783469582	-0.04280413746472403	-0.00022983146140221255	-0.06858955552890712	
-0.059330823115400604	-0.039842277407740406	-0.2026400247637646	-0.09884779411549408	-0.16273431764112006	
0.03815764311317236	0.09137208969802366	0.03351605621121593	-0.04204044754906245	0.017914136308947226	
0.01494396255753671	0.07825163899258665	-0.00129260702543784	0.0156709337483504	-0.13259081899124403	
-0.005347903371196923	-0.02607951164234908	0.04232437051420876	0.0061351610330577355	0.0984194883186608	
-0.03758915632057221	0.06624944491940742	-0.12577004554252807	-0.02644986360042762	-0.10465093084725877	
-0.10104238993224911	-0.046017416728974664	-0.20185667496104742	-0.1655698047022358	-0.1375285315841535	
-0.15639148394541738	-0.009100005826998978	-0.20705676777979476	-0.13499021788607232	-0.13714688209184728	
-0.014670796950007113	0.03795412527203105	0.05752578569692505	0.07742041666968692	-0.1112761614870992	
0.04290097940235452	-0.036394306455504725	0.08175821064001193	0.10854924085121657	0.11907940234050424	
0.15260970282172107	-0.03986642827142841	0.16431140264996766	0.11308800486987679	0.12024671795280185	
0.06276878724132798	0.06742261425241185	0.03784511294057074	-0.0905183049004812	-0.033507772044900866	
-0.041598812096173304	0.03955329520339226	-0.0720896935502134	-0.041481277222027546	-0.08981085115472325	
-0.10900539447690823	0.06983493689969716	-0.07839772786626947	0.09298752792746529	-0.0473673006012622	
0.0002748940195541702	0.03509698830666111	0.07239914537613136	0.05175946819190821	0.0168523025601529	
0.048384221926620646	0.028695775066205614	0.12899871480125194	0.11495524476251955	0.009247609204949355	
0.02188962714733953	0.044385163269422254	0.1762197847226239	0.02367651372874463	0.21073894675886456	
-0.08532376950448506	-0.03774276071849147	-0.12273618587788124	-0.08283216697704625	-0.1626563428027588	
-0.028728655387036155	0.0792804313439692	0.02233881247697246	-0.01850916195926273	-0.017564850189730308	
-0.024359511491210007	-0.047269417798321736	-0.008615520019367004	-0.006005200760565901	-0.07688499123357669	
0.02745743169950813	-0.06020964088832391	0.011983784333609004	-0.07828455521337069	0.014531352931482291	
-0.05006643822995249	0.07747453985850297	-0.11555424970326131	-0.13049811213490872	-0.016958627926009412	
-0.055679167878168276	0.0339041959339012	-0.029218038374149588	-0.09983808128146787	-0.04431355160221836	
-0.07477698610859271	-0.055815743095261834	-0.06885834260870975	-0.10670777142199213	-0.089924989763449	
-0.1052846713014849	0.03271442370752576	-0.23943046898434212	-0.18607842848890224	-0.22118617434621363	
0.14376462934564235	0.058979324715177944	0.09843973306368467	0.01713467618208696	0.1572601208089446	
0.016554002293453093	0.08532842600756123	0.0358394353334033	-5.547893671171307e-05	-0.06837878064682723	
0.0020045742081954867	-0.07863730484755443	-0.1855627928368848	-0.09739614038803218	-0.11849315009393066	
0.010252128481457241	0.08071977730218087	-0.019093656312555978	0.11679392346896826	0.15501056349019962	
-0.09978224420654677	0.016179892145821675	0.00828034624459885	-0.026090307085125403	-0.04630839774597888	
-0.07898360689583742	0.04484499158257943	0.0391015403109954	-0.059700669915050165	0.01845322392606448	
-0.2085172544281818	0.06484128842432103	-0.20415481212407613	-0.1338937181795199	-0.19800177159553933	
-0.1646371153683861	0.05744171350819325	-0.1881075184325999	-0.12637415537005256	-0.1433809003077477	
-0.06420589707037158	-0.029037923688180253	-0.07968830206468966	0.019038606597002135	-0.05133700557384768	
-0.2217410548073733	-0.09020315745389847	-0.15891787529522416	-0.24433036881774697	-0.1631352928010631	
0.026499103793807224	0.037416110998651095	0.06048954959522362	0.163101662164499	0.0920647355153511	
-0.03955681069890709	0.0554386530662544	-0.11377385492205115	-0.02765119344388512	-0.13019346618770974	
0.019293953197057578	0.0625402999655338	-0.14451953741660198	0.021069834970109128	-0.15959706575584628	
0.07316617864015201	0.03540685620228393	-0.0036724412292608918	0.038197443166484976	0.02356557715030237	
0.07508007328661917	-0.047369555658124944	-0.1190734944663042	0.06277404399091877	0.036982680095571395	
-0.0029415342002438697	-0.00017035122232142498	-0.005848364512697605	0.008303725622677963	-0.10418314180425856	
-0.0975230354054989	0.04800557431785101	-0.137670768595987	-0.1860291345408401	-0.1723935169369789	
-0.029869917931324007	0.07803561994872536	0.12883836146417832	-0.013742092719857966	-0.0016094799623537202	
-0.009291946209579746	-0.008095370136852418	0.12347191371714698	0.055533105632431516	0.0012566930575803263	
-0.020860619061808614	-0.02532945589011797	0.0696516078934761	-0.01474975766350583	0.035512174587729324	
-0.002788808121506055	0.10475456574102204	-0.006285423288978193	-0.026954707325960496	0.009614301979385181	
-0.0984109580872588	0.010309618390468907	-0.1015531132419155	-0.03847553112295289	-0.004042189429633155	
-0.11419971944046407	0.06654651503666678	-0.1779090235347572	-0.1060973428146198	-0.24004062093531944	
-0.019202024489598672	0.0693478463167824	-0.0322454278713539	0.016410436201244487	-0.023012052316472888	
0.052081875902870375	0.10192480489729921	-0.031625040305548545	0.044466547985092184	0.12678134946973718	
-0.04516433580503291	-0.054267664238438124	0.015330839267113436	-0.11327240157468724	-0.047622780266998954	
0.08180616599915867	0.14545973576883045	0.0848248279212451	0.12785823398364543	-0.019647359205960186	
0.08607696660320399	-0.05243676139773723	-0.02062962282145203	0.09941122589878154	-0.1104391755153927	
-0.07016898410208089	0.03760082219914454	-0.1780121624688314	-0.17090990738948442	-0.08523858138960952	
-0.19686206095772543	-0.13847760771451442	-0.16384608988604396	-0.11137155930422744	-0.2212608979809507	
0.07079784650872817	0.015802211973400832	0.02592026288608697	-0.03943422703720771	-0.04127615128775417	
-0.10454963447294462	0.06926315732128992	-0.07497459929880426	-0.10408398412026054	-0.07605346854215489	
-0.2547410956224565	0.014990963963164666	-0.0741749042800159	0.004079089166971054	-0.1390774760095273	
0.1291476583690094	0.09490219971212677	0.126139667409453	0.020219278762170563	0.08082386421182211	
-0.01969683295560466	-0.016471343788517286	-0.0405391409523138	-0.01743625200756672	-0.037166960301821365	
0.02536102689365386	0.10475083224518833	-0.006695525985472931	0.10026251202281362	0.05107701983896491	
0.011915436041562298	0.1214176639090038	0.1214455042987929	0.037676205601329046	0.1377887315252877	
-0.038198513352565605	-0.008278842767885139	0.01110524920725279	0.08610667699966883	-0.021756004652762517	
-0.0031522556319543613	-0.06204059983694869	-0.0862129512114485	-0.07344115893620673	0.0028474840043910955	
-0.015902474177473234	-0.06208571315914355	-0.10373828511926114	-0.020974849624229918	-0.12545831048953915	
-0.005862433470939441	-0.05595249688836129	-0.0911384433150751	-0.05123026547267123	-0.16350735016220141	
-0.1983660114952412	-0.018215618676718007	-0.04067709639794821	-0.13362155037300524	-0.06804922052946763	
-0.14776627703754222	-0.017662024050770653	-0.1811602949830892	-0.04515574465877474	-0.06590634756936532	
-0.010564363317649612	-0.023594193465703146	-0.047590592687691564	-0.11715380320862522	-0.082914949090533	
-0.07167778874028748	-0.028382559071607735	-0.1350222575809264	-0.011641626359957507	-0.014707427804868155	
0.12748360072568143	0.07391837820704177	0.05943693408439887	0.033276253331989775	0.13902468718705352	
-0.0157180430040791	-0.04775931379493857	-0.12612593242737546	-0.11697098607639218	-0.13967912028505397	
-0.34570992934709666	-0.12403632018586966	-0.3711608535755236	-0.18324437602221846	-0.2596143695044525	
-0.16462817325826506	-0.0020049939904436685	-0.2786825893818593	-0.15810188774489234	-0.21778667860517806	
0.06670232695035025	0.04524748599504572	0.006934215817742818	-0.09357444812217519	-0.008786921644916852	
0.08557580009956929	0.11168762457823618	0.017508025816843065	-0.08345726928242694	0.01920774841438555	
-0.06223368951939046	-0.02615704699304208	-0.11234337341377787	-0.05780512315245205	-0.0161396852711928	
-0.046848640216698295	-0.05447102182660799	-0.07290049510095668	-0.18021499014911516	-0.05356831203287338	
-0.16537727305604752	-0.04222256628126819	-0.12057315151165938	-0.16024030694775476	-0.07811662052694869	
-0.15119243573970512	-0.034636660730229536	-0.17484790788466661	-0.029749077212523865	-0.04646725776003462	
-0.016757596886882904	-0.03794779219921647	0.0459214238174503	-0.03467836444139528	0.06882661854485324	
-0.06746446431090135	-0.019828765214003972	-0.12411397038341483	0.021358157294115714	-0.17952496056747272	
-0.7978993292545756	-0.28873395773510047	-0.9421745364033443	-0.7061705286348825	-0.8456730538770725	
-0.23217587592403838	0.017326916942517485	-0.25814869199089396	-0.13191952148579197	-0.2696071280552785	
0.1029951223940704	0.055057620397058374	0.11925322575384315	0.2476869255854433	0.23159542328118785	
-0.9896648960373767	-0.05067637457898629	-1.3352456067949316	-0.9729334366943982	-1.4810532176302942	
1.8326240164712797	
