TESTRUNID EPOCH: 98 L_PCC: 0.9054109927352689 L_ERR: 0.002581242839689696 T_PCC: 0.8038792677886784 T_ERR: 0.005074055214952905
180 LAYER: 1
5 LAYER: 2
1 LAYER: 3
98 :ILEARN
-0.05638737026949615	0.05629657208214771	-0.14485431049632	-0.06420271531991711	-0.10191074552388513	
0.011678249595876794	-0.01901221678818528	0.035740841251758214	0.03386930577645394	0.044743489779358804	
-0.0718083170936347	0.042048427450865844	-0.1515178968983261	0.005901822443050308	-0.1691703444290828	
0.04450889211368099	0.007359959629010109	-0.0614507781865739	-0.10471343327676107	-0.10081703230895912	
-0.26412661137310417	0.017450272113952007	-0.3616597419754881	-0.23354204532326775	-0.2800281182807597	
0.06769323322830188	-0.06902142128942042	-0.11733902345561022	-0.07892820630499153	0.05123801138592723	
0.032532160835850574	0.02562554122581288	0.17765230271337137	0.08618228765742769	0.11597602398056177	
-0.0485809197130082	0.05952322204623569	0.02853102511289688	-0.1348153156529002	0.024904235635060626	
-0.05063321818520736	0.03919689568222343	-0.2198449642977079	-0.09942318982854728	-0.2720850921031286	
0.012829386129965127	0.10050370161970491	-0.005125323502869909	0.025085383968524222	-0.0021983585314718263	
-0.2268043881101783	0.016409513024294345	-0.21110967297164612	-0.1613145582170641	-0.13300034098840602	
-0.006278007949958424	0.05692925146358611	-0.008753286486856686	0.07566677693606884	0.07618256299539833	
-0.14812499313088992	-0.023533807875733104	0.009863856332981343	-0.03439296833690486	-0.08298025728425328	
-0.08870170960345086	0.01564997276814685	-0.0965475021301334	-0.004621570149682711	-0.10459705263647322	
0.08481766065060284	-0.03152613849987687	-0.050023582515225366	0.07507091020838087	-0.0307673315323098	
-0.22236482612036707	0.06705528685883748	-0.21591485143248298	-0.10896913899093798	-0.13576953033672828	
0.04875755799600171	0.028712405493298787	0.012175487995099063	-0.058899794400934326	-0.07703928518511272	
-0.020462322652889445	0.00023936639508871183	-0.007169553381220988	-0.05236051737684346	-0.08255961990153328	
-0.185858908135243	0.07727897862465342	-0.1214838879657298	-0.08375636366135779	-0.1395732397346365	
-0.01015132252081873	0.10441592446720901	0.07494790892591352	-0.014360048510051088	0.11287822365787993	
-0.33123345810111116	-0.0492305732094778	-0.26860268259911596	-0.3027958073665817	-0.25274266758093716	
0.01951988037091503	-0.08784669327059981	0.036986341887413024	0.011676992463195672	0.055924941108192364	
-0.104426257050044	-0.09109891242805387	0.020818907942904242	0.011038114046375827	-0.11966369460916608	
0.03146007140614642	0.05762087253078049	0.03242080846915109	0.02325590589785437	-0.10914363579803697	
-0.196688699519155	-0.09504600021523034	-0.12967753885130764	-0.03233920598243378	0.09674625513490366	
-0.05107794079551017	0.020277938130144595	-0.037772133751423284	-0.14149773019173312	-0.13063141513372134	
0.12411148346939072	0.13227781810679404	0.10000894477142754	0.00019025099527363208	0.16324559233231645	
-0.16996323800773666	0.056577119765316285	-0.1887385634850508	-0.038683356044101856	-0.1003178534870759	
0.16080924686107667	-0.022557634870108194	0.03879718506969721	0.048593427147125196	0.04995171076523221	
-0.20297288190201399	-0.06587751300131306	-0.09486059047711869	-0.13073376778558454	-0.27527784680889966	
-0.3822936637453501	0.05698518474252595	-0.3394106587872904	-0.3803817496361875	-0.4498272799753642	
0.08740243729443622	-0.044422533204892596	0.026458358437693997	0.11693295580687794	0.096640800988319	
-0.22166632058547658	-0.01887347679197443	-0.1953808059906015	-0.135268051675346	-0.30885556008281434	
-0.06370334885605233	-0.06514251240977618	0.01430611575190888	0.02845693689574818	-0.00792268991972037	
0.01678503283393683	0.13049661214060845	0.05997113625550656	0.018152603402983324	0.05496301116552819	
-0.5040304195636441	-0.10513009646744782	-0.6685280334074859	-0.5841276466688936	-0.614580493741598	
-0.5812399215248069	-0.21890678594744395	-0.6327856024283696	-0.6457030047198011	-0.7264034935334369	
0.03722082851459418	-0.03262109065245392	-0.047949457245087514	-0.05718231722399365	-0.012155062188050295	
0.1016637327680896	-0.04571250010963414	0.18912912252186037	0.16791591214840437	0.20432357669527723	
-0.10084025051295992	-0.13119042746429102	-0.24735770534980628	-0.16198953595121937	-0.133628777673379	
-0.04019036220042692	0.008519058235430855	-0.0647288304694008	-0.08707261176752834	-0.17596269495569475	
0.12178919859655328	0.06416996952419539	0.15619314629770073	0.2098646151236176	0.22670148006078147	
-0.027043201303860023	0.08343203327392043	-0.07875197761340079	-0.05631953890345967	-0.04411800419222519	
-0.47752441444653254	-0.2467596534583978	-0.49587762921584866	-0.3668894065706953	-0.6096308686452858	
-0.27564151298612627	-0.035694202574861084	-0.3470584015141012	-0.17022120027802673	-0.3029480553718351	
0.07264423412406551	0.014150212530084192	0.05291469030466852	0.06823789015401455	0.057795004312902874	
-0.17133315253183298	-0.047949506853722484	-0.15059058826908084	-0.17443651414936925	-0.19751904195683548	
0.06558947248332023	-0.0645621695459378	0.05453170325040674	0.034701407614339964	0.12293900612773193	
-0.04203825645519956	0.09457124809704921	0.00932051701689616	-0.06147295274299906	0.06746084272439333	
0.03930527544301399	-0.04680501120599302	-0.0004646911568111153	0.034542277679530456	0.06926959556673132	
-0.09341490342091395	0.13161937307931518	-0.024214734317303293	0.08305432915062667	-0.002603489621932257	
0.18746960967672568	0.04666755377363689	0.16219422377497164	0.09093897835476848	0.1532140288031032	
0.12391385281696408	0.12206603011579457	0.13691943474811322	0.09986999607852158	0.1339494018211428	
-0.04462347576682801	0.07262566802234231	-0.000873026546211642	-0.046978610393687184	-0.0363582334639769	
0.024628479819399998	-0.011283833270815046	0.04926084662136307	0.03209279870090863	0.08753350630799545	
-0.09658886359433191	-0.07820198754868354	-0.1387464009441263	-0.1263067900350161	-0.044980958605144006	
0.04553522714020176	0.08945469664340643	0.017071192251387892	-0.06207107550212697	-0.06503618092752249	
0.15757266999244543	0.06639009279887079	0.15691139395624865	0.08338369283306418	0.10466382668597582	
0.02803578584677881	0.08517683427741013	0.05818264341417	0.006742928614264352	-0.000603953264124847	
-0.08562836015646552	0.013183521706681713	-0.08357250105371675	0.08393336282381308	-0.09215451453591057	
0.0032987620236166137	0.07868157534754427	-0.03659792607034787	-0.04653449058766303	-0.10687972117151773	
-0.004877875039891411	-0.004081613820458678	-0.030988858632900934	0.03450379450368893	-0.049674627563060986	
0.1048100527565358	0.0965099660610733	-0.043152462834744484	-0.07667485943935298	-0.05996823965229631	
-0.11076914337599819	0.016596743059283197	-0.23237515200006717	-0.20563340925604207	-0.1321336086366943	
-0.0928195606678011	0.03062673672011104	-0.13432770215153816	-0.14477915261770904	-0.04511027894320399	
0.003955430432409445	-0.06201242937083462	0.047485710482582925	0.008288636641510447	0.004549252542129952	
-0.11086867788273778	0.0454823641201731	-0.08376778956505501	-0.03856695712240505	-0.001796768437070072	
-0.15040898805551906	-0.01275614312198696	-0.023179335140856384	0.0031789828155571794	-0.07492891055483562	
0.03116124067928722	0.08906661618668123	0.023156358388975447	0.03895508004018345	-0.12937035832328922	
-0.059089601877978896	0.03915889030316758	-0.10612162416114465	-0.014444714779458348	-0.2017090880057209	
-0.012522286140023858	0.04747625035934921	-0.1308138721310039	-0.1013575989276673	-0.05350174079675785	
-0.08748669657593261	0.07205569322040256	-0.03013274072927012	0.025224263718261135	0.032868037641557345	
-0.06768662991732198	-0.06570550167611731	0.044730370163422364	-0.004231027912799405	0.059215239818016456	
0.03507030471442296	0.11316848542398505	0.003995205594973713	0.03965570083175575	-0.058561836857596486	
-0.03014466340422284	-0.080489855745754	-0.0921544270837988	0.002897752612345868	-0.14370836526027042	
-0.037252361115692634	0.0810657153784617	0.006519352639868623	0.007032717490052525	-0.09009731616587252	
-0.1013940503746201	0.005693493744899919	-0.03519108541972179	-0.16937226133591035	-0.17484464597366375	
-0.07151602064416712	0.07525036617732687	-0.04875978036821386	-0.09787105400598428	-0.0521103468896968	
-0.053009542268826385	0.057361181387297615	-0.04390553703676705	-0.06697038767862747	0.016151138856188022	
-0.02247957803645637	-0.028515517111685176	-0.07853949482617818	-0.07698430482585673	-0.0949472580269458	
0.006360280846546337	0.05183188155550589	-0.1993637284537014	-0.05625579544266452	-0.1299057885881631	
-0.007723511485739417	-0.05953875519209984	-0.15854827107103953	-0.16625824399847372	-0.15073068751766705	
-0.03876949404743689	0.05943936611334511	0.05514671114591764	0.07013943435177436	0.035677372493115964	
-0.01000398397242067	0.09956625082829157	-0.05864767613596975	0.06473907893221476	-0.02410880608920059	
-0.024116101188183744	-0.03472912429829845	-6.19867439477824e-05	0.03049864984272095	0.11623558327925597	
-0.09105255289357672	-0.09154438255000598	0.02617577993786314	-0.03426184992771615	0.013977133389236677	
-0.08050343290333083	-0.006884305187330027	-0.10326509153409542	-0.07441472540957884	-0.06555523643498092	
-0.018062379165613825	0.1037177364524825	-0.12766926981928609	0.028831153258473765	-0.12132958851813906	
0.033740831090809296	-0.08724479436862673	-0.01550980354137453	-0.1068876218685514	0.050821327460346157	
0.024105700104272265	0.0487567210561184	0.01324799422741449	-0.12621886110538802	-0.09763025945640395	
-0.11916040523052039	0.011141478737582216	0.010526085075857124	0.03870479622188973	0.0272462249210855	
0.11101698033682646	0.10095173634964758	0.05251316880821986	0.025950942366682925	-0.012889815573954015	
-0.10639217139215927	0.048996310362529286	-0.0896245528640555	-0.07425806526909488	0.08285778383207025	
-0.13988067546170901	0.06719227339721519	-0.19235345534664466	-0.1285256068708774	-0.15158722526238622	
0.034211819853697756	-0.004264493824217939	-0.0633511341949848	-0.05063334851549567	-0.03181224738531831	
-0.04261882603722556	0.06365227026643006	0.09968615336158798	-0.05244665193028149	0.038839783693151865	
-0.04985878381815948	0.08105223238488403	-0.028976525738533012	0.02124517602420503	-0.04255376933534751	
-0.06297270221542736	-0.04508777118687336	-0.20944929789877106	-0.11269539693638805	-0.17830248047688332	
-0.000281704905801875	0.05826637443113983	-0.0493224457254215	-0.10046260181728894	-0.045753686354575156	
0.0176388043073627	0.0773464151711574	-0.006488992748543981	0.025482836607895125	-0.10039752725151224	
-0.11771717909411925	-0.05002554918136675	-0.06829127431320818	-0.10478637016731687	-0.04105455686663692	
0.04889960310925116	0.0910212033558939	-0.004888769562772039	0.07823198358857811	0.011002296953750865	
-0.09532014905501052	-0.037673054856859456	-0.1807218276834853	-0.16211230766349388	-0.08068447798275233	
-0.08394285779601308	0.022502238551654213	-0.13143842774140238	-0.06042623015588797	-0.011910848629346835	
0.004673579582469568	0.02726526944755961	0.05010153048879995	0.04816086534987818	-0.06773558076140132	
-0.04294728926867081	-0.059970599129374566	-0.01680885377978463	0.03455152241702464	0.02599341519468281	
0.16124451283354949	-0.03634913894617533	0.17084482644629073	0.11752957951232314	0.1265594181566917	
0.01016039868560906	0.063826423243765	-0.01390066864582503	-0.13272223874485323	-0.06881178409614111	
-0.1358861417277199	0.025393424595905496	-0.1745229488842728	-0.13130931164653795	-0.20730792901430803	
-0.15200543441092154	0.049446947322671284	-0.13484652689034193	0.04464988006346305	-0.13229680423997736	
-0.012858379402306577	0.01704040271361787	0.04696816605061746	0.03296018779332565	-0.03384619545923515	
0.005011491956985452	0.019936011692056207	0.08635219785033853	0.07905147712686181	-0.03854566124415444	
-0.03623065714759842	0.013273842552872943	0.10296270364029682	-0.031082300472613535	0.1289298852844324	
-0.016170587828987015	-0.02270248390483671	-0.04440694996322276	-0.021554957338961376	-0.1420138721669319	
-0.08923265727569936	0.06595033578006414	-0.06446254479877382	-0.05750278883055346	-0.08881607742403841	
-0.06175565165750023	-0.0478108847791225	-0.030152544286670097	-0.038694229024127495	-0.08629420355636938	
0.009801391880132493	-0.0628090142722197	0.00695208033146508	-0.0994721406101009	0.007283247835759146	
-0.05974943092423992	0.073321147373648	-0.1245099513306159	-0.1363568136179141	-0.05112448822694918	
-0.00880627002259307	0.03832612815224056	0.0180276141919153	-0.053748862191284275	-0.02627385850365711	
-0.09448437303712579	-0.06934017267752249	-0.091631033855752	-0.134536603959962	-0.1371038653603381	
0.03092576860350386	0.05224213255822064	-0.09041531720428146	-0.07056383499724819	-0.0631430325169163	
0.11317813806858028	0.06055545104201834	0.03227837066933115	-0.006554295542573466	0.09786341141108879	
-0.05373520901187587	0.08795647702981714	-0.0039062399331010003	-0.030077859458944405	-0.12917940455922877	
-0.015433460076435559	-0.06716845930330037	-0.18429006174272886	-0.1058835411488496	-0.15211967296445786	
-0.21330959599851282	0.04114245008162269	-0.2535943064907055	-0.11892629123961972	-0.15026754954085633	
-0.12773611400104923	0.01862086482112417	-0.0119582928553901	-0.03802417249887373	-0.07688244019246414	
-0.09017298685183787	0.052826130914146785	0.03766102123863493	-0.055965922039218303	0.0038981415520314556	
-0.17087601104741784	0.07190464203912399	-0.15637158484024197	-0.09744504946729698	-0.15134055487339787	
-0.12920032882957525	0.09380610484388664	-0.08781163685189693	-0.02465287104136283	-0.060596756335792264	
-0.0029523195476666656	-0.032007885092609004	-0.02620113485372047	0.06107091132265005	0.023221074078663397	
-0.2098321239157493	-0.09525972086225266	-0.1554065299078049	-0.25132204938315317	-0.12147528622243968	
0.07885891064692897	0.050475585446211925	0.08992244356843171	0.21083093702078845	0.1152237218094139	
-0.03285180473452401	0.05269336341829916	-0.0952063841870268	-0.01143008523307906	-0.08031267278296403	
-0.004693980804640081	0.055072656333798244	-0.1776434463625437	0.013891525712106329	-0.16344610906899687	
0.2010957333917666	0.05173939632067941	0.13617990105545766	0.1737840328141507	0.18743173447261705	
-0.01062778476209864	-0.0627220497976272	-0.20179184386985657	-0.003158016459219055	-0.032235969081095946	
-0.08938657138144585	-0.018302671496137166	-0.10844009964584496	-0.07641256160163425	-0.17601473091245187	
-0.08016367212364223	0.046117918958014946	-0.14828957163472634	-0.17787002033556068	-0.15492262577921714	
-0.09372199522444154	0.06567866059005487	0.051186131454142435	-0.044276564272293796	-0.07340141944489009	
0.011770364017168503	-0.019155280119718916	0.12909373703002244	0.05881891391422592	0.021866485952680387	
-0.002543828504099931	-0.024530731643587732	0.08899435596550809	0.005494765427905581	0.02301546426958561	
-0.0626398284432828	0.08134091092361233	-0.0709136496611945	-0.06959599639022863	-0.03562100527773808	
-0.014799279360665838	0.01508732960579309	0.00690821679910173	0.04441968091972591	0.09726726098731316	
-0.08360162226396298	0.05949338028404344	-0.1292805811394794	-0.07475304359825997	-0.19723815594145627	
0.04147536217623901	0.10047799403778926	0.03772273502038234	0.07874443838464505	0.011277058102986523	
0.015905625081508175	0.08743287613377841	-0.050655778015100905	0.032682965851307075	0.10494772267319674	
-0.05978679805864365	-0.057498082410817095	0.006422843812081708	-0.12106507130021527	-0.0589453644241884	
0.07313868867772934	0.12248444345657894	0.038648838631467654	0.09780038237086647	-0.05273116029340381	
0.0962711315115527	-0.0603999472736733	0.00032888496947037257	0.10723730461734148	-0.08737991744377152	
-0.06126651707640913	0.05586885133743028	-0.14870353980640924	-0.15790075911512214	-0.07200525373930243	
-0.19985215543731835	-0.11006246774447373	-0.1306249266646968	-0.09377012543009408	-0.18619045375511517	
0.040669457276857474	0.00040404670305679776	0.005000665187997485	-0.05065336430550532	-0.05840030813811702	
-0.10313173716521339	0.08657942284712503	-0.03189103809642213	-0.07414686809194226	-0.03632109018061895	
-0.1353793726364603	0.050807131659640875	0.023175635298032227	0.0847747471645594	-0.0075717595820127106	
0.16038759579554454	0.09442399237929633	0.14661184920256173	0.05581266625455589	0.09400410123255619	
0.02151971365113003	-0.005868715768605101	0.021490064032391835	0.03739396841468479	0.013738121547338706	
0.005531287231586526	0.11067138423089741	-0.016338769593125496	0.0949940384998051	0.027794713957750825	
-0.05388248044656354	0.10040687360276909	0.02170823829820969	-0.03081525250618642	0.04746043652973443	
0.024757086481375184	-0.00182581074496268	0.06336156958259241	0.126796687065703	0.02901177290707549	
-0.037571596525448905	-0.05288615227536561	-0.10784109907072757	-0.10103111055784048	-0.04898048556231974	
-0.002370634348355954	-0.05585171636937543	-0.07472289995053259	0.0011297894932688836	-0.10344844606599632	
-0.04552193373680646	-0.06536584594417391	-0.13031691887489716	-0.09062089826202319	-0.1990538449718326	
-0.2069354677483579	-0.021537546247893613	-0.03056125541590828	-0.1331926224956775	-0.05785396652126048	
-0.16488243920901627	-0.02528023626454665	-0.19287614741546033	-0.058759979143883985	-0.07555941037575174	
-0.04251623022829322	-0.030836366904619134	-0.05922730766147346	-0.1305761602502853	-0.12113657690340264	
-0.12220716354810145	-0.040415916539887624	-0.18870892141997736	-0.06514361530587308	-0.05959473007392887	
0.08851766763569865	0.055152943455120056	-0.0038454250787079798	-0.01721944601983663	0.07743208851733462	
0.021788101672057456	-0.037658430780277856	-0.06923824641117403	-0.06574152999317649	-0.07657719935238012	
-0.3026203549055429	-0.12323659397026969	-0.2961477457878799	-0.1413861395162134	-0.17454805983729527	
-0.18346366355164884	0.005363790884061834	-0.28601805288751275	-0.170347356915974	-0.24601409581501255	
0.07210778290315788	0.05123422278369751	0.004388546685620098	-0.08597536483219202	-0.02447902165399943	
0.02922975421440906	0.10156699544486965	-0.03485236941986631	-0.13506712281921182	-0.0296544586136356	
-0.07104020311942656	-0.020376141344523514	-0.12118792388622215	-0.06573744573668093	-0.034225896988425604	
-0.05321197364025085	-0.057184309403596735	-0.09694693399367062	-0.1956394348081521	-0.0829863764256386	
-0.1806228510309489	-0.043965879537718494	-0.1328197392077074	-0.17178729349444902	-0.09062248047289248	
-0.15773226219389802	-0.035649649370751754	-0.15638965655783524	-0.016162330979585405	-0.032961092041710494	
-0.03886989761671555	-0.04146591789336791	0.030547287252995662	-0.044998233869500415	0.04454595037633246	
-0.0020692768411518033	0.001883175334355159	-0.11932980404724748	0.03947112621074458	-0.10749892311218827	
-0.8395885930185045	-0.28325128482039214	-0.9509117112571938	-0.754553662465546	-0.8378291805224689	
-0.2475591191087935	0.025308319203897825	-0.2560780188016371	-0.14002268721892727	-0.28582660647489244	
0.08987776506556837	0.05066510659168161	0.11159962981153192	0.2355647680196146	0.22125780148244023	
-1.0783907722637351	-0.007885350577971916	-1.295488412603106	-1.0222820720591224	-1.3646939136747804	
1.814875397154557	
