TESTRUNID EPOCH: 99 L_PCC: 0.8994963756239883 L_ERR: 0.002734882971038841 T_PCC: 0.8370488185032844 T_ERR: 0.004222409350573676
180 LAYER: 1
5 LAYER: 2
1 LAYER: 3
99 :ILEARN
0.03177801952615796	0.07279441685734568	-0.03682744374097783	0.018691017376863076	0.0005499485973219423	
-0.02877756695780289	-0.022481612871921002	0.006443930700197737	0.009969067491320843	0.03245972295219953	
-0.029557478933437773	0.06419870129368603	-0.07184637195855431	0.062132564903757535	-0.11311490175507889	
0.0393192632559406	0.023977431765979627	-0.0060521473473294386	-0.08440326313416414	-0.08224638473007281	
-0.2316683136984477	0.03222462812356152	-0.3113925954097308	-0.1863473770740092	-0.2449299999811893	
0.03183405267064609	-0.06732743010015754	-0.14215925161418835	-0.10984507886342189	0.03825462233219319	
-0.03492825127480648	0.024244835454240103	0.13219138655823348	0.03941005171777341	0.08053533988630006	
-0.03180171645447431	0.06106301070972109	0.06649955780981676	-0.07806932676146121	0.050362395794288445	
-0.031499245745672505	0.038583261205210176	-0.20560997594658809	-0.11251750150860088	-0.25116265627937545	
0.057037378923456415	0.09504481844867033	0.024098383163815754	0.0361876926423261	0.04083195648638664	
-0.23093323539265337	0.0031104719682868063	-0.23588550471376582	-0.18283015487432708	-0.15888084017684964	
-0.007222893494321283	0.05851139848166371	0.002029665876371223	0.0941948023659746	0.11355195215190989	
-0.08732199164814726	-0.02593062479146663	0.03326041086609511	-0.021451041903197587	-0.04390088274309451	
-0.06075937763358273	0.01777765411155178	-0.10223910135966992	-0.003601809006671988	-0.1004664912865337	
-0.050521113425778925	-0.04199848624867378	-0.17641992988727895	-0.031226172519041275	-0.1628837494143166	
-0.10787454649052447	0.09746074237432631	-0.06111703480510555	0.020338634842157647	-0.004684492763712062	
0.034578540620958	0.03320401896406799	0.015080587609614478	-0.05569244338750342	-0.08783954610865136	
-0.004919046773099265	0.0012657613472932352	-0.018921788689360734	-0.05278140437736106	-0.07854685384396806	
-0.11232943148356395	0.08798478382282243	-0.07411078966922569	-0.052563178494054494	-0.0745227279752307	
0.021678947850255842	0.09826080697732849	0.10031190515892623	-0.00766322959992486	0.151674028080431	
-0.2641803367873703	-0.034254687786445186	-0.16912488994850447	-0.2232232378905156	-0.1733670653138044	
-0.036248383940309575	-0.08644413091454904	0.0024982337515939224	-0.023944880365607196	-0.002097388912305355	
-0.13499593789462902	-0.08642578790557222	0.011330845941083722	-0.0013621790367907745	-0.15213468455055928	
0.027533859452060768	0.06575628002352975	0.05126417601252383	0.03148833395232997	-0.10092251709355511	
-0.1874935198700729	-0.10189987411745498	-0.14556101635010804	-0.03617672407924791	0.08513024942199776	
-0.01852687675104259	0.036229618344347396	0.019715616278034333	-0.09338022323647069	-0.09524577616575339	
0.1003262493291344	0.13672963424834864	0.08810372492172647	-0.014425128381013534	0.14633008858404747	
-0.1470106296033535	0.0647289478048925	-0.12808824089674936	0.0037306120738390667	-0.062447644163107004	
0.1278257166288736	-0.02506414739768014	0.018356860295303926	0.027006218932669794	0.015096894710749624	
-0.2053382810326097	-0.06928063022842877	-0.11166289048512788	-0.13420094829032211	-0.27122666798081163	
-0.380861229982227	0.049824407805856674	-0.3382338152027082	-0.37725026932708994	-0.4330268132588976	
-0.021752481039531955	-0.0522751906234633	-0.06917453811971142	0.03549302686603882	-0.024226835486853008	
-0.2377411905888748	-0.02368473744393897	-0.2116113500200425	-0.14432320843513918	-0.3235977069039815	
-0.08766783984460759	-0.07180703665178091	-0.013223392593078444	-0.0003509849449682949	-0.023289548665336196	
0.011097498598342116	0.1294901469023656	0.07276472993463562	0.018076586689747924	0.06044824919560812	
-0.5446150960738774	-0.10192663543208219	-0.667972010218154	-0.5970787094404175	-0.6768554241473435	
-0.6064973137780718	-0.21497810422657096	-0.620617302154293	-0.6541828459886447	-0.7526053476661227	
0.06299126479597585	-0.021570312765729172	-0.0018271455641552588	-0.021958883125686817	0.03011206055560495	
0.11138117419924999	-0.038843600264849835	0.19726703125807998	0.17544378932504903	0.21383283675501785	
-0.08239629131485726	-0.12850359386907861	-0.2408310868679808	-0.14570515864896721	-0.11385422150120224	
-0.08215908743298213	-0.0035805149280866266	-0.09320946640428684	-0.1264366371342428	-0.22743791890828205	
0.12644522238466344	0.0701166865089749	0.16502269446877726	0.20951916606647772	0.22435518330854495	
-0.10413292309028963	0.07150493203581623	-0.1689178187705015	-0.1377810879653115	-0.14881572697681322	
-0.44317075858646254	-0.23687498317287972	-0.4280657811090523	-0.3248317825324798	-0.5774833355412825	
-0.16534026948272776	-0.025046976217851742	-0.2527491846493029	-0.03289475080388798	-0.14354306343683165	
0.012614984459769161	0.007713536418278953	0.007650909095024892	0.01769460062195102	-0.019050841765480248	
-0.21938142894971163	-0.0508780375383798	-0.1711254136547221	-0.21180188440515954	-0.25053366180267306	
-0.05082981493039484	-0.09146931522932046	-0.06053452031692317	-0.07454713351426812	-0.010084156677737948	
-0.07288820008041076	0.0976622803796938	-0.022209261580775932	-0.08700291413955044	0.007890878441689843	
-0.0030323007678442425	-0.05256453484131255	-0.040527314227650824	0.002945092249787938	0.03430012558644429	
-0.12361812596028225	0.1306961462004266	-0.04110395613728489	0.07006301791280309	-0.019260887315032185	
0.2351189514021476	0.05655189626983929	0.2160048237318366	0.12385711343639155	0.205289690072532	
-0.05599127105047705	0.09517159759248657	-0.04113462184007917	-0.0565855280773546	-0.06750718638892744	
0.05418460394191522	0.09620313563982613	0.10542985846246708	0.05272475894111408	0.07451253018367515	
-0.04712876376436101	-0.018703217861728547	-0.01148339117948619	-0.03181126960437275	0.028206750412632018	
-0.03206045613096608	-0.06437252555281914	-0.06412050506101309	-0.07238207905616725	0.01620912963516892	
0.08264838865813677	0.09839580893476561	0.0557212654820521	-0.023570600629273342	-0.020618372243410985	
0.11349328356857691	0.05636492532217163	0.12595726163289206	0.037671497264250606	0.054203349853715665	
0.02179496214792462	0.08838470009940944	0.05121759842118459	0.006110858094984799	-0.025069647192573152	
-0.1252614370244584	0.006490447974250894	-0.12147671419380866	0.055233821856129836	-0.12436950515576504	
0.019556804156778535	0.06860488476387985	-0.007013070775535808	-0.0427593963121996	-0.08016149271086022	
-0.04195521938511795	-0.01211963091038593	-0.06945153173433531	0.002519816325404164	-0.07679895251502208	
0.07325052107552137	0.08777985450899234	-0.06135666492656482	-0.103352042570036	-0.07875543598157869	
-0.07122465453045873	0.04601627261396372	-0.15628627367327644	-0.1382425658313368	-0.08468813344583453	
-0.1931452343651472	0.013594143755690302	-0.25009752907874727	-0.24439150726135195	-0.15774451146487864	
-0.026927575066566997	-0.05957363214766561	0.01713617585575327	0.004041190629930702	-0.002461300766155602	
-0.09507618482401027	0.05360338225135548	-0.07205346093772169	-0.01413343016337495	0.009917202662252178	
-0.1073120260732297	-0.016371682766090932	0.06809370508456375	0.04168678130240019	-0.03235971936665	
0.004493684917633481	0.09066657219927486	-0.018969520822648002	0.0018866776722635302	-0.17034698198975187	
-0.08552646275949578	0.031148887821452635	-0.1271089410469455	-0.03236080033139999	-0.20776179163465525	
-0.00957891986577117	0.04875592934476209	-0.13177530206371896	-0.08040724154808655	-0.02862812343202588	
-0.10396249690546211	0.06854376046634772	-0.03563558326925758	0.024016863873481016	0.034450114906716144	
-0.08623820535696534	-0.07798465379753197	0.015138957419916943	-0.027886057686839816	0.06251300949031377	
0.0455194440202646	0.11789066271834146	-0.016971964344059065	0.023639054917570956	-0.060096600538295054	
-0.04596907507868689	-0.08334849932967776	-0.07942936587690405	0.01822931094011776	-0.1314578592814888	
-0.04122895190583818	0.07734445462859031	0.023590017826652588	0.012390798277698822	-0.057061862109466496	
-0.1417348497840099	-0.0024869769496766937	-0.04695553291652421	-0.18201203443472683	-0.17195930180228716	
-0.07776077761464671	0.08001398295263082	-0.060034137508237294	-0.11222725016219945	-0.05162903694032724	
-0.08396486905143723	0.06274891839697205	-0.10350050492384422	-0.12237727144859913	-0.023299790013001136	
-0.06722526813929347	-0.04017456493395257	-0.11901119280608732	-0.11382893438089652	-0.12038488539982442	
-0.028852026725639177	0.039583504831772615	-0.21734865372674372	-0.08686894974516773	-0.16186706097509307	
0.0071259922496246485	-0.04267662600705456	-0.10205521949934687	-0.14206529825576786	-0.14020364337685634	
-0.04388336146372087	0.05720512085271071	0.0700635391411491	0.07367300820760816	0.022480691798831436	
-0.058401934212860794	0.0883749466655934	-0.09376987955168423	0.02785203719609445	-0.08876655452781794	
-0.031812163648970014	-0.04601708118082231	-0.00025426879789213115	0.032382726868813425	0.1247923120094348	
-0.08798792905805569	-0.0745867852642411	0.048796036573036786	-0.034816642612455664	-0.013377336366341691	
-0.09361888528705212	-0.0031329922331448075	-0.09521349775897504	-0.08554447139659196	-0.10056322580270063	
-0.012152119957048242	0.08802431195142169	-0.12335254994867187	0.034122131101821364	-0.10804908928373926	
0.03833115280744456	-0.07349222191411264	0.014783223079815019	-0.08906711186896488	0.050136116019909006	
0.0008671031367939609	0.046786957326330085	-0.015311183718746926	-0.16370067024909013	-0.12163559585267833	
-0.14319981454879954	0.010810634228262048	-0.01730087481595619	-0.010082119855589069	-0.015115451933294	
0.037154394186152136	0.10233404513313576	-0.0024656066550597334	-0.04532182359027412	-0.10820817209171187	
-0.05149389504460339	0.06484808831947314	-0.03738358864747869	-0.05185787771801729	0.12342969105678082	
-0.19995964463337385	0.06856807221137788	-0.23180596685154461	-0.15759390181672536	-0.19546181862742518	
0.048659723459103445	-0.0002946235588910078	-0.06719749497214174	-0.006983442623362917	0.011516112852075317	
-0.09897373108703597	0.04415459372880239	0.06860240259037326	-0.10415994288920599	-0.03510257642020759	
-0.02862605772877154	0.07962404235636453	0.016890956061121867	0.04042864933317942	-0.018723856869229703	
-0.003355504553391909	-0.010562708622603084	-0.13668222446166217	-0.028394885137233417	-0.0732890180200807	
-0.03658030177901632	0.07966971360308354	-0.06668004532147115	-0.096528905842451	-0.06806904267279595	
0.00740678611324948	0.0750139567464242	-0.014559978318423782	0.0037147988013465066	-0.10645053615621501	
-0.03888088740213473	-0.039805674788688176	0.0011843887194185087	-0.019896145090903594	0.06637898969397943	
0.0026710645685607774	0.07902334551984654	-0.05674194364257288	0.01195524960869345	-0.04781777785241331	
-0.08885094843797034	-0.03247964306905087	-0.15262005536563028	-0.15125737207381518	-0.07259038126974052	
-0.17745189226635807	0.0033322421302059814	-0.20562927978935044	-0.1301884010705434	-0.12912089256734985	
-0.0025578460364596577	0.030033879591768023	0.030416080073450966	0.04543803737880658	-0.0923246331195029	
0.012939363476976749	-0.0464257816955873	0.0436300269464178	0.07726323274454135	0.08978899817292257	
0.12839467477661465	-0.03946664781970788	0.15419915844428478	0.09199725711439596	0.09235629926293991	
0.019620184387802764	0.06609996926756219	-0.0045480890988109255	-0.10772015660064709	-0.06480698401160491	
-0.09214629369797266	0.05183083452171617	-0.08598556856552182	-0.09397739516009747	-0.14151884573413012	
-0.0922130790843739	0.057703952072956595	-0.07969300366422168	0.10334355075658734	-0.048772243902773176	
-0.057864659556211236	0.007471473849917675	-0.00884976322476442	-0.011119860781118483	-0.0758699742867902	
0.05835414817453512	0.025897417777511915	0.1450722690691595	0.11880760986969059	0.025449521800715066	
-0.04845035732294564	0.013523147361748245	0.07539624717834416	-0.05720865510454114	0.11711166349253804	
-0.043873036689630586	-0.008034294991104167	-0.04309222905750802	-0.03625102521570855	-0.1457103419715283	
-0.18237004631581807	0.04248013300829268	-0.12547410790250474	-0.12904362233827005	-0.17387442039474518	
-0.016547638036919225	-0.04069616701192073	0.023696439606064802	0.013740692028144848	-0.033076913685824494	
-0.009032000326127566	-0.06693289724854247	-0.010019303130029512	-0.1001716462973966	-0.001914668755237769	
-0.001526839375807472	0.10456218756906141	-0.054175533795910204	-0.05553135541473771	0.05864774054004597	
-0.0865644256235335	0.05222165598335644	-0.04179933037566879	-0.11621082776551842	-0.09451858330626503	
-0.04312870757686453	-0.06329999676068446	-0.05036871610405164	-0.08065339580187811	-0.06530551819202612	
-0.0590081747266129	0.042275903075838527	-0.1768008999240515	-0.13338131866253544	-0.1489084685072198	
0.1561377276278999	0.07031198176760817	0.0876938816668662	0.03651044732729813	0.15696376427219136	
-0.04712348440793914	0.07507790953194907	-0.006714670378679554	-0.04144538056578682	-0.11732011820427804	
-0.0221819244171665	-0.0799920662044125	-0.17331609418477947	-0.09691902794672803	-0.13090094268460745	
-0.044009900174541025	0.0634802642545304	-0.10664342657194932	0.06336511784246601	0.0865564783298463	
-0.1511977777060931	0.009994140678208708	-0.038192957384067534	-0.05924829169457042	-0.10356843228607594	
-0.09458329009484993	0.0462266192569069	0.039363648038767005	-0.05401489568136494	0.01226197121249745	
-0.2565752870779242	0.052469880967841824	-0.22465675457798506	-0.1582831201994904	-0.23333272711882785	
-0.1374653893412282	0.07108733200136254	-0.1160660045302856	-0.07938104977241467	-0.08877500283289588	
-0.044468282650143603	-0.029020092336741653	-0.07256829828527245	0.016967872482036236	-0.030988157727603795	
-0.27251377150351763	-0.09511854620546172	-0.21982918510941446	-0.30831893628905593	-0.21688009197749045	
-0.0013967147381844748	0.03427541406710333	0.0004511872959983547	0.14378044053066788	0.0328179052634164	
-0.08938260636324895	0.04498972549054111	-0.1706337122578332	-0.08828641590762874	-0.17433909653580057	
0.04829832049543057	0.07395068291718275	-0.08279554441925711	0.05255795665180715	-0.1147626340462225	
0.19692536291835566	0.04950860366766673	0.12671155760116293	0.17002328541324466	0.18006516727960056	
0.035983834069236914	-0.05818164768359783	-0.15449674914619738	0.044382171589912395	0.021611249903219235	
0.00761778470768775	-0.0034567958503266406	-0.01098442676251357	0.01871772239120633	-0.06318255828056933	
-0.1494225150171697	0.05087571345699434	-0.16843578365522657	-0.22749327921225357	-0.2299563710972265	
0.0017848638025985339	0.08750680786624339	0.1764568083475032	0.021609728278918616	0.03162549549309323	
0.026590949436123494	-0.006483418864272404	0.1380053094343416	0.07071617663828665	0.04192081267010451	
-0.09813464497853869	-0.05003634913152145	-0.022030983867784425	-0.09419519780372876	-0.08047562951194324	
-0.038628335723462456	0.08470430287837022	-0.03809484768883221	-0.04416158061495796	-0.002223445629324596	
-0.07805911754637407	0.00327692128540205	-0.05185073629586707	0.007064391316033237	0.03758076468959949	
-0.15953694478053831	0.06128811239844109	-0.1769878308031163	-0.09342148640498206	-0.26108390783148616	
0.08907650607562262	0.11902496218692712	0.10076714691673834	0.10857833894300827	0.08010451641089425	
0.09951688640756362	0.10064934919663343	0.03578223682043514	0.10337140084142975	0.19189039095475777	
0.03637568559834011	-0.04214421697602062	0.11607384362254526	-0.013329173215620903	0.06506335875833431	
0.008868700868587698	0.10095795461720972	-0.01516629505345662	0.03774066676148466	-0.10695417720952878	
0.08573550972550939	-0.07055065696059815	-0.007243722440984774	0.10264965224167805	-0.07395777759377932	
-0.02589999716611553	0.05986313373842889	-0.11929977071605673	-0.13144919277099776	-0.04348090523117291	
-0.23197723878044738	-0.11374319204324176	-0.15768578443254608	-0.13426334964292116	-0.25275785133059575	
0.1273057459069726	0.01347603776240461	0.0942485527182024	0.022864748091771234	0.0356484487924093	
-0.0803562269032487	0.08411510638219552	-0.03077721291432144	-0.09325690073051002	-0.04600202100792992	
-0.1907868274250017	0.04069639796232937	-0.030812611633387763	0.03037139999059463	-0.055966954955132424	
0.17609651719357894	0.09390602998589338	0.15968392272235574	0.07572846442188555	0.1346800744456411	
-0.015252482227573881	-0.01518944470293959	-0.024481512830848637	0.0011627770450913992	-0.035633856498860805	
0.046868023059936134	0.11469237139167644	0.026582260804394367	0.14147308119996324	0.06962157653705629	
-0.05882852937331427	0.1029448625408143	0.013922928237734496	-0.04320345122840437	0.03596777911738678	
-0.020200707298963172	-0.014720664170553623	0.010404096737025127	0.07856090850273899	0.012121370188395753	
0.0346684415219033	-0.0445981989974254	-0.04306793807887925	-0.0371433185587875	0.029394273097593727	
-0.028633397832483223	-0.06094788678229488	-0.0964121087165645	-0.017360386490439052	-0.13057659652695539	
-0.10173341255955068	-0.0646382315382573	-0.18179083078880975	-0.1270071554213371	-0.26544388768938765	
-0.21438825895794864	-0.019289222353254958	-0.0355748358343214	-0.13246450157780157	-0.06655091568098662	
-0.1398821662057722	-0.01597527825769283	-0.15479004981117434	-0.02035461999971736	-0.04347697575368417	
-0.0341745895409343	-0.029444084721414576	-0.04282645369426521	-0.12163466824866642	-0.10084525212762556	
-0.06387942997970647	-0.025747099122357443	-0.12358114930895528	-0.000626169457562118	-0.0009423032231499031	
0.12462004721176494	0.06921286235307514	0.04521343579143664	0.032932671943067815	0.12576838694384163	
-0.006504789912976059	-0.046145435819028156	-0.10478373207637211	-0.09766363576347806	-0.10924848088453926	
-0.361330295124506	-0.12018240001127935	-0.34933521059192857	-0.18195012294937654	-0.23746813436520822	
-0.19850965489648537	-0.0010629315283187065	-0.28298840422550076	-0.17657537302146323	-0.25175988092018076	
0.08703648471462742	0.050643584023133285	0.032044507998574064	-0.0777094226566398	0.001979020955371048	
0.02060179604776481	0.10450442195521724	-0.05126619155314237	-0.13931795054518953	-0.05482253992168917	
-0.07826586918295203	-0.023521968893844603	-0.11604336675292914	-0.06966622222489642	-0.03505508296834599	
-0.04986561533012897	-0.049649136510875824	-0.060664276434517925	-0.1735883229698502	-0.046167131283789326	
-0.17575849327156295	-0.04119743632292894	-0.11676765740074126	-0.15577015067120611	-0.07898568490747584	
-0.1496351417908654	-0.033562789954818255	-0.14968646536311023	-0.008786025722529312	-0.02597506773395105	
-0.01933963137827612	-0.03902588843594171	0.05417256369747414	-0.026877323780063224	0.06959316889801867	
0.012323805723743373	0.0028848207956530753	-0.09070619880086142	0.06836732051387477	-0.08988040544431715	
-0.9048249723826739	-0.27592331273484433	-0.9656316581988399	-0.7577608226818668	-0.9026334828559538	
-0.28390891387395867	0.017120602055685493	-0.27350020228422317	-0.1601217077797432	-0.31730345620858785	
0.1146095858644387	0.05103980100709702	0.11078729677759337	0.24007699332816024	0.22792225521731804	
-1.0999089772654715	-0.0221548578789033	-1.246911538876106	-1.0073634843374286	-1.4466470732038872	
1.8346114475019348	
