TESTRUNID EPOCH: 99 L_PCC: 0.9227979129911944 L_ERR: 0.0021614394441070123 T_PCC: 0.729769005874504 T_ERR: 0.0065076896321530405
180 LAYER: 1
5 LAYER: 2
1 LAYER: 3
99 :ILEARN
0.024513633971671105	0.06896222481618723	-0.05615280380204767	0.014171049082048713	-0.006490143003920076	
-0.08961363963999129	-0.028472748335401536	-0.04908189141652793	-0.03799870193332349	-0.01977391917388734	
-0.04795159230658437	0.057288035264070815	-0.08907756748462488	0.06085599067292007	-0.11198891406525852	
0.01863430067538303	0.013925650626112117	-0.013633842512673145	-0.07267921551223039	-0.05682520348783635	
-0.21665709049568344	0.0334158481909896	-0.3109782841213409	-0.18553557700222054	-0.2157881604765203	
0.09933454222792357	-0.06460701093303708	-0.05531098445499264	-0.029066056678273573	0.12637144333260794	
-0.0109659532184638	0.022457673822181883	0.1646387268867696	0.06635470199021044	0.11171834998957082	
-0.010269927000232602	0.0633297377912284	0.09877477884603515	-0.05394510613979029	0.09153733397651645	
-0.05144935214827042	0.03351707438671895	-0.2000506549894822	-0.10335439634344683	-0.22410744859731882	
0.043221823306149806	0.10167794263051175	-0.021852787003320932	0.007302520692317637	-0.01792985895582269	
-0.15607808904888623	0.0254458266935569	-0.15769008480346344	-0.10511236820684237	-0.07648661637669607	
-0.04478579739441417	0.05304544040393444	-0.018516914602110232	0.06721581985693978	0.0814903691189777	
0.002890240969857962	-0.0044827757661740535	0.10321856614441857	0.05272572630497049	0.00023306110583539195	
-0.1610843237627184	-0.0014888493912703319	-0.18840956209906148	-0.09241758841832937	-0.1824548882790498	
-0.03490445889698265	-0.04490468549302744	-0.11120639068020828	0.004231287886003415	-0.10036976370206219	
-0.17119538994848676	0.07868352025229708	-0.11552987553402622	-0.021638915228480122	-0.04728913289526269	
0.06298556790260205	0.03533989142565073	0.04484118324659065	-0.02947761591498875	-0.05517448169990559	
0.015090778617817893	0.0003106804117251645	0.023399614401579887	-0.032292841095421104	-0.050008509834111474	
-0.2266325158778668	0.061027742615074564	-0.17549638425865122	-0.14948216931262	-0.1887860382311407	
0.0013022567156636934	0.1027476442401993	0.040019324802436765	-0.051508923992422496	0.07690613767017924	
-0.37726701752782366	-0.05776453535431331	-0.26865112868277324	-0.2975150943440906	-0.2453619037162484	
-0.025743860197242542	-0.08642161332693726	0.031201560486440773	0.016855413495518647	0.06817354663709019	
-0.18991377750151375	-0.09996120346566276	-0.043634237061497674	-0.035771058187425826	-0.1804021067180749	
-0.06912441460844541	0.04399085518730365	-0.03653847654569576	-0.02853135365619347	-0.16405355279329023	
-0.19591608030567442	-0.10676547111044128	-0.2204335462214102	-0.1333830448775132	-0.0031942049631726397	
-0.017230988145110468	0.031421401302496	0.043417746827669516	-0.072418709903968	-0.04392864187685101	
0.06673926428503413	0.1276849876393175	0.06516329253639329	-0.027902935495543194	0.14036845780120105	
-0.16534983905998663	0.05399632599145443	-0.14239863045206572	0.002070247392570651	-0.0537627080692295	
0.1749075057101592	-0.017022802821575	0.07508971545174241	0.08153768940949022	0.0857243690859734	
-0.2185893066117732	-0.06729728828255375	-0.09886796360830194	-0.13926230808502338	-0.2752774961638918	
-0.36043186252854964	0.06181281756040618	-0.27225503164869813	-0.33664828149346354	-0.36441408291492894	
0.05080686449583969	-0.046161070282282356	0.016668014454531768	0.11802729982913492	0.09268333478288086	
-0.18525945450418957	-0.008694987400648587	-0.12325109339885021	-0.08141542210268604	-0.23429097046303451	
-0.07888633155998215	-0.0583044565515485	0.0064593643553965425	0.015859065153245797	-0.011389594606679432	
0.032653898759995116	0.13729943684264181	0.09059617248698633	0.045990116430142	0.09146892779229417	
-0.5862586773985632	-0.11303191739390199	-0.6870096379615	-0.5820772964819552	-0.6216732377938682	
-0.6599973144809721	-0.2215946459156467	-0.6396032878546565	-0.6404679623497628	-0.6938029496150971	
0.061663794495927085	-0.0112016738293608	0.020269562555416298	0.0056714376351087205	0.06696930423256368	
0.10859177022006106	-0.03321083889482478	0.20324034064158933	0.18491791634701474	0.21597437410059048	
-0.1328011925455727	-0.13459941710111903	-0.2694785923958453	-0.1806087911568061	-0.14814306931511362	
-0.03733639456661612	0.014871280519141591	-0.04203251246753615	-0.0734685366616738	-0.14607690891889397	
0.1633206145538716	0.08440504453669623	0.1789630584121501	0.24105586890423053	0.24927216865019364	
-0.0955353279921242	0.0763152037163509	-0.14743151480347144	-0.11913155801037222	-0.11810653221607129	
-0.5289345979211385	-0.2558189068270953	-0.48320330801762984	-0.37448771698950245	-0.5849051959497915	
-0.09399536267669593	-0.004018388686403411	-0.11640889836096671	0.043410276345208415	-0.06654885029507088	
-0.02133223241846886	0.00629371544427394	-0.045978035899767226	-0.0055317752314181165	-0.036130389728717044	
-0.2716817711266956	-0.05746675677654416	-0.22631151400616314	-0.23879934133132877	-0.2743952545390164	
-0.004815912230617667	-0.07757860597822547	0.00017351335497916212	-0.019442501881072046	0.06769114913107019	
-0.07967603606083086	0.09750223653389369	-0.0314962323566464	-0.08218029259627534	0.015361133398807346	
0.004589113495797489	-0.05428209403787383	-0.03378191085645924	0.0002479982105251635	0.049843776315768626	
-0.16526273079565246	0.11773668337671729	-0.09280171247992788	0.02625599185359717	-0.0635374537952384	
0.22654804749598287	0.06379042657815781	0.1836284671540825	0.11358303364363317	0.17658607699640175	
-0.05879468059292845	0.09191281365134203	-0.06042886159705781	-0.06443598602676417	-0.06029843754006478	
0.012558301598152482	0.08230066603926438	0.04832974393588272	0.006927201271495542	0.0028347319459040457	
-0.0804477316155385	-0.023817131596409268	-0.040253563633371445	-0.05316913121209001	0.02343768099379028	
-0.07858518206406498	-0.06727523253114709	-0.12081941464972497	-0.10874942828331043	-0.03138714072196105	
0.05475053540537393	0.09393969254861956	0.021388133243159652	-0.05419991564836761	-0.059436571676940574	
0.04159894398513562	0.04465210487797975	0.03569471102056436	-0.026275062435138045	-0.012366151155528773	
0.02678109005822608	0.08842511051314952	0.04418977818682738	0.007777039133987745	-0.02361096966966449	
-0.0977387731565836	0.0117944833958609	-0.09198868454918983	0.07296905641881035	-0.08917337433724419	
-0.011418411308175272	0.07237772852407798	-0.051871695363607966	-0.0629410469169604	-0.12208845657240501	
-0.06170965016279265	-0.0122637126348114	-0.10030528066831977	-0.02332371576757494	-0.09417508616643791	
0.009910257498090347	0.07307391312522801	-0.12003592389717849	-0.1393668690762972	-0.1178869500549699	
-0.16053372458093465	0.01603116105731802	-0.23193017808058744	-0.18768770834543244	-0.1132794345334248	
6.004736384984621e-05	0.036934998960242674	-0.05102793491912226	-0.08278800319287458	0.03740371452370781	
-0.0736239844808819	-0.06662521800733742	-0.02897596620717452	-0.046442868835575725	-0.046356808582495926	
-0.09509991220370158	0.05638291976669871	-0.059371379795653566	-0.007084367409347492	0.027048340101291143	
-0.2252094614069131	-0.045899710253603565	-0.10560891248410724	-0.07959677789752848	-0.13440773137755777	
0.013887496577304058	0.07744693450327195	0.005661188493409345	0.026886621479113075	-0.11972238559915992	
-0.06459306092226622	0.053572253207863504	-0.07024364306167771	0.0010712292427837306	-0.18000199411847617	
-0.04203958756075435	0.0573900868562105	-0.130681732386765	-0.1041465985247797	-0.06413816436207906	
-0.02906823353798507	0.0851604509707897	0.009108906782791155	0.05825353286791253	0.09731768383490591	
-0.211242091592978	-0.08210546062150217	-0.0843959887456689	-0.12523370566641234	-0.06195944141464518	
-0.05362503316072937	0.09817231878994026	-0.07599349076130721	-0.027166387649863618	-0.14768547930911088	
-0.0474048152344412	-0.0710904098501053	-0.0754021738929126	0.02848195222657623	-0.10487435268274059	
-0.16310272065719603	0.059337872367818595	-0.10633878580847389	-0.07970329282126463	-0.17284111221535123	
-0.16843128962121054	0.003849768185884869	-0.05022839047391743	-0.17490730549076272	-0.16896852048098607	
-0.11068362935272325	0.07142046575322399	-0.08000927302385531	-0.1257158088957647	-0.070692332439274	
-0.09958279545541464	0.04797218843914473	-0.09250470821400063	-0.10303338925859616	-0.01303747686223966	
-0.007733951982249684	-0.01129478235686157	-0.024871134483610738	-0.04464584512018895	-0.0528336005786917	
0.11433781545230362	0.07337908044606568	-0.07691412457697315	0.05824031896131993	0.007548120900384831	
-0.0005761946643412732	-0.061421201019748344	-0.11348614092493127	-0.12561195913511486	-0.10459191572021427	
-0.04319462186588056	0.0541025488214143	0.07636625270463224	0.08003909352629955	0.05087462193286409	
-0.037676688931719424	0.08775947095237721	-0.045377405349152834	0.07159473830235905	-0.015056468164940268	
-0.040848388764659786	-0.0449612781994799	-0.09448695563427358	-0.06419775895987856	0.018783201361834322	
-0.16067249934329003	-0.09818487130779338	-0.016414703515854605	-0.0693978326157242	-0.052201212970747445	
-0.001876910011874036	0.006348831083586833	0.013012108672511472	0.025025646649683257	0.043476976874275555	
-0.09708829108098034	0.07779964241098833	-0.18918271244701498	-0.03258352531863382	-0.16366146215413424	
0.03259874258615208	-0.08712663150800729	0.021500406712620983	-0.08946053937011861	0.06807737878319646	
0.0488559929289474	0.07198557590581371	0.02283897123908326	-0.10318970020962898	-0.06202131003541852	
-0.22351296614552482	0.0034600836355723292	-0.11199160229444691	-0.05958785731455615	-0.09077307315748234	
-0.03774692187896338	0.07570941732356652	-0.08606999012723297	-0.09037359065572075	-0.15703329786651093	
-0.2056416793214464	0.04268546140491178	-0.21668573456712065	-0.16662317742944777	-0.05251282854989554	
-0.1354307991425758	0.08694353976078566	-0.15769042031125582	-0.10129861966467231	-0.11834955143582818	
-0.08316215699817296	-0.02335339578578399	-0.14278847729317978	-0.11495373994720713	-0.12261777904237167	
-0.12658973070100654	0.04279443954703884	0.023992677837090654	-0.12354514565011773	-0.05421179095434125	
-0.03523890761669344	0.08293731419179642	-0.004814665547515335	0.04127524193941772	-0.02495057157769829	
-0.07174738591038732	-0.026624328422217448	-0.1584839222820053	-0.06896211376412364	-0.12178948258933789	
-0.007586453874163891	0.07525173399064969	-0.019432475794628333	-0.07264784615847532	-0.02606414151621753	
0.13310853372445097	0.11372842112807054	0.09465386958265468	0.1260478564362401	0.030750256826697908	
0.06311123950465544	-0.01877874335915887	0.0898928960906746	0.048628058573021125	0.13366051039169646	
0.007952965472784205	0.0901296556862653	-0.038677923388729454	0.04230792408912804	-0.024460079189653938	
-0.2278151478757899	-0.04155753578839166	-0.29913229216560633	-0.25128196972507216	-0.21092276633280208	
-0.26416104652178723	-0.0036019898667443706	-0.27099979318745004	-0.18092756509746352	-0.1857826717728518	
0.0713560494633556	0.042126792632005736	0.07253379707061226	0.0737247920366159	0.010092037937935646	
0.0599058201266611	-0.034154509967452965	0.08763072212513229	0.11907993159640229	0.1174778203619322	
0.1939524330462308	-0.02681816294066493	0.2200834237678307	0.15747743913263468	0.16155103217246575	
0.0003568091399067143	0.06326578273001789	-0.014361654417738089	-0.13003203740793454	-0.08474658228526231	
-0.05827258221748028	0.051972988015571826	-0.04422535155911529	-0.025772623368100052	-0.07620970905133341	
-0.13450741462827992	0.055264603919458546	-0.12364016453871024	0.065197126662645	-0.09274731694270477	
-0.05784633501729534	-0.0011071544933313315	-0.027392638758975855	-0.029641694516755558	-0.0890968568111277	
0.0660343299719679	0.042951611568299235	0.1490929730818508	0.12911312931690444	0.01850865817281012	
-0.08142293474390452	0.006489511667050195	0.03170361983571877	-0.08984750180166884	0.06850996941238784	
-0.04892099505087102	-0.03807538363796092	-0.034236337018385306	-0.017620526278783813	-0.118609248164964	
-0.041121583339569105	0.08624346664798017	0.03687618461873437	0.005667394024670138	-0.0044133451034555765	
0.028800373909559068	-0.027118306578753148	0.03804701651851062	0.03888195224441403	-0.035040895404530197	
-0.007789953807301326	-0.06524236604648709	-0.030132364554718457	-0.11136956536960436	-0.03612667738711845	
-0.17599334798553326	0.05031914314156196	-0.18644535760523026	-0.19167705494343262	-0.1081471264684262	
-0.0616237827681162	0.031020090432910832	0.014175745920859557	-0.058371867300030446	-0.03901970026926805	
-0.032297828611858655	-0.056364903457656886	-0.04575862747379566	-0.07688390580855076	-0.0625499078330555	
0.024809641728772622	0.05838569743865467	-0.0812519397485245	-0.06046296091180683	-0.06029239992737868	
0.1993732612713971	0.07224512720338185	0.11454456329576992	0.05939637699484904	0.1777336867063278	
-0.08796039989015059	0.06379273779475621	-0.03959082216947534	-0.07168387702284668	-0.1446462150097086	
-0.05186628988214009	-0.08984761449353408	-0.19147946741607766	-0.11931483899287171	-0.1277584626814803	
-0.11820570994782821	0.05495501054126257	-0.1424265315498086	-0.007514840182085891	-0.006179188316221798	
-0.04867060488276892	0.027820629817795126	0.06745802714394389	0.03259998779598821	0.017652415017495426	
-0.08578840315575906	0.04619673169340393	0.04714452117844327	-0.050741869234100984	0.02353616264036782	
-0.13481876653304917	0.07901521884526713	-0.10248626214364823	-0.06196673483312703	-0.08487065464504467	
-0.2350997824741526	0.06284471381410621	-0.21712876400426637	-0.14825172510741336	-0.16307382816408533	
-0.11600854077761984	-0.0417033677548887	-0.14707374195061299	-0.0312764351136466	-0.09724911310055333	
-0.20563420091663542	-0.07984360695657831	-0.13655407393737595	-0.22041949252943951	-0.09483739066105419	
0.033137771217276055	0.03694145004507611	0.005652594537595649	0.13344039372654742	0.0245868493170537	
-0.06746454749356333	0.051251451667879484	-0.15434436293220924	-0.04610320358553273	-0.1442367591514837	
0.02660330774284968	0.07167604679438783	-0.12171630940642075	0.05563880943229219	-0.11849334720183258	
0.11823600456408895	0.033486963918969	0.05630634836862386	0.08418872069961235	0.07781414296742367	
0.04063808006926104	-0.05934737066285227	-0.13542993798887	0.04632346432015267	0.03444665404022975	
-0.054602346769418206	-0.015178232923324856	-0.046129074947130734	-0.025609783100205327	-0.11281051237939083	
-0.12946789816417012	0.0626161968505378	-0.13453346043136127	-0.16350492435397948	-0.1489621656286595	
-0.04561015473875906	0.07998845511826891	0.10768727858531502	-0.00010198607468779159	-0.01461974447365852	
-0.05914396997010216	-0.021653311051896034	0.05890705718059113	0.01054122793748953	-0.046234618621858056	
-0.004056159937232722	-0.030051172229135982	0.08601957377660734	0.0108115751385093	0.04031761297158381	
-0.08107217644388813	0.0767888549289837	-0.0744313116245487	-0.06723079583712299	-0.03115352657877564	
-0.07377595603170951	0.007019088919879042	-0.046943804461780377	0.02598245400321676	0.06237546554536534	
-0.21976840855053306	0.043477296302584165	-0.21161148802550242	-0.1271239168833037	-0.2753634034054781	
0.020067614450441668	0.09843528271518766	0.03529305270740374	0.0788787789152781	0.032709819649674184	
0.08730953571357722	0.09554162303615557	0.029655504634934802	0.10890852204677076	0.1747578483270256	
-0.07912424393576872	-0.068327455223941	0.005632293104525363	-0.1168762301210906	-0.06468730713189097	
0.076554797273764	0.1343913573336012	0.08009751165735926	0.13219249195349295	0.002812916292938891	
0.07176108940468981	-0.07472580256108795	-0.02978414009236805	0.09488673681144955	-0.10145961821111786	
0.019454423770442274	0.07190683521348741	-0.0789601193334122	-0.10482479934119576	-0.003344452631020608	
-0.20266777420600324	-0.11234497406707178	-0.13343200020156903	-0.10716086768202776	-0.21271735548784096	
0.07820441437820704	0.003359249597735349	0.05823087131264443	0.001325267711336656	0.002681943747434513	
-0.11172205741366609	0.07718141069344413	-0.09019828324904307	-0.12187088861799512	-0.11587846601318248	
-0.29794733403509593	0.01839673016508997	-0.18451755969940106	-0.11220603881202823	-0.1980319129878377	
0.11683162538499144	0.08641146223223986	0.11532335010022801	0.02694895320081336	0.07795004296182328	
-0.04021388620104425	-0.021688381253279397	-0.039578194572459015	0.0005528320020043536	-0.03159925071407865	
0.022062610214573786	0.11034230795120639	0.003405303940943376	0.11872860710905944	0.052489215997276434	
-0.031155446227713508	0.10666095983819958	0.036800119080683	-0.0340956453588785	0.06271077042733886	
-0.05936581486951799	-0.025824387816923384	-0.04853930830808128	0.027274897000762677	-0.05473637425620262	
0.08236859931562553	-0.03204018005847563	0.00801375831663798	-0.0055397957162397335	0.06891361281073233	
-0.01729505766363601	-0.05908363495193151	-0.07567546248698012	-0.0063028588715683025	-0.1082912206759766	
-0.03868837346954657	-0.0610963742589158	-0.10878596615724018	-0.06229403909740142	-0.17007932245462085	
-0.23388093462181292	-0.02561260594475191	-0.0568606817281556	-0.14709224123034104	-0.08326677497760615	
-0.1933066680739868	-0.02717259500300292	-0.20850867622346506	-0.06673711180080308	-0.09278791741881931	
-0.039610561819466684	-0.028288609430478184	-0.039675845486148456	-0.11989968508232238	-0.10024051149142368	
-0.05123224743909306	-0.030131737522150433	-0.11771596119429828	0.002959881680099724	0.015422558934054432	
0.062102132513708684	0.05662461400331109	-0.03135714258683042	-0.03506592790821526	0.04093896641632644	
-0.05889426755631207	-0.05161418399638918	-0.15099625956013182	-0.12896048473519695	-0.14864171405477236	
-0.3977249230211688	-0.13211906863906517	-0.41065950229819537	-0.20689094981946993	-0.27760775407973814	
-0.17351275407816658	0.004904629961146641	-0.22704131366151095	-0.14131098039579648	-0.19421273425556204	
0.10687893380001154	0.053952317663453396	0.06351250429116448	-0.05347203256647048	0.0338977725402283	
0.04129880911091642	0.10068947898819418	-0.022858919937094466	-0.11661468505048715	-0.01639627125245687	
-0.05804544779881194	-0.021050187450208976	-0.08733291476185724	-0.04702098409890433	0.0021677081319202637	
-0.14781779867568237	-0.05443091164565269	-0.1428961808011103	-0.22814625050575904	-0.09900143654945956	
-0.2059094671454433	-0.04726860127061945	-0.13813557746506175	-0.17544782632349387	-0.09159264300393231	
-0.13637917642586717	-0.03394030457483123	-0.13244722255413355	0.0051348133816418295	-0.009298357753438992	
0.02381227240316054	-0.03451048620748713	0.1024598886377627	0.008137793711488563	0.11130185444029586	
0.03145566875137067	0.016855384237799975	-0.06832992474220263	0.08358506021501878	0.0012461545364560464	
-0.9295777522169356	-0.27588283237420513	-0.9486054826060494	-0.7251358584927592	-0.785114950325984	
-0.2260592764237482	0.02783639685366414	-0.1843100505991586	-0.10002942247906838	-0.22505782018684575	
0.1465531320960759	0.053084705397494714	0.12276379433543326	0.25019943552403695	0.2127369584843674	
-1.2931174071180558	-0.00868961228204709	-1.2720754911492895	-0.9991275795991332	-1.2637449184713774	
1.9563605658631713	
