TESTRUNID EPOCH: 98 L_PCC: 0.9218822752787043 L_ERR: 0.0021740322732244463 T_PCC: 0.8236608453753737 T_ERR: 0.004365137986311473
180 LAYER: 1
5 LAYER: 2
1 LAYER: 3
98 :ILEARN
0.024525252957691392	0.06896438199977646	-0.05617014223110204	0.0141171792281449	-0.006335491259228477	
-0.08956018870631277	-0.028472581696585862	-0.048948870993465385	-0.0378413976467222	-0.01959798574820768	
-0.04799436555506625	0.05728498476030631	-0.08924572132878542	0.060766152360823805	-0.11213304146867832	
0.01830984089891276	0.01391570543361976	-0.014160930794448585	-0.0731026957746875	-0.057211417405513866	
-0.21771773114865148	0.03340232292083945	-0.31170182350593406	-0.18614470774101471	-0.21680033555595396	
0.09885499979003398	-0.06460611146759676	-0.055902453563401754	-0.0294257641559223	0.125871666714427	
-0.011908363591899812	0.022449495818530115	0.16355736626522333	0.06566623841536595	0.1109051316350962	
-0.010676448893634933	0.06331958468938519	0.09831583442481419	-0.05459537189212616	0.09104307132528923	
-0.051272811534928034	0.03351507782848709	-0.1997434812958895	-0.10291784131177381	-0.22397093175988025	
0.04284842751652142	0.10166875430404076	-0.02216869789745021	0.0069515731395925475	-0.018374329471938625	
-0.15559401778624973	0.025443053864801602	-0.15710521487788603	-0.10475437565036286	-0.07608258390912254	
-0.0452223617285716	0.05304111633662629	-0.019064509041758354	0.06686677260323126	0.08121892077314882	
0.0024509552627148394	-0.004484690446994684	0.10292461054624105	0.05239136047257857	-0.0002927265410242205	
-0.1610110981335505	-0.0015003636489648083	-0.18809082846864109	-0.09222271739485473	-0.18256525079309074	
-0.03412534217863679	-0.04491867462388143	-0.11116615338764538	0.004511556722454335	-0.09982366274954947	
-0.170669953516131	0.07868769188174547	-0.11519995609818452	-0.021337107870532283	-0.046767223270631555	
0.06300850118863502	0.035338723507949935	0.04465382238499262	-0.029548722752291128	-0.05519064969730729	
0.014677085353608397	0.00030054051745049084	0.023091484410841436	-0.032443667042376646	-0.05043876843581972	
-0.22658911204139293	0.061025705737051676	-0.17506049738822424	-0.1490145284127584	-0.18870326378605595	
0.0009421799435967974	0.10274181040490633	0.0397236175838246	-0.05176219924904116	0.07657626056039714	
-0.3756298463011587	-0.05777341687667416	-0.2671117025385199	-0.2964245024767304	-0.24406166598132306	
-0.025168004594358303	-0.08641822087479659	0.03186582577478623	0.01711664464642546	0.06853949668845606	
-0.18993013579726822	-0.09997583681222852	-0.043796403025419185	-0.03606731596075975	-0.18080462708934486	
-0.06899860240180926	0.04397669249330203	-0.03658140237150556	-0.028714184712522035	-0.16435025614624216	
-0.19617157449162062	-0.10678737006456208	-0.2207195557134856	-0.13375770145804758	-0.003500540701152461	
-0.016232733661168897	0.03142631959483377	0.04435929501617471	-0.07188990931307429	-0.043269694102450344	
0.06655760029735554	0.12767813177267562	0.06486266950144941	-0.028359151445679413	0.139793834826027	
-0.16523162231150637	0.05397587271419264	-0.14247282617321533	0.0020054516127173704	-0.05398727986382017	
0.1742440985624386	-0.0170264382292967	0.0743757829588725	0.0807970266151416	0.08481013371971613	
-0.21892150642935515	-0.06730479422976143	-0.09914889758731964	-0.1392348732073204	-0.27523105281537386	
-0.3592995614224218	0.06182103384695527	-0.2710368903661384	-0.3354607877899172	-0.36298353715472575	
0.05090167005100886	-0.046164022370353594	0.016766589369720655	0.11783874654580533	0.09255547234507304	
-0.18458645453996475	-0.0086886069002657	-0.1224503742264011	-0.08067049315996411	-0.23340426675708797	
-0.07939605405589949	-0.05830760454248524	0.006036908207457246	0.015634522728126078	-0.011537134787789281	
0.0319751440450874	0.13729446863194456	0.0897831319120529	0.045355273967118755	0.09058691504236262	
-0.5828040414845524	-0.11303500548956989	-0.6837310065831026	-0.5797270229939333	-0.6186355261945676	
-0.656982413541977	-0.2215987715743219	-0.6368741379303311	-0.6384459626155932	-0.6912796027516721	
0.06136773713235564	-0.011212219693368377	0.019954859768243717	0.005418234223638555	0.06665440876601272	
0.10789623347249236	-0.03321153621593856	0.2026216272860389	0.18443988377744627	0.2154308436611762	
-0.13267282573866407	-0.13460915524118092	-0.269345994812471	-0.18034075790427212	-0.14777463860502785	
-0.03636782201914903	0.014872009999285724	-0.04099143905333496	-0.07275783053925033	-0.1452628604580482	
0.16206935260922362	0.08438982837641097	0.17764929416273864	0.23999753444317887	0.24782931981343878	
-0.09550646831227082	0.07629685183707002	-0.14735837628060353	-0.11931822515635584	-0.1181645281978721	
-0.526448793749884	-0.2558372463623722	-0.480829692944064	-0.37276356310483494	-0.5823417142773928	
-0.09484479710594271	-0.004032682567687155	-0.11717648803124914	0.04268264459602895	-0.06726754976946851	
-0.020716796561665536	0.006288421940638112	-0.04527151526514257	-0.005170763793779646	-0.03562471205734234	
-0.27058300816448994	-0.057483793183603825	-0.22519615854359984	-0.23819017226050998	-0.2734142462601246	
-0.004761804885171408	-0.07758930772469633	0.00015835004276652359	-0.019572527652398225	0.06758452037373143	
-0.07930231876430739	0.09749675315585393	-0.03111919735990387	-0.08191421458998217	0.015616092542254711	
0.004475408818062126	-0.05428102099366722	-0.03395051080559119	0.00020998998880621968	0.04969156691447667	
-0.165296491999103	0.1177387965686281	-0.09279575590363938	0.026250078702939956	-0.06366568183206306	
0.22539828399707168	0.0637728078181073	0.18241505000421457	0.11243566964874672	0.17526143092804733	
-0.05770714778751677	0.09192672168100412	-0.05923853993127021	-0.06352034987517316	-0.059333745073579365	
0.01159377674253059	0.08230499351876197	0.047431509093287805	0.006409115052372416	0.001838500964045656	
-0.08052423615057808	-0.023829200833065684	-0.040344488627592566	-0.05332071750478071	0.023361787075411925	
-0.07823601247911087	-0.06728224765086399	-0.1203477788563433	-0.1085758654962293	-0.031137745923093832	
0.05419555866140414	0.09392701206498609	0.020905588673446492	-0.05472255373227009	-0.06006764248311624	
0.041098886696641704	0.044657021254228976	0.035188661406297936	-0.026392085230416928	-0.012876405326139345	
0.02649977956516967	0.08843282793025874	0.04390581668717434	0.007784275813533964	-0.02390256789781943	
-0.09797782981158266	0.01179249395057926	-0.0922754658649475	0.07282259169836205	-0.08945644567998813	
-0.011446801778837758	0.07237301410484712	-0.05190519279991355	-0.0629536320303148	-0.12224574697397217	
-0.06192901486281614	-0.012274190147505299	-0.10044629451346161	-0.02357266890893683	-0.09444902410250623	
0.009861949654063283	0.07306700926844026	-0.12010560316592137	-0.13950494330287797	-0.11803159603300288	
-0.16030869615118978	0.016029537439043576	-0.23125047396602894	-0.1874589058582087	-0.11289910283752128	
-0.000736353801457039	0.03692260340066346	-0.05209417261041645	-0.08333329725685294	0.036422326995903524	
-0.07343626895602035	-0.06662771282038696	-0.028762088575611085	-0.04637629006630816	-0.04627900257931924	
-0.09516444353460553	0.05638214370691706	-0.05923700754097953	-0.007263969868941168	0.026979857069289348	
-0.2255161569494069	-0.045911360472432654	-0.10567652837030067	-0.07955708199271382	-0.13456617836698456	
0.013059975199008868	0.07743954018227849	0.004851759274685325	0.0262202847159028	-0.12047719309701188	
-0.06406124624946082	0.05355926388405352	-0.07003146003623133	0.0012946624708809844	-0.1797020619036502	
-0.04155032847430857	0.05738050189528913	-0.13050171852837159	-0.10390054030920667	-0.06377136281064671	
-0.029256121181014998	0.08515411670076131	0.008990144200499125	0.05807119451720325	0.09711379599668472	
-0.21004024885819014	-0.08210722222351731	-0.08349639274674851	-0.12438910024021411	-0.06093015580246359	
-0.0535414331286905	0.09816474495740286	-0.07614166201123745	-0.02727666504721389	-0.1476964131517475	
-0.0469424023279545	-0.0710846090936812	-0.075086081388971	0.028753890378736664	-0.10461635312998095	
-0.162554470818479	0.0593353124578624	-0.10576469767723867	-0.07933046556948596	-0.17245315361808514	
-0.16772288759753645	0.003846777113270411	-0.04968733059627475	-0.17451446681270538	-0.1685169881825517	
-0.11113302119032521	0.0714112453883911	-0.08055675039026947	-0.12618510732572377	-0.07114933439393678	
-0.1001237114235468	0.04796627265820953	-0.09315610447131908	-0.10361364424542235	-0.013678562405404666	
-0.007424267583972606	-0.011307807290675447	-0.024849450909839005	-0.044622070789812215	-0.05278612543124607	
0.11350731519041732	0.07337485441114407	-0.07752008261389014	0.057659247958390114	0.0067535711660675025	
-0.0005529008023684451	-0.06142468409594824	-0.11356140592559955	-0.12572431270427473	-0.1046886926330224	
-0.04301450865279798	0.05409602985690659	0.07664878529550083	0.08010325665965415	0.051083787960413976	
-0.03789879287638258	0.08774849493790107	-0.04552969839530797	0.0713172490684	-0.015214888281360823	
-0.04138063213967191	-0.04497435382566322	-0.09490759953042792	-0.06469776155648652	0.018073619702635973	
-0.16021295818202214	-0.09818856828897563	-0.015959283955137724	-0.06912289644286337	-0.05175449727617849	
-0.0023974038013598025	0.006337755393224181	0.012381232390082117	0.024469770272428894	0.04292923129849188	
-0.09690134270644846	0.07779101361319832	-0.18899909446369303	-0.03220965425216883	-0.16327161550726138	
0.032212189272579524	-0.08713591551241312	0.021025967977276416	-0.08980615522558659	0.06780454652880374	
0.048599180407730445	0.0719840659568661	0.02279163448001785	-0.10342818948452932	-0.06252670266006463	
-0.22321786956638948	0.003459723623926569	-0.11156974358344306	-0.059299788887971355	-0.09060073418869945	
-0.03775926904136269	0.07570466932395141	-0.08604436404622906	-0.09046561977285286	-0.15711938537268752	
-0.20508414371715497	0.042688688161080346	-0.2160647219482984	-0.16619161086212247	-0.05205958213614053	
-0.13559693890113278	0.08693358253296977	-0.1579249995551289	-0.10142728306303687	-0.11867519382725078	
-0.0830963764962017	-0.023365374572536155	-0.14300672003465592	-0.11494338263971503	-0.12215262139653527	
-0.1264893942641231	0.042789327277646096	0.024425179271884995	-0.12352845602551871	-0.054135795334101226	
-0.0351612275719817	0.08293430748379009	-0.00450685687423984	0.04114777733173924	-0.02493800497296592	
-0.07164315696295546	-0.0266433922051197	-0.15874492597164355	-0.06910983419950645	-0.12195692733519121	
-0.008427253750881146	0.07523904480664183	-0.020347145327051747	-0.07339289389669955	-0.02697337987373277	
0.13236988688615517	0.11372444746013151	0.09412312095157371	0.1253524791977333	0.02972913398046708	
0.06178941353113645	-0.01878462067654655	0.08865451427462583	0.04779355561978079	0.1325786080592326	
0.007973922667923338	0.09012606745359458	-0.038711641231618486	0.04236788966295419	-0.02454183088411003	
-0.22626192730706546	-0.0415567181075928	-0.29777515859720083	-0.2502616755485274	-0.2099245378679893	
-0.2635905028309588	-0.003616782133997679	-0.2706830374424818	-0.18084348048370968	-0.18564899301752538	
0.07054082251781853	0.042123657539127064	0.07184554935403993	0.07335084713257303	0.00937592824929598	
0.059167683833559956	-0.03416329373063209	0.08684700096095123	0.11852726386832761	0.11678390996671148	
0.192685626069784	-0.02683659454699882	0.21869896955653506	0.15628554914252427	0.16022282052056497	
0.00016896452741023847	0.06325661466936026	-0.014767471358095148	-0.13016823746484235	-0.0850634291856167	
-0.05796014286422292	0.051962378991151664	-0.04405887258750949	-0.025773418517356317	-0.07618909993055281	
-0.13436225839300153	0.055266477600654576	-0.12333451360610509	0.06537567578537011	-0.0925447552437647	
-0.05847347183732762	-0.0011109727370053825	-0.02782890138113784	-0.03004532243809926	-0.08961369481078965	
0.06580021514336586	0.04294304862719205	0.14875564124902227	0.12896318688226582	0.018147061842105138	
-0.08167335460786534	0.006490966741908478	0.03169849094534571	-0.08987800475492308	0.06842528591092027	
-0.04993317312416976	-0.038088102040532076	-0.0352316873220779	-0.018582365883537667	-0.11966503499670518	
-0.041136579168847366	0.08621961710371376	0.036896488550623836	0.005537302502585778	-0.00446252899107296	
0.028177854137140784	-0.027122762344028578	0.037555526920753174	0.03860547653585379	-0.035841545616526416	
-0.007458652425116491	-0.06523864359666598	-0.029741103418373854	-0.11102657806377768	-0.03595070578526934	
-0.1759163871018561	0.050310030091249486	-0.1865516067745404	-0.19168678196096123	-0.10767656053993219	
-0.06265640597112171	0.031009701493842284	0.013066690447889547	-0.059337410765082574	-0.03998754838937612	
-0.032539407440324755	-0.05636146221855678	-0.04579989048422151	-0.07692458677336475	-0.06264283029371952	
0.024905779460683116	0.05838737808351579	-0.08136171202766977	-0.06040907224158782	-0.06030509853700437	
0.19797178486818037	0.07223055533729157	0.11325353433571637	0.05799715459853704	0.17641012802179137	
-0.08841744672828833	0.06378667492189152	-0.04023137875002434	-0.07223160482304025	-0.14520841598791193	
-0.052049373520381026	-0.08985114609406289	-0.19186109064416457	-0.1194921450172559	-0.12836809709012298	
-0.11840077986630643	0.05494315015955437	-0.14279618928652932	-0.007726023965758308	-0.006353363761601458	
-0.0490910202607542	0.027816402570231845	0.06702917130629489	0.032166196523317564	0.0173635759367616	
-0.08590284405095285	0.04619406585741268	0.046936268122424275	-0.05089771823756064	0.02323071751263426	
-0.13519027949700488	0.07901202674284062	-0.10278900481488776	-0.062174310440917556	-0.08537353854594706	
-0.23409502473474103	0.0628435971062682	-0.2161130244656709	-0.14766483828437985	-0.16200382863871737	
-0.11610838579059106	-0.041715656819914036	-0.14704375834220582	-0.031310944871611915	-0.09728050391049976	
-0.20505651870427274	-0.07985324828432024	-0.13570450983628785	-0.21986576447355038	-0.09413217002139605	
0.03204318828346777	0.036931560953550165	0.004536487762457716	0.13233843321675773	0.023640707739009968	
-0.0672901686691048	0.05124297885705746	-0.15390236430669038	-0.04601807047515052	-0.14391140250693882	
0.026562680380220215	0.07165907996931142	-0.12162459851682397	0.055462232210842136	-0.11876686687088632	
0.11805290431698406	0.03348190883647538	0.055556479462577385	0.08402001699229754	0.07763085481066476	
0.04063138114898971	-0.0593483842668842	-0.13565627680412284	0.04611452256296762	0.034223605800992464	
-0.054384963457084635	-0.015179719556453152	-0.04606956399192173	-0.02555874152621843	-0.11270989601025702	
-0.12898236450197625	0.06260466969251338	-0.13402763922860111	-0.16320496136677018	-0.14849606010168223	
-0.04611545045134152	0.07997327346388916	0.10726222518210726	-0.0007784554975342604	-0.015323545435804378	
-0.059441334674353086	-0.021663971623415816	0.05868292966857694	0.010330309951583341	-0.04650300125193692	
-0.004393879463041204	-0.03004743073340012	0.08561700535223558	0.010595547445114024	0.040110594659203136	
-0.08064850694875708	0.07678198144927553	-0.0740340610790977	-0.06726265062040726	-0.03093607329931725	
-0.07403451750026023	0.007008701146674972	-0.047278412755212	0.02549545580237719	0.06202803625407069	
-0.21951777487639532	0.043464283810314974	-0.21144755590673314	-0.12716172357697972	-0.27520297947131167	
0.019245806149242036	0.09842283836881847	0.034472611184711725	0.07811324459783132	0.03172930501497548	
0.08652550065674214	0.09553016234650326	0.028672325525003785	0.10805057693093895	0.1739516967527593	
-0.07922043719799322	-0.06833432154028599	0.005417143594375148	-0.11707111632141955	-0.0647393934647566	
0.07650219039142274	0.13438007992123224	0.07985839218356129	0.1320508133736882	0.002595365900451195	
0.07149398707902038	-0.0747384489109193	-0.030323755512223376	0.09432599318938611	-0.10203432155014726	
0.01868984808330555	0.07190001594590761	-0.07946864830825821	-0.10503889421564352	-0.003932234798190778	
-0.20248311993220344	-0.1123494115270334	-0.13308502631394192	-0.10677462564057624	-0.21252628790065292	
0.07813272997131492	0.0033500297489530125	0.058010853770245424	0.0009149408739821745	0.0025427214833555413	
-0.11201993270054418	0.07717837642464256	-0.09033884579927651	-0.12186306825037069	-0.11610315855286657	
-0.29774285268728423	0.018387326894092195	-0.18434533471781703	-0.11204756573428996	-0.198011036532245	
0.11651693813726534	0.08640657595417252	0.11492485777534862	0.02667127173221285	0.07768177148394376	
-0.04034016363697642	-0.02169186057040654	-0.03970589087621057	0.00033231810951122486	-0.03168767826955855	
0.02157136360540163	0.11034056084934576	0.0030564045095439556	0.11841450345890903	0.05210659137085311	
-0.03159931421779094	0.10665050217174885	0.036029124327586065	-0.03447274396638427	0.06232993881377233	
-0.05985035651796077	-0.025836400095732594	-0.04925943265850339	0.026691567104899956	-0.055565147587056836	
0.08134642237542485	-0.03204445999310061	0.007274807422160339	-0.005924363344285269	0.06811770559295227	
-0.017254982213078442	-0.05908373492572866	-0.07566821774252475	-0.006132429651783496	-0.108114955280212	
-0.038149215680735635	-0.061100275314004165	-0.10828617015781654	-0.06193506358988469	-0.16961211232173418	
-0.23399717064986714	-0.025625225411343096	-0.05697197261097583	-0.14716967391553132	-0.0832663873315673	
-0.19371102599815676	-0.027188283200379144	-0.20892220892379593	-0.06702399841373217	-0.09307589342318605	
-0.03998836017193434	-0.028294071210519165	-0.040085381244429494	-0.12015069282772531	-0.10050061290710152	
-0.0516501564665276	-0.03014005414765566	-0.11811023770230898	0.0026784048567999063	0.015165425832243912	
0.061256056428497095	0.05661010409028587	-0.032219091751921024	-0.0358072059475019	0.04010392127152566	
-0.05904297109503568	-0.05162806698274866	-0.15114539171724292	-0.12898943835895374	-0.1485447148299427	
-0.3968258568523347	-0.13214206561333564	-0.4097059479261141	-0.2064820121521703	-0.27680914343673746	
-0.1726008252834378	0.00491948727169438	-0.22621764649089848	-0.14044907503182388	-0.193399595920575	
0.1066471192676163	0.05396289530181306	0.06326009057026813	-0.053560717248031714	0.03354460972858901	
0.0419619969380407	0.10069463591220829	-0.02225272403898117	-0.11597194401920419	-0.015670556999474554	
-0.057675810101358894	-0.021040987221001537	-0.08696882724195003	-0.04665216224974393	0.0024733542903919367	
-0.1464570358295294	-0.05445032171153744	-0.14147583123472315	-0.22767678206447922	-0.09814409003276456	
-0.20606645504418908	-0.04728147968168872	-0.1383360905404363	-0.17556350313086116	-0.09171584914249359	
-0.13694023120255056	-0.033949960926281365	-0.1329507069217179	0.00474384722266936	-0.009686842575101894	
0.02288818478222457	-0.03451470809908628	0.10155192214160182	0.0074685785172666245	0.11044598810564982	
0.031641988406604794	0.016825970401232654	-0.06817846795315984	0.0833278233992372	0.0009669861888080612	
-0.9244207170405292	-0.2758921801482905	-0.943410362478436	-0.7216392813788253	-0.7804432035457025	
-0.22506558031900226	0.027850886604771898	-0.1834146895353543	-0.09908600720680279	-0.22412084001203986	
0.1468726976552436	0.05311159921629877	0.12317792835303717	0.2505636104473532	0.21319931337772396	
-1.2937329116767342	-0.013524968669692078	-1.2729362807216897	-1.0015645959010553	-1.2649683902234325	
1.9416209964015054	
