TESTRUNID EPOCH: 84 L_PCC: 0.9431220314122297 L_ERR: 0.00631325713589367 T_PCC: 0.8570268649749873 T_ERR: 0.016724648396421463
180 LAYER: 1
5 LAYER: 2
1 LAYER: 3
84 :ILEARN
0.018416849131089066	0.013347894263256874	-0.062201552547569934	-0.010225459614042042	-0.03602444538607882	
-0.08937177728775815	-0.05929811390088369	-0.04426533784814564	-0.018484985474047595	-0.0006951596402580409	
0.033323058932391174	-0.006203895450607342	0.01963847563377495	0.10336515081769411	-0.04795217080429323	
0.038095850477406004	-0.033701181952636335	0.009091828748047478	-0.054093928189538065	-0.05458915544282099	
0.1468676964452475	0.028689708832243994	0.06932689442915507	0.0838155873979584	0.14734467121707195	
0.09399992399323981	-0.09821004093040686	-0.0426198597724754	-0.06132859137977745	0.09045413303873547	
-0.0809250039477176	-0.021123678579425736	0.09374045638403566	0.016439137889623312	0.03983283182350427	
-0.03784775552970195	0.027029611077997413	0.05683214939981109	-0.07702771550847107	0.04946480627807564	
-0.004781840684905088	0.12296792750197963	-0.15245517976320552	0.00832843952270958	-0.17142742671861394	
-0.04481047481278012	0.11844070232904698	-0.09098986783199785	-0.04836645592795461	-0.11412018118508202	
-0.11150838562742803	0.05668896343286326	-0.06439002796044337	-0.049277865573786404	-0.024356622232554078	
-0.08909432744475795	0.014222031103619708	-0.0713910185371339	0.02994367334838758	0.043540599833974944	
-0.10756857832695166	0.01897679549465778	0.04293218620307763	-0.030909836041812508	-0.12344785247370368	
-0.1398224336333546	0.14505403812398843	-0.2078919721807715	0.015030671876342005	-0.12773189976403299	
0.021501695545578143	-0.04466294312431806	-0.17938094773059127	0.0635829954098954	-0.06281594366561953	
-0.047287637176541324	0.06054302117920414	-0.009498360852375752	0.07266297026325949	0.06783014113023082	
0.10706626613938316	0.0010209686211173406	0.0880593271521766	-0.00537475615932924	-0.015373946011087096	
-0.043968478607917534	0.07697151809086035	-0.07400540531572056	-0.022111678875440317	-0.09719474120820255	
-0.26033792980937204	0.23220919750302718	-0.2512128007408449	-0.09236213384949432	-0.19420596639989318	
-0.0749457157449226	0.10645258240591113	-0.024812754724935843	-0.09882903897125325	-0.004042927226434653	
-0.04074532626672344	-0.007514970768311315	0.0436607811857463	-0.024388460018221737	0.07009029427600257	
0.11721472650040653	-0.1626491278325552	0.21283685556904852	0.0791324780540654	0.17677565777613358	
-0.04246447997688812	-0.09419532750884177	0.12245946063527104	0.06279862721616032	-0.06400710276654253	
0.12997862543812475	-0.014655157617074659	0.19186436716673205	0.08778761429511339	-0.006634143556966855	
-0.13625974175695948	-0.06832732091369066	-0.15808768929831402	-0.0586061327528566	0.030545550488873877	
0.15533271314978642	-0.09348028310223841	0.2737452750549925	-0.005309439991660336	0.10048260102344933	
0.1513581007328303	-0.0062332758276419835	0.20369675399806247	-0.04154693479215843	0.17518448910078072	
-0.0933685488721637	0.07796889015104233	-0.09238664329204538	0.07874587377957928	0.009240514237787677	
0.045982584178838354	-0.08929476930020902	-0.03689211936088874	-0.05320590517408635	-0.05037616062878045	
-0.15831486402241296	0.0006156524115393005	-0.09476526731379897	-0.01460831939900162	-0.16903295006883542	
-0.15678515506683224	0.14644244436512732	-0.1071705581104424	-0.08162855476998161	-0.11163247275127854	
0.1653667236295366	-0.1484966561302516	0.177672760750586	0.14479342963310693	0.16617831627697438	
-0.13312530204528664	0.06357799987571554	-0.1166359940179272	0.039705045589974494	-0.13946144324620502	
-0.20539709324123553	0.0081722036014568	-0.14292343317260148	-0.02357970248602334	-0.0723970230246605	
0.00810748513444254	0.05829965288846154	0.0631461794526479	0.003393491887753624	0.04082718617789878	
0.0783038486811807	0.0009864857224653467	-0.020954640963893142	-0.06707097685240723	0.0016831372587232715	
0.034975894334320294	-0.07457001554421822	0.04280720438511523	-0.08352711201793428	-0.033790096955509254	
-0.16816735851057366	0.10935307255836206	-0.27883940558746567	-0.06307820022946653	-0.11262120375713454	
-0.12187620116032774	-0.00914474554376388	-0.05106532746120467	0.025769506765750298	0.03559771216158321	
0.019990826082890278	-0.05377833070132228	-0.1739543032938791	-0.0004097450978698251	0.028639660518328874	
0.07143944836145255	0.03511651615023454	0.055039820287518186	-0.002905561396504314	-0.053332724498462394	
0.05086038511690288	-0.030178048288094936	0.07335767013481749	0.1126725616300861	0.13131682036235304	
-0.0758557335542701	0.129656886495236	-0.1663916683943729	-0.08756209966605585	-0.10798089730658117	
-0.014819872636437647	-0.09482940100466365	0.03803180833868561	0.07270726491538979	-0.09444050218908341	
-0.10133517879135796	-0.015037120139534085	-0.15458805825256655	0.05518756398892175	-0.06722350500088022	
0.13383735772553776	-0.02046043965670068	0.1295359022960202	0.09102152345096928	0.13047323872666017	
0.06883471878621988	-0.0594998276977328	0.15820906177185887	-0.012463786770308141	0.07444336103084034	
-0.02922522077031693	-0.05469282671848552	-0.053335493210059856	-0.027064795284792866	0.019037213793378825	
-0.017274007557760374	0.054482571633437664	0.03500490711473101	-0.04515572108805615	0.08202913625490095	
-0.013182594194828314	-0.056468335970106684	-0.09129601472809443	0.029160735117343753	0.03424104632281693	
-0.08232390173070281	0.0854732353279913	-0.015552625128768193	0.11195721411932895	0.026751996951883555	
0.09076233572281517	-0.007092451615304062	0.04648924591470495	-0.030362561050175065	0.04052668870647076	
0.06648323564962323	0.06580826527070506	0.06361487320508528	0.051013887058535136	0.08036670867677964	
-0.08651145509350376	0.0638775949058617	-0.061214886290719354	-0.02502057942094663	-0.0750624572809719	
-0.04188599012312205	-0.043928674803621726	-0.02526950359757283	-0.014787795663742411	0.07630873163376727	
-0.010904303747728642	-0.026421731857461207	-0.09627134138595814	-0.05054121347400193	0.02566345618054243	
0.05673115627010155	0.09353105903497812	-0.010358565691091075	-0.05155009177564753	-0.06437336090675569	
-0.0464872618178333	0.11247982657105543	-0.018546057765145663	-0.006920915346035709	-0.0705426672320459	
-0.000455750301626313	0.053502914779282325	0.026423694462997437	0.003888870007295492	-0.03986013261965152	
-0.0994276829944962	-0.008966347016502806	-0.12625173492837063	0.09208424844583266	-0.09262822601342632	
0.04601053623442394	0.08373721058137752	0.006824777455623526	0.008178310150163844	-0.08187978418550554	
0.004917047326663616	-0.04826296086572395	-0.056508238371831075	0.03620480385558885	-0.027280108507013644	
0.02789706134041946	0.10585109746367698	-0.14343075562360952	-0.08204222832007194	-0.1184580102677871	
-0.017928488833270372	0.04147317064252118	-0.1020966595839288	-0.033723776800572695	0.045643607227335715	
-0.06519358806483921	0.05425494976332682	-0.1262913840560767	-0.09010422503895762	-0.04349777923518429	
0.030872702978396595	-0.11062991034657547	0.06325601203195284	0.029359003974090116	0.06370427456592825	
-0.061780964152399205	0.030542867911741153	-0.06666842397787809	0.01831911289174476	0.05324567613350958	
-0.12836670035468037	-0.029968687662322555	0.01510986686769027	0.07982191306798303	-0.023812660904682214	
0.00033157436869258304	0.13604240766997042	-0.07566287606780349	0.0604505243975623	-0.15631581647958046	
0.04114949064160933	0.04617069353075723	0.06798188772047169	0.04502601334591332	-0.08031240267782437	
0.05847739709828376	0.05801112928506375	-0.0032867937795338456	-0.05131724129625928	0.03210741274719762	
-0.0122210895230342	0.0379275183123714	-0.0022784861599156555	0.07582675371906833	0.11451186628932056	
-0.030206245124301298	-0.06997806506054292	0.11838661247369922	0.004806807030669901	0.10519147161224168	
0.017713625523315395	0.1087598760120492	-0.007337223647182788	0.00988880975644483	-0.08533890088053461	
-0.13402012545030856	-0.014432473130909038	-0.25387274433988893	0.0317170930650014	-0.19094233895329543	
-0.053883686702704964	0.07946588728928533	-0.0214926184141209	0.039267275342763766	-0.08381729304704565	
-0.057393127273559115	0.04814130918339322	0.03413580714290626	-0.0760596938243806	-0.08974761574930026	
-0.06587464528207866	0.05496238068839541	-0.04178446769678123	-0.07948289162444604	-0.018179790450985073	
-0.07294165013542754	0.06807546422706398	-0.07560643413458773	-0.0949351925391853	0.0018249923360603105	
0.06538005473774	-0.009964743667207	0.06950172535645224	-0.02342480084006223	0.007635533942385818	
0.07017540993239492	0.07223297942872056	-0.13391925467451682	0.03612284474845269	-0.031135767570780577	
0.08849514955966516	-0.056461941913954934	-0.03771370103409067	-0.06608593275942465	-0.021325967311037128	
-0.05687858076328595	0.0025779501880833678	0.08800127391701298	0.06556835380867052	0.056230937376346934	
-0.009884648849230075	0.0434018902533467	0.014544472872587538	0.09489421608693552	0.03330354612843859	
-0.048748481121398825	-0.10621259412781181	-0.09537606540473612	-0.07075970204931968	0.006460940400807361	
-0.06399791579752052	-0.10764929846006797	0.08670954155549325	0.0012651111598715264	0.0612237253823872	
-7.631134429822334e-05	-0.020849413492693477	0.015621064055317933	0.017481867232298266	0.06620015753929182	
0.006213065952205972	0.041139600221042724	-0.06818412229132957	0.08398605524225179	-0.06490290318994786	
0.10684115927942073	-0.16555524011863132	0.11956733304771074	-0.05409285470104776	0.14828763819717958	
-0.0020232200474052517	0.13080180919861686	-0.05140571591278291	-0.11831849630877	-0.14049172397504953	
-0.11242062662655614	0.07173474608131099	-0.001807711816122833	0.07491101344034626	-0.0022195752583848084	
0.030151463218920045	0.09194325837820534	-0.029323484037822048	-0.03449700435096617	-0.07961761607706716	
-0.1339452311645781	0.1097421716084111	-0.16224056519489707	-0.07101359488169634	0.011349495680615999	
0.049249069483992734	0.03584007167842592	0.06441489249367847	0.03525312903109255	0.036488326976352306	
-0.10920801107778781	0.10782536973276649	-0.288838910809362	-0.04057473629708316	-0.06676078488406458	
-0.043573196218484656	-0.0011368880248183704	0.14142143989675743	-0.06728551552330174	0.03644708172875688	
-0.09236590727811662	0.1225447683028611	-0.06153127835000287	0.01836471639121148	-0.06970567906173131	
-0.038090536279796826	0.0015530199895898847	-0.15386780893135119	0.0047640969023057915	-0.0930783511534976	
0.08378151683214166	0.023502539445171784	0.09872442288176904	-0.02446373668926799	0.03933851485603285	
0.003280418801735469	0.1587071160884172	-0.06355117069166402	0.031267162785686003	-0.12855528390361912	
-0.12917879082520953	-0.014092893800362376	-0.09993209552503975	-0.07587110495447182	-0.02645341087350079	
-0.06760819649103107	0.09568933348345567	-0.13545978766948918	0.0358587515814606	-0.09333122201546094	
-0.11096900687925193	0.05751376824088324	-0.22920829602180076	-0.08394868344681741	-0.0784704496692314	
-0.09387913058317306	0.06526408929710582	-0.1705832618915175	-0.008213427191545808	0.009972900907190555	
0.0028300341229274386	0.06202164090402146	0.0024790434807506548	0.08432964450753622	-0.026061254303983653	
-0.18638765439479826	-0.00947617862772775	-0.18462333536541764	-0.03565069938672382	-0.09484024858213913	
0.01655942617547865	-0.011381733536984665	-0.0007553515070128377	0.03374325942064874	-0.0015344231250705488	
-0.061530447149384125	0.0949118853519534	-0.09672002987071099	-0.11818936683861665	-0.11612751974057994	
-0.006288987104195701	0.04711318700716974	-0.00939405204599118	0.001172704086364788	-0.07290542384232498	
-0.06817699864669383	0.028272173077496646	-0.026916178168864758	0.12280509500703521	-0.020480162009327993	
-0.029568637167772877	0.0002566700532222462	0.021309884899046394	0.017411912408876254	-0.05135355195591669	
-0.03181973841596968	-0.006237546043805238	0.054801806250817625	0.05589753701628056	-0.0753979941734738	
-0.13133628098437702	0.034308097465850944	-0.012533190173340435	-0.0945612789257081	0.018777459360433	
0.019307165998137716	-0.011769660702847054	0.008357439645421317	0.054079126636842	-0.07816637573596935	
0.13087240133302994	-0.014821580503365872	0.2465460187262418	0.015477502784283047	0.06634161851354232	
-0.07051523078360149	0.02030351165490865	-0.08824395475951191	0.012870037837622984	-0.10485858433320829	
0.04366808220343793	-0.03771535410554807	0.014301410180748013	-0.044613286463515554	0.029994307281491408	
-0.09075664567557101	0.10759778920304204	-0.15954747606544986	-0.055434807113818305	0.006209678108005958	
-0.0686793222015875	0.05851379066656045	-0.028024141836192867	-0.0409075273987453	-0.05544404218747884	
-0.04610163547838946	-0.0813340799613245	-0.03457487170234797	-0.07391653861583196	-0.05813370608775765	
0.023868490824875528	0.06455296943411429	-0.1076575492044516	-0.04706969569085188	-0.06882319610191087	
0.11370879475122281	0.0016999351401198388	0.04701214560093489	-0.013769112334133965	0.09113132568344635	
0.06420249068812946	0.020508055589893607	0.15023366708909613	0.04097933725011285	-0.010385966480795896	
0.17587072321220026	-0.14072620679721692	0.03801856743240627	0.0367868226465094	0.05531881400674674	
-0.1919195645250483	0.14235657308823627	-0.25024397710175295	0.003908274285998496	-0.05627514625149497	
-0.04380952015816711	-0.003690212709958792	0.06973422177489	0.0417093148108638	0.04219253150323306	
0.05088019355606546	-0.036202274124490244	0.19771848582635287	0.03334527711579676	0.14157657523196088	
-0.11455174797642297	0.07935928183087403	-0.10549906230203356	-0.007803451251480122	-0.06851868239135722	
-0.03274063709525565	0.04415097121299702	0.055056947560943675	0.03437581793611046	0.03650360421795518	
-0.13912073471527037	-0.0024428414743762204	-0.17426510171884524	-0.032600859119590125	-0.10982610663166321	
-0.12213011527435988	-0.0006377433135848001	-0.07383020675613318	-0.13727813839115313	0.007667995840310253	
-0.013492578791170752	-0.038450037286870395	-0.032044379799263605	0.09186078303342213	-0.010905695336084336	
-0.05384887244769982	0.09697106869118757	-0.146919720756994	-0.02797085701856884	-0.1137516044657598	
0.0418457533779783	0.07388958565120922	-0.0472891466022076	0.05985365746724877	-0.11980381415749686	
0.10904997666139377	-0.030579847695158917	0.0033657173642616203	0.0875575253940522	0.09167188541554781	
0.12116824920915752	-0.06403033532907727	-0.06820615439707657	0.10936770336724286	0.09296665933169015	
0.006571862491141917	0.03279624387129875	-0.018143320145266137	0.0450096383711071	-0.06178843421222177	
-0.08158665374830433	0.1494195671581797	-0.1408949508955265	-0.05699423895842785	-0.09915438868355918	
-0.06509359379342308	0.045342215401957424	0.1803075230813956	-0.04387896004058746	-0.05905751999389734	
-0.1161424510436296	0.00994899874260076	-0.00818674421116791	-0.01885495068555586	-0.10075178888997233	
-0.07717385852399415	-0.045284323968381716	0.007074899061012001	-0.03699352243515457	-0.019864070197942618	
0.022288793116190978	0.026499240906811414	0.0193009607224106	-0.007124070902541405	0.043036919241162944	
-0.054385393869464116	-0.020099060014071794	-0.033765128983326745	0.04463416661821179	0.07433185083891569	
0.004875888271718041	0.03269033646549889	-0.0011014861718667021	0.06322386847268338	-0.05370832342477996	
-0.06112962688305178	0.11335416298321715	-0.05710049626386809	0.0452917768788343	-0.046951055290084365	
0.006681768872884171	0.04838404372803676	-0.08262918951828693	0.0321500874254334	0.09026705000286854	
-0.00023623669149533296	-0.07011690624875026	0.0526707817003307	-0.033528047973316	0.033554637956360205	
-0.013322794347075083	0.09270454711453015	-0.016463038435490875	0.08399614521579117	-0.12167027299710538	
0.06827683370308096	-0.062045324335298566	-0.06366809141604375	0.10297203961760247	-0.12434126260192625	
0.019947993084084414	0.11818141487493863	-0.07198679609414267	-0.08642428342188488	0.018801288100576092	
-0.06610918247441686	-0.01407617592163112	-0.012780870318515181	0.052431583475603616	-0.05651386748154872	
0.10128065561732319	-0.05292027140544796	0.06664420777212357	0.0024575017954844296	0.009715440204537807	
-0.11974365318040116	0.14370477811917773	-0.11570679063049973	-0.10540117673207691	-0.12096134928820639	
-0.19582037915138498	0.13219796590150434	-0.11531734836158286	0.03469246857750564	-0.08514590045494191	
0.07371289418833589	0.009734703329808612	0.08113007410224297	-0.00037191597851424116	0.05512348484102844	
-0.035536806933215856	-0.07150824729075489	-0.03109877616118652	0.006139144931253962	-0.02743803251919174	
0.0009727501454286679	0.0716782383421878	-0.013067066743951614	0.10609491148514309	0.044551194452250864	
-0.12829440665579167	0.14950144389192477	-0.11468688958980115	-0.06652037093629587	-0.03877303983486547	
-0.1152821598944262	0.06275620214205982	-0.14087456558030936	0.013696581063246146	-0.13713248182030013	
0.022932891910035513	-0.001537587932516764	-0.041881019791642056	-0.04257776246071758	0.03258227533720342	
0.10908500234425844	-0.0835249243775226	0.050450674925024315	0.10229797628168152	0.011199815746565173	
0.06116922710705014	-0.043753871068395025	-0.022064679856048475	0.025555306699562384	-0.10786305529819719	
-0.12199175199245459	-0.012047980230571015	0.032715350527008816	-0.030804015429398424	0.017553449321995873	
-0.02567142545059532	-0.07801047712888465	-0.04540203872375729	0.06825227272889937	0.04980561147495405	
-0.005038317840660976	-0.0174403193115693	-0.03229378109887551	-0.04948538754484542	-0.05363634403462556	
-0.020182842118779784	-0.04173655049241918	-0.09430599555610747	0.02982158442129535	0.030755225969835376	
0.027897959226366415	0.012873450635819638	-0.0740868909362265	-0.06346888602384805	-0.018143416906871417	
0.0517823186299439	-0.05590039511845323	-0.056232591185792914	-0.007714076471045931	-0.03758315676495148	
-0.3678274868227867	0.17180117293025757	-0.4706652343346342	-0.04196985218826618	-0.20905450322793553	
-0.007457627063205154	0.0367103340833263	-0.062027664007298824	0.024549864167918253	0.006528227009997144	
0.11210005351810341	0.02854497051691975	0.08818940865081246	-0.048260416314082705	0.05652697210534634	
0.15588243907058857	0.03438639889649677	0.09374619125687746	-0.04606745917169098	0.05078296008935325	
-0.0003203389996135578	0.022894651511106107	-0.028619731992677495	0.024231984201571275	0.08483184388555931	
-0.35083690366868603	0.3103383824333969	-0.4416764810822017	-0.23569421134554475	-0.2286772389676791	
-0.03191065052548842	-0.11607491918741739	0.037510942850330874	-0.047304278746366564	0.054734582783559284	
-0.08622305123101619	-0.05571976460451056	-0.09875284184507248	0.04942095190577157	0.017987354052204953	
0.05176956872650888	-0.12063054408374636	0.1413459094361613	0.002391828145262694	0.11642919889887429	
-0.16391152972402967	0.11346771578052199	-0.2900991624994077	-0.03858163582662552	-0.16460909621982786	
-0.6677009441270203	0.423000905440868	-0.8562186662973135	-0.24451595149088487	-0.40908512198571867	
-0.024766385917862753	0.06892543690185221	0.009337945354398918	0.09660532906921217	0.0061552743586688295	
0.02321296105814369	0.03852791746236578	0.033394591135155145	0.08656026661310773	0.08697343830804846	
-1.1845553732963743	1.2208452706476793	-1.7543361319857849	-0.3025847301011814	-0.906987165694293	
0.8629806471897177	
