TESTRUNID EPOCH: 84 L_PCC: 0.9454499254817116 L_ERR: 0.006070393057253751 T_PCC: 0.8338943757330055 T_ERR: 0.01578897461076602
180 LAYER: 1
5 LAYER: 2
1 LAYER: 3
84 :ILEARN
0.02435087594628295	0.01387032933184078	-0.04445587226172424	-0.047688070037881655	-0.037356577195823325	
-0.1404375276180484	-0.03501732842952145	-0.0993907511959798	-0.020730691094895705	-0.022650532548797484	
0.05675531288595449	-0.013974671592739159	0.05316296949370578	0.058980418963507815	-0.041443591861295585	
0.0335815780315051	-0.030578946224536115	0.021383834842788635	-0.08754532577358842	-0.04911992676302006	
-0.0528390796468073	0.16167931569684854	-0.20588081774996264	0.04224391255647588	0.01346225198140026	
0.05337514375418839	-0.06745746275293378	-0.08549036519327906	-0.06271032831414439	0.06508377783339628	
-0.09922944811583792	-0.010829716813522584	0.08161025140524222	0.001203617204881376	0.033696972199792556	
-0.04739194412754896	0.030200530752800436	0.05570422457845199	-0.10875697835051129	0.05586080260607729	
0.0754483776267491	0.05789027807301887	-0.0296039867301759	0.058107879097736244	-0.10469824347358159	
-0.009504864350097635	0.08249249064665355	-0.0629355850473577	-0.040294607648385355	-0.06902610640361119	
-0.07246630736138952	0.023137946243431646	-0.03482478331552092	-0.050999845371327526	0.010889131220454571	
-0.1283994686132386	0.033048473330237776	-0.11094352026635178	0.016005471126912908	0.023402580958065963	
-0.035120459557327365	-0.04010959727719755	0.1070585488351834	-0.019071196521284483	-0.06751251705225618	
-0.09419275063989611	0.08931875557354166	-0.17098652525753755	0.10114757442474137	-0.05420650568980616	
0.059591160669809635	-0.07583046525561488	-0.09876110002364034	0.04828409130417064	-0.025014257485937524	
-0.055940719233377095	0.07115900356906955	-0.007215836800151367	0.04128038350548041	0.05981053124202284	
0.1133060437920447	0.0012355830041335123	0.10173044221727306	-0.037878729522111396	-0.016466812455684092	
-0.03795430152599661	0.04584397384748251	-0.07668833829035081	0.042070379990157135	-0.04501828724542208	
-0.21214826472688986	0.16773813375939509	-0.19974822529637115	0.04101561863765916	-0.1135184017488145	
-0.06379702988699658	0.08823172497160435	-0.021429276612300804	-0.09536898176095109	0.022885974302259828	
-0.04830531331081743	0.003944105785512582	0.05112555172773539	-0.03330024561980244	0.07838387132275952	
0.06946120433061177	-0.1313727923064563	0.1432611427029526	0.029097459032658292	0.13925953962119578	
-0.08510903519891788	-0.07044626901300556	0.06667907068887804	0.03756624196458955	-0.0856018188541012	
0.1222376967272711	-0.0093042955701856	0.19098236632741813	0.02254194600929206	-0.01926291305371954	
-0.1843382422300422	-0.04183873238929051	-0.20320423176464067	-0.04709842383377241	0.018458240220325155	
0.13370799075771045	-0.07718360913379248	0.2213023929320795	-0.08256390270780453	0.0674905735844114	
0.1837854788737357	-0.01530467900243637	0.2578068443516375	-0.12390946384922383	0.16511157452682157	
-0.1464750547132828	0.09823246447753654	-0.1550830420355317	0.07013808057270794	0.008062693066813264	
0.053328724467247866	-0.09476834435551942	-0.03176482359629473	-0.08025337263486629	-0.05486824007163614	
-0.1641174130696535	-0.005565020084432618	-0.11024428758311025	0.01338211888674701	-0.15146466161521055	
-0.19271131286835064	0.1567800150491433	-0.1602405544755496	-0.05182595595583331	-0.11329273139764198	
0.14763964714102626	-0.13312134852494895	0.14697195917643974	0.07534961958302532	0.14064839239747665	
-0.18944141578334647	0.08565956736336429	-0.20713519571360633	0.08294338411990322	-0.14489767594067907	
-0.2126880288715627	0.0070561643619234974	-0.14746851090756224	0.03860007641962297	-0.07159610203887225	
-0.025686786448179243	0.07417953731817613	0.025385438191174274	-0.036106598163317315	0.028615701015664866	
0.04493721987913174	0.025654909522510032	-0.04571350246845276	-0.0852677534881329	-0.019912914748623934	
-0.0037711768546370887	-0.048664496799015314	0.014525984395558343	-0.0771215644812449	-0.06483404061485001	
-0.11401090932588887	0.045543161292799755	-0.21754633137121723	0.030948066635406012	-0.010544334807647835	
-0.1289776293624092	-0.006025264317888325	-0.07219378378388329	0.07957186637207486	0.033664016619016635	
0.029576523989631707	-0.06478389607174329	-0.15837684167766033	0.022922594167095522	0.050997702060290015	
0.0502660518312343	0.03545877860256566	0.04583960841430913	0.034892674765190645	-0.05920293439274431	
0.055972098776896795	-0.02844943056355467	0.061183574867734354	0.06608688245459322	0.1288226532717358	
-0.08638421425836479	0.12984661762599256	-0.18768721286996928	-0.06575815018853634	-0.09421601747607738	
0.05480980785775979	-0.13509737441701555	0.13054647342235873	0.051583827434812976	-0.04567915829842186	
-0.1778674073793718	0.019775363980725495	-0.2319014709381175	0.06015195046326968	-0.09723465600919041	
0.16043177958251997	-0.03591748432263249	0.14437087090094214	0.05578984501524173	0.1411210317238929	
0.08960219239885259	-0.06073378222742335	0.16528783960958043	-0.06089510085628839	0.07213903007775513	
-0.022278210247741962	-0.07534210721567791	-0.040597438742320135	-0.013511255014907898	0.04392508074234079	
-0.038688262879460485	0.07283675967686362	-0.0025889748962768413	-0.06652435973897596	0.07347994558706612	
-0.08302404831544354	-0.020569185020980436	-0.13628773769810248	0.04813516987419273	0.01011503252466612	
-0.16340114013466697	0.13468744174213554	-0.09443677384132275	0.09979705907119173	-0.017889169291996816	
0.12175443074990763	-0.03023798994917131	0.06033271832670377	-0.05909692219419699	0.05993461778152224	
0.0027828095485512238	0.10398886514076344	-0.0007072644593759759	0.047281311225478545	0.0450955129907746	
-0.1252770737166861	0.08217327312270252	-0.10855326033457394	-0.01985103069558064	-0.07663174810758919	
-0.05194561040913286	-0.03256115976515547	-0.029794444078247877	-0.02392151351875068	0.082194865825199	
0.002682508003843893	-0.0448115943798428	-0.07116819268276375	-0.029012657547178414	0.04467488543120758	
0.03681102241256823	0.10214220932896001	-0.023138496878719796	-0.04264877688959483	-0.07010786381474465	
0.036906325099775684	0.013381804689966713	0.015344357598021252	0.005220587597428829	0.03210087093788307	
0.015536050224965554	0.04450493721403229	0.03980711313247527	-0.012105481047333066	-0.025468681036032472	
-0.16572163022133246	0.026933207247166354	-0.16797948263343998	0.10540375745630344	-0.12309322965758716	
0.019710979462859282	0.09842004548827171	-0.019770344513513356	0.016509262181592474	-0.08785794161443221	
-0.02468803756893343	-0.025367529663535084	-0.08937156545910824	0.012065133597428774	-0.03841940004640062	
0.04494269380706516	0.1019522365123722	-0.11277382656430968	-0.07835859569320974	-0.08152672238202605	
0.02560559562521998	0.025250394285249732	-0.028996357099442923	-0.06557860474591595	0.08351959296882872	
-0.0947030856652377	0.05909875146805551	-0.16136108029154303	-0.08014125271531627	-0.036105757271381336	
0.03360904453758635	-0.09598824637355724	0.06280029207575762	-0.006190274368075328	0.05204789573155517	
-0.09385230169060368	0.060364166240949334	-0.0998921350158611	-0.0028599958358060166	0.04522910109567676	
-0.12304957716784129	-0.030421879174191483	0.03353394300367894	0.056826553102518246	0.00017467028504892317	
-0.0243843020801157	0.14552807244941396	-0.10718149467056316	0.07606128969901568	-0.13084642063553373	
-0.014222091953051783	0.06301505039149696	-0.026330932936705655	0.06802746700236555	-0.12270975101285564	
0.04693127292482971	0.04411327976836278	-0.05041849877070514	-0.05193181961815652	0.017149659788373496	
-0.04633026265731529	0.06688302489537842	-0.04040139955810688	0.051525462219215015	0.09604391620713305	
-0.07348391272771657	-0.054418256905473306	0.02953461688270434	0.011038677251978608	0.07317758416648919	
-0.010093569504840087	0.11022087337503762	-0.04800810007111534	0.002833999062217418	-0.08773683104352033	
-0.10881659150514517	-0.04761245519175131	-0.18582082604823003	0.05078126590688623	-0.12987819862379102	
-0.042735106688916294	0.0806740372522874	0.015743239882308892	0.03538298320460789	-0.06429184078243272	
-0.07720617527479084	0.05768679718362028	0.019526224052083183	-0.05285987256486959	-0.08825588706459736	
-0.09779678481750469	0.06428242352437528	-0.08800292551710535	-0.0996169345210631	-0.019828078187851057	
-0.10329759148958773	0.07977326891164202	-0.12042634902017267	-0.09383775891603306	-0.0020960260881821673	
0.004075952920382059	0.011613720634192507	-0.02476792180463082	0.014769465305592549	-0.032424661847387265	
0.06101679339343146	0.07071601783808873	-0.15097541247872862	0.038965679121951556	-0.021666648041100266	
0.10524829881556425	-0.07162399901784726	-0.007824572041160667	-0.09720703807898069	-0.0009678178823846106	
-0.04625385250325122	-0.0020131916299502297	0.08703085301072792	0.029762853273957234	0.0836722333518028	
-0.01888367589490629	0.052590316594331686	-0.006173320790293886	0.04989521926375136	0.04371290151566888	
-0.07109243867088204	-0.0961155897070347	-0.1214428796993203	-0.09402574854877452	0.00021343123979271014	
-0.01897556455755424	-0.129532347312926	0.15143019351659714	-0.037440072498449314	0.08809110065686462	
-0.018946702891660953	-0.004390557605664349	-0.0038801832491808233	-0.011832956780318832	0.06104740867728873	
0.0005552263212142337	0.04497298271818415	-0.10737085280665934	0.03261400343441352	-0.05143273772310044	
0.060926005192326646	-0.1250688091412942	0.06443475832276133	-0.11294516220321259	0.11774033790923602	
0.018883785610753507	0.09629689281267495	-0.00848875065494879	-0.06060449419815891	-0.11474324744591677	
-0.11483504443350348	0.05929270746238445	0.005931668388268121	0.10470016997093885	0.003399419850931295	
0.07515365401027045	0.058590381291588785	0.04017869236290751	-0.06375738018274739	-0.04096855527704949	
-0.11482148542491825	0.0868405924485656	-0.12371714771665011	-0.04228429635849109	0.03462329498977348	
-0.007847181786293102	0.08694324646595764	0.010511824523237323	0.005240381196643875	-0.03254167168122205	
-0.1164378219376366	0.07773889375897436	-0.29973420577645776	0.014745672520679086	-0.004432357722107607	
-0.05602300462505229	0.014548009127798201	0.11345337515048848	-0.10640230159833464	0.03202957578199734	
-0.05840223891173173	0.08533735418559947	-0.03319359374656936	0.03920895723842826	-0.022301429953917335	
-0.05987815641373272	0.005726133545207628	-0.1659748719323011	0.014092008924331325	-0.0858200807157779	
0.03992908276636384	0.0655763633927169	0.058005284406115507	-0.055882152142128626	-0.012409789095849966	
0.006001354485488818	0.1339647062525846	-0.04904296860946576	0.09675023292070821	-0.11141176379788624	
-0.12189970531529248	-0.03327182748583755	-0.09069101888062597	-0.06360643550211954	0.002407789122601095	
-0.12412933289145121	0.12573818400661835	-0.217687352699614	0.04699121753403822	-0.1030282278344783	
-0.10241508878412679	0.03633129934536685	-0.21902895143531775	-0.04630758558461939	-0.02227416199338284	
-0.05537278022069864	0.02205141398382921	-0.12530923198170804	0.011315828594912416	0.07979711198890663	
0.013624342387329194	0.04449183246754944	0.02846330963127473	0.07687568571228409	0.0031563480604877197	
-0.1705814978373455	-0.040223633024711554	-0.19633222357586827	0.00041260650223523787	-0.057296922573850356	
0.025170990113930578	-0.03308040073552965	-0.002279112528836286	0.05641585032639995	0.03225698983911352	
-0.0675562703599736	0.07910639601457858	-0.09919311593613517	-0.10031562288744114	-0.0775720523150793	
-0.09924082535506039	0.09505226906134383	-0.14327410283448133	-0.00501887236581733	-0.11787793777473808	
-0.04728628551225605	0.026202424045617144	0.016002785363641463	0.09045441145499095	-0.018956677120045475	
0.019299665492677545	-0.021910274931378263	0.10154229978916923	-0.013956669042352201	-0.03695791115864618	
-0.09740493529584356	0.03529363950978912	-0.04250336831581146	0.05891856471844829	-0.10455245901538156	
-0.10839501911766415	0.01878379395650578	0.020717691827285833	-0.09190260417792942	0.036047571438995105	
0.024073256466388825	-0.005173944106199076	0.041203818644460995	0.021375730163768696	-0.09752085982299274	
0.011357659462728724	0.03482637401013148	0.06112526101098433	0.018040071463912212	0.0013461457437273126	
-0.0328911793831147	-0.021958308588176465	-0.044642621736376384	0.03610447287629794	-0.050759724492778394	
0.07335441413839934	-0.06303749904616963	0.05508917429567307	-0.04378206855483936	0.06031533108631358	
-0.08790024165937484	0.0934429457326187	-0.14746441727110285	-0.06204381318082376	0.024844729667834565	
-0.06554712827204885	0.05527527287083419	-0.011546641605502709	-0.05993561796398312	-0.05855495916593365	
-0.016382986065739374	-0.09397874811294044	0.019499235706878355	-0.10108269785012663	-0.043784287901616495	
0.013040027700861745	0.06215788335829938	-0.12448363846528038	-0.0596283704016835	-0.06095804406387646	
0.07730355189075096	0.028272703292921465	-0.0015885299546997585	-0.048279888002687385	0.07708609547791147	
0.11048604482998667	-0.00399267153295718	0.20409770310777936	-0.024390930718463367	0.025014141579294914	
0.23764820180192603	-0.167054799809214	0.12738848386878412	-0.04015834723351223	0.08678437323505912	
-0.2475261556616521	0.14376442984244892	-0.327957352612922	0.03848380968989926	-0.03745587631108471	
-0.07083390350239704	0.015006270473331767	0.02953970340135018	0.02610295755796318	0.02747310728065437	
-0.03259049583947507	0.02672366712249241	0.08866856135809313	-0.01962448450209605	0.08785290565037547	
-0.06248341242581122	0.0378522135794173	-0.02606670212938676	-0.03794468842387533	-0.00879449240660687	
-0.04712176323736767	0.046743386864173855	0.014329548389844675	-0.00403440618713429	0.040521746163784456	
-0.12730415599066916	-0.018942271113169176	-0.15565507352076954	0.0023760640174110004	-0.10194843644369452	
-0.13797080900465794	0.0015929703712292524	-0.08028116810122082	-0.0671515181093655	-0.007209700205847463	
-0.04619577810135066	-0.010851218944194873	-0.07263255623129682	0.04909724039657155	-0.032529693059165136	
-0.0646307699588011	0.09677230186628885	-0.15923368209127184	0.01729832377401011	-0.1217749682796864	
-0.04914204834153676	0.1121337666453086	-0.19944738145894195	0.08366237003571778	-0.16447001973156278	
0.10147675672238257	-0.018063656642858434	0.011273155221585974	0.04022402247805663	0.08450463560552766	
0.11611845298356328	-0.07231795576042364	-0.09061517564065516	0.07646484291527857	0.10335073778137013	
-0.01569732837658285	0.03438333314706052	-0.050720156938595364	0.059867890458132275	-0.05481731617320073	
-0.14750788918308383	0.15579720958583815	-0.24728649388295854	-0.003671853013784182	-0.07989556717464896	
-0.08192932701478867	0.04129965648460044	0.102144619593465	-0.056969278773459926	-0.0625994121909115	
-0.11932050122168308	0.00010589487657568128	-0.014142267079549718	0.009034749641531758	-0.0945046329874538	
-0.07492842563792895	-0.047723184188836996	0.015405371346503247	-0.04101758591473638	-0.00973609393648844	
-0.00505389082924979	0.06009995807181711	-0.0045551704039242975	-0.0390083122332359	0.038752342812308216	
-0.0382746832912552	-0.025364944633522894	-0.015425498810775156	0.011972975978693054	0.09307605632937935	
0.013684307940445681	0.02771927246906783	0.01811877268862414	0.014596972850386634	-0.04316070021328027	
-0.08172253678833155	0.11069601094894169	-0.08501537714731451	0.04992959802879629	-0.03331012640409693	
0.015697985427742422	0.05572175661958622	-0.05556203595112388	0.003867554876475042	0.09954052351503181	
0.00758012083030374	-0.0716451689734099	0.07589712566794972	-0.06123702305427289	0.045555275783897044	
-0.0049009395780136526	0.08246618367863053	0.00866676446813203	0.051820112600797316	-0.09639212649249096	
0.044095490267530554	-0.04975377233347329	-0.1065862838711332	0.08620351257878817	-0.1301009985538514	
0.02654156365211285	0.09405157119647765	-0.06883694727902588	-0.041152576159135555	0.03312477319867176	
-0.09334040378890499	-0.01622540277775013	-0.04351059698427647	0.09269116184865742	-0.048946399767445525	
0.10064369686003866	-0.03129365069155768	0.09141909223857908	-0.02927446868294495	0.011484359034843768	
-0.09107416321518312	0.11503675983330346	-0.07524449736289979	-0.07496588922594777	-0.08860667084349068	
-0.18347981452917994	0.09044036701441935	-0.1155453686396414	0.06358406389071064	-0.050878133573230726	
0.035465138794818114	0.04194208605965573	0.022815644960833565	-0.025663865672241524	0.024940027834635718	
-0.0464258169703857	-0.055840814836157264	-0.05016974999219508	-0.02871780164146494	-0.032607288701945195	
-0.025486531237657636	0.09096724724100565	-0.07167304824340437	0.0929419294676736	0.031548575544705554	
-0.08593360022323836	0.09597545888507879	-0.0644615417630817	-0.05776083987605017	0.023246817016930856	
-0.031445967683725165	-0.019654874528455334	-0.06046261557138571	0.03640353197533342	-0.06626659430503094	
0.03099040062054011	-0.025944275513464576	-0.04350184709789168	0.00456561396805008	0.046752392116052595	
0.10121128547902097	-0.08638806239736198	0.034421434793462866	0.0685202988843683	0.005805196752176458	
0.03409643621223535	-0.027259962260844376	-0.04234176347238502	0.023244787333409535	-0.10070899112229542	
-0.07799651528300819	-0.04433310615100814	0.09812991279920227	-0.05105473084275698	0.05778296860710835	
-0.0008083698212663737	-0.08875659792023355	-0.00037710970464351046	0.015213411641075402	0.0665631354758305	
0.044146130678924686	-0.06429381047905901	0.031001895306283653	-0.06397157233259138	-0.004069736700818926	
-0.015074862142992699	-0.04268553287600686	-0.07625570106695205	0.011650423260781624	0.03768540439430255	
0.05922006288195708	-0.0054328933727765295	-0.016564115778424596	-0.09188086482989997	0.009270456451057306	
0.03443968009009755	-0.05588394385166066	-0.07319551028178888	-0.029300238255991717	-0.023360829671610874	
-0.39261813353283426	0.15082218600180478	-0.4903918546421098	0.08935760775394455	-0.13268304132111852	
-0.009297876290622252	0.023334388639561707	-0.08592642898925495	0.01592369167271453	-0.0075571528820043985	
0.10258885629853774	0.03021271683680979	0.0715418015696001	-0.06346834452009818	0.033071864114343034	
0.15666493595487024	0.041622439668064684	0.10544118251835437	-0.09275898585442807	0.04768426781857748	
-0.0026596218746439064	0.014295959994615085	-0.03910885378976256	0.033296756298360514	0.07855665328932462	
-0.43004480123784095	0.30654855973189854	-0.5457474070613418	-0.026110406355762793	-0.15956264330844178	
-0.0575764916379279	-0.09621089120146167	0.008793640044740583	-0.09937573806869665	0.040602988783141565	
-0.07026661823703126	-0.06890319342546121	-0.07145997048642815	0.023475613977703	0.03753324840399227	
0.041908779264266456	-0.10824371520799615	0.13050082679258648	-0.04530920993740925	0.09694191101609566	
-0.29049513268650506	0.1810076161590377	-0.4480776466991346	0.05296886175382466	-0.18610245196983624	
-0.762019100937399	0.4096302911145845	-0.977455180377629	0.07146390803413777	-0.3014663957266779	
-0.019571632712971326	0.052056681393288964	-0.002282078373683624	0.08649173034062428	-0.0010970468628584836	
0.063687132170304	0.03707273770489554	0.07793508828361152	0.10271510086443197	0.06406285554526943	
-1.3893602733495587	1.0600108340290204	-2.0260771476350077	0.3678178949786288	-0.6456368889566129	
0.662672381345204	
