TESTRUNID EPOCH: 99 L_PCC: 0.9430060258725018 L_ERR: 0.006079627495471973 T_PCC: 0.9038763676878219 T_ERR: 0.009349727490012323
180 LAYER: 1
5 LAYER: 2
1 LAYER: 3
99 :ILEARN
0.03942215435605192	-0.012197628563817772	-0.025554092668594708	-0.010972198625894583	-0.021848438772387492	
-0.09131322368630855	-0.04487663629454471	-0.044272965853078085	-0.01218831864369662	0.009156342179689338	
0.06367202404654469	-0.028341824508874788	0.0620142730556096	0.10798037786919064	-0.03539337856588469	
0.04555103917870266	-0.023376570328318445	0.02785170183314983	-0.047536679495876984	-0.04135318574332194	
0.08676579644429448	0.07843705587908767	-0.000122793678284199	0.05112982374444134	0.0834802686776895	
0.08296552481452413	-0.08229941298489557	-0.05028058491833499	-0.05459180262671772	0.0843687193223171	
-0.0689943549507538	-0.0226150154444216	0.11739632049232229	0.02393293737574617	0.05379429009548602	
-0.038169882317315995	0.04057373258048405	0.06254720591489141	-0.07570121811667462	0.060069569455818886	
0.0921055387133381	0.055535918556622495	-0.03199710732436106	0.04684375810072463	-0.0935900630167281	
-0.05881847751313992	0.13248993593328093	-0.10566892972040393	-0.04981421431647557	-0.10793844490918458	
-0.1092914423772659	0.052647755153192595	-0.05024524292343503	-0.049320149643023434	-0.015171873040448416	
-0.09346921498469433	0.028912353796372085	-0.07433819015780317	0.03456590120866033	0.049396555121295996	
-0.1019372086253811	0.01365528201292376	0.059843638850774435	-0.02330933812869534	-0.10955256491687941	
-0.1602213220261558	0.18900400673738618	-0.24316922683111056	0.022426221300021747	-0.10969992658655217	
0.007529053104895462	-0.022164942050429907	-0.20300400024340784	0.06888995171756325	-0.05252425971174591	
-0.06868523039201871	0.09319013394560768	-0.03464104901134469	0.0678935755119937	0.05805038704191329	
0.10288243936435487	0.006159928576742101	0.08665791827021245	-0.010032497058647888	-0.018479861640265514	
-0.08166647511951172	0.13805389287972844	-0.12054987792341029	-0.012914332088468043	-0.08676302345446583	
-0.2914112007247318	0.28868404573117046	-0.30129125478710506	-0.07380837030731333	-0.1785782042787609	
-0.09062866018003114	0.1207995773699537	-0.04009305321981326	-0.10241532922986919	-0.0016565156676980333	
-0.03960896422676115	0.006371469256344491	0.07066643790970481	-0.028194121509098936	0.0780171710983115	
0.07436653919350274	-0.15013948240025785	0.16096444447057104	0.06136090936684591	0.14303721981283668	
-0.10801685496624978	-0.02867975576902741	0.044136110711147654	0.04544628825613847	-0.09582734664021775	
0.09041801939078797	0.008357041206594364	0.15607412883111055	0.06929498705191595	-0.029097470817736816	
-0.15252258715228703	-0.02004250400943826	-0.1666182067234365	-0.05797594713991436	0.034055119835601166	
0.0425279904091836	-0.020298247463914284	0.12858107009467806	-0.0433863088990316	0.029591897412390173	
0.13764153921410713	-0.029138702961790025	0.2030199738622702	-0.057403817041498065	0.15745365981757548	
-0.131639489969987	0.13134049956264995	-0.12620167730620416	0.0706060939680617	0.006155156006639331	
0.03596124339260552	-0.09775132854484732	-0.04693325835324466	-0.054897789991515934	-0.057111525179493305	
-0.15284429780667216	0.032376097789146845	-0.10453927182661438	-0.004376355471643581	-0.15283503787121747	
-0.18281489360204095	0.20068369843693698	-0.15643284473885133	-0.07743700427947708	-0.1137331878114417	
0.10335845021676526	-0.11750680369247608	0.10182167619166914	0.12086645146877996	0.12520148075716608	
-0.191584681121984	0.1522715774354562	-0.20588305456112554	0.03776219901160959	-0.15451532893413145	
-0.14754893307544548	-0.03933362024152072	-0.09234785110128266	0.00729800838489931	-0.040039614852685396	
-0.00047247136406371713	0.06416792697736724	0.06581517081762382	-0.00642966978802573	0.03544932579032792	
0.05747410243986463	0.020265527543091626	-0.023085003736381865	-0.08013837604387751	-0.010555993928368783	
0.008339427606875073	-0.04338793461224469	0.028747080810295807	-0.09780043052678597	-0.05878449536203654	
-0.175627827220051	0.1530542019716689	-0.2861136351793613	-0.03890933695141608	-0.06991928120266504	
-0.13899613174587047	-0.00015604616537875116	-0.0937694605676961	0.035583949121687816	0.019270840401798956	
0.043193162226980726	-0.04213626211864319	-0.14715435157449863	0.009992718166852075	0.05162119346291732	
0.033205336762529715	0.059995531490752756	0.01459259810381582	-0.0020248874506036325	-0.07047219633397363	
0.057855344867930605	-0.04727601307930641	0.06904745529145304	0.11105052807062629	0.13580290008986454	
-0.08776026574424224	0.1662065057763089	-0.18351811098485576	-0.07990840852837953	-0.09985631996614867	
0.0409633149097997	-0.13079283917933957	0.12045350340110682	0.08773018205075479	-0.0487729803542091	
-0.10483029646980405	0.0037158550811992514	-0.14131853871955494	0.06080293313593426	-0.055386870403398555	
0.13113507713783012	-0.03337351686041419	0.11675397343011924	0.08826809003596453	0.12877449123989956	
0.10410815964059815	-0.11372436349784858	0.19477344276876454	-0.008953743858510044	0.09074079606920049	
-0.039316438331579155	-0.035310253738556875	-0.06199971109232123	-0.020189547430787744	0.029562208277865137	
-0.008054220140342948	0.04415441327891638	0.032306807372386157	-0.04436153700503182	0.08895895195068369	
-0.06027044388340063	0.0038419932339950414	-0.13011567193401982	0.016246938567906603	0.00876287282064259	
-0.12211639325686989	0.12562422028247555	-0.05331758835834946	0.09290734361298678	-0.00799314502038496	
0.12483096837648537	-0.05533065723463551	0.07243559166337905	-0.021884187749001766	0.0701053559198288	
0.012062871710325343	0.11618441491071274	0.0012020300095064492	0.03274827860499742	0.03863215936010139	
-0.06410400132081343	0.061365328851008066	-0.036197674064227234	-0.021721243044400904	-0.05298326798411621	
-0.03586727053002021	-0.048207934218645394	-0.03334250240785725	-0.010032481572885667	0.09064014894809591	
-0.0019793838601802924	-0.031081094135027226	-0.0822877603579002	-0.04003982219654381	0.04206174703830033	
0.042517472609940286	0.11108351231867901	-0.02398724683932289	-0.05228328941833832	-0.07065679153214316	
-0.09603087293731681	0.19077054918487396	-0.08887107395518533	0.0013416318430993204	-0.055107559980470094	
0.01428533982751269	0.04592556796967246	0.038126362100042395	0.004550452867256872	-0.027817679012169486	
-0.14679000314983132	0.043316365677623085	-0.164671261660117	0.07959957600758816	-0.12167093418322582	
0.06272515177648373	0.07006800875512603	0.03402421927432288	0.014692499437263586	-0.06563849417362382	
-0.00905342498147651	-0.027638031150441195	-0.06862984049843833	0.028797267016278435	-0.034777274652620656	
0.047211303471885936	0.11550295256173104	-0.11334628160398068	-0.07608989592236856	-0.08697082822057381	
0.024247168761081187	0.03463630510715602	-0.03827890973285116	-0.030290886376257868	0.08685342477939077	
-0.06767329468687061	0.06663158969086844	-0.12574385593101334	-0.08303010826466957	-0.025978871232992053	
0.06302105268669714	-0.1419643951991181	0.11119121260772113	0.030046620753483532	0.07606445636625354	
-0.036770496378803696	0.018577877326252594	-0.01874737094905768	0.01964437908732956	0.07540185674560462	
-0.13035144253641492	0.0019203779461904995	0.009086469955317995	0.08145216899560984	-0.007447945471098273	
-0.030611209093425355	0.20028837858877097	-0.1214258863740781	0.06223972515872283	-0.14667985538215572	
0.012945285041757055	0.04562929118788821	0.03248651748367764	0.041837343062126164	-0.11039701116201467	
0.007970792875862427	0.09274242855405071	-0.07348053895852198	-0.056417049752277224	-3.762814375177208e-05	
-0.009463297152153664	0.037342586237951836	0.009317854355646105	0.0703869719780111	0.11368478543760027	
-0.0890779287129829	-0.02433401630227495	0.03471621012832959	-0.0028526660987514786	0.06447545393989486	
-0.03150997813637811	0.1524004953274429	-0.08191700054914694	0.00422096266000314	-0.10369270583285269	
-0.09643450205094777	-0.01266851350862121	-0.19209041403302318	0.051095395276886814	-0.13611147777825636	
0.006356269773437288	0.03605590606694203	0.059538170874553105	0.05381055464557346	-0.031136235235751753	
-0.028926069310533088	0.032616106267993474	0.06945522244369687	-0.06378588594834064	-0.059181403072042706	
-0.1075403734320035	0.10540117572024879	-0.10076454342611088	-0.08425089808566959	-0.030619738475467322	
-0.12108618074903947	0.11965289423516075	-0.15041191301048554	-0.1013205905562044	-0.018629886776897142	
0.04892386140001082	-0.01911782729726176	0.05172482595046063	-0.022089673404464754	-0.011932965668757442	
0.07673666287583199	0.06761657238067494	-0.12373357058032552	0.04150361902686035	-0.013598817028878411	
0.06673606005446331	-0.021146141129269335	-0.0600418814474361	-0.0720692731315301	-0.02882745504470351	
-0.06295227591907851	0.007201286418040197	0.07549139196813798	0.06192339533936042	0.06507197475494815	
-0.0791836421024109	0.11769870185408593	-0.08686947135811517	0.0790023337090533	0.002564129088533222	
-0.05744198221830477	-0.09898843317922448	-0.09279151320515043	-0.07455038696350506	0.009026429690349305	
-0.06040072149077689	-0.09957718120908654	0.08757123857982668	-0.000338338812463478	0.06550790771463513	
-0.07626727123213609	0.07146001683141483	-0.08465532333826917	-0.0010644197442340366	0.0241386789799875	
0.04518283156992413	0.00017116042850788232	-0.04212088172373311	0.08810608947546764	-0.02994212635212848	
0.10270730323420764	-0.16405464730280755	0.12378881815966661	-0.06787872425935297	0.13037757025428443	
0.028967275311016047	0.10468583360668027	0.015518038753146723	-0.10084932884450318	-0.10594579386475822	
-0.12830796832969535	0.09931615242281064	-0.002776220720061711	0.07818226634204763	-0.002986500163997414	
0.02267844213298702	0.11202635358241346	-0.038328675465303184	-0.03755067042336313	-0.07772494729269666	
-0.1108526674832461	0.09921303043403251	-0.11468456376583673	-0.06009075783262512	0.03725882841633224	
0.02973383551502348	0.0511163105027627	0.07285056642539056	0.016557344965389142	-0.00808452581041788	
-0.1492618220583287	0.18549601980981348	-0.3470140651227072	-0.026012270079215125	-0.04178448616337028	
-0.05098246358579579	-0.0033576175028521074	0.1347709924711144	-0.07318567764285167	0.03393855717103955	
-0.11069139335734422	0.15161945151595788	-0.0750432872392833	0.02622963783923146	-0.054808204251293575	
0.02351808639662652	-0.02597621424760421	-0.08687948048730962	0.026806339341454447	-0.04179607353798618	
0.0877111022081438	0.014208671920724931	0.12207946759400945	-0.034678924355242134	0.01625100955621738	
0.020805280765213114	0.1445202525841674	-0.017712422279593933	0.04849716913869325	-0.09863679387463654	
-0.0931356044388522	-0.04322870897235391	-0.05233043758915727	-0.062149580375817956	0.011254403824390354	
-0.12864886484431579	0.18609237545579366	-0.2154161926932676	0.03154269279881992	-0.10880880801534788	
-0.07574209331582178	0.06640012067016574	-0.16422485911075857	-0.06388793722841668	-0.023893903555751286	
-0.05633966926811101	0.04901818569478981	-0.11677848179440929	0.00723180488413086	0.06007174562442576	
0.026969721544841927	0.059046101547608316	0.04123171496331231	0.09260842667400984	0.004910985780203549	
-0.22193237735517157	0.034859286013820434	-0.24383862418770705	-0.02899240917756052	-0.09256046571356487	
-0.014541122183004131	0.037425436799053434	-0.03971285492195556	0.03536679729387838	0.0028875849401270434	
-0.021570299007213183	0.07740924520339032	-0.06196677625181798	-0.09693764473807312	-0.0633555141190089	
0.017740218839351504	0.026093965913199128	0.0379626758879266	0.005156679806670946	-0.05319210393244845	
-0.06877943579195218	0.0372260819663781	-0.014351056260416935	0.11849004049862913	-0.029316096712219675	
-0.01036931034228692	-0.010567635661256288	0.05385125398918886	0.016486170493082538	-0.04596911552876644	
-0.08506785812535499	0.0545231172001609	-0.017748677745800044	0.046870208097955994	-0.09992974057332449	
-0.13066107296501064	0.04737005103416846	-0.0075331809121177064	-0.09113243248491126	0.023428987817747004	
0.03560348567837475	-0.007993191618993378	0.050287221637736884	0.05083777955933729	-0.06819980264388491	
0.024582945822317674	0.01886248462975842	0.09733494820735515	-0.010036373175247028	-0.009019707525457804	
0.015904881539437643	-0.054132998124936944	0.020480355579355226	0.037552295666626864	-0.03305599118197083	
0.08109723000074534	-0.0701701501010783	0.06536950993703389	-0.035989989321405146	0.05890469005125967	
-0.11363472272163212	0.15702161185892122	-0.18227561788328558	-0.05290709382980824	0.01646623596376867	
-0.04041731036980077	0.047424257617157926	0.029410932401380367	-0.035769072878676395	-0.030974831547353147	
-0.042401879421481874	-0.07372107040600756	-0.01820834788374317	-0.07519755843043337	-0.05979210950755541	
0.034405703700421314	0.054782060169335775	-0.09843784532878543	-0.04335304024983925	-0.050126112928962914	
0.06975745925377196	0.0493634548436293	-0.008670440609977858	-0.02389986145894601	0.07288757554245934	
0.06729650582351124	-0.0028379965707859864	0.1589570282227944	0.036383185601783816	0.0006247855134661427	
0.23018591366351618	-0.20785670758616498	0.12555858475963783	0.03820539786758535	0.08966284280245809	
-0.2340212491142151	0.21561436687805371	-0.31237448791064576	0.011116368487251798	-0.045925684560052846	
-0.07651889982181284	0.023553362767490798	0.02317613333199529	0.03519546360830473	0.02646007224114318	
0.026648872482058363	-0.03271951960741009	0.17463318118646776	0.017991455876569085	0.11774303452879327	
-0.04706265224016703	0.02479332105230287	-0.0023844494132936687	0.0092368660796511	0.0017586931923224552	
-0.09133396677160636	0.09894224608572783	-0.032516766244231395	0.02310331423782161	0.00804878181429548	
-0.13185211404026662	0.011878661850653465	-0.16425855676664183	-0.026044415255706586	-0.10459860489800525	
-0.13047895793542152	0.04270622925444892	-0.07833461515000316	-0.13335467454950078	-0.0011801685309233896	
-0.04931479463081076	-0.011926305943955114	-0.07919391157445368	0.08014644821945924	-0.030385730099189434	
-0.07234487100906778	0.13547584690136902	-0.17089183726245005	-0.026913000730989983	-0.12567613797447222	
0.02510559815264785	0.09753744830470573	-0.07123504644572823	0.060770899642873896	-0.13373814298534262	
0.06618592410138918	-0.010648045634295918	-0.06529717850298007	0.073241142226527	0.05822197420898019	
0.15011000356530127	-0.1056250737116165	-0.04510549629703335	0.11477235567371193	0.1246559648473933	
0.0216792907917201	0.025156331469083387	-0.014998466509270128	0.05403341684863175	-0.03752531715310016	
-0.10749050317623382	0.20420096039709412	-0.17123168667054142	-0.04340938065947335	-0.07456766209500668	
-0.08611316423327717	0.058198401085245856	0.14402210907765528	-0.04307516115979145	-0.06761502296939816	
-0.11450711698746574	0.026381945177100474	-0.010048151427830963	-0.012859422249767001	-0.0938230897525788	
-0.07485183058255966	-0.04232832818950129	0.009903391501714594	-0.036278442935730223	-0.011873474967870631	
0.04988204635879104	0.0032582431304983527	0.08185694342828889	-0.009812586671655792	0.06281937156799217	
-0.07332863258090035	0.007704212448410612	-0.05067286255375956	0.03523251133716452	0.06751901663698648	
-0.019048972633541744	0.06504039978992977	-0.027086546560416366	0.05265972455738416	-0.06278493056503871	
-0.05787526543033786	0.12131366825976911	-0.05450233893708688	0.051149951400375274	-0.026481308645794108	
0.008909492753495467	0.0567678139303745	-0.0740473114786347	0.025328580939308457	0.09183687567506983	
-0.0020876601752278833	-0.056881477373960806	0.060392170652985064	-0.03885972326419346	0.036552895740746535	
-0.016870217055564074	0.11395186075307194	-0.010035402467820993	0.08273704675146769	-0.10811225790912414	
-0.010229584200417648	0.03960627144352708	-0.16151267895605315	0.08361417712348324	-0.16821058165697703	
0.031366051740628224	0.10448895782131884	-0.0674765353028129	-0.07264123682661404	0.035214040813593306	
-0.04983901815608586	-0.016071132520247014	-0.003039248972475864	0.06917222284156135	-0.02767902419858776	
0.11989270528480009	-0.06665132323792401	0.12123858142073902	-0.006707856335140561	0.018423290504837674	
-0.08015651039478394	0.12322952609122362	-0.07378936340297608	-0.08727453403949806	-0.08535260908210617	
-0.18589388953561878	0.13872859954277322	-0.10472128280651351	0.05231621606435826	-0.0553669648245353	
0.03723169783408382	0.04992578450503591	0.02522967616734836	-0.011036416681720337	0.02545179632009807	
-0.021448895989705546	-0.08959973218958947	-0.016510967260308332	0.0010679497723736968	-0.019075595196729057	
0.051728263998422216	0.00605270425502676	0.03668076743927417	0.11260555946830317	0.075376712389956	
-0.1125957585010937	0.16192271115341472	-0.08970387289522103	-0.05023144418738052	0.0018164228757526432	
-0.1345504087018173	0.10341563780730434	-0.16742268538404886	0.024771518317062334	-0.12506259034564307	
0.036118169917935906	-0.02268381629936239	-0.03742669987634046	-0.029066117782729106	0.04929604550752744	
0.11898889080518682	-0.09506640134654623	0.07057422104189384	0.10240607809045245	0.018463471782178106	
-0.045678276280558754	0.08145033061630408	-0.1587107933737122	0.008844419568825982	-0.14434914863434622	
-0.06444276685409932	-0.04885730593611343	0.12411285981832054	-0.017083713147312857	0.06467010310292497	
0.014168600021236289	-0.11107963225205794	0.02783584771768972	0.07173023397323611	0.07416819233414616	
0.08866003061105283	-0.09518026062489476	0.09193670156906769	-0.02521848061548591	0.01618470750396279	
-0.05764272487788012	0.001930218102308093	-0.1298354668429955	0.021159593199738914	0.015511676700463118	
0.06608986634484457	-0.016266831588672665	-0.0067786542427387625	-0.05775091802381192	0.009439375759038186	
0.05929294557639675	-0.04305199100705266	-0.033891975340886366	-0.0034716459913717904	-0.01552895709870871	
-0.3967687296561349	0.2870275116651265	-0.49870647984925676	-0.02062691177485286	-0.15798152731484286	
-0.022667847316791133	0.03333091494933521	-0.09425396513394453	0.022099737205649814	-0.00912309405983056	
0.09470879662782988	0.013732403007784163	0.05312189076110715	-0.056332466797844406	0.02857920142859353	
0.08118480302615205	0.10551607620670372	0.0035541264351202314	-0.06467210891197749	0.012444632762891513	
-0.03668866225179608	0.047060717101786664	-0.08473279245392337	0.017588751521916902	0.05965784172769224	
-0.32854961000259536	0.3815575044324757	-0.43066779886154977	-0.19494289582549967	-0.1427184939898151	
-0.10761078178640632	-0.03992324812324074	-0.048034586108010084	-0.06636130244885304	0.01206367268317666	
-0.0416672370782326	-0.08865628661725047	-0.029516965107936676	0.058534405251182725	0.052267074038183446	
0.08173209012896814	-0.1654626973939638	0.18546061167039055	0.0018761357257346665	0.12210132358394511	
-0.191547393436056	0.18815312076333104	-0.31866230552698493	-0.03269391683928632	-0.15162816495069162	
-0.7237378006060428	0.6345217178841519	-0.9300906877346311	-0.20083522848518306	-0.3233259843253676	
-0.02483483228856568	0.05618617586512097	0.0022889421119353438	0.09762238853069491	0.0027060628665669644	
0.043169617693409996	-0.012491918037608832	0.04866458115709072	0.08252846908232568	0.06549833943457756	
-1.2603282034423695	1.5771744362092208	-1.8483207068946192	-0.15680734631645762	-0.6827766567083176	
0.6739455508706408	
