TESTRUNID EPOCH: 94 L_PCC: 0.9493346371387184 L_ERR: 0.005577093011491587 T_PCC: 0.7898140588573921 T_ERR: 0.02070665246104411
180 LAYER: 1
5 LAYER: 2
1 LAYER: 3
94 :ILEARN
0.01543438775559631	0.015925335364362306	-0.06748291744763925	-0.010598602562651258	-0.03894388562105723	
-0.09222072923084164	-0.05588132054251325	-0.048922150191061005	-0.01911702219463268	-0.0025357783513340272	
0.034300861519722864	-0.007512551348916583	0.019896492382454067	0.10389977317828414	-0.04726285343708058	
0.03925390667649563	-0.036648849060639886	0.007419957677339953	-0.05317018086421705	-0.05316838191694274	
0.15871027548532937	0.01919419201898157	0.08322401164752093	0.08698716656835163	0.1552405950235894	
0.09156479136606256	-0.09531210635804437	-0.041355117764236546	-0.0625931063584795	0.08913094815316659	
-0.08348282743063597	-0.018851603267172536	0.09034344499891249	0.015935109696926894	0.038280897950437105	
-0.038693534201705584	0.027948561157808402	0.05401447967048042	-0.07683536223476307	0.04848119117553466	
-0.007660285009134321	0.1267041764309963	-0.15402382897225528	0.00718100623382456	-0.17254422376935735	
-0.049505115047962116	0.1250206986971668	-0.0925136502080971	-0.05006754087056719	-0.11982012960200655	
-0.11534731218542024	0.06233904195548429	-0.06217193444639773	-0.05080767055708287	-0.028870772922637292	
-0.09666637911358965	0.022647544161124918	-0.08270408709297834	0.028242621144672294	0.03776884835534124	
-0.11664614798947806	0.029935270874377303	0.0436252553114787	-0.034063006217224925	-0.13190528116089725	
-0.1410137602017672	0.14775273830315835	-0.20672779655042664	0.014240070731660068	-0.12832992325199552	
0.017412423627195247	-0.04077388081303374	-0.19132450681533728	0.06307767505831012	-0.06525615174365126	
-0.049174053407642186	0.061813490484388244	-0.014304596692331398	0.07257605187833659	0.06614700816377332	
0.1054604884179953	0.002890304155564085	0.08492676518832191	-0.005677523172974115	-0.017374974295361018	
-0.04783650271198332	0.08271617976120249	-0.07533423843841268	-0.023720662321218795	-0.09978865534564409	
-0.2620541422807293	0.23502921707403018	-0.2509004556112792	-0.0936528715153407	-0.19376472833708017	
-0.07802843460211535	0.11107552235197111	-0.026312844531052367	-0.09997459688697362	-0.008416077882141574	
-0.0426496692639816	-0.007135455511429704	0.04003959692414109	-0.024084771916300186	0.0680982791285285	
0.12274057518717889	-0.16661681678218182	0.22329575638116964	0.07994305680347394	0.18098330818201783	
-0.047764413466556084	-0.0885291360783658	0.11604079219300306	0.06202550090814585	-0.06759511728545566	
0.1300974456314598	-0.013926892413514587	0.1937545032554669	0.08808931145813888	-0.006394447575634871	
-0.1431026636898329	-0.06156785602710463	-0.16909621528265317	-0.05943411759214318	0.024962323758813854	
0.14985195267460613	-0.08952291956396896	0.27454494674058655	-0.006475155699575475	0.09587754493298344	
0.15723412600496028	-0.011342351704034095	0.2153770575285422	-0.04035217312456354	0.179288201677981	
-0.0978331821077233	0.0828195995215347	-0.09860570908168856	0.07810279287833188	0.005097448642500271	
0.04518091961476967	-0.08711919995694431	-0.03725149993009227	-0.053867659277121796	-0.051064775150583844	
-0.1607636506642828	0.0023308760137741888	-0.10143103602847513	-0.014653287763545296	-0.17077471175161069	
-0.1606944001039749	0.14924535316637405	-0.1149372190173955	-0.0822109263959698	-0.11426045719054315	
0.17140104051823243	-0.15312383006471686	0.19050741693716636	0.14590409984454883	0.17018472869288873	
-0.1408963057964141	0.07005124718151005	-0.12810800160908106	0.03802610118402985	-0.14572459533732524	
-0.2037818485814849	0.007129876991273469	-0.14722824151162892	-0.02369705354280235	-0.07027641525748446	
0.013502409939709506	0.05564176322042868	0.07193535974711007	0.004558096117904461	0.04446808046208261	
0.07208238529191716	0.005106348466299828	-0.030571729647485144	-0.06766913757886374	-0.0016623097188603166	
0.02587840004054429	-0.0688993100320966	0.02647446094449197	-0.0844895835625925	-0.03709744384817151	
-0.18209896320907346	0.12346197797026467	-0.29763196396637986	-0.06731041749674152	-0.12484086235536189	
-0.12648878096184396	-0.003464343556081601	-0.062423462518427626	0.023714825309666236	0.03271043252187275	
0.016764933503693062	-0.0516658269912551	-0.18216166591598962	-0.0005310744622697336	0.026640630375447727	
0.07291566045531742	0.0353243594491385	0.05506679846173596	-0.0028368952932066056	-0.05158461435947486	
0.05762511709981449	-0.03522728709691695	0.08203764350582742	0.11403431689289469	0.13573967076436544	
-0.0824216754733086	0.13686098221606252	-0.17841689840768943	-0.08927385536714079	-0.11275956034901129	
-0.016746491648232612	-0.092399821608792	0.030992102187336817	0.07243233337604442	-0.09523070374228913	
-0.09953923456062273	-0.019519536038164358	-0.15764413994890952	0.0564876162408921	-0.06494759609276121	
0.13597952030770877	-0.022418379642478854	0.132587291696037	0.09154470218222809	0.1323484325462602	
0.07598551321640427	-0.06655702734911007	0.1659569385627741	-0.010698276322666326	0.08020596241145597	
-0.03565836230965147	-0.04601403650822129	-0.06219917812658686	-0.028920353331273248	0.01409583637999338	
-0.014120474582053084	0.051885152721081504	0.037574807428408886	-0.0444251464214363	0.08409806705779886	
-0.012240710871656745	-0.05649799376850357	-0.09469062518815272	0.029554652754955404	0.03413567309553241	
-0.07913664270388875	0.08287886383838908	-0.014863914732763831	0.11310767106136486	0.028378631048523895	
0.09367763382445905	-0.007877182532377494	0.04930182589931941	-0.030206624653353196	0.042428960897074264	
0.0678980474268203	0.0649425431497401	0.06370882376066872	0.05153571761193279	0.08078752843991939	
-0.0886675870946269	0.0663086654511521	-0.06214590993778327	-0.02553320745368296	-0.07837234973314831	
-0.0334157205354204	-0.052208782321865974	-0.017989845835881726	-0.012525043521678502	0.08379513763412791	
-0.016768408119531657	-0.019920589942762617	-0.10776768550563857	-0.05236793885164716	0.022466654130401227	
0.05501497891003461	0.09558740388168042	-0.015949025172849803	-0.05207102968205311	-0.06508906986589133	
-0.06925457587573564	0.1377186839367437	-0.02468685091087083	-0.013108729873576943	-0.09092361859403315	
-0.002172797987200304	0.05555673180220219	0.02802100674494601	0.003415398947724674	-0.04245691793009227	
-0.09681676035018318	-0.011013600755407431	-0.12711765616220166	0.09287722569943521	-0.09102151015630587	
0.04722984863068318	0.08281802911713924	0.00718369726911526	0.008496546063007608	-0.08040905609623866	
0.006588511861508764	-0.04990499245964763	-0.05772088335896094	0.03661757957341216	-0.02634757896475605	
0.028487896036614113	0.10432380618099386	-0.14756628878507796	-0.08152932856595531	-0.11863504556366705	
-0.019961707746738677	0.041957485346734325	-0.10971410030276287	-0.03319883497473094	0.043284734782676845	
-0.06642095653134784	0.05663602596829179	-0.12791401688154336	-0.09044784278947125	-0.04461065239795403	
0.03760226438867777	-0.11817926748140313	0.06687872537320558	0.030820909059299535	0.06957061805028229	
-0.05862197243038401	0.027516308044217234	-0.06653953190620568	0.019238525453833265	0.054343626417637174	
-0.12549218117713531	-0.03370256027801902	0.01826162341658037	0.08100027511192925	-0.021400611720725715	
-0.000697030972206201	0.13784401357270779	-0.08039830186164958	0.05972333264937092	-0.15873349201420758	
0.04101375161505766	0.04858310680187159	0.07143838531268107	0.04467064469353028	-0.07961199979542892	
0.05321595869613632	0.06542666885893718	-0.0017308550561469817	-0.053157183679164326	0.027926161025982218	
-0.009341754488899297	0.03520603310613219	-0.002585493500762559	0.07646029692044676	0.11642097381123931	
-0.030851150287416147	-0.06768163584775454	0.1220495136142703	0.004067107530335889	0.10490134778664395	
0.015198243466583007	0.11261433577702222	-0.007632147929814615	0.009037586811202496	-0.08859295833602875	
-0.13721587181367415	-0.00984360228989323	-0.2618822483458104	0.03094131585953575	-0.1942076363251157	
-0.05334461309666162	0.07742787334247589	-0.02521886619614601	0.03978092351026417	-0.08289625325659454	
-0.05887708081285811	0.04951198761227906	0.031197418310383862	-0.07632373428597511	-0.09056071128870499	
-0.06458011192684718	0.054813156421734226	-0.04022874982949238	-0.079322817940411	-0.017661827427855433	
-0.07289491029662733	0.0686421232086386	-0.07654891884622556	-0.09513290648142479	0.0012319087292841809	
0.0656040309715267	-0.008175076719790885	0.07200683795622596	-0.023632926655409628	0.008908822488074505	
0.06963444646321819	0.073118888693427	-0.13338404639620638	0.03602452568019593	-0.031921486252791266	
0.08494781204072432	-0.05127322578166519	-0.040588052016783234	-0.06673291525125406	-0.025207669670679177	
-0.06048461295816553	0.00652168061138417	0.08503715666135624	0.06491825717704987	0.051654855245833395	
-0.011070400702929743	0.04544058515628437	0.015141003226543237	0.09469839817460983	0.031068240224575907	
-0.04723483140754657	-0.10797843198213733	-0.0939538088405616	-0.06986715876547163	0.007042656600522898	
-0.06751455303105192	-0.10394282903704302	0.08494208832119181	0.0003852339015705304	0.05816446495661196	
-0.0029724726009255713	-0.017293206569336153	0.013401907679263782	0.016900432520883142	0.0634063821738272	
0.012381147665276714	0.03626285436353387	-0.058726494788867795	0.0856593736287044	-0.06219066300253786	
0.11307139326745866	-0.17090177530479245	0.12674805170244804	-0.05236326247577683	0.15177830511657392	
-0.007595022633038189	0.13608818731758207	-0.06091017724404212	-0.11977592934925681	-0.1435598919599388	
-0.11639850694551093	0.0763774986674492	-0.007961597870310073	0.07373793518461379	-0.005091902148137015	
0.023697676551508715	0.09974288774185155	-0.036656578298627215	-0.0357886041669432	-0.08558378633271219	
-0.138806124527941	0.11451381314836408	-0.16980094740536017	-0.07235690821689617	0.007679133204961543	
0.06134001725817757	0.024681331050273453	0.0767931259094221	0.0385017525348363	0.045519921178281526	
-0.12187393115101962	0.12049317578812857	-0.3057593572345294	-0.04427148088305133	-0.07505149439189883	
-0.04020697288258196	-0.0037816036731672265	0.14977785221094433	-0.06627117568277545	0.037346917105370955	
-0.10192144034490962	0.1327493832292562	-0.06700200390727769	0.015872718093169223	-0.07788237107711417	
-0.037196064315804044	0.002584402885283422	-0.1520993959288439	0.004808336719922991	-0.09296644488040275	
0.09330264328688488	0.014657998804993754	0.10906478782014815	-0.021973436084860493	0.04641263646639406	
-0.0018820232026711171	0.16355527212608637	-0.07113718147285487	0.02988452527700283	-0.1311869004812286	
-0.1351239517876772	-0.00643730878547929	-0.10737830183889852	-0.07764022196675438	-0.03190278916880391	
-0.0685644030680845	0.09587488282819184	-0.13496795793626493	0.03581955905240636	-0.09384179602131483	
-0.11446437070164163	0.0627253343481769	-0.2310265230093026	-0.0848019583106849	-0.08319931663512686	
-0.09704597818560708	0.06949613420266966	-0.17242126300775845	-0.009050827840245685	0.006805067957127363	
-0.004458556292085273	0.0710177922247014	-0.007244379307454378	0.0826243337128234	-0.03283958996542666	
-0.19704036117640913	-0.00028874878889212927	-0.19060245381372729	-0.0387873784253697	-0.10125523945347943	
0.011685513319368504	-0.006554009460097731	-0.0040369505524429205	0.03242826245996425	-0.004863478527365912	
-0.06342489758132296	0.09893081879816099	-0.09817975175270277	-0.11888178842793089	-0.11883606947545194	
-0.0005612266344963959	0.04115896770997524	-0.0016318880788571343	0.0031165935075451916	-0.06850777994082272	
-0.0696806362327482	0.030690392512428274	-0.0301928982124026	0.12245114124160406	-0.022568148373674005	
-0.03304019367530015	0.0038426722341801407	0.016229559601160966	0.016704021518029705	-0.05445631570909638	
-0.02864196253116663	-0.010104664038482295	0.06084749244419584	0.05653831013458794	-0.07251935545633081	
-0.1370602188216243	0.04042874317566439	-0.018815707284630973	-0.09618605294262886	0.013833286600687788	
0.016344438145546102	-0.010569524297350846	7.727018264310534e-05	0.054491671037566566	-0.080209210945586	
0.14507284512704383	-0.02692327288478381	0.26178578003388947	0.017998701674673746	0.0784711008775853	
-0.07683801123748289	0.02760092678160314	-0.09496779991517917	0.011147462471375448	-0.11051416612653713	
0.03999798009829769	-0.03300525141515926	0.009876346334047765	-0.04562018143408999	0.026407009318151865	
-0.09859596128532447	0.11418967601002537	-0.16964453508612387	-0.05687267044404538	0.0007483118965533934	
-0.07243286747431865	0.059301012998583105	-0.03550741373757441	-0.040692624113617695	-0.057606213383962976	
-0.049309542198251906	-0.07697732181127104	-0.039956354694341646	-0.07469950593069799	-0.06166589445141983	
0.023340223348533563	0.06573739800738254	-0.10878418521476677	-0.047283232076562126	-0.06968486707704204	
0.1171180938482125	-0.002284733600076078	0.054575009934269954	-0.013088320601341047	0.09280161781214803	
0.06530336991720927	0.019401430210779818	0.15155260386307187	0.04109411266023494	-0.010637835680405583	
0.17835659256870026	-0.14310092529507815	0.04086503221648959	0.037346944731871105	0.05628622275692434	
-0.19732436522800073	0.15025935725290207	-0.25892385305353666	0.002508719215310253	-0.06135492787528239	
-0.0439037833992955	-0.005442350261225339	0.07319940878602244	0.0410902106051097	0.0435356330993678	
0.055727299491040105	-0.041262588155884586	0.2050611930595711	0.034426816087490694	0.1444132621830362	
-0.11774864360837739	0.08392161018209145	-0.11034761205657152	-0.008702983800799225	-0.07205085218029313	
-0.03283165957296788	0.04433546724134096	0.059928667471925254	0.034181353951909584	0.03574374305787126	
-0.14060086284970377	-0.000313861281201867	-0.17734265110353306	-0.03268551779446367	-0.10992390014213148	
-0.12279975334328176	-0.00011535038318349992	-0.07631302198157992	-0.13706072007315093	0.009225926871999333	
-0.011265030749951527	-0.041497794705600756	-0.027687807854906578	0.0922394323777937	-0.00941496775706574	
-0.05481766682824848	0.09738698329464136	-0.147701282018769	-0.02809508353553061	-0.11286369812302409	
0.03995319071313435	0.07818134835745344	-0.04609844895912663	0.05975856899664222	-0.12189844658844533	
0.11086367463681822	-0.03245326390538128	0.0005790903118283804	0.08813929994657282	0.09336824745155352	
0.12103102953813548	-0.06324161708945836	-0.06837104568921978	0.10909335192963743	0.09210391371284087	
0.00586644813661893	0.03442629693886316	-0.02006000426931142	0.044545231759846184	-0.06289124685344084	
-0.08937664732448931	0.15858183893012914	-0.14530646565510208	-0.05934252146216726	-0.10650467133967711	
-0.06831472941557085	0.04925723633403537	0.18681339992665608	-0.04474882139233868	-0.06253723009816035	
-0.11710487801572193	0.011752299080421963	-0.009900592924214476	-0.018941000631776332	-0.101207143267696	
-0.0748693763056046	-0.04656915222871002	0.008991216807131398	-0.036404980291938456	-0.018576545948959917	
0.03142241899673988	0.018381554331267997	0.031815873969361814	-0.00471006872643633	0.0474956033707422	
-0.05450479872592343	-0.019231810527438074	-0.035371031967509244	0.044884415926587116	0.07329845590584402	
0.0010416121587147047	0.036940648510277216	-0.008515477156794737	0.06266868550140392	-0.057053728994619454	
-0.06107704122329013	0.11479055024835952	-0.05893835095663769	0.045465440792869766	-0.04744662867245191	
0.013330836386598589	0.041868542514083035	-0.07575031721081432	0.03412906712157186	0.094506438461823	
0.0010112123238188195	-0.0708017325539255	0.05253285761599517	-0.03297663520349786	0.03375043565343524	
-0.01448822198367904	0.09514862914041003	-0.018803132527710778	0.08388712806416687	-0.12356245942330295	
0.06201541370716519	-0.054477703750945176	-0.06809051826123268	0.10132549375581076	-0.1307469350134716	
0.019516045196517024	0.11903919762638268	-0.07363659866243659	-0.08661433338652058	0.019385183917827422	
-0.0668243907795661	-0.013181380636173145	-0.015282333730029083	0.05237952161322841	-0.05683595373206726	
0.10731673605102114	-0.058692914187165934	0.0730326985267197	0.004146923621022696	0.012713078293495064	
-0.11958211917434236	0.1436636253060655	-0.11565461192291587	-0.10532052462645262	-0.12075673639609115	
-0.2057412750638264	0.1432420324578987	-0.12357186651927793	0.03213720595662845	-0.0934724188016022	
0.07166917772415944	0.010720364989483673	0.07941274399604388	-0.0014145579865787578	0.055772818053122175	
-0.03231872157554255	-0.0742275315284572	-0.028661604690087744	0.007207060963776986	-0.025727617393572138	
0.005845439823954895	0.0670667583751296	-0.00908514710836787	0.1074409460210542	0.04815640988086716	
-0.13498940442209267	0.15762702106254736	-0.11933185960700894	-0.06816369869758669	-0.045037649999840536	
-0.13030942378456065	0.07879565260329795	-0.15031511458665384	0.009699717125579743	-0.14983175722155542	
0.023592506590762195	-0.0014826071843478234	-0.04186730411267026	-0.042531037131130815	0.033935117508114974	
0.1061999624613942	-0.07982850266633493	0.04692292592028831	0.10172103780488839	0.008373186407029614	
0.06717585933811873	-0.05067387331889335	-0.017405937166675073	0.027533588931650435	-0.10274228226041861	
-0.12179047621234068	-0.01225682992602315	0.030907279725561766	-0.03024296451207441	0.01766984061479186	
-0.022437963420995192	-0.08200949156874959	-0.045023959853899904	0.06977393707494636	0.05309124333128705	
-0.009462138043292084	-0.011387844672911469	-0.03738085149445174	-0.05068410207148186	-0.05787295123690033	
-0.017740269394854256	-0.04418005774109819	-0.0941464090922185	0.030988008031860026	0.03262654772700909	
0.03167374898503519	0.009363316408896023	-0.07218831206643787	-0.06208702307456023	-0.015303769707680284	
0.052271202872162664	-0.05480615318535698	-0.05731970170266649	-0.007285599035402326	-0.03818900872167473	
-0.37041476406250634	0.17790985539701815	-0.4757718851405471	-0.04244219101106777	-0.21382290401000859	
-0.020713117134334144	0.04938406853741659	-0.07409430108751473	0.020839677019881157	-0.003060373319384432	
0.10516244769083796	0.03619605386454883	0.08122002764724012	-0.05045221861710725	0.05139227253597196	
0.1602144563206305	0.02849715593559516	0.09663722763814767	-0.04441111230121944	0.055187905768029226	
-0.009719026873287965	0.03337955837899622	-0.03881965810506996	0.02172988487135764	0.07706009950060452	
-0.35770574181377535	0.32310838502407097	-0.44637796583693046	-0.2385680582180245	-0.23829195057191407	
-0.029960148181321127	-0.11870180746594507	0.03723558897799076	-0.04628068191104446	0.056886512645360085	
-0.08486225695077287	-0.056872086006174626	-0.09905381996842783	0.05011570971446697	0.018902921173339932	
0.053008374775112756	-0.12299811906024019	0.14163625083532136	0.002918596574877119	0.11830368602924655	
-0.15603994970909627	0.11044405999128036	-0.28054127971408155	-0.0368767805373017	-0.1624081394689359	
-0.6769737682533309	0.43916594315199636	-0.8665324098769903	-0.2473201859281755	-0.42195680926040197	
-0.03602110906730887	0.07958405636519471	-0.0011448574328793916	0.09354345653000438	-0.002006073550628793	
0.02536519102184995	0.034021732239673634	0.03706953178610779	0.0869432726432453	0.08983389938335837	
-1.2196874229370427	1.2960667022316656	-1.8004876211046807	-0.3080469467233189	-0.9348474347794491	
0.9144996862903548	
