TESTRUNID EPOCH: 92 L_PCC: 0.9471612579995573 L_ERR: 0.005892027112398683 T_PCC: 0.8308517939589712 T_ERR: 0.01660738434767542
180 LAYER: 1
5 LAYER: 2
1 LAYER: 3
92 :ILEARN
0.016912276232129663	0.016708989247293624	-0.05790572005672674	-0.014992025749970068	-0.038120303730612606	
-0.09604083721430735	-0.057410196117615823	-0.06592281913514171	-0.017841260752478702	-0.009134724763869556	
0.08425339951127557	-0.061286632718306776	0.07388206097512513	0.1058174978689993	-0.01771050250935702	
0.04467043593450161	-0.03508417588727466	0.011675495105485371	-0.05394400529683637	-0.05497379745224537	
0.058015993153461815	0.11116533717152179	-0.07809849895642736	0.048000893515114766	0.05790570565236303	
0.08922232032009254	-0.09559941326159874	-0.06211060047721177	-0.058040466767095206	0.07227106182643805	
-0.08553638023101148	-0.017949626117726426	0.07679761051547804	0.015917724658340848	0.027524242337696646	
-0.04969578458415474	0.04120820160434987	0.03970894870185151	-0.08014785479941744	0.039785690985321864	
0.05516847596670899	0.05898470292604582	-0.0788172498988516	0.03140697867132604	-0.12730720515963218	
0.0010676423140570553	0.07931912853761415	-0.012058594938143851	-0.03239772382599277	-0.05986490108147216	
-0.09128491021658673	0.03693410990636606	-0.029712156201521015	-0.04114854520840136	0.002900253978765477	
-0.09793928722563205	0.022971604025779746	-0.08973121298824625	0.02916640492838812	0.02744924790092656	
-0.09714844086999898	0.007226608806543983	0.07077530550908408	-0.019189039875837262	-0.10504863741507567	
-0.16732123108249647	0.16748419452895316	-0.2487916128556033	0.025281805329696386	-0.12475151891996725	
-0.03600697744938008	0.028685535733704248	-0.22787486970413048	0.06153135016820346	-0.10240666349796317	
-0.07155444377792826	0.09339488653845039	-0.03857037162371882	0.06548004325978193	0.04532185994604491	
0.1010230771481832	0.011848064545229523	0.08259218077562389	-0.010173306228284157	-0.020435724381597527	
-0.08149554879461295	0.10895094310158468	-0.13226041083393955	-0.012446800046083523	-0.1095498835139399	
-0.2871833533508328	0.24750783073400467	-0.2932850557979234	-0.07428130592786221	-0.1907993664006439	
-0.029268281806601924	0.06905693619852071	0.050685524545513706	-0.08560675349068438	0.04814168342062599	
-0.05043740559534382	0.006680839810035597	0.04157513934402983	-0.030311938338590944	0.06349441390877918	
0.0960412233940891	-0.16646242389866212	0.1895450499143524	0.06228121403312538	0.15343999672438352	
-0.012058800101517985	-0.13403968800065388	0.15757322978159782	0.058514615343114355	-0.04076341525734939	
0.1231776104195144	-0.029141819991293685	0.17885734551433494	0.07055476100815998	-0.013767569797497452	
-0.15332060963520214	-0.05025681872523504	-0.1902803892414976	-0.05450726054451539	0.021857606959616426	
0.05431256810363653	-0.03733802124472387	0.14812953018082473	-0.04377273594300853	0.021674162386376077	
0.11167726803770503	0.002213928317263404	0.15266713161278375	-0.06684603311644245	0.13729767510115795	
-0.10248292729186337	0.08772554361046432	-0.096664949500132	0.07585185332883795	0.009193558359255958	
0.0755610501922882	-0.12768093643532288	0.01702832799169974	-0.04785779893934146	-0.0355349259764121	
-0.1764961189688827	0.03272596893300959	-0.13394819890203005	-0.008531596719300306	-0.1781392595508703	
-0.22136811197700382	0.22004341170868758	-0.19454512319494582	-0.08389756611006088	-0.15944218974349694	
0.14101561218729924	-0.1555859061669514	0.14261146923957807	0.1230231510216625	0.1431960658459784	
-0.19350555585098844	0.1331791317672746	-0.1886953473383488	0.04071446961363217	-0.18159852006708305	
-0.20152210855075162	0.03767441003083555	-0.1240583003738527	0.0008871184200664401	-0.07734439046904677	
-0.01513600028348797	0.0700930873473716	0.03090763799961677	-0.011335376624626385	0.02137617021809521	
0.08033832331782842	-0.002440344951932704	-0.005327069440690635	-0.07887779075940318	0.0008496826638179124	
-0.006491557821120891	-0.031648163119398554	-0.005644148525465305	-0.10369829519355311	-0.07155172285032678	
-0.11956625078480128	0.11421346081182723	-0.18804907717143568	-0.017900812290667558	-0.04780442148493917	
-0.059674050398363813	-0.04493060444511303	0.060329757575280626	0.05909996164240085	0.07632888849127507	
0.02266823715401789	-0.0414406795559394	-0.18035125964181903	0.006363333809314972	0.03464847429291654	
0.10008495079363335	-0.008080320940936095	0.07672849527198791	0.006732903211846684	-0.023216013908374918	
0.018340836961206863	-0.010489122076389685	-0.0038141317024548813	0.10201644110120532	0.10739736183265704	
-0.034542146913587264	0.0982826262278566	-0.11331686396407843	-0.06662149225170408	-0.06771722211247894	
0.07648810661127062	-0.1723021530195007	0.1499546207329798	0.09276553103325329	-0.03048903547454025	
-0.10132966865185958	-0.00984750820006688	-0.15892257386836403	0.05736141939350427	-0.062367514031213864	
0.1084698290080863	-0.0045183000758159215	0.07647015324956206	0.08286964945495061	0.10716436326340255	
0.044664277479176166	-0.05239946971341045	0.09822768107226576	-0.024326398314479077	0.04822213049444843	
-0.023711364003985665	-0.06427172334222561	-0.05485117564383453	-0.018354052974764303	0.026896466281834362	
-0.031264825112660384	0.06475032824625264	0.01030809829154911	-0.0473777247583873	0.0738763686348408	
0.020501386557972748	-0.0833939773127783	-0.031440614963186155	0.03546695940047486	0.06877307413898504	
-0.13073311557720851	0.1288335993949043	-0.06968120234480109	0.09295911006416285	-0.01577040742153603	
0.10230449369570051	-0.030123813226163018	0.017070571822999744	-0.02770704877203195	0.055253121726251235	
0.025553197821757054	0.10121598619447061	0.018189593469177756	0.0379225460932432	0.04835914270586737	
-0.0826508980162265	0.0670458163099511	-0.026547753459859227	-0.024619893411782723	-0.06746077332208127	
-0.10078658278785516	0.02485083633820023	-0.11779559662073082	-0.020434640716828673	0.0333605889519737	
0.042624691622131936	-0.0748746136212153	-0.036269939059673115	-0.03210742515128624	0.0680317387495835	
0.0694549638610912	0.08432608324115035	0.003172135746464738	-0.04628575822163648	-0.05453098245013131	
-0.09929649198645946	0.1723351920028488	-0.050818894678143066	-0.0003366642665051449	-0.0945936943206111	
0.02469167145148304	0.03256448982874727	0.07316159339059045	0.007526610381746309	-0.013979839040512126	
-0.07330531814230869	-0.033816910485404084	-0.08382416358291589	0.09580432230581584	-0.06496583577783246	
0.025006295433924488	0.10242262905065472	-0.023182692216636425	0.006612137908533836	-0.09563095866621582	
-0.04598575056678219	0.004894340214082149	-0.12332492137617293	0.026692312647200015	-0.06788380431212661	
0.06831241335313173	0.09320278548130928	-0.10717108954151866	-0.0679771344822657	-0.0720030746703346	
0.023122608571122034	0.020907899390113394	-0.09202885180903618	-0.03068772049663812	0.08419734275586645	
-0.08948412032501638	0.07912068321438309	-0.15370865917854518	-0.08821926693381564	-0.055384271779782855	
0.0372314455659742	-0.09939824519270228	0.07256603249171767	0.03144466718127138	0.06178606796482975	
-0.06926988798093349	0.0493509635658106	-0.08164802374776928	0.01619438235206109	0.047316072213162134	
-0.1368290568765668	-0.004666998800740629	-0.012782694786760114	0.08063858732471195	-0.024170465661644658	
0.048456186703452434	0.1144210671597155	0.013819755687146468	0.08623204276434521	-0.1031667549749717	
0.00670962973145188	0.055279510874967186	0.02046621298884327	0.03718012326836866	-0.11056029098368367	
0.02409643512392023	0.07371990894212806	-0.03366544209810369	-0.056328678431275155	-0.0011559451922350987	
-0.03568544100881168	0.06845478922578008	-0.03432682330230374	0.07020030040867119	0.0952268083011261	
-0.08228292637767744	-0.02896315192980338	0.07025221217504218	-0.0009351069695485755	0.06111154600786277	
-0.016602554976091307	0.1367619532357771	-0.021717028009635195	0.004543052436785577	-0.11282043891621032	
-0.05317805675292147	-0.07819976328763743	-0.13162495779923303	0.05772806027170681	-0.11550534190776043	
-0.05062534301797492	0.09090857286003996	-0.019480820382724657	0.0428941320197504	-0.07423815894307634	
-0.07808587253850756	0.07312206407309169	0.009777069054961673	-0.07399128542939244	-0.10070448851643662	
-0.11201913076858842	0.10543661285525135	-0.0891899692161644	-0.08439945381997778	-0.05535414520985452	
-0.0981833970399942	0.09651980745816297	-0.092183521936632	-0.09537788907124208	-0.01606506463562142	
0.016317005382634264	0.012453656991817497	-1.7530022140649452e-06	-0.03181276287371404	-0.031621119488492125	
0.0598299201552756	0.0822815338355854	-0.152550276846372	0.039081079810717484	-0.028330794287433948	
0.059238794655792654	-0.031038578698228042	-0.08703581213620722	-0.07132741774336837	-0.039832453786060366	
-0.05813131874210443	0.005856326623242219	0.07561309965270592	0.07012495163848408	0.07828626049595064	
-0.037391154601817356	0.0702172992742109	-0.039382816614619925	0.09112957653741534	0.02278890165916587	
-0.11452386367784874	-0.05070826559330077	-0.16367647999494295	-0.08863457337885121	-0.045847922452076646	
-0.0607009722374703	-0.10983034507463214	0.06892091969911242	0.0009046770147938548	0.06426026474632286	
-0.055366730148741085	0.0336981468124453	-0.06891823265038906	0.0037081704205835183	0.019338603690235833	
-0.0229081801922127	0.06139807613471859	-0.15523343673528883	0.08004302005420519	-0.06852034063846191	
0.1112561951238489	-0.1872120860821188	0.119209938599861	-0.06396530859546677	0.14669766061573178	
0.047611845633937895	0.0911004201645217	0.03237816750060106	-0.09983632253391547	-0.09175110690827004	
-0.0891766133355701	0.052457151055270886	0.057721725316783074	0.083714938741229	0.0182007922376945	
0.02903935743156767	0.09628152698970563	-0.04817825338135601	-0.0321970664835488	-0.0740136414720882	
-0.08100260827590167	0.06870518913524563	-0.07267261661547876	-0.05515893288985186	0.06006354046964342	
-0.025935814309816937	0.09709717688228832	-0.008354960726327102	0.00015049058145163373	-0.055874341271442425	
0.03625914693965738	0.008473040857165413	-0.08813277216767283	0.011551390531823939	0.04968466966464561	
-0.0877539804356286	0.034918700325653904	0.08607146049443647	-0.07678773275649874	0.009970177149152708	
-0.10091492703660683	0.13693668633089418	-0.04648980388973033	0.029996127446998457	-0.06114950330413788	
-0.0961025165667724	0.06479906029339735	-0.22961468185650313	-0.0026874408589138625	-0.1439151922974198	
0.027681478125448574	0.06366523803699055	0.028968960431507387	-0.04968642864854925	-0.024602799806389623	
0.024123009569029706	0.1420794381940881	-0.019191038111528506	0.04563970083013357	-0.09924424555466682	
-0.12556301225093155	-0.01633388688787872	-0.10128681663145371	-0.06875165539475839	-0.014312129776020505	
-0.1585058732321298	0.20986425688225122	-0.22874225938653725	0.032006028216815384	-0.1537349663151475	
0.048042497637310236	-0.05305114727620404	-0.028522002205691024	-0.0419973397042417	0.049558957033191554	
-0.04108189978832244	0.03347011793702838	-0.10370190554493852	0.010556868435519737	0.05799203892273889	
0.04259157229087082	0.03267660768019057	0.04457910225549992	0.09621781500813938	0.010498427061688223	
-0.23678530263824907	0.07116262076545174	-0.21954555957433106	-0.02637682810727049	-0.13238806799402922	
-0.022218199990031624	0.04597982911905321	-0.037392062051503264	0.03731374240057138	-0.027222811858587152	
-0.019806559206026683	0.06829071155309144	-0.05328291459077179	-0.10085675006757822	-0.07235392987138603	
0.04114261801016028	0.02374585372529898	0.05044731074284875	0.00872589308250816	-0.04164395532317926	
-0.07880719733092598	0.02963800131327305	-0.042985806787197905	0.1169710021784994	-0.03382388253360317	
-0.010394043797582537	-0.01868756491011239	0.05524041402958152	0.02091196625656226	-0.040648560629100716	
-0.1396761957229178	0.11110140903074091	-0.07929736930970024	0.0401969897295411	-0.15548478982261174	
-0.08508902379568818	0.0010632085246251209	0.06915410438993104	-0.07703245918578382	0.05529456355269225	
0.0313404624612721	-0.01764867147316502	0.02364712283630905	0.04842092337153335	-0.07739563084811561	
0.05107362482684906	-0.00800151963725461	0.12195583791440331	-0.012869212290685864	0.010173693756192067	
0.00036316186235213905	-0.03183662879118436	-0.011355948681147175	0.03619609453850789	-0.0322866517590059	
0.07210276192709246	-0.06386551251131446	0.04012560305164387	-0.036033509080330664	0.06055976659402831	
-0.11755192943976688	0.15128919699883153	-0.17632458998594827	-0.05430598903541232	-0.01705770496880125	
-0.04255326858156996	0.05171093340923638	0.018286467468465482	-0.03950315002222367	-0.044826685730828784	
-0.06360608684982581	-0.07177568050359635	-0.05954461533125389	-0.0784725700749444	-0.07205500447658096	
0.015627356376017396	0.06603749691585692	-0.12549904812914695	-0.0462705885997968	-0.06778966803345098	
0.05537564494778796	0.05617038470983239	-0.03280350125902487	-0.025654554525873598	0.048780978766606524	
0.032496763343823946	0.023818906979241612	0.09754240204437173	0.030386475488941547	-0.02706020324770408	
0.2040773212577961	-0.17911748031773658	0.07048547837369953	0.03260377618898688	0.07510852593914584	
-0.12382991333506982	0.0835229073758855	-0.1526671789281581	0.026760596551403643	0.004413811644081668	
-0.06095984947155279	0.013002666019952643	0.03539423262617504	0.04084147484832926	0.021745262456537667	
0.003842101709567533	-0.002723000405529518	0.1387434132506828	0.0143418473749358	0.09535710226464846	
-0.08399171505166256	0.04677873871933229	-0.06781382124156483	0.0021634644379583453	-0.02926673887509358	
-0.11817375003481478	0.10537783716483437	-0.06129401426930258	0.01967035919239537	-0.02618577592232048	
-0.14779832834576032	0.012714447664624883	-0.19564151991091885	-0.03120517672552328	-0.12353332692405332	
-0.12780167958763478	0.019761452842895478	-0.09085850387398905	-0.13633204599439946	-0.01383112422116473	
-0.06977121382617422	0.004351711569708675	-0.11429460950355504	0.07703660920735181	-0.05549314264554442	
-0.07747605624675095	0.12659509660329848	-0.18885160103069248	-0.02910996358328486	-0.14279052858395277	
-0.005749262291361276	0.11620540095283509	-0.10743999005165819	0.05335740779733225	-0.15625040101418283	
0.00851573116809779	0.062303865405926515	-0.11443027187007157	0.0698993843381744	0.019328081195233843	
0.12169541016664721	-0.08480090567374148	-0.08513356079626137	0.11084669960327864	0.10860667417390484	
0.01588799071496515	0.019772323602652107	-0.006539852307362627	0.05452174179350217	-0.04303398988870387	
-0.026046533447948324	0.12681039782115394	-0.06158956924161825	-0.02447838228699956	-0.031183808654031968	
-0.15124797714560287	0.11526223088963529	0.06790960263008844	-0.053913704303523546	-0.11847521911410716	
-0.12331957457560733	0.021827291386169415	-0.024836670269160623	-0.01596972744766455	-0.10784943482830618	
-0.11516890463060188	-0.01741070504084638	-0.053791324543938875	-0.044042949249074294	-0.044063262258350375	
0.06695514716292982	-0.004091091991849328	0.09295903159439892	-0.0017459910451570733	0.08518941631559884	
-0.0932154054262219	0.01855911774134121	-0.08679462142781945	0.03243143883510721	0.0404219507719381	
-0.06131655465181469	0.09364243944681043	-0.08893378522497228	0.042868870931229	-0.11689860863987261	
-0.06213241619544298	0.11011974932651789	-0.07096707198330884	0.048610581806235675	-0.03739339035821677	
0.009427928077337423	0.06424390964321901	-0.06419800445620286	0.031092875268592095	0.09089406610418602	
-0.010633503207623397	-0.04940933992119811	0.045144395649927026	-0.03799018895786473	0.022903421938151213	
-0.029479373519328812	0.11204931595436117	-0.035022583588449965	0.0807120085948876	-0.13266276573696947	
-0.002246926199755477	0.02700669839773928	-0.1336861510754441	0.08936463255909388	-0.18917759164617984	
0.006901186286229646	0.11425664834145548	-0.10853639439622031	-0.08119236571103881	0.02134450530683731	
-0.006323368607877507	-0.07478280313398067	0.06481382850749537	0.07266403532895539	0.002425348824657914	
0.1387412496317719	-0.0706179510355924	0.12919789295976053	0.005964917187579707	0.04422060154268079	
-0.07054934328026607	0.10079252119173715	-0.04930550095856945	-0.08860228029421394	-0.07473472471538214	
-0.1285492318549526	0.08375475974457859	-0.004141026142129368	0.06003008490635189	-0.022771517297665304	
0.03695509845891995	0.05165359798325391	0.012528388248908097	-0.006794419229788313	0.011704624766940182	
-0.03720609968288614	-0.07638379161223864	-0.046847980741350465	-0.001523701354063886	-0.0281547315592266	
0.05100861715858811	0.005005924022027484	0.021778917616227942	0.10984548179730746	0.08807335400080667	
-0.07450095187872059	0.1180891835451701	-0.017939592667415072	-0.04300541731264591	0.014376815869505353	
-0.1010035411047367	0.06702894102522515	-0.08054335682881342	0.030526559932655732	-0.12064313913495969	
-0.0032873464734459704	-5.389325230366779e-05	-0.10258264027664753	-0.04108174727957981	0.026156689062800987	
0.12396525476819836	-0.10031886693708357	0.06978843064451969	0.10132313700212846	0.018083073530719918	
0.055092227632407766	-0.03604210625133191	-0.04280796412693808	0.028407380184792125	-0.10059725477480011	
-0.07565658471384115	-0.048119770855516615	0.08954327692935286	-0.019986344207793234	0.05500417792348861	
-0.04496576447901166	-0.0625612792622773	-0.0757732174167326	0.05945589946332301	0.0362412099573706	
0.06893666475657922	-0.07604461312856577	0.06078867836601971	-0.030471383670103342	0.00154717911758978	
-0.018820821735359726	-0.04495360998426018	-0.10019874593735091	0.028317203695048542	0.034313480718274135	
0.06341260196066048	-0.019302886660376366	-0.03848253236726164	-0.05799370103027173	0.010792171350393783	
0.05463942713434691	-0.05385882767492375	-0.06024273817800968	-0.004875790904223068	-0.029445306560820745	
-0.38144738941461304	0.230195460101275	-0.4908157424150728	-0.010444971393805914	-0.18367610747603402	
-0.04009725264605789	0.06056391696579085	-0.07552922345857507	0.015773108376998315	-0.03087772236519993	
0.06431876555682649	0.06251866555092356	0.034368181730598586	-0.06271647887456383	0.011159923766754372	
0.16501453026692658	0.01731377542659694	0.09681435219640001	-0.05041217241305132	0.05729919822388938	
-0.023150209152604934	0.04051982764270573	-0.04866746407807883	0.01930589726956577	0.06315633844265578	
-0.3831521269192806	0.3981596746208842	-0.47719306985238685	-0.1947143397427395	-0.2106034634109116	
-0.04064131670788565	-0.11245416901365803	0.022218156593397043	-0.05504872849531388	0.04699515204884963	
-0.04246045646375581	-0.09231670297260909	-0.050356684204425545	0.05777685862508014	0.053071062332112076	
0.07573216402368858	-0.15148721256260284	0.1690695506302068	-0.0012906926999525946	0.12698504013808024	
-0.2091053474313951	0.1683616056246368	-0.3637199360878847	-0.031684612053844464	-0.17710326615380506	
-0.7430718482225791	0.5815577157321982	-0.9397030660503387	-0.1894306517655505	-0.40086821693454394	
-0.03503349605401287	0.0739418718041355	0.02056802608792277	0.0926586124056185	-0.013338963730916307	
0.04154690326493212	0.013680245045997366	0.06008804754576459	0.08272815098009473	0.09121222778044305	
-1.2698392302016286	1.479570442447437	-1.7275063601557081	-0.15699987786171055	-0.8689933829567386	
0.6870722259100882	
