TESTRUNID EPOCH: 99 L_PCC: 0.8656680325581495 L_ERR: 0.002006004102073074 T_PCC: 0.7605210052364694 T_ERR: 0.0032970224766684974
180 LAYER: 1
5 LAYER: 2
1 LAYER: 3
99 :ILEARN
-0.058683122574592114	0.034990592626613665	-0.1565505773024012	-0.05187469308327893	-0.11592261427156095	
-0.34721110525335025	-0.16812354845539737	-0.3245007645025193	-0.31115696491831263	-0.35601466545492727	
0.06251833856982877	0.07797543125362766	0.01678478631257969	0.1419280783184383	-0.023040537147401268	
0.18845910575910757	0.06143407228434641	0.16562138604126625	0.05687897319758031	0.09047628399549693	
0.07265422467684286	0.1251090549704317	-0.036670135333374855	0.06548221464891063	0.08816342181998173	
0.12692211003450315	-0.05632464432196814	-0.046265987913716534	-0.03935314316249857	0.10027933447252621	
0.08709836211278417	0.0619557581056943	0.2615313230946021	0.1309203249636821	0.20323283342164328	
-0.17907802272764925	-0.012826344173114129	-0.09315131989844411	-0.17723103012700375	-0.0948770058152444	
0.06202948038638172	0.04910459743152469	-0.0857863205704364	0.01022611562814542	-0.14871663664532897	
0.04531509093320814	0.1232359874030744	0.015349305453793621	0.030481278103585124	0.0015584628686487964	
-0.0764687451277144	0.05840693844380153	-0.041416197720504845	-0.016548024605005006	0.033113630360261714	
-0.18312886377542345	-0.017676497762811612	-0.17731678386813446	-0.09492905835969566	-0.10870379130924711	
-0.05329432994735159	0.0013678051054865387	0.06706218398187559	0.02217116731304814	-0.047974218908442876	
-0.08463809110708326	0.008258429804623135	-0.09051119221305431	0.01779512923979281	-0.061529919179004515	
0.11753138175694088	-0.03468651904827013	-0.04416162422099161	0.10140414756475033	0.006152180812909316	
-0.06726887802837286	0.0903046608197021	-0.03819850110646793	0.05536308461589982	0.03273097643570555	
0.1540853179648543	0.06354820471069823	0.12607426787534623	0.036969691526800096	0.03277292511833629	
0.0171015688932832	-0.017400554127492404	0.019052999631157804	-0.008311510251475356	-0.04778820525893622	
-0.22062832743862582	0.03487347816648697	-0.16152861767595458	-0.10790592282835373	-0.18590875579563987	
0.006012153688803693	0.1215879594187215	0.07124331516095328	-0.030922100289812487	0.09276575955502077	
-0.00515532370738397	0.03612597272136506	0.10465772381904075	-0.0018634224220678852	0.1054238132472965	
-0.7253752288557624	-0.4648514646140523	-0.7066509227095812	-0.6249672508122216	-0.7195988889911478	
-0.009372574455182895	-0.0355955073548799	0.14389109335171005	0.1077321265254224	-0.029374479905502876	
0.22257796455360138	0.14677735883298854	0.26738243239330056	0.21973107881704068	0.1115990828013147	
-0.006962988515011715	-0.020053060041476233	-0.012866579132992285	0.030361117408671142	0.1502671981978998	
-0.2836996332007739	-0.12996543838333716	-0.2456488657017322	-0.29323979237464	-0.3527213282086757	
0.0428730206769362	0.10936015201943416	0.04008153681632032	-0.046779073283670196	0.09685041038299078	
-0.014618113624822078	0.11051667417039966	0.009968739970066828	0.11725130563515172	0.07556310490337158	
0.13352390930941002	-0.015165570320994973	0.04431934555713001	0.06008925234773594	0.053014428971764546	
-0.00819132276579138	0.002350484883564577	0.09566966663019236	0.05877125073835283	-0.045931237967410374	
-0.08344530343872932	0.11650648691182232	-0.0084081649923761	-0.06812583208864133	-0.0724993795212844	
-0.3184664379103614	-0.24098041747500376	-0.3699174834612491	-0.21392660601512856	-0.3264462928255429	
-0.21603420661794687	-0.0590225599354414	-0.18005706800823634	-0.08733725489872157	-0.2779206211378159	
0.048290411055979414	0.0030738801183503683	0.13760858971897924	0.1370105908455961	0.15329405551943304	
0.1361803652385723	0.19708070364072733	0.2034990390587157	0.135797907012254	0.20933822784951828	
0.08091065180278417	0.05935648105057504	-0.008415174441958731	-0.04907752926619844	0.004234846083382931	
0.12678001441083747	-0.0027203388701755697	0.1587274342086917	0.001629665675142663	0.05837131655232961	
-0.03122926346406012	-0.07451104314363848	-0.09068135652978149	-0.06715967579395817	-0.03511232320346241	
-0.0027193268369792825	-0.05852578285656893	0.09007981230518469	0.09548314674153142	0.12405339221692582	
0.13318115484938073	-0.05587486190282662	-0.018702315268626354	0.0480230117487857	0.12047105020358101	
-0.056184672508015815	-0.02844565268499478	-0.06492086982115693	-0.10057098484569872	-0.17200247621454604	
-0.010650433045140323	0.02536198701844417	0.016549126386118745	0.07709211744541108	0.08606914433522418	
-0.09930425973182712	0.06740653769932602	-0.13899080134885877	-0.12655150703161944	-0.15074991955286549	
0.029913280443876554	-0.06952280446847092	0.1284556738808292	0.1036926781609192	-0.0407347164267113	
-0.15257880773533145	-0.03616670106327872	-0.18015907228975298	-0.013077658420362652	-0.14659073573550102	
0.001026555579357709	-0.005070328887705598	-0.006947139312818559	0.015167470128316037	-0.003080566577350809	
-0.04181559086319282	0.011614405352727857	0.031081427129212892	-0.06154785683039068	-0.0226082768610375	
0.04961843652827816	-0.07472973523363499	0.049620245081808574	0.020693455690032187	0.10183641039445453	
-0.14097939164995674	0.028011964070166838	-0.11105176003422935	-0.11938753681296531	-0.06322245291501886	
0.006353884410673574	-0.06479710240054029	-0.05358547647901936	0.014592740484069848	0.031888283124691115	
-0.1044871598186713	0.11969945552069275	-0.06167633074334791	0.0816580265297275	-0.02266368685583025	
0.06159718594183441	0.024350392983627706	0.039201012479374464	-0.03718931307245595	0.04111666102422118	
0.012462835130925288	0.0775934855838756	-0.014683725043410267	0.00372813190765111	-0.005068883986894144	
-0.08752915592445558	0.007632219683260213	-0.1056899848631152	-0.07063549300291266	-0.11077717496673521	
0.041196071249254056	-0.0010413054708704294	0.08958418522445098	0.030645035759630866	0.1724437936897949	
-0.061098699510943856	-0.09202179446512211	-0.103420244979682	-0.11316913154788029	-0.033428922623979236	
0.034383240019512804	0.079913906953625	-0.00494775931318147	-0.08755387582068869	-0.09479998573982316	
-0.14026920474179244	-0.07360454342263292	-0.18990575797899656	-0.14542194139080586	-0.22170090925250224	
-0.09684950114453193	-0.01155354742958729	-0.127800276695739	-0.0775665336942361	-0.15205186218233924	
-0.13651135460333857	-0.014503552117331798	-0.14912661848344158	0.0440463834371387	-0.14688689722871826	
-0.019629313655254773	0.04211027961708302	-0.048773939559233016	-0.057362028172693695	-0.13502864864083916	
-0.013775057300999807	-0.013653743987801092	-0.06415372036772728	0.015352913813109463	-0.06838673975247536	
0.059224700596106086	0.08242734138622372	-0.07891360582757649	-0.10127109655917373	-0.1099828485414983	
0.008151218880703448	0.06876199666166483	-0.051543544913182755	-0.04700335527107841	0.028955178535439764	
-0.10209052532461643	0.010478467711096985	-0.13773349660140244	-0.13119932518975944	-0.07658233067072559	
-0.0662160717753345	-0.07818601443859734	-0.028913493642441047	-0.05641938237215705	-0.07064765539135247	
-0.06803908585860842	0.0618727675167781	-0.05036666391586702	-0.0014360834024448655	0.02101577830741323	
-0.23498147963811652	-0.08219520784068811	-0.10513470465317792	-0.057817394181956444	-0.1559444876327753	
0.030893279418364367	0.09167424070810316	0.01365294303044097	0.030412282970838245	-0.14280104657241224	
-0.023923868808854852	0.033645920689484604	-0.03996012367056163	0.020845567270965305	-0.13726312042067146	
0.015494623198690351	0.04632854278731012	-0.0971718409484299	-0.07426855187875625	-0.013553853385820684	
-0.07516154512495629	0.05319627725773581	-0.05778966119538407	0.022762459198669007	0.031770843546760845	
-0.1008234862655328	-0.08872424504149679	0.00884263230077713	-0.045610087925021074	0.031148563725152546	
0.059808380315228865	0.12361772629571537	0.025536767057347396	0.032539866289358864	-0.03935806949980821	
0.02900831464909924	-0.05843103009246989	-0.015798948687384906	0.09656555460554879	-0.03534530855054033	
-0.014775455982360786	0.08128990352344916	0.04312776583342674	0.05203179749920868	-0.04479241032061783	
0.004757291003913701	0.027549025464958733	0.10538238974831543	-0.04317025784532006	-0.02947883987578539	
-0.03399576495367372	0.0695146643301489	-0.00614240243837307	-0.08377247936519712	-0.006223956140526818	
-0.019843970774027497	0.08701429517458659	-0.00716567123422243	-0.06556565073905435	0.05417296422375381	
0.03172506083502612	-0.02628678764590217	0.009741592435108307	-0.020153109851443054	-0.011151717478890289	
0.06464371760624626	0.0388046115931656	-0.14542941775639767	0.008708844136955109	-0.04943705485684578	
0.11313940428995752	-0.010179608454703826	-0.024046564795405238	-0.05629825573186738	-0.025318541798723716	
-0.15625393767771922	-0.004828920372045484	-0.053811272767367684	-0.042025354927801364	-0.08844950602255632	
-0.020303139161830384	0.0872375966471941	-0.026062954797227977	0.06061767722611847	-0.014175162725359755	
-0.04678542327045105	-0.07165564093249709	-0.08995224975431065	-0.07493972796588885	0.021600264470020607	
-0.0574376983430081	-0.06795006401925086	0.06797297477056789	-0.01081722925266956	0.02932859899253118	
0.05656290886600403	0.03227724952527159	0.05417764310091564	0.04003301393386941	0.08971238294086147	
-0.0540668037293503	0.07543516487821506	-0.1452053548324672	0.03598707990194601	-0.1336520856920589	
-0.019045102368348638	-0.08952800846576137	-0.04782180326895709	-0.13015506996199083	-0.009845939059798218	
-0.07550432148417303	-0.014456460625054228	-0.10350654759812764	-0.20230446912420225	-0.2040764426446381	
-0.1276973343325609	0.0027249988914156147	0.002697850039500656	0.05261228287070175	-0.001604452157946475	
-0.07600661333794893	0.05703593862451464	-0.1628392878226012	-0.1569603908622422	-0.2540881244218191	
-0.12234390509906821	0.04376073488415336	-0.12710582705197798	-0.07967720787396307	0.029475998132811036	
-0.0044579031469059996	0.13213746748214317	-0.003617972114050761	0.041218442565145993	0.022706256823100204	
0.15021503010407072	0.018066283499999468	0.04072954995003135	0.061270312044073065	0.13353628375879933	
-0.12043840385944854	0.028582950264305025	0.033682209202246925	-0.13910364788356752	-0.05773439980232647	
-0.021038070332003007	0.07158114401502273	0.018040121821292325	0.03834466232489041	-0.003456650571690266	
-0.01860004471129765	-0.0020217245016774907	-0.09192388146825708	-0.009187783710986839	-0.08988014282310182	
0.01377390024704076	0.11219049668399862	0.008144048594801813	-0.039559070990323957	-0.018123721516365706	
-0.03357150002140576	0.02508611320848307	-0.07475904294744688	-0.020852962086542307	-0.14746980371978746	
-0.09178413156220865	-0.04881128052354874	-0.03923529616303206	-0.07418964724378656	-0.0015119048932451975	
-0.18847645189963472	-0.008504508105668	-0.2446280834359557	-0.10811521697932915	-0.22360849528851426	
-0.033693836051862436	-0.03012853614627449	-0.1301386494632806	-0.08753673649304096	-0.022035551830570186	
0.056491800612657544	0.046396655815528466	-0.00105294299262485	0.06235783600766749	0.15221704800172592	
-0.005508055408920626	0.01996421743398941	0.011581105463285814	0.019650035125400218	-0.080005832187867	
-0.054597728267444794	-0.05793268563890869	-0.04157715395230577	0.022506066390304152	0.010811855177485574	
0.08551134710648975	-0.056065603433748036	0.08843160176560358	0.04108798830403837	0.044322495475838886	
0.028956100086947746	0.04451947354333045	-0.005028341033276639	-0.10601146250533078	-0.027967873554893326	
0.10429422998502644	0.10923294114515213	0.10559302917374788	0.08834350583502543	0.050686125358363456	
-0.09824607726812869	0.06640559363728202	-0.054750653129332055	0.10245630651494252	-0.08273920504404896	
-0.022140590017781347	0.027546167831501166	0.040968811090443744	0.008699721563812596	-0.07881890879289083	
-0.1057209502970748	-0.02371531399121544	-0.032357057304911695	-0.010590956960181707	-0.15320096507709144	
-0.07528301035739544	0.025317873316312366	0.07145816399261776	-0.07616809702170699	0.043383464090740356	
0.014028424788293739	-0.002186851551466577	0.03196589058753971	0.020481613098603753	-0.12674057552226686	
0.05500770675708943	0.11829201749960666	0.1334438946015916	0.08019358230231739	0.08529744594322805	
-0.04725885263394703	-0.06302930592560882	-0.04682639281259461	-0.01740798024342953	-0.09797037347441874	
0.015660929418079884	-0.07410207215395961	-0.004641760743996535	-0.07573565315545404	-0.00040002767121036383	
-0.060623142582238165	0.0654127618451287	-0.09745538338304315	-0.07010220716650216	-0.016367947502893675	
0.008227982688388513	0.07823100979872402	0.08351053003902933	-0.0058537900966535005	-0.006244960072413359	
-0.10540967497145261	-0.07844437780300838	-0.08608329130429629	-0.12860563269224384	-0.1509294589748543	
-0.07853639576799969	0.026024575897852165	-0.18971030434568278	-0.14162746211274088	-0.16858386604515124	
-0.05640516799363496	-0.012385766092283751	-0.1425508950886296	-0.1548110197030839	-0.08321546824391224	
0.04854398902564112	0.12099531061559853	0.12005166337161981	0.043661170247379345	0.004156682386759976	
0.1408273749923529	-0.03472694610660949	-0.006292282577809554	0.010653693231459033	0.019980256459862684	
-0.0609926188957735	0.08131914522045369	-0.052186770001041785	0.05670546738949086	0.06782407838373324	
-0.06579356633326003	0.011172007845053965	0.03800083913652288	0.01424113018907076	0.014313139812723261	
-0.014475618893927771	0.06780843616133626	0.11752693063019035	0.007872384503335283	0.09073732622102512	
-0.1131663198645331	0.08134008799432654	-0.08797116857209732	-0.04416764048506822	-0.08243122326978469	
-0.0596259603497707	0.10113763879344236	-0.0013211488135874247	0.033466681353307236	0.036227859425289895	
-0.09852304984709155	-0.0653741637461486	-0.12686369469600456	-0.021085912713350054	-0.09916522600048219	
-0.06388153711112791	-0.09112130520820452	-0.007036279232898329	-0.11498215143986609	0.028829908808169626	
-0.11987778834115617	-0.0015855902914769528	-0.14711155977289883	0.015742482007077264	-0.10995628181804228	
0.013552658294962546	0.0451429975037959	-0.07962091604193407	0.016093504853815235	-0.06873489662378113	
0.01162525279557707	0.03758233099757745	-0.13625207267420503	0.047557121980452984	-0.15610601834715823	
0.004428180714188012	0.01103254544245602	-0.09306305388748282	0.012609918727984117	-0.0360052414342917	
0.0496837339423268	-0.056734802665889046	-0.13732453303956738	0.04484084415922275	0.021622136371859335	
0.020421048869364612	-0.006147285985064288	0.01769641478794779	0.03657035485585955	-0.0561992390878514	
0.04486946449008439	0.066277525328357	-0.006699025798221824	-0.017915154556725467	0.021715218376827904	
-0.20885045551311665	0.006817372912848259	-0.0463063101966512	-0.1300880718969834	-0.19076970926791986	
-0.11327702695429274	-0.058315904627717734	0.009009681415503039	-0.03736519334713161	-0.1217319289729987	
-0.054816146927670215	-0.032689876209835024	0.030667061714572882	-0.010596267740620174	0.004805562149289768	
-0.007340045388075249	0.0835928569826956	0.0002171903098330626	-0.014232638836390745	0.0388384996131793	
0.0029824766576588882	0.028691878485345212	0.017437661059890534	0.07434135273012345	0.13808925297205227	
0.06486282870176367	0.1072407696424239	0.05709892128450355	0.10160607528741791	0.005912221413274149	
-0.08578686230155376	0.08304862798146644	-0.05161197539998839	-0.010358031856669449	-0.1061906809573927	
0.06126619207318539	0.09460016880989273	-0.01875415003821354	0.07556925378081297	0.16309072158501114	
-0.020548916118252068	-0.05151029069710713	0.045511142200061694	-0.061392027723231726	0.0077166835646668925	
-0.05200345672081999	0.07102287636767939	-0.07358040401744208	0.00614348249568105	-0.18722285790761534	
0.08596171605013637	-0.06621759816950248	-0.0359535578326746	0.07598359237843139	-0.08548910038335078	
0.14531965931065494	0.10607458204533839	0.06892064817404013	0.00823285047794263	0.1452015337624769	
0.002145978621439718	-0.05902903852413592	0.10067659449516593	0.06976725386423936	-0.000656748443974761	
0.09482317919880281	0.005596642514401672	0.06630692781342072	0.00968738940362594	0.023911553276734648	
-0.054476807917957344	0.09461006934787353	-0.025077438864893015	-0.08533459700074708	-0.06547927344093599	
-0.1316659324821444	0.06071015088556297	-0.029698105505188012	0.012113293502569025	-0.05754396037029524	
-0.08524127176661127	-0.019011608933161398	-0.12975448625953828	-0.10864201261556074	-0.13610360356284557	
-0.053417332115884265	-0.02925053948616271	-0.06273903704083282	-0.004633152404094921	-0.04931876290742584	
-0.044658039629987836	0.07868081931060235	-0.06635518180818067	0.0741209200990268	-0.009388470994149925	
-0.11539900567628082	0.06154020102283764	-0.0862611856979297	-0.10982025335832087	-0.06138516681903468	
0.0816381957748422	0.029163232520805334	0.0646844023532922	0.11657406472695626	0.06223063370155343	
0.1310222689087369	-0.015303119242653184	0.0797386349242047	0.05189559232215433	0.14573699850444047	
0.15277645379249682	-0.014917516980121491	0.09795749409455959	0.14621434455221483	0.06216629135526525	
-0.04527122735046739	-0.11376831663074255	-0.10867884507812588	-0.07458113114592912	-0.20614235770420522	
-0.1002231709862649	0.0016028242916758708	0.08353188656459704	-0.03613271117528989	0.02580849275240999	
-0.009674434879558444	0.020217521137971872	-0.018636703192346445	0.09680986326781019	0.08079711118409655	
0.0033619803131197893	-0.02992551289941752	-0.012794868461352442	-0.07387284646112743	-0.0687546537803666	
-0.00938617215026229	-0.014739262130278876	-0.06231664778055743	0.039512601365505946	0.04351103684742893	
0.005930091558036421	0.03788269524041562	-0.07865105873785996	-0.07768415260101065	-0.01794172593437398	
0.1399898534147748	-0.0171595306424625	0.048169022006366344	0.0434122194963635	0.049835510381738723	
-0.17607247169440235	-0.06658430403232737	-0.17220757477991575	-0.05428474311182266	-0.11398237146294883	
-0.06224366410918006	0.02242671144160122	-0.12551762759377247	-0.03169979668770872	-0.0974011707438374	
-0.011404163510596334	0.016378338427639076	-0.07193244385318796	-0.1322410654619729	-0.09153167008036542	
-0.1090714677146111	-0.0001834053160254754	-0.17168808963848217	-0.23826958503227078	-0.2089541529451899	
-0.02047052122712269	-0.007277751524709728	-0.048713315992169604	-0.00868670350201784	0.02631795710532051	
-0.15290048672646525	-0.06216791683626388	-0.16042986954382368	-0.2721238058483437	-0.12086118677675153	
-0.09002007698441625	-0.03659304128761761	-0.022753605005074607	-0.07850326824262154	0.006069588696047143	
-0.07625938761135272	-0.020350210246834862	-0.07262646379197948	0.0569521667451887	0.0346905093793058	
-0.008037174963862812	-0.04030681444457631	0.06641173021055341	-0.009801411054444051	0.07217080482029514	
0.13711836747878234	0.07684015946650322	0.03885468444454752	0.1328009581743254	0.12409634466527689	
-0.053151729394536336	-0.01554184566609129	-0.046981361785535775	-0.04571181169188331	0.06285972008487455	
-0.0022173608932772606	0.08403783708151369	0.035652221638362645	0.10413896704039656	-0.007631655651292245	
0.030489870268349827	0.06467532975228618	0.020792964035286892	0.15147685767919133	0.13212296685116937	
-0.9808086067767663	-0.36216091768649067	-1.0619194675433192	-0.8722185793509434	-1.1548424433175988	
0.867829343993119	
