TESTRUNID EPOCH: 99 L_PCC: 0.863876121590902 L_ERR: 0.00200690167841044 T_PCC: 0.7229211468370081 T_ERR: 0.003710609375135404
180 LAYER: 1
5 LAYER: 2
1 LAYER: 3
99 :ILEARN
0.004223458937719987	0.06598840616785472	-0.07695758348646052	-0.014296730306917759	-0.059972157192200684	
-0.2746282007118577	-0.13247137407518433	-0.2605810540315325	-0.22021441469067687	-0.24873617431628306	
0.012975761680070547	0.056552173686813964	-0.03520300154011787	0.1054793439937053	-0.08541312169151109	
0.18007641910993513	0.04747700524037838	0.15317549250400997	0.06550050729217442	0.07158016306617349	
0.059069005571743445	0.12663758813105405	-0.04392644852902234	0.04044978917693095	0.06185643813164204	
0.08682942639181412	-0.07721968397947455	-0.09050360822332493	-0.06839376418614566	0.051422208817296436	
0.122696590588416	0.06310092945793128	0.30050617615374536	0.1818355783400423	0.24181584466403358	
-0.23592758110710377	-0.019157661111049273	-0.15665528169526516	-0.23363574257260375	-0.16937736850204443	
0.012510760422641876	0.03477685608414496	-0.13855623329511674	-0.03181485783319495	-0.20687826126443476	
0.02306832143051591	0.1186150280514116	-0.003600753387513158	-0.012498584672036203	-0.033196888482471404	
-0.09517900200085677	0.05682056192734186	-0.06011433628136357	-0.0506838654744225	0.006859450606449014	
-0.18625870880149079	-0.01660556896374266	-0.18968053064328932	-0.08101652085456469	-0.11106103432549759	
-0.07521861831096718	-0.004474072730582235	0.04826700689456818	-0.019600823437627528	-0.07565266157247134	
-0.08598237649729795	0.024611811050642394	-0.08440409035567505	0.0074176920153812085	-0.059077006422816394	
0.11811012049587462	-0.03241211889829016	-0.04011209083465328	0.10180663537395526	-0.0059210285836850144	
-0.10075011674668859	0.07699101865025189	-0.06568794758496624	0.019127912406535042	-0.014795940561481117	
0.1417873931653516	0.0539743467564706	0.11927183564920744	0.023735558302100942	0.01621201052766399	
-0.015015598607141053	-0.02665659925529937	-0.011106314326776728	-0.043814312147684525	-0.08414925563111095	
-0.2674549622769696	0.03289736210606262	-0.2047767507730199	-0.15928622265005687	-0.2349964621061682	
0.005001772333108351	0.12127028768938239	0.07683170851187736	-0.053304032151889745	0.08565329972203914	
0.008491267336318603	0.038676501586919564	0.11802756931974388	0.007839457947793466	0.1227974429780766	
-0.7681154018558269	-0.4385227253202289	-0.7547311598778965	-0.6693043098470686	-0.775504943753184	
-3.413995444522536e-05	-0.03720334149342123	0.15491247909768777	0.11585758194954009	-0.01473400692584655	
0.20970940366350616	0.12968468362747942	0.2491457315481058	0.2052266014443486	0.09369096880312498	
-0.00018511733029969696	-0.019286341430481416	-0.005861107521412527	0.03527369677407194	0.15908233873383412	
-0.24800816948239945	-0.10390629953544192	-0.22040242087973266	-0.2893849943730786	-0.33936006711780214	
0.07106607631004987	0.11320764863379434	0.06755581364238517	-0.025356535765881053	0.11910231960311632	
-0.00875994630092707	0.11196215944696147	0.014820661657233862	0.1175887518761158	0.08383002585656314	
0.1474329533736187	-0.01906661661627825	0.06676632384678541	0.08725402423113972	0.07177381579298367	
0.0038423330669522878	0.009849147529226897	0.11140208637060955	0.06776264404715489	-0.03365355565329457	
-0.08044111931157176	0.12345430462191793	-0.0025228179440190584	-0.06939886168530701	-0.0755640312898238	
-0.2781647086956164	-0.21120711556817134	-0.32676536339918083	-0.1879342990898214	-0.2787944214504129	
-0.16595030477274156	-0.026221143051444726	-0.12002307073133428	-0.047526276942545985	-0.22721330235113105	
0.06577173972623365	0.006000406869447953	0.16316716922966645	0.1627794116145976	0.17327339380757156	
0.13868197857994705	0.19116062833810687	0.20195460064802567	0.14078774692828813	0.21067024559671615	
0.08933471550550307	0.057301370107447736	-0.0014908999192009607	-0.04736697266627717	0.023386998902110243	
0.13074320401311781	-0.00851965785277586	0.1627892342271714	0.0071423151346284046	0.07059853451680217	
-0.0034837757969779564	-0.054925365681586014	-0.06294251095731561	-0.050695366503614746	-0.018679257285246786	
0.006362098598491777	-0.05663899355536858	0.10214192704607354	0.10937844516594655	0.1316806239466477	
0.12920869947118807	-0.05381320793424842	-0.02180855884582508	0.04442791769781793	0.11612650149030676	
-0.08461968189930569	-0.0280691475338049	-0.0989618869499177	-0.13350689146544858	-0.21412575942784082	
0.01887640620936263	0.03724096193497881	0.02078086207001712	0.1262780114118357	0.11796517516011557	
-0.07245461028577986	0.08891061191101285	-0.12034147213954802	-0.10167998594246709	-0.12144116163108298	
0.052578399312515886	-0.06462855385215789	0.1432066549409773	0.12100461782067816	-0.01831012009061984	
-0.12999828835625676	-0.017198147107281538	-0.15562237462472636	0.009430738064235876	-0.13470218332329922	
-0.0009119484176417505	-0.0042876655559840994	-0.021619763803729288	0.004126089286270096	-0.008197716804212479	
-0.03959055557152703	0.012125189077295291	0.018394902207878847	-0.061211866757813774	-0.0244102826736642	
0.02662638334718629	-0.07137189538210059	0.02189410996695508	-0.001887294156626119	0.07406538276877059	
-0.07789992942112332	0.06543974884124884	-0.04998867194238604	-0.07915256555455744	0.002251498467550455	
-0.06083843533865372	-0.09097590623041774	-0.11258796624597847	-0.047983175280910256	-0.04867216798275003	
-0.14586920745518128	0.10313645325296125	-0.09093327400906694	0.047235730702543326	-0.07676343635774305	
0.031126461291964995	0.009954339864099158	-0.023326455446521118	-0.05704664603157754	-0.003623174467759297	
0.0012106830137630638	0.07264869042811548	-0.011455164539500703	-0.0049769866442341115	-0.014815576046739502	
-0.09604917596406246	0.020224596891482993	-0.09360760516955867	-0.0661092773186776	-0.1265843129957887	
0.0031073885776896535	-0.026238459148026454	0.050775421861229846	-0.017924686167670505	0.1328916813277467	
-0.049522036201271144	-0.07690051494198195	-0.0988590420741129	-0.09991921656935855	-0.03143944227023714	
0.011342117052289775	0.07534495716752095	-0.03286115039080356	-0.10364252154954792	-0.12870724277147985	
-0.12584752059100573	-0.04584286161388804	-0.15412133710004058	-0.14824548967527093	-0.19463708808597296	
-0.09240783727217197	0.01126519456342636	-0.10238074441032696	-0.0664017416035366	-0.14733899715961052	
-0.19183195561689648	-0.033080548165937314	-0.20018433824686363	-0.006497710242897774	-0.21384262089506445	
0.0414099334843262	0.07296488373834047	0.007521889341864086	-0.014397966749516575	-0.07578260802812384	
-0.023082791354423638	-0.01382398935206789	-0.08947956446584716	0.019130718028558466	-0.07266022532596793	
0.07374905832961837	0.08495325598553044	-0.07852918442277351	-0.08891245872505212	-0.09394052994541659	
-0.019140229449402586	0.04812490688596667	-0.10244997632154944	-0.06135905753454971	-0.016443440706984624	
-0.12012706995480753	0.014596464223490552	-0.15897920453822229	-0.1557330913955125	-0.1028483150688134	
-0.019061097480800954	-0.06655588304709634	-0.0008957642117639563	-0.009104009322403427	-0.01286410519662906	
-0.0931221235701269	0.04681432288361543	-0.09438173560546645	-0.019359721944019886	-0.01520811107492774	
-0.18369134561036954	-0.0509445633230339	-0.04339923190433632	-0.026937711082623442	-0.12757543537446267	
0.04570084052606884	0.10188593790397747	0.02098814275794411	0.045409452470396	-0.12264385720847665	
0.012820633509906707	0.05603308468169691	0.006736866278413807	0.045218401399655855	-0.0843058973076786	
0.022770689239184343	0.05336643678212363	-0.07635198011850193	-0.07795497765529022	0.014590455435318077	
-0.07200605700476247	0.057336360385656	-0.07384078104524189	0.03568753955524271	0.03281461753539129	
-0.022715602124987522	-0.05291930852249244	0.10905618593330875	0.014384124695544367	0.14494524495748792	
0.05216372047757085	0.12718955684038627	0.035565796635325136	0.025012748640370643	-0.0305023802834383	
0.00660281658415873	-0.06523707788121944	-0.045824875057091485	0.08267193875449051	-0.08275219969665923	
-0.030768757200387846	0.07131457988741643	0.008649490336403049	0.03419071196284706	-0.06345960737405439	
-0.04615413659021282	0.00293019240562259	0.03376456471185429	-0.09216069269763758	-0.08117360750394371	
-0.06184002963011855	0.05907781193132998	-0.01929097648895284	-0.10627789955620659	-0.024268636675946746	
-0.019463360159793896	0.08970578546019002	-0.0005096371899703457	-0.0626190573136785	0.06870988456576933	
0.04431649812536752	-0.0142034375480611	0.024852418085255498	-0.01812794000883964	0.010531040793032838	
-0.006456694359037799	0.010692975609119406	-0.2097603090868163	-0.06524578900053271	-0.12832803411295626	
0.08149082156982793	-0.024082347259228913	-0.05174593489265417	-0.0683144206432588	-0.03881309893318039	
-0.14962091704958722	0.007255750235485167	-0.06953211318285901	-0.04444005771362097	-0.08313741109006414	
-0.052656619128576145	0.08483296007596786	-0.07594858897893904	0.02558214475885393	-0.05839871972999377	
-0.015974069701006146	-0.058444602301338945	-0.05105513379144236	-0.05002494809036083	0.04329906081889856	
-0.046876865590121004	-0.06542296369533411	0.07673709968238349	8.361728154335152e-05	0.056674741764992105	
0.011570510888694761	0.02059331998889942	0.0021483811653546406	-0.0013219611957312203	0.04589173766223673	
-0.022256845175576353	0.09059478705973714	-0.12185976563038284	0.06001040690397528	-0.10675140793271687	
0.03244972521915284	-0.06832467397495351	-0.0028479016072158196	-0.09937786388263634	0.06490170378833407	
-0.04797027521620408	0.011136937156331425	-0.05314771608078777	-0.19249259705002422	-0.18366067245750656	
-0.16535052576160283	-0.0009646199663230874	-0.025872558711418178	0.0072400715217572345	-0.05413527180247842	
0.031030912965573868	0.10090118358798436	-0.040903292545579825	-0.05609382665078336	-0.1130180465508106	
-0.12278818409784359	0.049573599285574775	-0.1142103042951675	-0.09553786030243476	0.03519901357825865	
0.016610823367659112	0.13778893123799837	0.022770265936644135	0.061965796454347945	0.03800328496939977	
0.08126980370964745	-0.0033463395018032797	-0.025707135501349326	0.0023430132452661252	0.049233445706016225	
-0.13173327651216832	0.026774323827873283	0.021288886999533352	-0.1446074637083344	-0.07365316935957013	
-0.06683494939034837	0.05747288836238133	-0.027953555063357408	0.0014190023107255095	-0.060004786890661084	
0.011591243140588488	-0.0076762589783036135	-0.08646189921984523	0.03206917498590835	-0.04426192233857414	
0.03127067844275571	0.11282485930766294	0.024961984368337416	-0.02420216135808135	0.006238471897263005	
-0.04645910093073116	0.03264225060199765	-0.06769303660784161	-0.04118163708202556	-0.17013047861813788	
-0.06850048825709842	-0.03958633039025111	-0.020661894727123657	-0.0469799402170387	0.032327412900745915	
-0.183009309428538	0.0030483047074039422	-0.23928100453423448	-0.11055869005470917	-0.21450599656386582	
0.02336635021952009	-0.008405495344754925	-0.06559574751357468	-0.02403230094005206	0.03529846324973178	
0.05847511042587563	0.049294856817060674	0.002810885154779021	0.07373296145370876	0.14892476739231988	
0.0809137175934021	0.0518265383430012	0.09584391031889974	0.09182181446993377	0.025384879994682426	
-0.08025890848132951	-0.06015458383247096	-0.07018443600422121	0.00760125370451317	-0.02077248296524211	
0.08330369683939168	-0.04986175241629364	0.08711889556077251	0.0398207545356503	0.040625709540004405	
-0.05199091695754695	0.036449094202465435	-0.0838069725913794	-0.1398386034565325	-0.1409838586365592	
0.05146116471046347	0.09151472917135507	0.06251352668537534	0.07348421695306101	-0.004467788901820737	
-0.09207493359973352	0.06029085687936792	-0.0656123938075143	0.08440135559785801	-0.07543978675285258	
-0.025655272540328136	0.018127624627926008	0.025783782837113477	-0.011206772970439881	-0.08102365345657937	
-0.10966353618499593	-0.017482388970695255	-0.04224897532878277	-0.006625355042800107	-0.15168054375939719	
-0.05887045338555599	0.025683294894718028	0.08251176878028713	-0.06880944825294992	0.06465772301314736	
0.013747488076945527	0.0017476356221472306	0.042690294413113346	0.0066874729177790445	-0.13426193116529125	
0.047298189294784	0.12220584821688871	0.12099083545171829	0.07955700296921563	0.07553575063622979	
0.03049898968317811	-0.026983701276901632	0.03259919500288261	0.05696038493429885	-0.009041191491663464	
0.09079069154125233	-0.04836045060853455	0.06652632361322547	-0.025598053146732237	0.08489297141973431	
-0.06728907020767749	0.06786429656232516	-0.08044412791251504	-0.09118990684017926	-0.03132278544974833	
0.007319764874003644	0.07812841209488953	0.09527182761168111	-0.006861333218216824	-0.009299144107707758	
-0.07182157520594863	-0.07376516395902023	-0.0682166076043445	-0.12759657781079892	-0.11023743241117802	
-0.01975917181499766	0.04364255620930023	-0.12380809743300475	-0.11464610599432062	-0.10414436968440997	
-0.057096522954771495	0.003097389646686599	-0.1500228427140944	-0.1570781239248589	-0.10594270067744135	
0.04952758364366751	0.11986968176079636	0.11571226101068781	0.05288287555100296	0.0006110826053325296	
0.14128385170502789	-0.030164777675994472	-0.006869862728959313	0.02893056024907092	0.02666261566904676	
-0.11643526583744696	0.05312781897672733	-0.11311754046751009	-0.02092728303617228	-0.011295824425849792	
-0.09150156767673383	0.008405182875912364	0.01852190711135438	-0.007024339917358239	-0.027995623054629593	
-0.020604431048645764	0.06814493526761953	0.11232879907012792	0.004632368836981508	0.07455635719664477	
-0.13856674268792044	0.06917787024240822	-0.1060037354106993	-0.06055645416725622	-0.09870935708269714	
-0.090041444291493	0.08749836645930036	-0.0479678050104725	0.008608045818581534	-0.013032537433413285	
-0.0648692538618951	-0.04514230836635484	-0.08902367424543679	0.004800612459166054	-0.05661157168764395	
-0.026839942555612402	-0.06449636211913842	0.045555920480012405	-0.09401384225375918	0.06828053031090621	
-0.1418317344302507	-0.0013808874062395113	-0.1728421644706568	-0.00437475208291196	-0.15512405117454242	
0.03658194872070277	0.059168679001420324	-0.04200271591255643	0.024964821242796628	-0.03989059158380941	
0.026787471781618475	0.04521102413728691	-0.13289264226578257	0.0585805582068698	-0.137323841555312	
-0.02932977935173799	0.0017548675806188328	-0.1254322553518069	-0.024608542410021587	-0.06894479698139397	
0.06234896407285091	-0.05187887304440091	-0.1260579037191407	0.04321451665423384	0.03531989403636511	
0.0419155858444158	0.008134903006063674	0.041747498642998385	0.03715428859156907	-0.028944021868930067	
0.003847302057186328	0.05313909511210608	-0.06132574972100226	-0.052176152498410365	-0.02740906419574759	
-0.27796620556548296	-0.017119291575645783	-0.15385648064963547	-0.19559314699577832	-0.27324530953488074	
-0.09366617568120955	-0.044048150788959496	0.02608385555663211	-0.031336996243330285	-0.09863975940049381	
-0.08349522491441053	-0.03641932268803104	-0.0024546003630360022	-0.03718432310470745	-0.03440599180108418	
-0.015993541185194925	0.08531187699763133	0.0008374666530351153	-0.02409238443913187	0.028359337084663372	
-0.0376016979339273	0.01787988736336362	-0.026351468999810716	0.03759103411678199	0.09323151809682009	
0.043237047783324156	0.10616565629667077	0.029856244023006306	0.08500275479698431	-0.019291894905452044	
-0.05154595101865737	0.09724282828488816	-0.030340045875684434	0.027721516744229267	-0.06787382594603704	
0.054271357218357755	0.10057950797301296	-0.022492340222154808	0.0683342100668666	0.1480798773776431	
0.03950982394691225	-0.021576241428666283	0.10634932165692508	-0.007069324408569418	0.07422601869298164	
-0.14832326727877404	0.05128674251363198	-0.18512177534914992	-0.08750219588446911	-0.27900828731120153	
0.06708696814071548	-0.07180914042605815	-0.051649290992064	0.05670684578477772	-0.1007846700828552	
0.10866338582069268	0.08860491845750963	0.032716587878130206	-0.003308396688745925	0.0816398322315835	
0.04511228789300267	-0.04763774299067904	0.14809057234095108	0.12738862067644585	0.035706834621395914	
0.08527187769668106	0.00819611076664703	0.06363598207023835	-0.0015629029401146872	0.015355803830037377	
-0.034741474906786515	0.10155634132491272	-0.004780502825307434	-0.05571187326131882	-0.05665924299989045	
-0.06997396267210351	0.07219486196104291	0.05867859562090726	0.07995934175117583	0.02318522852563227	
-0.04735143540881101	0.01515621733281842	-0.09907248241042414	-0.11824857738623189	-0.1165786681299129	
-0.05423012182642754	-0.02317481943429472	-0.05907849741029232	-0.013548446988261716	-0.04911621465255674	
-0.016673389717741134	0.09576118364222781	-0.03238703744640097	0.09281810326035578	0.01184766635281638	
-0.12412851289550048	0.058609475527850015	-0.08135415377099109	-0.1347982613379964	-0.06259199694584855	
0.041114720725233984	0.0036580280131035823	0.04123761340244285	0.0904036592621795	0.0230888893079886	
0.08663560029949076	-0.03291632660801802	0.032679223338892394	0.0294554070114075	0.07135776439536659	
0.16368289471108433	-0.01140784922801903	0.10311262222571423	0.15157625080707415	0.07440543083047717	
-0.02243810867079277	-0.09931719912846984	-0.08484731912149424	-0.07260451478296975	-0.17248957632633136	
-0.08729497705724797	0.012287894251018318	0.08738783230791951	-0.032626663704862606	0.039916724030931536	
-0.04995543699047914	0.009991814661089827	-0.0675126481790355	0.055336500631109155	0.03088207677150903	
0.007996422539609823	-0.020554006935556618	-0.010108679325236203	-0.06976425152523882	-0.07050011846195621	
-0.00016718399196071076	-0.013682091802859491	-0.061623110289137695	0.03804292206280671	0.05979276883028846	
-0.008469492939171113	0.03396539098679578	-0.10190580122621903	-0.09876346847862577	-0.039786814062759183	
0.10711420265223666	-0.01467158181330263	0.010602299550284446	0.011251871613883777	0.008439455716502394	
-0.14781088887218144	-0.04713210312671766	-0.14917260437103486	-0.023517114132205263	-0.07799496690306644	
-0.029891397525213144	0.03600706260328221	-0.09070818785563121	0.0030839006796104054	-0.06239505623295686	
-0.04309088230714932	0.012318118826979637	-0.09458660497290888	-0.14400365559158224	-0.1328264198167627	
-0.0906070023240487	0.020207536871154973	-0.16315314532793956	-0.2502595855893811	-0.18813230425015648	
0.023347940704056127	0.00852431907793486	-0.0039038715018104757	0.043559045602737746	0.07892537520583244	
-0.16028295565959594	-0.05831051333044071	-0.15303926265149753	-0.2594710563132386	-0.14725808615085462	
-0.09141375109610073	-0.028243806111433848	-0.030352128156480293	-0.08249100276241653	-0.0006318504276794794	
-0.07214659864347812	-0.014594391277779395	-0.07543960925459986	0.052620234110863716	0.035242898002395065	
0.0020226146903866873	-0.03577652239522842	0.07402110334462	-0.0038652787212987883	0.0811451036489553	
0.14720302302579183	0.04919303350788279	0.04909275445458303	0.13764529195654118	0.14344372052899781	
-0.03843637717750763	-0.023214053514827186	-0.025838485239429814	-0.021540492728293538	0.08790847276622818	
0.036951307009971374	0.0932227889480313	0.07505961555291552	0.14063556443021294	0.03973363579970362	
0.04467360599006633	0.0570434269869125	0.036786310867498416	0.16748806483786094	0.15720051908287466	
-0.9445438106433641	-0.24546769476087305	-1.0504098701515903	-0.8786946299990086	-1.1359155780880186	
0.8657574167961244	
