TESTRUNID EPOCH: 98 L_PCC: 0.8531598218551778 L_ERR: 0.002131284597628069 T_PCC: 0.7449502068131221 T_ERR: 0.003620272591354017
180 LAYER: 1
5 LAYER: 2
1 LAYER: 3
98 :ILEARN
-0.05784153975602097	0.032721512171715	-0.14848482541743097	-0.07470626300609048	-0.11046065310697667	
-0.32693248078974907	-0.17628205645067588	-0.3199476603118029	-0.3083425329089904	-0.3264445083245715	
0.05395466276885892	0.07496986319963017	0.00371435994801875	0.13893049333832938	-0.022088981929409286	
0.17550998448838065	0.06021192669762595	0.14474294610597693	0.06339225013110333	0.08647406121989039	
0.06826807921719572	0.12080967615435663	-0.036816957567610165	0.04965598840344134	0.07849558433456609	
0.10526163860630285	-0.0667516165259059	-0.06875530683816752	-0.050410944482640156	0.08503474770410574	
0.06865718556622082	0.06068015489267774	0.2351580817413377	0.1405979437914884	0.1868559405511871	
-0.17073485520327314	-0.002931068576200141	-0.08201596764780457	-0.21145571345647027	-0.08385096598345505	
0.053824150040230986	0.050916893751622234	-0.09814080824765083	0.006783000953207027	-0.15111768454126384	
0.044255503792688014	0.11982931200722866	0.020313741500104475	0.022570545089647513	-0.002954233116245182	
-0.06827682933657428	0.061634828535498294	-0.02630378409032573	-0.012135316385357134	0.03354193850976483	
-0.1766772947803567	-0.027561434620327837	-0.18049005924522704	-0.09481581847613994	-0.10033383425786736	
-0.05127616594158955	0.002302672667861588	0.07718357591245982	0.01879091666747514	-0.04574673270276896	
-0.041850850451065603	0.033931371413218045	-0.044142125458900394	0.0634597768676066	-0.039861303691930416	
0.10854507552415589	-0.03852939913756556	-0.0532053686640887	0.08850582263856058	-0.003545327953017524	
-0.08432614254823861	0.0756928872772809	-0.049700312499028156	0.029298040858419975	0.017261979978178545	
0.11276010425566581	0.0419390792784651	0.08737915907988245	-0.00012147097362690329	-0.010275775201841307	
-0.017372844105786444	-0.030011357973686693	0.0020956616904016343	-0.03913013256001762	-0.09063464042075069	
-0.19195765445908794	0.05849353750510877	-0.12023007925600569	-0.07160718027606897	-0.1491568714971405	
-0.01106044255912198	0.10960548223291589	0.06075186219913339	-0.05385262591438486	0.07725193253029054	
-0.009905833564854721	0.02886916358416369	0.09932010150821431	-0.0074953981898183055	0.10611054586117562	
-0.7148390710335718	-0.4882541245174066	-0.6984064419353423	-0.7044891009127409	-0.7457905758628829	
0.009560365019527164	-0.02549259866380631	0.16362991163738935	0.13145204969252883	-0.002703796360854754	
0.21494426746633497	0.14881212301747002	0.25347806697097613	0.2316719618436757	0.11215764554142589	
-0.005430461077251149	-0.01836827756267844	-0.01157327666202239	0.036200251437744725	0.157093210278068	
-0.2181170461424465	-0.09873975932613727	-0.1644257395745151	-0.2656295477608137	-0.2863530323169913	
0.0582721189264877	0.12058385600054536	0.056986355073273515	-0.02744193541419593	0.11662958094448293	
-0.010590557655155224	0.10963341699471778	0.011945778255432086	0.11679653044904273	0.08599844308175583	
0.12464418955170169	-0.010416003497748886	0.0364172530871724	0.06435917336880691	0.045670023321346155	
0.0049020922946737145	0.013885735110038006	0.11801151737636058	0.07607069847575904	-0.0255991145908071	
-0.09688322490891615	0.11459856378177659	-0.012992634611531991	-0.0880697915474285	-0.08421652064790153	
-0.2801036148841696	-0.2354334227314018	-0.326555204283561	-0.22388674324048838	-0.29480258270901416	
-0.16430332236035392	-0.032119573185847905	-0.1064087239740309	-0.06101309778209105	-0.2176224434075552	
0.039884727131383454	0.005650433931095594	0.12937615442535996	0.14212811229649733	0.14342642414464415	
0.13646952629202183	0.199624824798146	0.19728898189713104	0.15578263421300714	0.21902116436859087	
0.09258636795691005	0.05979969075264399	-0.0019268348179565344	-0.03641744188811164	0.02601263037216093	
0.11822343606273916	-0.006792009881446075	0.14461205647238465	0.008272457123842902	0.05933334757711332	
0.0030052246273357666	-0.05655511972885126	-0.046223842041747495	-0.05085171303502285	-0.0011084621669681198	
0.008003523704684719	-0.04908449299774067	0.10335850936679178	0.109968922973968	0.13303079809039112	
0.1375040522425968	-0.05213164626209967	-0.00989852928174908	0.05675282402519947	0.12882047921001716	
-0.01694553767723298	-0.021037328268495567	-0.03232200750536864	-0.08547309845707342	-0.15782600646492764	
-0.07554376970769784	-0.0022305562080267827	-0.08837314959828711	0.024279213604747142	-0.004159600476528145	
-0.10393126325112684	0.05644804809928331	-0.16758050387822165	-0.13488890426066086	-0.1682840707570827	
0.062397376325568715	-0.06657737244373152	0.1453052920088519	0.14484943014969637	-0.010717688344186868	
-0.10255824131089304	-0.015115001774746749	-0.12269725254757909	0.0248946356946336	-0.10408657810338925	
-0.009677984523641133	-0.01783257966941466	-0.039365980156165915	-0.011094555103675855	-0.031734831520910056	
-0.029092956146552374	0.007549046160250653	0.022784727239039144	-0.052825790746964245	-0.026442017628161132	
0.05631942847203256	-0.07059983694294537	0.03939832981501423	0.033795567519438185	0.10268080619096219	
-0.14225037272699684	0.021245567220901544	-0.13044161031744075	-0.13214983339159242	-0.07341800418074662	
-0.05153535591428412	-0.0903959735608438	-0.08477206930462447	-0.0616945326077148	-0.03364384360649223	
-0.12699628396491047	0.1202653177526069	-0.04622008848016551	0.06088097004703464	-0.03772742594423358	
-0.023580550597306883	-0.018154734733165208	-0.09042744210571031	-0.12174097932255643	-0.08655156412126451	
-0.013595514481599048	0.07076644417330195	-0.018027559564601198	-0.03061539820658853	-0.0292018751882714	
-0.0940651105171192	0.013233077601428063	-0.08848241123786416	-0.07836699641698307	-0.10806963402185711	
-0.004580289924266904	-0.034703830177902545	0.03638257510110096	-0.028740548858568492	0.11461573198497373	
-0.0006046669612845822	-0.06766634337513706	-0.05557516123586115	-0.055496412527326296	0.019579573471225378	
0.07379548558827456	0.09618339279200666	0.03561678816199259	-0.04980503891044198	-0.05583065500995298	
-0.025777698718091248	-0.023428482461435064	-0.05972989819585293	-0.07784387250712378	-0.05587585962135269	
-0.1141702787273185	-0.02049868564112997	-0.14071317562868546	-0.09901700946041461	-0.1591010032832656	
-0.1609311549594213	-0.02729732439608626	-0.1522394481987949	-0.0006257356983521867	-0.1765799811057836	
0.037497604930746595	0.06924881256155158	-0.0009654047548111521	-0.00937626730697889	-0.09730088934052078	
-0.012855356113692854	-0.00991925268289897	-0.07233412721993597	0.005388989490175815	-0.07074924790836039	
0.07639448071731407	0.08913302169320407	-0.06375451520556649	-0.09931717873309993	-0.08194228895908755	
0.008016809495818232	0.07812318420236686	-0.05031357757832148	-0.04161359869578039	0.040721547223164074	
-0.10929751795255624	0.0027887123383662136	-0.15316420355597593	-0.1517856005472976	-0.08902057467590227	
-0.076489153556894	-0.0858831092210072	-0.04462400960112441	-0.08016065552516383	-0.08852929545017424	
-0.11087742997830377	0.05173761897304301	-0.09350825963320696	-0.034567146924427895	-0.028413366525309687	
-0.23549278992912476	-0.0896715497552856	-0.10529609099901331	-0.09787357456661618	-0.17047662961131585	
0.01310521288512332	0.08465115370241091	-0.007515507191907592	-0.00035700213083343174	-0.1612129485177751	
0.016068686895706816	0.04664742292402202	0.0012836745116179078	0.052529982578544784	-0.09421989238641149	
-0.014291817398033623	0.02804851368797551	-0.12469082497952579	-0.1087068055330233	-0.04083383561502251	
-0.05233834589025015	0.06273617310396544	-0.04136881692239032	0.028652417090508163	0.047498175840811896	
-0.0897949436379833	-0.08926905825669645	0.02460132532223668	-0.04641739305931385	0.04992697412315131	
0.012153599669360776	0.10341406858168506	-0.01959396734343277	-0.00810884381610619	-0.08333924413280078	
0.048016311834297845	-0.060824689339089494	0.003629160951024888	0.13231798764336256	-0.021975237223186724	
-0.02151145324216561	0.0750775939287053	0.02626965071738096	0.04322359836734989	-0.05340002809773336	
0.01761714058640438	0.02789103909798039	0.11412825915885491	-0.026011855262534276	-0.006470380569210428	
-0.006911009099278366	0.08060934939009967	0.0348409790973048	-0.06803392463362208	0.025440901379640807	
-0.03782177535989461	0.08104723272612781	-0.025723687408357003	-0.08187591613139386	0.03824780106451246	
0.06933145239252883	-0.012112902382729353	0.04521873999103101	0.013652097103047055	0.02504518971676127	
0.06548746503495112	0.03048108732191136	-0.1292991600702388	-0.0017794347910686193	-0.05271614430826583	
0.10698545247500127	-0.018494878332035995	-0.026608767926627263	-0.045578985096840566	-0.008858602623431244	
-0.1415448613860813	-0.006936518525592118	-0.056915620081421585	-0.040989067831607134	-0.06543542514919382	
-0.01728191442797472	0.08559238864123893	-0.03273209226094291	0.06520825619128504	-0.0010133399580721765	
-0.06595281791244623	-0.08012212364559103	-0.10521078525482956	-0.11086641029463114	-0.014013150593567286	
-0.032961025490225566	-0.06114153032357557	0.09570474521233446	0.017251710457665673	0.0794313604953839	
0.03793285630142642	0.0242551867186484	0.034478910954253233	0.03405802370905251	0.08070185751536788	
-0.00387802486916615	0.09733828228524977	-0.0986364388685816	0.04765781214710809	-0.08987230736091743	
-0.013461242399883923	-0.09275962419284398	-0.04377917251281932	-0.13505543538648493	0.007317903241508987	
-0.04406082626324722	-0.0007030886567806923	-0.06835378165323831	-0.18638451953016125	-0.18441286103967525	
-0.09166735373630301	0.02271916127490189	0.04326753189229798	0.07857650857470787	0.030351769526611	
-0.010396705330813091	0.07888914190258724	-0.08792263497699612	-0.10429407223019564	-0.16063395932524574	
-0.07624411447450494	0.06711662966636005	-0.07502048745467355	-0.04198445805664214	0.08479273207393477	
-0.04901724117917573	0.12598367013727144	-0.05171416768500808	0.007786782363526979	-0.031074261987652587	
0.08779826011250859	-0.01331809791142899	-0.017935065560315447	0.005594395835094647	0.06192002490109106	
-0.07331738955667223	0.052034946556084836	0.0870766997011056	-0.08527126432470365	0.005309254699584688	
-0.014195054046356676	0.0787793148975791	0.026406063551060753	0.060672652783838016	0.007913741200436275	
-0.02144297052975297	-0.007743362157179352	-0.09468072063369778	-0.021006884486258526	-0.07752181003844773	
0.008079641120414002	0.11277812016542677	0.0036171001697207937	-0.03539735474418554	-0.01017760473187025	
-0.011801919217371334	0.03314778069185082	-0.046832547727677094	-0.004412885769991916	-0.139795384152313	
-0.09303527287495363	-0.04848044210322806	-0.04105418352757148	-0.07773125140349814	0.0023268270972140667	
-0.10362978710764689	0.02933322310399842	-0.1511816490768636	-0.030180254450804397	-0.13454142209460723	
-0.008290936817739169	-0.02039527058247816	-0.10864300078464732	-0.06594973212204969	-0.004914495962513029	
0.033845357945257434	0.043615344389121666	-0.02951951772033719	0.048302429953156686	0.11824506226610838	
0.008477411916843315	0.024063226872709814	0.019508540909684433	0.026972648528859878	-0.05171812740911925	
-0.05437915881054071	-0.05276040364173611	-0.04256623346471982	0.03619300004331837	0.015140142470669566	
0.08695385822761198	-0.051450896747360565	0.08577663539296	0.044516198424834744	0.04378166049708963	
-0.028288638781862167	0.0271807152040964	-0.056784477767001	-0.1685210428273941	-0.10556329205927785	
-0.03045850525453107	0.05640712454378955	-0.03419649106771582	-0.012243807524892951	-0.09773248106832488	
-0.05916444552638735	0.0762824402432515	-0.02232093057057193	0.13470198291839083	-0.03276150418507247	
-0.02444009980624349	0.014363530901067904	0.028298703510960223	0.001991628676478047	-0.07763509586634336	
-0.06753721712397695	-0.001247963198467061	0.00678873922173026	0.02883023239377199	-0.11338904514712704	
-0.07735425360625217	0.01679193857991149	0.06013677173324755	-0.0782119192936368	0.042401568305626545	
-0.05211054307399469	-0.04586667177827637	-0.03945645988453142	-0.05886681004543722	-0.2023800667099392	
0.011646121133298276	0.10288164262585367	0.08210586415172066	0.044719948333126085	0.03352374993957639	
-0.0625214508898645	-0.07298475651104676	-0.0691164945773503	-0.040621704004581254	-0.12341700553059605	
0.028749390061751312	-0.07703443720115237	0.0010227426627004907	-0.07257874117571918	0.0042546666665376305	
-0.03935940420977229	0.06503188159448627	-0.05425580597777368	-0.09946152682446031	0.0034149996449770867	
-0.038711574720418314	0.052629874200727136	0.03839704314301246	-0.04892241091684047	-0.05630997353795213	
-0.03161042520500184	-0.05261900446389136	-0.014467750088536572	-0.06648356225470553	-0.06003082639893683	
-0.023325366146256465	0.039724552650383986	-0.12954096384654548	-0.1083597199547452	-0.13079741353053817	
-0.010959538496137627	-0.006727722081643124	-0.09468398122814417	-0.13794022964515212	-0.04939117934041284	
0.029958368038642734	0.11143811959290414	0.09747637540546059	0.02139181216471041	-0.023283650923456748	
0.08847924999799857	-0.059292064155569466	-0.06300327430478073	-0.040809336726340587	-0.04734469470116624	
-0.07479818258141156	0.06905817110092949	-0.059121026974397736	0.026150460059777336	0.052757297802840906	
-0.13129757424110053	-0.029578077128784113	-0.03545452136744736	-0.06956411886687712	-0.07168261614557916	
-0.01398739285725861	0.05940897768043114	0.11719055656282006	-0.0014886480716055106	0.07869943633408945	
-0.14009999886084235	0.07452447679392472	-0.09814479792010355	-0.05318207939869767	-0.09848582346587414	
-0.05678380522865948	0.09554829670935436	-0.005803371447153471	0.030448560833589124	0.03785967180333109	
-0.11896104498698769	-0.06479683780833395	-0.1634655975180748	-0.05626897969575529	-0.1268316870229265	
-0.045011986184759115	-0.0763881718831741	0.006475642867026097	-0.10144854645539111	0.05942841842655383	
-0.11718883435854939	-0.010903340464633947	-0.14737033244572972	-0.004839717031110471	-0.13270909062755248	
0.0227793896022682	0.055062962400577585	-0.0766203878421292	0.019816860098974806	-0.04832889452297598	
0.04493930928274669	0.05427008529632983	-0.10555897977913026	0.0773130756331176	-0.1039489967928626	
-0.0008470407634327467	-0.0037245124998597653	-0.09446423366790316	-0.007954429733000621	-0.05367055906922403	
0.07554341346493776	-0.05523063354365229	-0.10401169958206703	0.05963449992229897	0.04486290126656464	
0.030009521066406336	-0.007773815188102019	0.029816169762543303	0.03191887470545285	-0.04679172725161742	
0.020247806983684558	0.05224850887714889	-0.0414403898681959	-0.051225811525946546	-0.00038534942495850334	
-0.2543674110279059	-0.023817736073972407	-0.11473273525746484	-0.20170056987456386	-0.2438520895336408	
-0.11268353754521973	-0.0544260667404133	-0.0036919080649777964	-0.059566720014159094	-0.12918773628842642	
-0.010106081866943811	-0.003449751714117297	0.0879613513690531	0.047833913959615205	0.06805425735083238	
-0.019485195479475692	0.08612430576092174	-0.001124965057352243	-0.02340329518361774	0.032063432987268714	
0.027403308841179162	0.047455260619862785	0.04895949379392354	0.11676793735661509	0.17677744857641864	
0.03859002389941202	0.10429067411425869	0.03327871581589577	0.09568253742888547	-0.015875737307384816	
-0.07933842363794165	0.08052966031658441	-0.036822107216755516	-0.024633541037737114	-0.09657002629186377	
0.04045279539991046	0.09539629624077622	-0.03090445573047943	0.06927285784249514	0.14555583958756657	
0.04902694748836748	-0.013960956335596734	0.13043754116096945	0.010254297570678821	0.09293395818940672	
-0.0913126777695217	0.048122625730099594	-0.12550979080080155	-0.032029718266967135	-0.21435570854476957	
0.13666155247280817	-0.044793359915320116	0.01777185886537726	0.12931461760885052	-0.05085145101177866	
0.12031167456453212	0.10160030633016846	0.038630554658556124	-0.0036697248265330743	0.10755349860337866	
-0.014793227326110218	-0.06299014196615144	0.0745596492303019	0.045906568890038676	-0.03737524177289321	
0.1003351929605055	0.013423822966473561	0.08566706647949601	0.03088902762720158	0.053726414900800365	
0.00033586494932424477	0.12789176040305567	0.029357666513443906	-0.029055372057729373	-0.01121287500123883	
-0.1415769215301443	0.05028342305397071	-0.03397042114034654	-0.025962352575506647	-0.09246943490873197	
-0.11876400824686216	-0.04213544974736545	-0.174200157328397	-0.1507345546254965	-0.1761535543872516	
-0.08534065738685447	-0.03546945140030135	-0.08376894626186897	-0.03250863245359071	-0.07406476779775308	
-0.055314373840610616	0.082754109525287	-0.07226989952369603	0.058764866636401375	-0.01898162201749896	
0.0032356940986374223	0.09989444521060004	0.04484482184142408	-0.048564438322895274	0.07391019195550737	
0.04489434387946913	0.014668133164353002	0.03757644551650338	0.0811019458154568	0.004241727628810804	
0.11361405173295737	-0.014549882038359184	0.06129319214212974	0.045028905015419576	0.11817230255609097	
0.16333410479484403	-0.006578210541950829	0.10486176395155528	0.1573479158674314	0.0799167054001777	
-0.053829599764449135	-0.10817277617712283	-0.11933522330156689	-0.0949331965700561	-0.2183834124337117	
-0.1019622200101744	0.00776461148258603	0.0764667175940324	-0.04158550098122636	0.026491924704538594	
-0.029731806846971794	0.018634194931842884	-0.0456864735556628	0.07714664375460574	0.057543671187954934	
-0.01034874636378908	-0.04087024133939871	-0.02713307135895712	-0.10222630054260018	-0.08908208780747448	
-0.014685928688756046	-0.010566646168089094	-0.07061260114327199	0.033055569854196734	0.044490338017953455	
-0.03451901980747571	0.023028802750107102	-0.13157122403639274	-0.12584081010121467	-0.07805919721062311	
0.10753331792432867	-0.022181005538311354	0.012443164368945839	0.015863060042496713	0.017389025273470086	
-0.15640976917177407	-0.04787019114787391	-0.1501767181984082	-0.03287663833165612	-0.0876972528890217	
-0.006913460762969939	0.03470540385182311	-0.06133237845532137	0.004083913518199422	-0.03149265034589282	
-0.008799064850658615	0.003530336596485617	-0.0553406289719727	-0.14679917580017415	-0.08952562590769762	
-0.12241222820447527	-0.004114208153981153	-0.19452214238186946	-0.2811255378852144	-0.22972943515669889	
-0.0008744131526289328	-0.006145614365465153	-0.018262342715737807	6.211982811007554e-05	0.05464269730226591	
-0.20991606987673028	-0.09468625066732107	-0.21360697895065794	-0.33338990041327304	-0.21613109564512237	
-0.04595172173591184	-0.01615770780667477	0.013578019731146087	-0.04420424869436249	0.058001339038116204	
-0.07798730198500067	-0.015435309381009255	-0.07938956721862074	0.053946267265766165	0.03504477569621529	
0.008077054273213107	-0.03407075547506389	0.08137001832412434	0.00038430411680165025	0.09288302238101032	
0.11860054985297347	0.06606636590769363	0.02388865654315914	0.1351777182922749	0.1144103762471565	
-0.059218635420670324	-0.0002733522942060797	-0.03998299024558036	-0.02540311497609905	0.06015692767477644	
0.06893793364635349	0.10764157407449265	0.11452445575934767	0.1624138029012591	0.08100552134547354	
0.03213730789036575	0.06968289950218198	0.023121551095398523	0.17547665484443536	0.13876307873081142	
-0.8955873532153729	-0.37901868373334774	-0.9670211858601966	-0.9673221180982795	-1.1090184564351733	
0.8146661697877569	
