TESTRUNID EPOCH: 98 L_PCC: 0.8566874688040981 L_ERR: 0.0021089969251935426 T_PCC: 0.7812894167902552 T_ERR: 0.003268079128798714
180 LAYER: 1
5 LAYER: 2
1 LAYER: 3
98 :ILEARN
-0.03582884216577736	0.04095501044304966	-0.1256880219328731	-0.03971687083193235	-0.08726874030761596	
-0.3963621449135414	-0.20311035981293873	-0.3584515380161116	-0.2983111005578458	-0.3978443822036012	
0.05955982874585575	0.08248271795059589	0.014793157984463031	0.1436124248033064	-0.03619759219711106	
0.19849411519516122	0.06828589028569731	0.1657207599452451	0.06665758839208463	0.0837711558771644	
0.06559741567135338	0.11890266326526705	-0.03395527420537779	0.05767922247185823	0.0856421607709166	
0.1093219672222507	-0.06160885870517092	-0.057126597966513995	-0.04060793337957202	0.07679168322579111	
0.08712158811645422	0.06651029778278993	0.25316911132280256	0.13649094220710567	0.19000391633236455	
-0.15002244221184347	0.012023612259990496	-0.05212312736876931	-0.1439357983501686	-0.0783038912238986	
0.06172855879604164	0.048524801962612336	-0.07240294275284137	0.04855389432882931	-0.13418481629785833	
0.07072611548550625	0.12840664506218302	0.04130194037821361	0.021929451793054854	0.04285153671586896	
-0.06878830326849752	0.05826006740834745	-0.02895678166638862	-0.022941945475506067	0.05295472919082327	
-0.21295908441170164	-0.028540661613477233	-0.1905248172874887	-0.08737616145456464	-0.14410282410173578	
0.010057374893048608	0.029512514126910642	0.13496214739914603	0.0533042786494492	0.03163543209973744	
-0.10816339805614239	-0.0017114278594282306	-0.09721343507099817	0.019942730584530492	-0.06555934020192022	
0.11843633227447421	-0.03382193173902364	-0.03690483020829611	0.10670306251983616	0.003775224186656579	
-0.08378422111171259	0.08344797201446215	-0.04383409406091418	0.041399623753186045	0.00968868078321767	
0.12275506228302521	0.046529852690190526	0.09430976441736644	-5.7759787838117925e-05	-0.0035915307971742297	
-0.03641059158842716	-0.04435575963421573	-0.016399637667156467	-0.028928411689867987	-0.09558111615077843	
-0.2889388320068529	0.0011369693254977189	-0.1999805964831042	-0.12168650725132293	-0.22960003699235715	
0.005557011432934275	0.11020940468896413	0.06955617768641599	-0.059732192790548394	0.10657389409340313	
-0.0011917126060612107	0.028952777810816566	0.10650235301517094	-0.002335259975325624	0.11389246835532146	
-0.757943400078474	-0.4769876829132367	-0.6806962853358643	-0.5785388285554406	-0.7245626455109797	
-0.015387243550228354	-0.03892479006409369	0.1352004243454667	0.09394101616698253	-0.03403903638473003	
0.1866097068468317	0.1312834739766118	0.21847006849122189	0.17202698792983212	0.06904750321873973	
-0.00659983833072207	-0.026746072754990406	-0.013836975457335345	0.030258932996991585	0.1535524453825284	
-0.28431763831290835	-0.12839856528045487	-0.22108824884374803	-0.27761477887804453	-0.362157923270292	
0.05988329713342553	0.12035339836608605	0.05415715484957228	-0.04391583974410599	0.10412231023387719	
-0.008154755354110275	0.10698107496344614	0.017709891731862874	0.12228478254877931	0.08804037013725363	
0.13903759513651281	-0.005106134956607079	0.03849640982146549	0.04899545932607207	0.04268553191571012	
-0.0031927144537283484	0.0007907128997752887	0.10412875962491953	0.06737940065002666	-0.039986954990797845	
-0.11579326020447565	0.0996760694662452	-0.02990424302348703	-0.08103410989286447	-0.10806923334778984	
-0.28458484342828266	-0.22636479651430655	-0.3080838315957858	-0.1664017985138113	-0.27638045834139746	
-0.2159702536734952	-0.06083963394328137	-0.15619519437534207	-0.06523737884667102	-0.2782146722357147	
0.07365900870763734	0.014754003846262076	0.15796235007711906	0.15823712101519977	0.17361718487549574	
0.17270312694663376	0.2074504658114527	0.22255135967928125	0.14417471232229284	0.24059731967779147	
0.07597386069587994	0.049802661675538	-0.01926961204448357	-0.06133792377760414	0.0072241175295078295	
0.09766385817022995	-0.01936626329750914	0.12162799127377766	-0.027707698905330293	0.03248274219558981	
-0.01196013243202894	-0.06813098199647141	-0.052461846495467625	-0.03224431318577884	-0.01832711780563169	
0.028366751552022906	-0.04272347876525591	0.11987393627885508	0.12161300498774323	0.14869209052675614	
0.13337554754295552	-0.05974316884626155	-0.016143575622826714	0.054987771220957646	0.12447834492229248	
-0.01742261708390172	-0.017487420035624403	-0.014176824048578462	-0.052425495832412676	-0.11651142728743344	
-0.04085517704072505	0.013131031630851725	-0.02821137448235543	0.0664246366759541	0.05400060080572458	
-0.12777133006161798	0.057102305264870375	-0.1684860041761958	-0.11909892958643765	-0.17468440704862678	
0.044165276637169584	-0.07759275897453345	0.13195842145347664	0.11853255960408593	-0.031876791517964465	
-0.09500598652024002	-0.011071202487902772	-0.10609570858987363	0.053005224514747595	-0.0874585230005925	
0.017758276788205636	-0.010484347842536561	0.002217582761000465	0.02463855094561268	0.026343520544359858	
-0.04619280146437997	0.0004182658722636048	0.01956687043067474	-0.06179562493889295	-0.025650543958071304	
0.07962800103299852	-0.06169117493239438	0.06682020200928425	0.056137481400828075	0.14104362516957036	
-0.10785847078287876	0.05688147126541898	-0.0632598044190638	-0.07684803773168436	-0.010352382615075251	
-0.03874679697839079	-0.09103209395211177	-0.073999086205383	-0.01984616585327909	-0.01810844193935451	
-0.1368930904479823	0.10773370729175809	-0.06794095922491543	0.05865311545228006	-0.06381057705430403	
0.05756487759033884	0.01391908682750373	0.013731120265486924	-0.03723515715568803	0.03320939181955338	
-0.021592499873476684	0.06600431111241292	-0.026809906225168444	-0.018810689970307472	-0.036665567840153936	
-0.045670948491509336	0.04707756682397984	-0.03872629383309931	-0.028482742225186947	-0.08278655452063612	
-0.008644384017593558	-0.041698479842639025	0.026150949376269775	-0.02256216323573968	0.1281601770794578	
0.020495804164547608	-0.05749288839775901	-0.02619288441341202	-0.033045026804521954	0.05326290306823885	
0.052385242382962216	0.08608320014063615	0.01652282575335815	-0.06287664537308765	-0.07586184974773967	
-0.12598266309925812	-0.05777163199905207	-0.14397995895561522	-0.11881451407384647	-0.17855093755742674	
-0.07125556632707367	0.0222619808715862	-0.07702435430490996	-0.04450285687906243	-0.1218409977773478	
-0.17347506919646358	-0.03639634260072053	-0.1616890918587771	0.020861277653332358	-0.18316605672218056	
-0.02407916342901933	0.04311654272141917	-0.05336369253408873	-0.05395789606862773	-0.14397164850126687	
-0.004377466975969333	-0.00549828408917793	-0.04733610212065958	0.024474733151647384	-0.05165039423795025	
0.037926498084180596	0.07282573394487925	-0.09937414999002897	-0.10913247434778264	-0.12964402870646266	
0.004760188544093869	0.05953344161662666	-0.049725022444199636	-0.034174144400899574	0.032345120284241004	
-0.04370898512170133	0.031188955641140353	-0.09133029335933102	-0.0864735521192541	-0.025417740230681992	
-0.07765111633468509	-0.08309408055822766	-0.029387708885262626	-0.05247597341072362	-0.06485116980916886	
-0.05839957011542199	0.06507404880568092	-0.030959817995836705	0.011682148535308766	0.04972010873295991	
-0.30040926904884724	-0.11674622125119465	-0.16311199819754243	-0.09923915795167045	-0.2339583395909554	
0.05375146957044509	0.100630861066253	0.048979490403648254	0.058904384174811156	-0.11830311377889591	
-0.03031335356430203	0.025899370235117007	-0.0412571261687161	0.02653011876698554	-0.13750043597493655	
-0.04379023444449844	0.015496848163056258	-0.14218588464262666	-0.10745365091832867	-0.05759220950043822	
-0.05400329374541226	0.06501696452610291	-0.028088725763106715	0.041735084463119174	0.05735369073581291	
-0.11598204492940162	-0.09788948401751839	0.00814311170705154	-0.05048511866107219	0.03585965989569792	
0.022150262739688086	0.11098719372030069	-0.0021585020291553913	0.011240318964415153	-0.07007821874872806	
0.017251116506044138	-0.07919663557507094	-0.032254893322611465	0.09096224536779338	-0.0644389452454337	
-0.014480820352997173	0.0851842330729964	0.03891311646401607	0.05351081312673987	-0.054842093103910125	
-0.005816240137745167	0.018556871647107988	0.0890735827087166	-0.04935246652906583	-0.04030246153202283	
0.0036052357229250974	0.10286567813193709	0.05435919655305831	-0.04625166568665373	0.05618325243826748	
-0.025179648144565383	0.0911357523206634	-0.005314860946991334	-0.06591303817316346	0.05354047977505564	
0.04805951570150883	-0.02153099791239617	0.025637600113407554	-0.0021161789981522265	0.007908947654468803	
0.03720224196270968	0.018019871729810746	-0.15841323726573656	-0.017294111623125438	-0.07422170880862787	
0.08901849117493137	-0.0328051817487515	-0.042169363629504505	-0.06229452099327256	-0.02084390541397739	
-0.17657735893251558	-0.02135823821981021	-0.08801664250960116	-0.05356994331261221	-0.09159900399337861	
-0.038083786770004215	0.07300312627847949	-0.05514501108794197	0.04952768418195075	-0.025476747121286492	
-0.09260674697925268	-0.08684024826278064	-0.1332089315288763	-0.09836986616456624	-0.035272895401659204	
-0.04028116168845793	-0.06841518842356704	0.08050449085554211	0.005829621036922709	0.06541968104785748	
0.07158952235139836	0.028356079267285193	0.05979247786475264	0.053381468207138745	0.12065926244162906	
0.00983955226770312	0.09610958916767526	-0.08267234443683165	0.08114391034518695	-0.07169867788259085	
-0.02851831182742078	-0.10168532665238394	-0.05465508045633103	-0.12605738186443005	-0.0014746562656251197	
-0.05878681141596177	0.005619367528561251	-0.057424519400397486	-0.17148793134639786	-0.18866092370649729	
-0.08044016538970336	0.03386820360094759	0.07023298213389852	0.09613871084627293	0.044476354744122405	
0.01046664167751527	0.0769797297982954	-0.06964511951598762	-0.07483775959255205	-0.1288301993896906	
-0.07072622173428982	0.07573691139099457	-0.06104347472486746	-0.040996585652889515	0.0891215143045137	
-0.035439390766432516	0.1254233587292083	-0.026164989314637604	0.02453810420429894	-0.01916815693280663	
0.12124357655685024	-0.00485856607103	0.008133362751268745	0.03317797549470034	0.09587043455570977	
-0.12324938351472817	0.021066566497748133	0.026939662860167236	-0.13644549394763533	-0.05872247397411612	
-0.06779673052702907	0.053843903132132	-0.033296119615496396	0.0022348543986029693	-0.05561364875732987	
-0.040667698009561506	-0.018703775861825332	-0.11295474129021683	-0.024162649216443594	-0.10823288565960164	
-0.017117979948759424	0.10009338405092842	-0.014435664466812851	-0.05448840837739633	-0.043497902771571874	
-0.03877542713241417	0.03485108174122294	-0.051791949200244373	-0.006863777684243797	-0.1568439998087457	
-0.11496591702618483	-0.06684646244987028	-0.06101793267497895	-0.09700098897228797	-0.025319206345378917	
-0.06055092362036082	0.04991572670603961	-0.09530492176675083	-0.002375277032551622	-0.09141381060223273	
0.01739855207430655	-0.014103664888075329	-0.07925927689579332	-0.055586615548475486	0.013252709468549072	
0.018812574957348952	0.02955253242868567	-0.03450557597054029	0.03175855170011368	0.10018429079552632	
0.018392168435288316	0.02233653707291801	0.0339945302675428	0.05126813379869022	-0.04175842244343347	
-0.07073879722542037	-0.07311947432201996	-0.057453128784911885	0.0031467042031359718	-0.011075837188970771	
0.0659198175493811	-0.07394159721938892	0.07281908151641049	0.02979363638808403	0.026191941183885337	
0.008111047486798096	0.043535552684618554	-0.009251797587464953	-0.10503118297347205	-0.07579842922044341	
0.060927717627526724	0.0931290617482601	0.06635572602931507	0.06693364872643338	0.004629747032633463	
-0.09265411733076512	0.0617756350955045	-0.06673415739103625	0.09778427790426425	-0.06221256492160124	
-0.04256288834109481	0.014449430237496255	0.008192654797104532	-0.002649062517883266	-0.08350932154524741	
-0.07663228647480183	-0.01467658374409717	0.0044030862395730425	0.010354057845297233	-0.12774124234015405	
-0.0765976769988393	0.01884477341047327	0.057266451159002286	-0.07970103760771152	0.05257794186800456	
-0.06165920655755269	-0.031189184320427266	-0.040159766319623064	-0.008452933216959228	-0.18880482646575708	
0.01264057001294747	0.0954487517549515	0.08710098634547343	0.04672178856399016	0.03761966293072993	
-0.05168023937502157	-0.065328351191049	-0.04411143284656732	-0.013733587309092675	-0.11218127086232627	
0.04311288803638292	-0.06401563174120864	0.022967718130923024	-0.055605236362513445	0.02393083407799611	
-0.12254908199589837	0.0284063142289635	-0.12227702035639952	-0.10300032605944241	-0.06923999527704268	
-0.004830935552892996	0.07459935227965872	0.07517399570336764	-0.005295777807437384	-0.011227215354837993	
-0.06618862796472101	-0.07059755386838815	-0.05837817354665184	-0.10768450739566882	-0.09454270928515683	
-0.09432771528892075	0.008649908499012064	-0.18203034896716938	-0.14545273399673755	-0.17807714723485346	
-0.029872885399533394	0.0038799382550903302	-0.10619830967944627	-0.11251873960034127	-0.05996044106059961	
0.10362012229472375	0.1465761474219742	0.16566598054043452	0.08150130465764746	0.04444077619270108	
0.12504075276175836	-0.03727349705017349	-0.023551343852877403	0.0101111034548719	-0.005855767488833341	
-0.11080081413731345	0.04608812242898971	-0.09069497955463715	0.00913610511810268	0.01639610987609423	
-0.1639589961009174	-0.025012258603406494	-0.05733440122469385	-0.05652679593530122	-0.09974194201363115	
-0.03978342830049039	0.06045421955617504	0.09154926847949138	-0.008493454764154203	0.05323624031163203	
-0.20875637643293304	0.027255306006184487	-0.15563678064362377	-0.09299579447247344	-0.17194335245964698	
-0.052932847632177815	0.10514048629325999	-0.008598687935957935	0.03571201306942595	0.025842451196297755	
-0.061696129696497466	-0.04246384854804759	-0.09167939747511646	0.005324923534511826	-0.05415928033754447	
-0.020953550651183796	-0.07009446397970752	0.037686366726505195	-0.07830290394773258	0.09330668648324424	
-0.09124010835291872	0.014152520366143402	-0.11225074123352571	0.048679246656915864	-0.08731586752560509	
0.06449435440900853	0.07609747539518207	-0.027890101934615982	0.04343251417598397	0.002821769157425632	
0.03808137751013771	0.0420127920910659	-0.12195588959544802	0.06492448756399488	-0.1273020018326901	
0.01899399929593219	0.006954744290427749	-0.060342327991562375	0.02499913347772662	-0.005674793238643562	
0.004108856339405216	-0.08878982331624873	-0.1715958897165981	0.01399519690499234	-0.02189054458084284	
-0.012901102175928911	-0.03138113308879573	-0.014332836387388663	0.004752933630566615	-0.08653503479036224	
0.013271730572368808	0.047959745397935474	-0.04665683254676319	-0.04192765694448861	-0.017743701912554942	
-0.20303406340777344	0.005952674096655858	-0.06263301446602651	-0.12938549361017487	-0.20419852843225603	
-0.10613642452355875	-0.051679442510431786	0.017696147516854107	-0.031719990243316155	-0.11187399733406576	
-0.018798494445011655	-0.019286000799143863	0.06896396411077026	0.009271035916699543	0.03855007657798941	
0.06664322622926305	0.11329017476109529	0.074556848076999	0.03004611395819816	0.11752467863565436	
-0.01988174347428727	0.01794711300936663	-0.0011136454435884513	0.05075326346242339	0.11122395657447086	
0.031173792138775743	0.0918597123764214	0.02610202215118061	0.07227394101597004	-0.03352681258004831	
-0.08624545713837603	0.08017433594794815	-0.031921062464454544	-0.004133863759190677	-0.1003831192993575	
0.02627258646135172	0.06886279354425476	-0.05409626390975726	0.034147980880827176	0.11948968804225331	
0.013777686773791325	-0.04101977047636087	0.09054778345859468	-0.03620419709788756	0.04841587291759417	
-0.09471419385776186	0.040747111502496595	-0.12280145764727816	-0.019800111376773056	-0.22880402782431808	
0.05572980650675368	-0.08794478419955765	-0.05962076080342314	0.051811034321840886	-0.10714506148472253	
0.10003916901874742	0.10389894604513751	0.027075521081010436	-0.0036141447286442995	0.08151564259101998	
-0.009721198262755358	-0.056885465748673134	0.08802252953465534	0.08319639188732424	-0.02023893319609072	
0.10619217666471464	0.004191758408041105	0.08390431789022391	0.008842925670215046	0.04388246190944381	
-0.09110622073901571	0.08400762352042543	-0.062176469136995496	-0.09703268033905549	-0.11034992780489251	
-0.11532116666786013	0.07100177486212667	0.0017225724929671616	0.049961858455408265	-0.028360267579454427	
-0.12507789753902648	-0.0476446644859599	-0.16321827118437007	-0.1339354721494491	-0.17280202829910205	
-0.04615365592290032	-0.03044926131737583	-0.04610149417973694	-0.01346887337386042	-0.04823187282975148	
-0.012808580518299757	0.09887815082555965	-0.025377504553673047	0.09584881460682453	0.009918481140081314	
-0.11377734363010159	0.045252894837807804	-0.06794251407002222	-0.10332966611223075	-0.03728545907765063	
0.010401709801426294	0.0011596436548583962	-0.0009121884979125326	0.061792147963857985	-0.011540766071743236	
0.11084195617576052	-0.004575315420729802	0.06599738532400415	0.05124368668324968	0.10517076374473189	
0.16852561977889788	-0.00961395424145142	0.10476210719066904	0.1523481244678566	0.0755567600369198	
0.017326971976384005	-0.056072298583886876	-0.0295759264598354	-0.01784812315102472	-0.13478930881538806	
-0.10076506402063477	0.008222785900764735	0.08196204343712284	-0.03332751593470181	0.026436138399799886	
-0.009867458042811911	0.028774863432926928	-0.020256253705134196	0.09900454007966329	0.07793364577503872	
-0.02910847436343158	-0.05140677111257731	-0.03852005579567515	-0.08351076436341408	-0.0999204119885378	
0.007929341958441843	0.005123761075170946	-0.04770928477349713	0.043169826015531834	0.06271422950759103	
-0.00300588066335352	0.04570465006526235	-0.08645862047567215	-0.08143533671684425	-0.029586279410065745	
0.12659678399768204	-0.0260952148088772	0.029422213950116752	0.03213021133306151	0.03495516995038014	
-0.2011275256400826	-0.06931419605876821	-0.1850827602566588	-0.0547901576688658	-0.13289677801023173	
-0.04970604249614663	0.008071030007525131	-0.10638337756352324	-0.011722001359055278	-0.0807581844242521	
-0.026116012385334748	-0.005926107768506357	-0.06755430620985413	-0.12771340563164793	-0.10241791413162964	
-0.09629538501356728	0.023306061412796255	-0.1499624255377216	-0.22012324406487388	-0.18923754159766654	
-0.00811871366328319	-0.01274699209191399	-0.02814030549783734	0.0042804769970583795	0.043945315061892476	
-0.23778380363617294	-0.12179035226226986	-0.2155810169578466	-0.2965965720083941	-0.20029177142082558	
-0.11498631285969187	-0.0407616182913164	-0.045839978145977206	-0.08831177775241618	-0.022775672096661547	
-0.09807380963213407	-0.0250343260045748	-0.09671396745100005	0.04201010715263368	0.010356599277103397	
-0.009156090758049486	-0.03942872394176001	0.06619638147596207	-0.008533746789141494	0.0704220650549476	
0.17264232429427476	0.06995282045065088	0.0623392444003721	0.13031543090106276	0.16908844307235882	
-0.036811896446658006	-0.017390900152323113	-0.02167919680611456	-0.026666310157767045	0.08820132494832664	
0.03399368081573398	0.0854309079809007	0.07099370136397977	0.1329015864230104	0.03084724271071113	
0.04146874933940351	0.07626339771917807	0.013139575929933199	0.13623702352224562	0.13612341689542212	
-1.0313950517411656	-0.4032182360705823	-0.9862889852772869	-0.7847006553397492	-1.137390543787113	
0.83576846942593	
