TESTRUNID EPOCH: 88 L_PCC: 0.854139657992682 L_ERR: 0.0021746969587769344 T_PCC: 0.7643145975103496 T_ERR: 0.0030338793232547777
180 LAYER: 1
5 LAYER: 2
1 LAYER: 3
88 :ILEARN
-0.046593457031865224	0.0376832877904635	-0.14197282417293275	-0.04346269165930873	-0.10204290520427879	
-0.3313083740006583	-0.1647715552036724	-0.3060760070329032	-0.2923098239615931	-0.3342279595570144	
0.06026969772665294	0.0769470654294776	0.015296501754207109	0.14016402196756478	-0.025992155846491304	
0.18219313336391396	0.05959632215455936	0.1598576755478628	0.05285169236244828	0.08270027156217319	
0.07676641325377563	0.1241883571511894	-0.03145579505851702	0.06782356374644805	0.09225753003967292	
0.12633079631621347	-0.05665922273569871	-0.04647848659136456	-0.0380481548043111	0.09963841220743035	
0.07578832001529086	0.05892473028273835	0.24956220654465575	0.12374931036327852	0.18936997193708052	
-0.17077268931178965	-0.013832736751112388	-0.08377481378530242	-0.1767233364978676	-0.0866851322716543	
0.06655991362596399	0.04827348029134842	-0.08101950109308889	0.014391132111103669	-0.14283293673754865	
0.046836576771628544	0.12302635575857557	0.017449077342327774	0.030801205435063372	0.003790254554579305	
-0.075978241375709	0.05790947005182179	-0.04104589438888709	-0.016778093477931404	0.03349250885381856	
-0.17536417878491647	-0.015945466185223047	-0.16754406402649208	-0.08501316826180187	-0.09876281514331584	
-0.053774324679502106	0.0009703041124306012	0.06586605391424799	0.020675225887274416	-0.048960510847601016	
-0.08584592756621087	0.005083602658920859	-0.09391813335783603	0.01383418401782372	-0.06323911423157011	
0.12115465793117867	-0.03506398750766695	-0.038866552769602575	0.10460220250038021	0.009806073387217638	
-0.06458564375230105	0.09019678414176352	-0.034322438627481966	0.0573630236222633	0.036125674412591756	
0.1504242938906766	0.06247246987649968	0.12296747691438141	0.03494543141426088	0.02873314757660547	
0.017931154982816177	-0.02025759638142551	0.01990154288995208	-0.009899726265639425	-0.04719903133145927	
-0.21086777504895182	0.036173240899030214	-0.15179504060531473	-0.10105125160689432	-0.17344546426116697	
0.00816442040611018	0.12177489149902566	0.07445987979683079	-0.02911265422252902	0.09624047518973677	
0.0054421583088131815	0.039182238171049565	0.11566115314476275	0.00863739838211204	0.1174027816915013	
-0.7076589898916552	-0.46082907388301964	-0.6879102626589567	-0.6142404922548894	-0.6959648461529789	
-0.01099656803772422	-0.03835613501918416	0.14194530160757168	0.10374649381915624	-0.030283272020806776	
0.2117473701711742	0.14035104184874567	0.25556572714567366	0.20715276396043536	0.10000275673530694	
-0.0007123890235024623	-0.020161410828494493	-0.005464771635087745	0.03686546830093249	0.15685372264852532	
-0.26763531083108444	-0.12729269733237128	-0.2276644777744874	-0.2852585259251097	-0.33141081808904643	
0.0365862302383951	0.10453419232269924	0.03369884893869093	-0.056618748320861174	0.09105234167672349	
-0.006759803078104979	0.11044115584622947	0.018514330986090843	0.12319931888321427	0.08526817594009396	
0.12510932579264195	-0.020912572169724433	0.034211377362532096	0.04786166227092828	0.04328467989363516	
-0.005205746014476307	0.0027483710776629367	0.10102558632320682	0.06455462451239898	-0.043202573846921395	
-0.07992436154141573	0.11624210564020557	-0.0013316607460314423	-0.06345624863786692	-0.06788583342771425	
-0.3145422773024088	-0.2414682969594538	-0.36679289644743285	-0.2155937029885138	-0.3198059829171622	
-0.19364827809701282	-0.05288197367772827	-0.1523329801403576	-0.0665989307230466	-0.25052881539727956	
0.04496485772192382	0.00037575454838855305	0.13511821320900205	0.1358500383716927	0.14838959231912804	
0.14189196289927677	0.1999892585958957	0.20803405098662525	0.1428872924153371	0.2134871690276196	
0.08953838502933949	0.06180044516266937	-0.0006336954140756401	-0.0413407987951008	0.01540734204205472	
0.12696766075442542	-0.002690189134012474	0.15856106222700528	0.0033287875054224905	0.05928944402988964	
-0.019579432518871714	-0.07440901496568085	-0.07640792195769879	-0.05855339182598508	-0.021076958346339124	
-0.00266778002506049	-0.06018948765202767	0.08988246296170203	0.09485300242032202	0.12332393397196902	
0.1364739975430749	-0.0549940030977259	-0.0137074144384407	0.054301982804917125	0.12358954408411323	
-0.04355829993694672	-0.026197191969777177	-0.050627780654916896	-0.08955490698718008	-0.15789480154250207	
-0.01525728057284944	0.024476473043480343	0.006867074026703887	0.07577603685047239	0.07750085929977912	
-0.09023074626870457	0.07136633240199787	-0.13211098205490124	-0.11850082122736784	-0.1399484406327982	
0.037897216390704015	-0.06465549754222007	0.13471807862650365	0.11304412239214649	-0.033931079315501045	
-0.14400745898437026	-0.03761421622467779	-0.16880539829851593	-0.007023560904086474	-0.13509570309825344	
0.01066140719115321	-0.0025048013725870928	-8.715111541450317e-05	0.022705516851387008	0.005310221632988858	
-0.03502581268282721	0.013933071067636183	0.03582523200724048	-0.05423555526116364	-0.017801287219724946	
0.04915586266051708	-0.07420381831178811	0.049328100233788114	0.020967908807402853	0.10123108126258097	
-0.1330839435796218	0.030008299210662875	-0.10167956044596377	-0.11374150216654016	-0.05322240115271597	
0.008926904264831465	-0.06896131781489968	-0.04684578218619211	0.013084060329125834	0.037775606489451115	
-0.10219311715010886	0.11526623401813486	-0.055385128419352406	0.08132041966093402	-0.01680969434611456	
0.057559942591177284	0.02400100108759507	0.030460952363771155	-0.039248077475977756	0.03179280241112966	
0.016560485043982984	0.07446561622441965	-0.0072575817897931475	0.0048504563591379515	0.0032625742599704413	
-0.08464084679937235	0.0032387085377904618	-0.09746140733351563	-0.07140767625044078	-0.10486675657492765	
0.036550065147466	-0.0013381577049405248	0.08483747936070421	0.028885099373240703	0.16560412600252225	
-0.052622522694069425	-0.08885204670534186	-0.09523346509470397	-0.104492536739943	-0.023562503528392	
0.03515915027747961	0.07913203897444482	-0.004207972020570467	-0.0863811348828399	-0.09303632433060606	
-0.12860035005394221	-0.07533075788443568	-0.17622275289213163	-0.1400302341046763	-0.2078964848539338	
-0.09243709019802761	-0.013013540531957623	-0.11940269653193572	-0.07674053616910512	-0.1462353632442498	
-0.13270870686365077	-0.017714568115310508	-0.141753506294554	0.04447202577777994	-0.1400560363590258	
-0.015355078303368509	0.04280985252568243	-0.04475477830742412	-0.055018951067139575	-0.13213703770725385	
-0.0104492711800104	-0.014585572714292963	-0.05982807260005161	0.016340550793501413	-0.06467776057519121	
0.05874043732660012	0.08046576187224572	-0.07818900717411892	-0.10229557802057446	-0.10696125768371735	
0.008932253788959324	0.06638830678858434	-0.04991274460496758	-0.04696485960863186	0.035424266209698935	
-0.09432433727698544	0.009916336974585303	-0.12891574848966014	-0.12714896281098942	-0.06782852314489535	
-0.06263532650612755	-0.07907356308764288	-0.02586192078920441	-0.05389211641212226	-0.06430953654568741	
-0.06499235577194432	0.06182985403446665	-0.04806242471055199	0.00100893749063084	0.027382192850562977	
-0.22845735086017457	-0.08256069827593954	-0.0947934044496691	-0.053031824068407646	-0.14677722223553047	
0.035229624455086886	0.09098325617459653	0.018880425514922063	0.03391198963257497	-0.13652131892981786	
-0.01614349258429669	0.03504680939957952	-0.03238301190427652	0.027738979050861104	-0.1320934759419767	
0.02079070906758073	0.04680007066224562	-0.09217337224665839	-0.06952419713137453	-0.010145250257944176	
-0.07010265274180418	0.0531439183331938	-0.051765043897450576	0.024704583084390108	0.03812138184319038	
-0.09531844739917955	-0.08763174754741478	0.014419134855513332	-0.04013850447736184	0.03542748315420659	
0.058873055881143894	0.12285005070162228	0.02470834324854265	0.03379789318979624	-0.0414332714660701	
0.02528142695230432	-0.06002585249681182	-0.01975364714497117	0.09295520479349322	-0.03902883211191873	
-0.02215766233709343	0.07751889943821032	0.03705450121502863	0.043099869832068954	-0.051984128845271454	
0.0027208842831942213	0.026383301992091743	0.10472222739947461	-0.04562404704062373	-0.031476431305737185	
-0.03644513286946896	0.06710815698088488	-0.0075444364740870655	-0.0832956135158132	-0.0079588402608257	
-0.022499070900034085	0.08541779827545112	-0.009750371568102191	-0.06633654768864464	0.05079977496307569	
0.03763494103390669	-0.02528975151104822	0.015299665589172912	-0.015489347857167757	-0.008497984194286838	
0.06649208593342325	0.03920247497703922	-0.14192634341209845	0.010704369995778763	-0.046112785653442706	
0.11528623405861635	-0.012739591036416784	-0.021406885068350114	-0.055819790775789045	-0.02129334109074343	
-0.15303322535302807	-0.00467632311594793	-0.047071479973176504	-0.03886245113162036	-0.08064024702590102	
-0.022114888400875794	0.08609448742093243	-0.025129363612142252	0.05935589723119468	-0.013598795702982346	
-0.04788959178655473	-0.07258881572093034	-0.0912773866301206	-0.07443956976062685	0.018316264719188888	
-0.05638338384009598	-0.06891473292372759	0.07013057370891004	-0.009192174526140021	0.0335322502226365	
0.053471241494721176	0.030626264631712488	0.05172758419810103	0.038224032902731714	0.08870812776895556	
-0.058145570223005254	0.07229237923283284	-0.14728781150679815	0.02910223768080392	-0.1376370100457614	
-0.013761351772420287	-0.09005939383834571	-0.041319720465499095	-0.12640617127629306	-0.0017633757480343586	
-0.06527250771807407	-0.01173826449973374	-0.09190280868516211	-0.19302564621437723	-0.19418657118451255	
-0.12154422401047975	0.0039740196384502645	0.009301058867243538	0.05788660442660186	0.003499476403513245	
-0.05631223152757034	0.06062800063545057	-0.1408322327627159	-0.14044511575612123	-0.22776751365928594	
-0.12160951406731285	0.04346246427030682	-0.1261638666673008	-0.07923638178172576	0.02957788444069636	
-0.003433005699565629	0.13108001023347562	-0.004884223766246346	0.04292360043778499	0.021042897965743552	
0.15220166936279855	0.017936277936201738	0.04350880477452196	0.063632090479765	0.13687727315787873	
-0.11508835731675172	0.03039971248556457	0.039715889333332095	-0.13279532449899314	-0.050279414216572275	
-0.02315282555587909	0.07152719986462878	0.015017266765024035	0.037994896643838975	-0.0059886692958941974	
-0.012196142807031162	-0.00592450053226402	-0.08724364037537127	-0.005356012613903544	-0.08031752695468838	
0.014467360095822245	0.11032880482194508	0.007767135388115845	-0.03835583441382095	-0.017271948396472163	
-0.028268457615132435	0.026435256634891602	-0.06887350793436137	-0.01548661428721053	-0.14349422885626992	
-0.09280615653813597	-0.04927549017091577	-0.041290349225731375	-0.07476892128673916	-0.00248583246787301	
-0.18008266545398052	-0.008687549938210932	-0.23405459429269881	-0.10355727959975729	-0.21346753267791274	
-0.028698479693598174	-0.030382307479623033	-0.12632443481658587	-0.08598508047265113	-0.017349471319510992	
0.05175547062845647	0.044582555010142064	-0.0063358533072749345	0.05760567715231164	0.1452739051313846	
0.0009019570854806799	0.01925665178889158	0.01737169289371767	0.02598758928135191	-0.07086947473539934	
-0.05996239075577339	-0.06044089047499098	-0.0477103923595184	0.01700841817791996	0.0042318836271098455	
0.08408148784858205	-0.057472810762272813	0.08620483458617113	0.038805271846127115	0.04195080952415131	
0.03349722378500064	0.04679112675981417	-6.590935449181418e-05	-0.09841913681341452	-0.024659634205988663	
0.09323106677478363	0.10427635811628277	0.09313966200522167	0.07768605922960793	0.03665724168779829	
-0.09600293009411655	0.06457656249140546	-0.050560987330394554	0.10321324242148565	-0.07811733679079372	
-0.02302946467760117	0.0243300734968705	0.041500380596455354	0.0068739223114571936	-0.0790334905756237	
-0.10490858613805051	-0.02507110214426601	-0.031309348711339974	-0.011572656844338105	-0.15227411989258186	
-0.07684710703599833	0.02256473930062598	0.07017075625963143	-0.07842535697500563	0.04214175264966681	
0.016529656757001118	-0.004247349085720105	0.03564971960582064	0.02160056114639179	-0.12284477396369103	
0.05242582484414318	0.1172399996015385	0.12951158464288134	0.07836853584750282	0.08045000430466659	
-0.04352228293880068	-0.06198226727384611	-0.04442311047969197	-0.01496918595145101	-0.09504893574633883	
0.017021770246182632	-0.07484860457533286	-0.00455646064449537	-0.07652120307201556	-0.0005020064703216901	
-0.05361334978635182	0.06446515933373453	-0.08874820147078025	-0.06614934061171338	-0.007266497886734225	
0.0035637096923305726	0.07480957171693961	0.0795834551667398	-0.01096210403517706	-0.010913552804332117	
-0.09975894119875477	-0.07879360315919157	-0.07844751064701175	-0.12483138426196007	-0.14227160647133993	
-0.06739590691722755	0.028220192082431823	-0.17894195428797932	-0.13290164853558814	-0.15736438080555756	
-0.04514510912235422	-0.009713615691434873	-0.13088510123441519	-0.14548549340343916	-0.07223870228196169	
0.04428373005938728	0.11973663213038704	0.11424984271826022	0.04138954732074351	-0.002729618645910148	
0.1374455924264027	-0.03593412581825596	-0.010011666121527919	0.0097987881927517	0.015994832931147424	
-0.06191710596247971	0.07781811479362537	-0.05400119610201125	0.053742923313431126	0.06550498205102888	
-0.0750191167429531	0.008786238941625326	0.028430365721276316	0.007766965711375274	0.0029244817384174687	
-0.018761420163499874	0.0658878083898114	0.112707781756394	0.004805157126766408	0.08421255747878544	
-0.10807392998675118	0.0806253060248963	-0.08101125402747797	-0.040686288233821095	-0.07373172835345747	
-0.06290402116431389	0.09894682292229015	-0.005449130709980467	0.03044112555868315	0.02997184082265981	
-0.09829688689018011	-0.06628133319209359	-0.1260563933004626	-0.02078312363536501	-0.0978176225267177	
-0.06074150148250202	-0.09156326785058612	-0.0025093323233821466	-0.11210492951481889	0.03353562920084437	
-0.11696985522664588	-0.000833574225640678	-0.14499914948881085	0.01819046923660366	-0.10944937009095318	
0.0052977188639786975	0.04204018212878749	-0.08764365855807482	0.00853974660771288	-0.07737698306151584	
0.01909230210768436	0.03728440569379807	-0.1260721068206959	0.05213272779336018	-0.14612324048147632	
0.012238740019347057	0.011816387978839514	-0.08368668517749836	0.017102939220491928	-0.02715441988016821	
0.056035959132867866	-0.054743797396028436	-0.13131154496261901	0.050330128453459404	0.028471400985374137	
0.026856588481978694	-0.003748708234590387	0.02396816947241006	0.04183547355912251	-0.04891143191626144	
0.04270024854006463	0.06228095250648532	-0.007199831369842103	-0.021505351065933098	0.020330127491589134	
-0.20332962358631818	0.006746536258826375	-0.039940472119692684	-0.12767960563968558	-0.18455813818606942	
-0.10921921293204603	-0.05815818711796314	0.013237799140830914	-0.03424542151328111	-0.11651163975371391	
-0.05453668796709973	-0.033888321715040345	0.032069687868197506	-0.012959875556005425	0.00589979123960386	
-0.006498248085407512	0.08286194812298288	0.0005110509176474449	-0.01491312827915276	0.038871034772919096	
0.0012621211428436251	0.026424392138876582	0.01679314088364603	0.07138297654966418	0.1358263895128521	
0.060228656713607824	0.10370696717188882	0.0538022247308736	0.09628609056895869	0.0006305685120493094	
-0.07684877863813727	0.08277582213384625	-0.041160824717057364	-0.0035563075887374406	-0.09330178149008175	
0.05881747170457343	0.09483833358106356	-0.021644970063004757	0.07309175469987617	0.1589233070602664	
-0.012940703231959875	-0.049948224431441264	0.054045346894089345	-0.05513884371240745	0.01673653441770746	
-0.04826619857315971	0.06803703887698596	-0.0654944012966336	0.005617725441505305	-0.18281805167153206	
0.09127014842894637	-0.06635294526753092	-0.03166321041376277	0.08111239892676064	-0.08242916226677587	
0.13971247908435402	0.10543893045886112	0.06234986684039915	0.006160496635888734	0.13882614434208967	
0.006211326950950865	-0.05659151192167533	0.10189711332773532	0.07650672560100119	0.00291355033591833	
0.09513606017275317	0.004847190702134783	0.06662795652191728	0.009146076316003417	0.024138386549161873	
-0.049463770647454386	0.09837337535334952	-0.021959781414023837	-0.07807063072097992	-0.06087630590490589	
-0.12611480899997723	0.06091462482209193	-0.024649150444656685	0.020041719794911646	-0.05014691065938849	
-0.07833994836046763	-0.01940764690717368	-0.12030242655384667	-0.1050766494056958	-0.1268570222980845	
-0.05242656926225378	-0.03013083809996909	-0.0609736253389598	-0.0067049374983504445	-0.04758852820589727	
-0.041998338246058343	0.07975160090746082	-0.06347513595581977	0.0750851764601127	-0.005348634983192134	
-0.11049230742149614	0.060995900476497854	-0.07974160308794476	-0.10654478456096324	-0.05527856025353584	
0.0708044964496107	0.02540113549758439	0.053076422251730294	0.10913846565658737	0.048932947869907484	
0.12537961218150329	-0.01595618076114178	0.07366290291148532	0.048550345341353406	0.13950140476766118	
0.14834422216742388	-0.01726386321711681	0.09293614057818161	0.1420635259724089	0.05748104788901156	
-0.04328505658867894	-0.11366956304340962	-0.10865067571557438	-0.07484715788180334	-0.20379710851231742	
-0.09860390037230221	4.120408274898283e-05	0.08495814155400361	-0.03555003209714467	0.029294130437698546	
-0.012416173940573082	0.016448613015510382	-0.021979557016318086	0.09295719451918694	0.07796746255061898	
0.00916763332212103	-0.031634140938777505	-0.005399327894717619	-0.07030564956542426	-0.06129761381873364	
-0.011274345477209534	-0.016313024054652178	-0.06520818739729167	0.0370874044524871	0.042259643134740184	
0.005740235040758404	0.035872874707548776	-0.08068427432682007	-0.0796618940866271	-0.01952892652017857	
0.1373637932588004	-0.019396855329537676	0.04643217088769281	0.04084636903883535	0.04788613901497622	
-0.17307249040406772	-0.0681318267323286	-0.16759770668694304	-0.050425566940670304	-0.10603023723661352	
-0.052639105270843846	0.02384407174499731	-0.11444450660048139	-0.023400804289068114	-0.08572375251125863	
-0.003966724700582593	0.016295067083548866	-0.06226781499573062	-0.12635056751260793	-0.08350551526484175	
-0.09156757677614406	0.004329016061411949	-0.15523263809235643	-0.2262705064415091	-0.18835733313318795	
-0.016226096032462764	-0.007181735566367452	-0.04327038620765641	-0.004255049604708039	0.03200530610255982	
-0.13803590748024525	-0.05930749203238091	-0.1408621953091893	-0.25748340204069015	-0.10372496250861438	
-0.08730374255637535	-0.03779687071815914	-0.019917178042700125	-0.07733254826833244	0.009478659101642882	
-0.07565877222840885	-0.021895478748975832	-0.07220070982444331	0.05635200907102531	0.03650072439942826	
-0.008201381658485888	-0.04189724747832152	0.06591817711539251	-0.011030052200973415	0.07209936366125157	
0.12980120644310378	0.07561624211669404	0.03424427125697735	0.13025527340555534	0.11525135234534602	
-0.059464741475286687	-0.017746134530051246	-0.05009706255247761	-0.04725865926476013	0.059967096456748525	
-0.00019026655925364545	0.08354910099783025	0.03785655767998489	0.10593896998692855	-0.004610661230211091	
0.020932195419824468	0.06715465678682277	0.008788162083355873	0.14468902933855932	0.12053723746438905	
-0.9638134430945074	-0.37403002123093027	-1.0368384500716654	-0.856381919940377	-1.1209170520255907	
0.7428656830189523	
