TESTRUNID EPOCH: 99 L_PCC: 0.7907597922156142 L_ERR: 0.008001457735321437 T_PCC: 0.6538838726415249 T_ERR: 0.008683402860346485
180 LAYER: 1
5 LAYER: 2
1 LAYER: 3
99 :ILEARN
-0.10078746912879313	0.08527426111708154	-0.19900597187839664	-0.10789057322296085	-0.1442192058671376	
-0.0636565160513434	-0.07193715957629548	-0.022702845555280706	-0.009962080151810214	0.023246307449089735	
-0.036385493010787515	0.04657449108557278	-0.0865888726907838	0.05958831021468149	-0.11222222392067294	
0.016065167619829752	-0.007769867011636994	-0.01324294603147945	-0.08843418058493956	-0.0828243291596728	
0.038162174743141465	0.10073348821837784	-0.07891833486515043	0.012906411840760742	0.04834113878598671	
0.06966094523759277	-0.07929776538592137	-0.10833496291003479	-0.0732326006848569	0.0692398009175752	
-0.075432683555374	-0.019354005591413852	0.09512685890805493	0.012090815767378296	0.042278325596768494	
-0.06386145491307836	0.04879747749686894	0.028486677574714517	-0.1207418961579196	0.02139336416477514	
0.19764789776928318	-0.0024729418850420967	0.09316570240397168	0.16366332983431775	0.031040712681401728	
-0.008210237054996624	0.07533039419652904	-0.05241743445357962	-0.04823427365737911	-0.08024160738707443	
-0.07814440422351061	0.02217602478143911	-0.05069364907730577	-0.03877348484647864	0.007296179582764377	
-0.09847717776953262	0.01883007945366557	-0.09055416517368943	0.0078008563917029245	0.031369245549862985	
-0.06733052451658934	-0.026924035158474285	0.04496113221340162	-0.00931359004614843	-0.08055252835183986	
0.07659296248965351	-0.003906259714476612	0.07675622048974053	0.14251931643717985	0.07551084334501759	
0.05399946720720727	-0.06261176612749975	-0.11618270484749235	0.035342711217030566	-0.04920754616066587	
-0.1408796200430791	0.12606461646449799	-0.12405909709147173	-0.018795723542004945	-0.02605368042959905	
0.026551695424652785	0.04977787475009585	-0.019962789641387646	-0.07948648943763327	-0.09687022720974814	
0.048802330569761236	-0.004906222368065037	0.031170045020210948	-0.0037018312053659136	-0.006979780783733939	
-0.019787444206967448	0.06034249254224239	0.056229663706203435	0.06629311500800748	0.03753038056928631	
-0.06796797503250383	0.08403037355018453	-0.01589101798465591	-0.12003765976166761	0.0021784718937506143	
-0.016996905085978998	-0.004851870197293326	0.0966954584728268	-0.01233743032342853	0.0984637925875487	
-0.008222463549244333	-0.08300391065813478	0.04020488030071437	0.0050541950020142725	0.06486333655385304	
-0.09084135246275549	-0.06387888770339639	0.054496321374294554	0.018474215859683504	-0.11030100501101787	
-0.10505884831622421	0.12284754881269686	-0.1158892644717571	-0.09219319327940388	-0.21335854243704414	
-0.07304401395065666	-0.11073740367253986	-0.08194997757573666	-0.035715664067543534	0.08764743193386325	
-0.08523085818709751	0.05402049474851157	-0.04508012462310294	-0.15576226247622918	-0.12750052652485422	
-0.29442377253084434	0.24493800562641774	-0.3788167703225081	-0.36538367446460424	-0.21512491764412378	
-0.011858047326481718	0.03497931373591762	0.01853289637989639	0.1067951411979933	0.08317617648470571	
-0.0205881252551269	-0.06122078462275022	-0.13106264080107993	-0.10605268193837378	-0.12462896314204493	
0.03527910338252449	-0.11002059001188833	0.16797414863826685	0.10155502780256712	-0.0035238539362137658	
-0.030851239796490938	0.06579768457556945	0.06580384218224447	-0.02043243326480405	-0.008332782852002577	
-0.004912350442227503	-0.0368423237224779	-0.050024103296595165	0.04689155430139921	0.020324128041255118	
-0.004693269226678342	-0.02460290064619652	0.07344517358561063	0.10071709272501417	-0.032111488312550916	
-0.06691142244735919	-0.10272830832155498	0.015334825299212908	0.03844672400226259	0.031995704406503574	
-0.010031027741293523	0.08081033949460746	0.0485198929473824	0.0029990603716041103	0.03774393340189327	
0.0869909501374395	0.011473893587406992	0.0054303978445376	-0.04642035626985788	0.014542302460510942	
0.06520032958061976	-0.07810937341129272	0.09994512230630125	-0.04998242349220871	-0.010134306750277055	
0.08765455405446951	-0.07657075747583073	0.04446644034254331	0.019422880062528864	0.09872506023805162	
-0.017534750158291115	-0.10333436073479633	0.07377019554605126	0.07442022953942473	0.10153284130867032	
0.16607231584221815	-0.13524096639937203	0.03266165773451832	0.08559187015872598	0.15573871870188202	
0.06938032477885059	0.020201119248404075	0.04991596177285922	0.012557898217104065	-0.042056804766217454	
0.02489906051116467	0.0027490894881589843	0.038655189830955	0.11329002327490933	0.11264606827589116	
0.0033958446404510102	0.08430474409327614	-0.004763800647242656	-0.03475000807294233	-0.029281170131225154	
0.024734766565498664	-0.10969677906800604	0.12388196233980207	0.0935577949006716	-0.06707511754496619	
-0.07810673705690034	-0.030439320330710524	-0.10525143186374397	0.04547882051049156	-0.04879420762594621	
0.1185911233209318	-0.00205537586620321	0.11344519804424583	0.10116475063346538	0.11420356027327584	
0.010267524323796875	-0.0031979718819393926	0.08070534630980807	-0.021352015344268827	0.0193376369868148	
0.030631451858603612	-0.10602780836246627	0.026969703360095534	-0.0011706084841549465	0.07207181312823244	
-0.006290364766554726	0.06244628981853077	0.058239602984243424	-0.03173780267009637	0.08916545604771123	
-0.015644988223536882	-0.06999727569088464	-0.08208189667596887	-0.01340054676733646	0.03675299740540469	
-0.10772852013744832	0.09610435909097781	-0.052062092237629955	0.07559477546817045	0.0005041580304884409	
0.095672972247223	-0.003290031747149798	0.0630784813555209	-0.00865516376836781	0.054114864821100776	
0.045288145654824384	0.07308556089186848	0.03599877210530963	0.027861222613135516	0.06117214534682236	
-0.06171319729543897	0.04772395843327003	-0.060703730938753295	-0.06376219118737436	-0.0611342635519546	
-0.011667002849621294	-0.04615529217195967	0.020436188601627155	-0.009896947895463679	0.09898549344363876	
0.04200627813668201	-0.06499686861797618	-0.004419253546829077	-0.018833255972721133	0.07096934983110902	
0.07294967881998142	0.08088041927624333	0.02621938798078461	-0.04735892184609363	-0.05113557196355369	
0.07629655156606815	-0.0012497573508714437	0.04555722807808669	0.007654385729133872	0.03767800261916669	
0.01674181211238846	0.04870412794946075	0.021714122668674868	-0.005154296631376063	-0.031143485064563537	
-0.12390217369641239	-0.0064102281553557044	-0.15058884563768263	0.049947960811632955	-0.10910725798679674	
0.07183896639360059	0.06756754625546857	0.039373469953397355	0.02010884299623947	-0.06178797151172553	
-0.008801874031578833	-0.03081999560557821	-0.07357575875093272	0.006747959060608702	-0.0468649294716641	
0.12151309051002655	0.06760656690853983	-0.01746900283859947	-0.06504798285107741	-0.03956130992532153	
-0.02439378711640623	0.06645737235586165	-0.11478777747204727	-0.10683166753348308	0.032087735112293625	
0.0020434515370288324	0.0078044009970063425	-0.04388968603599313	-0.06409039566946224	0.01575658756024824	
0.003356340147414451	-0.0705425751375633	0.021522734497392955	0.0031986605898254236	0.03165001738901631	
-0.0808661329287992	0.05819386252008028	-0.08646667612929765	-0.02408114670356901	0.03821076052623783	
-0.09562930453695215	-0.036912586099896144	0.050257935915931765	0.052155613334460865	-0.003965243526859538	
0.08003331060285634	0.08670029952534271	0.0551373042134447	0.061926174667698966	-0.08396459535842848	
0.06257806620847915	0.018156073692547316	0.07508708522449546	0.11162610992748903	-0.05369048789162717	
0.041080235251526605	0.046435056629144635	-0.05068104707258578	-0.03968785486226174	0.02470903420631857	
-0.039591853589315704	0.06561986228337117	-0.03234759590917669	0.040023608608442	0.0849513368638661	
-0.028468394953222502	-0.08205219582847147	0.10465994682712204	0.03499227225612697	0.11276287398650088	
0.022480438922680424	0.09238817265381226	0.0006058272849652903	0.011624248601954523	-0.0755887413384459	
-0.0420494980926492	-0.08893618503904	-0.1013421713304012	0.02478273964440091	-0.11198078592206209	
-0.018332333962354626	0.068985680192651	0.03306523509683277	0.032395746089526736	-0.06273423876063947	
0.0007567123978413032	0.008728274232426324	0.10766989810862536	-0.050499676540928184	-0.041562322825294755	
-0.05828002598355932	0.0453385383277883	-0.03656887305937515	-0.09810632354648001	-0.014473512135074995	
-0.04963423672195386	0.05069132557565856	-0.03820375126538586	-0.08603872018981276	0.02341555680812346	
0.10990591431899305	-0.051233786173081816	0.11041268174786217	0.059154219410766366	0.05369365454716744	
0.09728351286612649	0.05567995349581817	-0.10382869588934347	0.039138641863620115	-0.00795382833315085	
0.10447157186688243	-0.07117102390127858	-0.03230380521536199	-0.06748889296336649	0.00020542830133405882	
-0.03852069409826667	-0.0005091907421830296	0.10103928536455127	0.07898843780685055	0.08670291228448807	
0.034675702972348274	0.02587759904156291	0.05901304296299821	0.1311882965306991	0.08463062803531804	
-0.06887738184711505	-0.08995017429474146	-0.12507597356740613	-0.09867654219015494	-0.017170461939366628	
-0.09295278213843683	-0.09165793653430318	0.03342965944612427	-0.027155112603970046	0.04108530386336246	
0.03069424139116875	-0.03680832023899751	0.04490211505457982	0.041286033048921165	0.10402753980891193	
0.01699507135028375	0.058166134351670735	-0.060319247485846925	0.08114197241048196	-0.050944228006382715	
-0.021786561904678366	-0.08043673585769215	-0.05533418463855275	-0.13045698595305402	0.04701027179008438	
0.08578889212775527	0.05974851842067962	0.06028316319737829	-0.08827359633806074	-0.0755267085335733	
-0.09766181755093839	0.046317476149155934	0.011304622894529166	0.04475265852892055	0.0011736957522983803	
0.06651312663194993	0.06469199760187862	0.004278176913134304	-0.02533868572882166	-0.04245314874082599	
-0.10774453205501194	0.08158082024881107	-0.12645138617820376	-0.08920881665134825	0.029659556377955934	
-0.07489973804700328	0.11569891654305495	-0.10351128772154025	-0.03461005374219804	-0.07533883899109378	
0.036356877887700555	-0.003534145083748553	-0.09038223145968007	-0.044995956204919224	0.034896363860851376	
-0.08337390970698334	0.03245298118783539	0.07476498124361174	-0.08779254044263711	0.008725727706479681	
-0.036143077164475866	0.06975183048011077	-0.00835283154813488	0.0306552407813933	-0.016111027444498084	
-0.0457751955245234	-0.008714127128571524	-0.13812647301792685	-0.024463472504990553	-0.08341836245384124	
-0.03199893476549502	0.09911649049893632	-0.05659853355840514	-0.07882300214552118	-0.05720333049359004	
0.09916411440145462	0.08257744889704345	0.05787151166377708	0.07668279798486917	-0.05282241368522017	
-0.09864470169503937	-0.04812567107579768	-0.0627609502032388	-0.08033788008013032	0.005492004679629102	
-0.03270626889926955	0.06347945463258314	-0.09714479517090968	0.026897934713709812	-0.06950982332485342	
-0.049912591509265386	-0.006246697235297053	-0.17922497830863413	-0.10661032547534144	-0.027796448289795713	
-0.031184602655981983	0.008565425757013084	-0.11483515045439045	-0.007508509831704077	0.06963292220221873	
0.08053115491510732	0.0032681813521708396	0.11908755516482727	0.1036731892870165	0.043016958767997805	
-0.10284886695213061	-0.08272315352835516	-0.10914550448299339	-0.016064962577606028	-0.03387460756653	
0.11732454020855854	-0.08561845634501873	0.11790860460172653	0.08274695449455839	0.08988853069434975	
-0.006553085775137951	0.04108265711572155	-0.06653400144732537	-0.12987727485492792	-0.06632748478715583	
-0.01951671167536112	0.04544894530856013	-0.04541072504680836	-0.02399079065817668	-0.09196976439742287	
-0.09898490136334132	0.06597224163006433	-0.04143587832012718	0.07594593941379171	-0.06700656431159746	
-0.00861038836527371	0.0015157874135987277	0.0716272852976945	-0.004531834241057772	-0.06425440586591265	
-0.047435713673936855	-0.0006435719696919174	0.013176731571634341	0.04748953599760134	-0.08458575214963701	
-0.08777144217814517	0.007389894306236786	0.06399035559809853	-0.10534639936897368	0.033495024376631544	
0.03895918847325964	-0.008220922945274985	0.06739623686699647	0.015527847203704469	-0.10607835589729414	
0.032006269414723454	0.04566084669497829	0.10693536408495019	0.06939268162650797	0.06765524448454854	
-0.030615155721945373	-0.029352173460566143	-0.053700679576386794	-0.0007826125669912178	-0.07235261520707709	
0.02047380258729263	-0.037475305779019454	-0.01663958301349789	-0.08184744556731662	0.007404430601087361	
-0.024997338646834136	0.06310647268514055	-0.06864134079018862	-0.07884505544638618	0.03437797620667456	
-0.060836583401284935	0.05738140135444516	0.00416173241600497	-0.08501290788687023	-0.08273026934011224	
-0.057651809124356176	-0.06118245828192759	-0.019878774898776527	-0.10509886370230909	-0.0806545048701998	
0.047957816738165834	0.05159593357776211	-0.07017106152676618	-0.0436166617402703	-0.04803306082405008	
0.11002900848338278	0.02583315702478104	0.03457721055636747	-0.022579352548093408	0.08607487094819956	
0.05880077351272621	0.044978317027603694	0.13065702632035098	0.05976180452845126	-0.009100343069792122	
0.13597328206707285	-0.09671024777059074	-0.011942652711681899	0.027466411764047058	0.023539672194062854	
-0.10105874841881454	0.05915451171153844	-0.11342195752424873	-0.005919756456235559	0.017761414054823035	
-0.04038117408008982	0.007869082329143535	0.06135589957233484	0.03765443870915724	0.03261371656597696	
-0.024910246874000484	0.03355607940611119	0.10117876708155399	-0.0017293399617895357	0.07068661577299555	
-0.06327238522793827	0.04712179214450123	-0.04593217524905719	-0.004214305191833176	-0.02289675373997221	
-0.07650580078240987	0.07235587161732639	-0.03263710428884647	0.008525254952992146	-8.71762299973379e-05	
-0.0782644294041997	-0.05341118322615347	-0.09056821798361195	-0.0038761368764600825	-0.0544316092034767	
-0.08012804676470475	-0.04709923012467698	-0.01698188213517872	-0.13454323246321961	0.04517854960680499	
-0.03533527501454675	-0.004447520066015764	-0.06339461916196173	0.07796571116361733	-0.03917609451267478	
-0.016245259898005796	0.06260007280059067	-0.10528453085353078	-0.017089009048728232	-0.08152657726251672	
-0.01950993800754204	0.08052435473602367	-0.16699031574780643	0.008600351192210604	-0.16885452008515694	
0.08914856559338008	-0.003102459418618513	-0.007345095286491427	0.06524324634319542	0.05614209394424118	
0.11508129150488508	-0.05580340591349123	-0.07254096312796839	0.10467642353976464	0.08997098525624096	
0.05913524858494491	-0.0011169357052412518	0.07829252934361616	0.07341943824797993	-0.006495229038975841	
0.022777190153006232	0.06162450678621512	-0.03943076192085519	-0.054043590629606	0.0008350056469730732	
-0.1356913316929547	0.07091370643025197	0.020337262591144153	-0.08364495934076326	-0.11474164673692294	
-0.0540035658164368	-0.03716444100730993	0.08360570057299159	0.01086251916024714	-0.04134215835713834	
-0.036705765878826346	-0.0593047784938055	0.06897471422079	0.0005741172455228669	0.028483601416426408	
-0.025739606382663687	0.06880409710041069	-0.04579607679585253	-0.045322273872011244	0.015797550888128165	
-0.038380250308246947	-0.02241192674777583	-0.018918180356590878	0.04412057300418913	0.08823187961137421	
-0.038517141838900475	0.06141074856307855	-0.053363461964633374	0.008675454841156326	-0.10258969122684196	
0.00638074836201309	0.0680832136451562	0.035002328180893244	0.06823405517092923	0.016155236778960382	
-0.0547434506768953	0.09580960556470554	-0.1611528662022361	-0.03105756327138916	0.03235132362915102	
-0.009153886865746768	-0.06166182183289912	0.050814553456245325	-0.05303674802170975	0.02987928127251938	
-0.024457781177303035	0.10976286671901259	-0.03986240365653886	0.01717440137063898	-0.13962376279974367	
0.12465157737700108	-0.09995503361009435	-0.013439634515938412	0.10687851051637094	-0.08348995133327952	
0.11137686677832212	0.049225289961815036	0.053307550182889636	-0.003974533724011506	0.10567104943307697	
0.012053020011242135	-0.08066166248073767	0.10176576932649677	0.08918828286945521	0.012291030928146957	
0.05459756287470208	-0.011506182504190818	0.006539349241871921	-0.034270832533459604	-0.018497048404198704	
-0.027514699591860474	0.07869931047948436	0.0013711296528117073	-0.051112526697824574	-0.04090407486226759	
-0.08117810728440078	0.032547540102813535	0.018320656674067962	0.06357740501951861	0.011146224858059776	
0.026848621711453538	0.04899361715076206	0.0004845621852269845	-0.04667007353522747	-0.00184775930617367	
-0.07525100246125736	-0.032658539243486495	-0.08691740504195959	-0.02823314419883942	-0.0634056973614731	
-0.027901268010693293	0.09652400753928557	-0.04950895174113665	0.0918836946524269	0.02120980926613815	
-0.04426644796712377	0.07888250388675175	-0.02268832591500219	-0.07727839017519617	0.031304789224463184	
0.00047246710585687574	-0.03670391647382789	-0.02573150439738908	0.04662763993304845	-0.03922666854531672	
0.11223326086710558	-0.06601810920434344	0.08375024754766353	0.05016634040786853	0.12282621216983557	
0.062300542243982085	-0.05832180425606516	-0.01710269762712797	0.059225020159167606	-0.029222726191125394	
0.12693682909010448	-0.06426362198144055	0.07151742147787146	0.06660417861842968	-0.02588876834498797	
-0.08671318928942248	-0.02295477464103885	0.08661809699765062	-0.03152945078376301	0.05523338535294831	
-0.011940377682121377	-0.05965152657334876	-0.018299407135827214	0.07967658948160752	0.07598371099857351	
0.02114137905671695	-0.047706370697318	-0.0019661128735910627	-0.0747269744897601	-0.03497697111878285	
-0.005540900885518651	-0.038243043255928505	-0.0693075336735055	0.03863354298681594	0.05462728887220392	
0.06637307067913573	0.007467991344092249	-0.01944880340730725	-0.03969637273306649	0.03337697112184607	
0.07611708994638836	-0.06783282554168346	-0.027783408412246906	-0.02386619540586377	-0.009918829130898772	
-0.12679873511010084	-0.0008252357557266403	-0.12154254282504114	0.015556686616277415	-0.001133636237301671	
-0.06861323781323381	0.04251740560347702	-0.1475091790253204	-0.040987128924308225	-0.08179586058653027	
0.06668302219393897	0.031226072649261215	0.022037451096605074	-0.06958261623644948	0.002452934519117362	
0.14732186767040809	0.06480741611632669	0.08405500273294451	-0.034070902376548175	0.06413275231105693	
-0.039923808109082054	0.01683097160007144	-0.08349601387467422	-0.019763452990415025	0.03274186533073763	
-0.06412751505335446	0.07118554955397986	-0.04882126790567472	-0.17712269852197654	-0.002033755223507057	
-0.05618041817030045	-0.07906808563335416	0.009496818621528454	-0.06062080341678236	0.043397704110312685	
-0.08181166732818972	-0.049298141256049	-0.08964986275205117	0.040339586806835505	0.033247236459276464	
-0.006399942839148702	-0.07372711529468574	0.06283397372442759	-0.020412417004261146	0.0722915744335389	
-0.06454516821427228	0.037761403577373	-0.18027801112830164	-0.027963104593660915	-0.08799969585660296	
-0.22755073486919564	0.07787346076616476	-0.2215945836845893	-0.1475492379102983	-0.06213770611836473	
-0.07725263617184568	0.07502781411283514	-0.06240876170421385	0.035630651479094055	-0.06970815384146042	
-0.05071285371534726	0.09130401480652248	-0.05691379679182815	0.1032564776711907	0.024580275850693133	
-0.5957787173004744	0.4255274971009426	-0.8360904907379496	-0.5864260713040554	-0.4732838499621461	
0.07862012885660177	
