TESTRUNID EPOCH: 99 L_PCC: 0.7491424941705225 L_ERR: 0.009940465383032534 T_PCC: 0.6458251065928835 T_ERR: 0.011640466955712728
180 LAYER: 1
5 LAYER: 2
1 LAYER: 3
99 :ILEARN
-0.08107957063587087	0.07705176285504696	-0.19705094556317987	-0.11752261196717706	-0.14005019996323614	
-0.07479679668440686	-0.06788883505992038	-0.027703450268656848	-0.016626697830911284	0.01495849526751885	
-0.045369455051767475	0.049654814194381704	-0.10788023494433387	0.033570677229993545	-0.12362131077276967	
0.018574501114764136	-0.012467366698707148	-0.015906511808636257	-0.0945677321022947	-0.07620463625713683	
0.043427431002040634	0.09970499255103192	-0.07009320360234572	0.008316996415172808	0.0529273592626648	
0.06224609305395617	-0.07601289335557544	-0.12391341860820493	-0.09190039261463322	0.05875920194709655	
-0.0762862700324323	-0.020017004737965024	0.09654229554773949	0.012116351910814843	0.04373732380712438	
-0.08114319704484131	0.05792571791699539	-0.010206041375527528	-0.1613196940531632	-1.5667576293712906e-05	
0.15419315362623648	0.018038477738091068	0.055461680791732804	0.1451458060266787	-0.005590409828608867	
0.0033709448447658496	0.07238928241179267	-0.025484006163484993	-0.029947696007265986	-0.06504863265342749	
-0.0721215560896582	0.021814411602803483	-0.027505958741958516	-0.023065994270761978	0.018702732488520602	
-0.10412894076475361	0.02047318471551427	-0.09883429387542582	-0.005179667532041352	0.02434822877177145	
-0.06786371771294371	-0.024250566329512217	0.052080823544783265	-0.006496026356625783	-0.07999245355406648	
0.08217154616314556	-0.0038638600405321343	0.11777995968880774	0.1813167305601644	0.09387470784951824	
0.07851483666087543	-0.0752756308828148	-0.0764650535733891	0.05952909555758865	-0.024264298476688463	
-0.13731207909879833	0.12173810962748603	-0.1405532733726255	-0.04837490192790517	-0.03097843545630621	
0.03475383870757677	0.04544582898221454	-0.01930189320946145	-0.092422038973263	-0.09345622396007819	
0.06177036063360729	-0.0022885504361320856	0.03156804808654492	-0.019978016504335575	-0.0062695819129815695	
-0.026770246453682076	0.06577873637247841	0.06553725124023611	0.07890133073539192	0.036596266645679554	
-0.056444178379005096	0.0807685480790493	0.0037900508287761073	-0.10933087868948874	0.013822429222841876	
-0.01927639524268337	-0.0033777697732248267	0.1008071438963064	-0.007571339679304909	0.09781464306416575	
0.0014719466832573672	-0.0858200109082654	0.042127803850974074	-0.002181285178897189	0.07216093397631004	
-0.07016458384188123	-0.07177723788952255	0.07891804305801764	0.034258780280270795	-0.09306740495763349	
-0.04030242436128327	0.09630906501951843	-0.06966340899672932	-0.08703857858388513	-0.1735585609765534	
-0.07919866910260895	-0.10649736283038702	-0.07883305254977135	-0.03669395951761572	0.08497730599332118	
-0.05940295939155753	0.04516367495865177	-0.04265985220827611	-0.1701847632676483	-0.1154697264280323	
-0.21306301481511988	0.21443765004793908	-0.3751710165850767	-0.4246407230016036	-0.1844539206002161	
0.007422254148163134	0.027026342516774597	0.07524697986480051	0.1556687676516986	0.11203197682326568	
-0.008683839032390348	-0.06383874530301172	-0.1242157956893334	-0.10638929853158652	-0.11463752917677139	
-0.02398243455517932	-0.08520582476131765	0.1201045514791063	0.07768325873122156	-0.04502943840920926	
-0.06101351453832061	0.07916457467236679	0.041454500766575746	-0.03682571686455859	-0.0291831849636468	
0.0084781545830748	-0.04076696816846588	-0.051468951080788715	0.035476278365852175	0.026456503088450906	
-0.02895609953898343	-0.013662048217919463	0.05461907470178079	0.09062829602894677	-0.04780618725713694	
-0.08733880427435028	-0.0926118009567147	-0.0022365845093131496	0.020829818296921918	0.017504066780721046	
0.005034915688457372	0.0750329878891174	0.08958198475796235	0.04101187135634883	0.05919270423662348	
0.09880779354436889	0.0068357825612215825	0.039151713924447766	-0.011026349234983683	0.028730882503636895	
0.07348014905877691	-0.08290486740789389	0.12922505915971744	-0.016684445249252697	0.0014402539838288685	
0.07982402798047111	-0.07277925911395842	0.04907806074759836	0.020600855760927062	0.09942697981077818	
-0.033687325280131505	-0.09544810410057279	0.061706729243987436	0.06584868057996521	0.0921589129451367	
0.11821582751814613	-0.11520310528073187	-0.012168123163011363	0.05848869918963845	0.11897123967578971	
0.06376074684611863	0.023381802748171136	0.03766117961675574	-0.005885976686062686	-0.04951437941539354	
-0.002231561285428087	0.017214828430355322	0.004987279297878655	0.0837325623692136	0.08395800575966313	
-0.025523692442269822	0.09207623823940973	-0.04373222917261157	-0.047392734580396126	-0.05924236789928823	
0.035509204980070035	-0.11771536601055711	0.1560914517210268	0.13082813859994413	-0.05696388846967108	
-0.07453185023769729	-0.03070083537309235	-0.09913061364371806	0.04082678848326875	-0.043733193444352655	
0.09181203630083616	0.011224284213806373	0.08227723957756075	0.07763157565458507	0.08674186134603935	
0.0049443131913410225	-0.0007387536540238685	0.08106704438580395	-0.01893870927570095	0.01237843972850735	
0.019611570406211174	-0.1014079991184525	0.018415162070567707	-0.007942297203310524	0.06322221571922597	
-0.02186855183106251	0.06846046237421946	0.043431255489050226	-0.03700986879195877	0.07699601890537658	
-0.006307473058760364	-0.07212058034406857	-0.07630543269266157	-0.025324825398064015	0.04669938475625067	
-0.09648834936618102	0.0946433376565074	-0.03458652554294272	0.07789331913875096	0.015404810597002697	
0.051548785861290525	0.019220224448752633	0.0002685026175303588	-0.061019415893132256	0.004089228308881065	
0.040958217246985944	0.0772050637868602	0.028415522805725214	0.01380567746925339	0.05964250862108195	
-0.016881700572105002	0.028090269162707	0.0003161860677027231	-0.023790892867435038	-0.009689563138169908	
-0.017889590954180985	-0.04162177269146503	0.019115931342506345	-0.01566038323544569	0.09367520635013958	
0.03513059847514924	-0.06253322880977609	-0.011045981380894696	-0.021543053612267254	0.06358442279341706	
0.0814104034064354	0.07654600487590571	0.04277371421214964	-0.034204401200457465	-0.041898462942515445	
0.08557246443518005	-0.0035460871358799126	0.0658642623703502	0.014940224723783065	0.05355451425125539	
0.027039932396896733	0.04366217028734618	0.04194738895589024	0.010958580544739815	-0.012140305988659873	
-0.1161712963460441	-0.007685938574825586	-0.145748324734675	0.036995241407006815	-0.10083327221074431	
0.0941488603505869	0.05727969264077753	0.08302590382653469	0.055831272869831694	-0.03922657908662183	
0.013563454869322384	-0.04304973896002875	-0.03247683828193057	0.03397253819520029	-0.022942841732080145	
0.10548343620602477	0.06999311160178309	-0.020718732195532115	-0.07154357138721168	-0.04469777647769573	
-0.04456186047026709	0.06928148054856739	-0.14171508605497105	-0.15068986154288616	0.014226420737023503	
0.006726786761964617	0.008151990479866023	-0.0258651216094499	-0.05052188412460825	0.02370041098854157	
-0.005429062140119873	-0.06990194257493414	0.01707872651436902	-0.003855382396630971	0.02529537198932424	
-0.08876478317795794	0.05829085775459057	-0.09266706711268753	-0.03952897378148492	0.031708166260947496	
-0.08874343795769	-0.040231799002155934	0.06914112561696432	0.05582137612656273	0.006645803406167591	
0.07843726339397578	0.08542518267497695	0.06290943353212436	0.06082256805830201	-0.08125088947350938	
0.055905783172253684	0.025780849345678314	0.07003312981366644	0.12059569904016577	-0.05874621380277043	
0.04599041370221461	0.04974414654737083	-0.055543412716648505	-0.034103317919034225	0.02432261673846012	
-0.006903794387976922	0.04627448130556958	0.022893625262243252	0.07903046833698411	0.11821921842002159	
-0.030319877397838677	-0.07748984400289076	0.10045088737582417	0.04248216320727192	0.11014604005579359	
0.02790637231655411	0.09538977598310902	0.006031899725675811	0.016811210260216373	-0.07068202591689221	
-0.05872227553037804	-0.08172169200189519	-0.12500234785581998	-0.012388583798647459	-0.1292213420959653	
-0.011534955178059468	0.06377194482700736	0.05362338273260224	0.04318711480147073	-0.053077240607913474	
-0.00018238869764692817	0.009509197867406952	0.11233645451210682	-0.04681262581781184	-0.04073472043927125	
-0.04023954937570734	0.042368691543146826	-0.009844598700473594	-0.0833332809889978	0.0050815204215884395	
-0.04758422783591211	0.052199915131401015	-0.030582791181745818	-0.08084690923718861	0.027619199974168708	
0.10316305636221985	-0.04332753288006305	0.10888905859235296	0.0712195111922781	0.04923283436526764	
0.08826611347098334	0.06041025238246035	-0.11264565576550838	0.025042410874589142	-0.014515834027090113	
0.0790181652418782	-0.055820378640185214	-0.07061825176153946	-0.10236112904937114	-0.02760115101125157	
-0.11193847220947954	0.0409526839384816	-0.016651043609934295	-0.01899971709798702	0.011501729936618996	
-0.012573102853602242	0.052771215984602604	0.0023130983677440717	0.08738897966250161	0.04324183416837837	
-0.07721820692479102	-0.08424697082134619	-0.12876357545391726	-0.1133655795488464	-0.022852133306977062	
-0.08236231350130412	-0.09463404066639765	0.04249947829659939	-0.024824833379256506	0.04602145976872826	
0.009424077373298319	-0.025137759373454277	0.02456631512785301	0.026572907369337536	0.08639479013068996	
-0.009286723471337428	0.07295423541705155	-0.09047821322143851	0.05338966478758207	-0.06996827206356862	
-0.030154902035536377	-0.07252787038129586	-0.08728190845160763	-0.16700524688859802	0.03023021806253151	
0.08551945074241028	0.05791387676022348	0.07377444154318555	-0.08079245027821044	-0.07174677435736915	
-0.05481611100222277	0.022952169996935945	0.08561388767253787	0.0965197354246746	0.043389610022599806	
0.03215400980454153	0.0844536002825022	-0.052073945351853744	-0.07308961331661089	-0.08166651256735065	
-0.08141664648410418	0.06745610016287186	-0.08481205077113148	-0.06177898999710231	0.05381348125618473	
-0.040326817876950395	0.10028330713080284	-0.049104103766001564	0.0056691782405773	-0.041445767789754236	
0.0698623993301765	-0.02519043442857703	-0.05069639927496628	-0.024090213428608998	0.07072792368711299	
-0.10498719319157605	0.04550311681591547	0.04265440261749403	-0.12140383662299553	-0.012712297940122365	
-0.03903103778660111	0.07195820783747037	-0.008786694961851468	0.021397297517690837	-0.018362547445142055	
0.03620119126227914	-0.04094260948039046	-0.034783225686960066	0.05456108558265215	-0.011863065190983728	
-0.013598595129374386	0.0943670181156841	-0.03691720306139254	-0.06102731091803865	-0.04274455999184007	
0.09422052598455782	0.08334696909657703	0.06625734775422686	0.0804130219278452	-0.05220079621847933	
-0.08000303226781981	-0.05544399530395816	-0.03098864938341796	-0.05864161321121177	0.02300829726601368	
-0.01157159776284428	0.05691637353945517	-0.06504467291250836	0.042078832582066066	-0.04814874454668855	
0.0008895779633416344	-0.02491997074996079	-0.12387718010533522	-0.08029504261695201	0.015281779474826946	
0.0049817086798519495	-0.0012616723243170115	-0.0707414374341927	0.012374807930825259	0.10519578687431987	
0.0509827105763217	0.023155831831807437	0.06809817642487402	0.05744455354417612	0.0013460390115573742	
-0.06531826941634139	-0.09814952179365626	-0.04920373749938771	0.02491640566005214	0.004413319293536942	
0.14800929466777768	-0.09700528640389243	0.17848239225352466	0.1309146678687894	0.12703591067678932	
0.006150442955314747	0.04066630697491366	-0.052554175480275196	-0.13471792921578155	-0.05618830321269676	
0.009138344009793442	0.036518156438377886	-0.0033305141694506602	-0.0030173173599357616	-0.06390258686020701	
-0.1167756463789496	0.06357393072725362	-0.056707247590017926	0.07229088802933381	-0.07867845090242286	
-0.01937559083737916	-0.0019506904960535595	0.07392927225363947	0.0028627804680462455	-0.06709341311107495	
-0.02115260210765182	-0.0099762728143587	0.05211736750322377	0.07135908231749957	-0.05770143007253906	
-0.06879487514307044	-0.009755220763332122	0.10978025618339922	-0.06160628251496726	0.0573246056728242	
0.018130743688088577	-0.0018050186738549701	0.042501803754475535	-0.009639273192088061	-0.12379813854320969	
0.029746211594703868	0.05445656119249285	0.10682212525573628	0.06806961679355854	0.06673937076224616	
-0.01172081138662026	-0.03165538249161669	-0.043478802112660045	-0.00877629269482397	-0.06260520285142741	
0.021708838014765447	-0.03419686222876614	-0.03801722690510582	-0.11337934309259197	-0.002152443386106889	
-0.018978378644507923	0.06031243274240942	-0.051078612149354365	-0.07600300982304627	0.04322008250731705	
-0.060170327184563624	0.05626929702926626	0.005312737771030306	-0.0926561016484962	-0.08207670325731112	
-0.08248608759937977	-0.058056741571827386	-0.04606171671150716	-0.11577725564685554	-0.1009818299204687	
0.0715138224915504	0.04071245930846536	-0.022409147938646377	9.243849183629589e-05	-0.019814609872358266	
0.10017599861395904	0.03035570052432737	0.03063220435596606	-0.027051710015365302	0.07949909497568527	
-0.0030046372572686097	0.0765278497792989	0.05184910576217031	0.007384621361347882	-0.06843005076147447	
0.0860126436610984	-0.06635044572715695	-0.08804609234313504	-0.03552062771179488	-0.035659811421834726	
-0.07850424480514814	0.04816424382483629	-0.07879068603953605	0.012804325399293244	0.04126726975827977	
-0.055019170380338614	0.016956189231591097	0.04467174347936863	0.021536051292283295	0.017265935458987854	
-0.046471866643095806	0.04712235566068396	0.06982957160570147	-0.030661647360196463	0.04527256724042338	
-0.08110924853428353	0.05935591026962393	-0.06170497233719369	-0.019741484079319818	-0.0389367544898742	
-0.0935119094069801	0.08263882103093664	-0.051234116080547336	-0.013665021139345616	-0.01704300959281767	
-0.03407460835328972	-0.0792618817302461	-0.012556131906007916	0.06261459934090853	0.001285967362613637	
-0.042393182428353465	-0.06912924718709335	0.03541476312758935	-0.10196790522571962	0.08563737961695778	
-0.051104157740667816	0.00509804275334902	-0.0786347409248465	0.0651064248245383	-0.05352324821775623	
0.01202882532276452	0.04553211549259197	-0.05811966874765416	0.0173060998417817	-0.04717687145664999	
0.020386789490649787	0.05986831952519728	-0.11331589629292531	0.03534619719885484	-0.12813919722627837	
0.04963463854472204	0.02348842380299395	-0.07738468912917651	0.005736707667213139	0.010037017260417964	
0.10368571476126999	-0.048510298532321174	-0.08808936452598023	0.10047197308683108	0.07622544860373195	
0.04937110241172489	0.0026611815146231634	0.0590480894543074	0.07719354535651257	-0.01817460969898432	
0.04639032384090629	0.0506854191798658	0.0023255152518615796	-0.03397165786854395	0.027928386797668462	
-0.10183982004526784	0.05333593745959183	0.07826899712558304	-0.04730581319723393	-0.0773849468498154	
-0.0048796998453278645	-0.06640986588335801	0.1715001969172015	0.09020029883091474	0.02020024196538516	
-0.02906379656389048	-0.06386755031016757	0.10111377934821586	0.034808482897882125	0.043551079901814144	
-0.012052520577528592	0.06214388542933873	-0.023811122882759318	-0.03737975032035746	0.03090069278395864	
-0.03818845582585931	-0.01851346022705133	-0.010990713479290376	0.0459662162702114	0.09117782263199375	
-0.018551421894848083	0.05777858340730946	-0.03257192227062102	0.008922026498178066	-0.08738690271383656	
0.008251665704661734	0.06790625468737391	0.052200051063955	0.08150932454847931	0.0235132998897649	
-0.016950078487458806	0.07395146328941472	-0.11689382812666174	-0.008524966427077672	0.0681193164049951	
-0.0017087079146316552	-0.06192726067676235	0.05411288381667158	-0.06116405323481089	0.03238235520367521	
0.024143730876861225	0.08401402188308901	0.042879053151888606	0.07227060780644884	-0.091165749368803	
0.1154324338222237	-0.09642216760692704	-0.013613598783031937	0.10305358363825572	-0.08327342030374899	
0.07137617740780375	0.0678066132838006	0.003998353467220512	-0.028096745630665547	0.07300003549819428	
0.014971628709558746	-0.08579570582460873	0.11780071171064739	0.10684114664884656	0.020287769166535408	
0.06806218055088159	-0.017712962317423135	0.02451724928966577	-0.029527325100244396	-0.005470387085211222	
-0.04716775644254555	0.08339265996779482	-0.013671851740283465	-0.053967491702548324	-0.05315113541090973	
-0.10096436662091526	0.042088898765555646	-0.0007806251176309402	0.04558864204325412	-0.00377365408195366	
0.008894614458587382	0.0649448940691806	-0.04825093268530565	-0.10462237552482012	-0.030268723382027653	
-0.04972287283474609	-0.04422432557401661	-0.043967580433240276	0.0002797932415259954	-0.03721463340619161	
-0.009725665329541397	0.0890158953149524	-0.02207619789386214	0.1111184258237778	0.037809114584852054	
-0.03768945499198232	0.07437378595468822	-0.008294281105259566	-0.07666420289022273	0.04068489934874519	
-0.02800916207178339	-0.023424384548433253	-0.061464922694533304	0.017811068303169093	-0.0611376092723002	
0.07091364985858571	-0.04601359487725021	0.0319597661363311	0.026998160456029416	0.08837235644138311	
0.07893261022933815	-0.06590772866007477	0.012024840176636712	0.07190814202129525	-0.01256109846640707	
0.11439766917772032	-0.060710716526340434	0.06975658052337627	0.07047854982756892	-0.025898681109658296	
-0.08622089857034754	-0.024370007714064737	0.09873433843527507	-0.02608584308838192	0.06263549258061633	
-0.029556190600331017	-0.052996490691040475	-0.02047417752711195	0.08101783617253643	0.07150736959912185	
0.03543009063482287	-0.0515463973654481	0.021050140315134743	-0.0683236594383219	-0.02168938841614349	
-0.01817042970248289	-0.03399781328653057	-0.0801069830060059	0.027560295739613525	0.04659625441501518	
0.04172577731755647	0.017904926056116245	-0.04131718027947766	-0.0529574618701126	0.018505267386942047	
0.08332895348827009	-0.07026760511992676	-0.005947123630476318	-0.01660536392012538	0.002223915477131609	
-0.09567956268252105	-0.015237428415243039	-0.09238039893844102	0.02904894950734306	0.0272591170521858	
-0.04298082128764746	0.03400680764170454	-0.12453145579316444	-0.038498047106331285	-0.06870623825115911	
0.05294063080524051	0.04258269103693363	-0.012004174922516576	-0.10423522553143126	-0.02215567418271103	
0.12227333431017637	0.0746884241744564	0.06484424875366292	-0.04548535511158656	0.050374665680924004	
-0.030089598513894172	0.015857612835699603	-0.09153188436082368	-0.04334042205281319	0.027671342399802533	
-0.01856001350405783	0.05543104314667978	-0.025013178835639978	-0.1675678882682933	0.026861164621348965	
-0.06145315577922112	-0.07760342739832553	0.022610870269488763	-0.05023860129657531	0.04839302814596439	
-0.07080448708726049	-0.055035492299012403	-0.06084353989917781	0.059745174134108375	0.05039233196341901	
-0.004961975591566297	-0.07446574135685177	0.07623452224944181	-0.010994356840008594	0.07764122028762764	
-0.051427766984797896	0.03175966831644828	-0.17732972032623867	-0.03801984456138139	-0.08463886598972345	
-0.13586413567392358	0.035843763409811026	-0.1407566216654956	-0.10050624374546015	0.01014897235300785	
-0.04205019332003355	0.06041852834605442	-0.01913090437822522	0.05559620676794089	-0.04401627805675135	
-0.054419632608187156	0.08983213846997311	-0.07411351587529616	0.10566970297260467	0.016557368675812353	
-0.32629668309229054	0.33142159073529875	-0.7216725339105777	-0.6729225434500892	-0.33606044218114056	
-0.011566944993198179	
