TESTRUNID EPOCH: 99 L_PCC: 0.8027274490459508 L_ERR: 0.007697648202388126 T_PCC: 0.3210658432797093 T_ERR: 0.016394773738802756
180 LAYER: 1
5 LAYER: 2
1 LAYER: 3
99 :ILEARN
-0.07460821556497615	0.06812319845212675	-0.19370111466758433	-0.12411056257681642	-0.1177820183523006	
-0.045563145846803266	-0.07777753537595901	0.01818186832580816	0.023287412221083777	0.037716651125073566	
-0.0489874467569918	0.04826093468441856	-0.11382458700149853	0.019469178988156827	-0.12316402993071053	
-0.026661636883212825	0.0073609526966044924	-0.09195708341536389	-0.18207236356322568	-0.11757556125895796	
0.05582711590095244	0.09385374176605754	-0.05777811841727498	0.014310573307205879	0.06843435007049689	
0.062410849172414	-0.07787681273628992	-0.12361687200453472	-0.09641766505454431	0.06176680560130621	
-0.09703216976337464	-0.009327222644696627	0.059240541242763255	-0.030065040178632162	0.022745268019782296	
-0.058996085427815335	0.04318907260608996	0.023700645636099242	-0.13440248261164817	0.02847453377283796	
0.1665930771020618	0.018997092726688893	0.08675080154171667	0.1807925352876808	-0.010756345889336143	
0.006149729242748792	0.07493329986435429	-0.030246765525852214	-0.03796922675567677	-0.06372375131126358	
-0.06732699244832374	0.02409046626904912	-0.02705603135353933	-0.024079187833354332	0.019156388059935737	
-0.08946885324670169	0.013506417109558865	-0.07668426178889667	0.010939422240295755	0.03938207982779783	
-0.05804057510028114	-0.02642099976464732	0.06399033333536282	0.004509173377936423	-0.07233538295345321	
0.08971818671714667	0.0017119730970634166	0.1281028475284224	0.20114602003293458	0.08621349686259663	
0.07673690995583703	-0.0733640555988618	-0.08387606797303343	0.049656275961269	-0.025963378704342736	
-0.12270152684048546	0.10620526529603448	-0.11644814820811303	-0.029401523960827056	-0.0030706009138464782	
0.04329188324809741	0.03668835254445377	-0.009270768210162034	-0.08745617062829678	-0.0768410446325855	
0.04789798145694908	-0.0015814827853761892	0.006708746629337455	-0.04390736851698218	-0.007261324025998326	
-0.020693014410728926	0.06857184989393728	0.07853367983289167	0.09762769471066421	0.03206006503563666	
-0.05051683030069439	0.07965612002765358	0.004180020584058272	-0.11326769295800257	0.022107527131458287	
-0.024040242101122867	0.0005181521295989284	0.0903522391640273	-0.016588792138570896	0.0913300565432377	
-0.015838663980838164	-0.08230362804423262	0.011436687421399517	-0.03726208398495456	0.06080050952018366	
-0.07786840136656022	-0.07014891439532353	0.06836430073572429	0.025055366134253035	-0.09809011261157764	
-0.04153839741403956	0.08362565073637547	-0.06361659033029554	-0.09364435847510692	-0.15690719393273553	
-0.0756531129842964	-0.10418100984680079	-0.08094055728025176	-0.04195195436812885	0.08687754554861592	
-0.0832410504938618	0.044625174418469866	-0.08026991469385374	-0.21480145601609013	-0.12406164972921667	
-0.21971024618574575	0.1846414716701388	-0.37356468861510383	-0.4563763768168389	-0.14649547391322573	
-0.0018859811761078296	0.03862028071261145	0.055521295117528985	0.14342657854177174	0.09202947698238227	
-0.020433432930398072	-0.06273848373143567	-0.14194632535900426	-0.12584772199579108	-0.12170635703185952	
0.002268789325727765	-0.0841358033077116	0.15042731815985136	0.10631683955500525	-0.029684277882753102	
-0.05378589512389858	0.08210476535997827	0.04121694774904595	-0.039725426258960674	-0.025204497714215388	
-0.009612493560307085	-0.03950768432137714	-0.08075058623883899	0.0009581763267279699	0.01733382338287813	
-0.026333204866172123	-0.009915010702387523	0.050047031417959804	0.0855211523005242	-0.048202356184644204	
-0.08023658732554738	-0.09244694574296602	-0.0010090113133268495	0.016336265749997102	0.023529050864737704	
0.03183121038248375	0.07017505165973693	0.14323652031876574	0.09905062699018674	0.0692482405540301	
0.0867705944919817	0.016692859067326957	0.02044155597874923	-0.019042473484372425	0.009916120712386905	
0.07264632040888253	-0.07630776220459001	0.1249227424182057	-0.01122977138518299	-0.005975622273776389	
0.05378177667672379	-0.0599036423703821	-0.009916642936648144	-0.038267743030268545	0.07273204297752099	
-0.03734445302000718	-0.09139275363573152	0.04854467133125737	0.05131728838244598	0.08687262526186751	
0.14227800407718352	-0.11695869555716777	0.017335898065111283	0.08423193881759987	0.1369115301631061	
0.0804247997969911	0.014817195929704863	0.06689399690558732	0.014151837239873375	-0.030273955035384548	
0.02776316399710102	0.007436843410599408	0.05385308693272593	0.12238003956537521	0.11318388405020836	
-0.03784901759559974	0.10125985801052764	-0.07207822899718257	-0.07520559965714606	-0.07488389703893189	
0.03257223821718747	-0.10736756142220787	0.13539238417713972	0.1155263316258625	-0.06530720847808798	
-0.07585086464987119	-0.030321525405573688	-0.10457607951052643	0.028426974937458122	-0.044564398224790656	
0.11401884659952326	0.005154289464446077	0.11494615268339674	0.10398942884784794	0.1075745149224005	
0.016708472803172895	-0.0007426612513837411	0.09493624569199235	-0.008611755166250635	0.022030616377815653	
0.020666193751944003	-0.09755043729479701	0.013446064646512748	-0.018331406695933288	0.06316196608735918	
-0.02417303204807244	0.07365745685900157	0.03663038130785212	-0.04505400956808408	0.07041952390093914	
-0.0009311323812819474	-0.08196284315188677	-0.06717271033232504	-0.01996070480193412	0.05668679716408047	
-0.11212318506531346	0.09821739189209397	-0.06192788617810879	0.05093524486832273	0.0010835720625662901	
0.1018865087527502	-0.0006806459512340271	0.08502223831174364	0.010405534726504904	0.05654482811684836	
0.03493603907719483	0.0761744101677537	0.01819324174364814	0.0017200968670460228	0.05509124993406026	
-0.051163498057612514	0.04033768282806382	-0.049654493758756975	-0.0673749281523055	-0.04564539073754174	
0.0012429108641632699	-0.04671400589087562	0.04551668384413337	0.0038731488876279333	0.11147863566725923	
0.042496759614276916	-0.0626443038292084	-0.0009925516234110937	-0.015107854700563696	0.06911884978916838	
0.08417663930687094	0.0769245180919347	0.04682394590543008	-0.031184889982156367	-0.04266622235258541	
0.08049516400766783	0.0001492858809027642	0.05659924232513769	0.002252690050351711	0.04550316182711592	
0.01425982929401892	0.049881262935507965	0.024260725510723113	-0.0026093539367400636	-0.03017861987615932	
-0.10700350490434347	-0.018136090855866396	-0.1304446735396132	0.04615159177927712	-0.08766076162500211	
0.09361039143711206	0.06289580398205522	0.07475359898092497	0.05275651975701884	-0.043925897170812425	
0.0132050993113076	-0.038177204257626336	-0.03323623567000613	0.027450399075360062	-0.022340487540947834	
0.12042064427584025	0.06765891885274782	-0.007063248457530141	-0.05079332689115818	-0.03337715544534549	
0.010532639062665527	0.039986389413708	-0.06665333930694568	-0.06851708113949917	0.0757953434906498	
-0.007891198797357475	0.01922837593116761	-0.05593252949886127	-0.08513706813962008	0.00675041287899793	
0.01892016599031408	-0.07792246183320624	0.052519151880717714	0.025017828781830627	0.050626222999635505	
-0.05899965659712321	0.04471860577796598	-0.05099795076514455	-1.4297518837879116e-05	0.06557921757032012	
-0.0725545317367454	-0.044557132188389525	0.08292212866853439	0.07081526966617993	0.02294640798618853	
0.09331304787036256	0.0818193797513965	0.07985641937637827	0.07327286008508305	-0.06610228423349936	
0.012649351811450764	0.04785164269286586	0.005249798671398695	0.0522379726149831	-0.10813247225628803	
-0.001870754528351365	0.06924899695653354	-0.12747983797581797	-0.12019198366277355	-0.018287672957230716	
-0.001204955157598813	0.04906679560602914	0.03600641620196622	0.08951640087715786	0.12345391446053405	
-0.06683035081983021	-0.059899011865518145	0.045041207803041335	-0.022868723519995082	0.0737509303555548	
-0.004045419130168873	0.10963986479278826	-0.04515675696827306	-0.046543964756814195	-0.10152974833121442	
0.022540932035877728	-0.11866286422877759	-0.0015895328258688326	0.11220982862342961	-0.0552225077387818	
0.0036083511404040257	0.06064874630698081	0.07008497298672076	0.06274328942047756	-0.03942619118226485	
-0.0013655440529503065	0.012122924167418935	0.10707715103082067	-0.0517452254598611	-0.04351538546204151	
-0.05806749654683944	0.050427616214148506	-0.038877460685414665	-0.12399819011423509	-0.012238876774950452	
-0.060891381689718346	0.05983864804006112	-0.05343956291361621	-0.110135333137552	0.013317276351823375	
0.06224736916361311	-0.0212816574062416	0.04634149930199509	0.007955379099815564	0.0014834833918990166	
0.09065116466620533	0.059359574555502316	-0.11064455111800428	0.022325114272601188	-0.012183407457581957	
0.05982487581098687	-0.05028909651026219	-0.09707821366728261	-0.12340962428675406	-0.03942766308568248	
-0.1069622315335096	0.03205021183523164	-0.0024631500092426257	-0.009231869343540788	0.023044438578605216	
-0.04150364582762863	0.06650107472733272	-0.04858015938105745	0.03843331217244073	0.009285736143684494	
-0.05812887505154906	-0.09252655611551325	-0.1056024834890587	-0.0954260831797849	-0.0038396024222216514	
-0.10015208024531905	-0.08870471218471704	0.016681743262090026	-0.0484378606026651	0.030297907007665555	
-0.01539506348336031	-0.012797616085138441	-0.01502243799192394	-0.009331871144157965	0.05380031584610477	
-0.00849946718324139	0.07455951967111658	-0.09003349191552867	0.04763569717904442	-0.07161704484557148	
-0.030316574656907583	-0.07909208804422649	-0.08040077423640965	-0.16921994447758057	0.03983121372489528	
0.1223095377190069	0.04392723447621601	0.1205283985947976	-0.03561959745577348	-0.0365714068279083	
-0.01211411877355653	0.005510242562292723	0.14143481787574858	0.1569551150787379	0.08265316042508543	
0.021752700406887024	0.08553031041610495	-0.05938882327495534	-0.08055479736894955	-0.08472209473367528	
-0.048602013712323915	0.052708398261752866	-0.039198781491093244	-0.014835635562462575	0.08618737004604086	
-0.011334372547403267	0.08975819489297643	-0.012724853120175695	0.03691587360213637	-0.014417458000515552	
0.016879527670739542	-0.0010499176806516193	-0.13344604727732684	-0.12133041620394522	0.021943012784647428	
-0.11296078156580101	0.04657987778163286	0.030493658626493208	-0.13594147475968774	-0.017257425039211474	
-0.04107836495521923	0.07148043012998823	-0.015463825567356844	0.01584853297432076	-0.0189219081509901	
0.052703443865228676	-0.041887056461482684	-0.010773589595370506	0.06435745013713379	0.0022840680865443513	
-0.002559138887812287	0.08935132929137524	-0.023089229360753374	-0.053821970724667004	-0.028838081759286444	
0.12120507730288806	0.0740766773308141	0.09816847694372026	0.1117877945566065	-0.027647781955521096	
-0.07084443705394762	-0.058450739146357567	-0.016738127409550354	-0.046783699396705625	0.030458981030131244	
-0.014587443046796024	0.05906417266227916	-0.07353995305257233	0.027736656970515024	-0.05613812491009745	
-0.020472880512621822	-0.018646554399195665	-0.15489648763451022	-0.12287205231969249	-0.002624273555394167	
-0.019726217281876634	0.007571913509041861	-0.10714290099077559	-0.02954836566944298	0.07607375832817534	
0.09417825692007047	0.0032254617344166067	0.15310663845447606	0.13412381269033039	0.0556602646905257	
-0.07907177416409127	-0.08985005452817436	-0.07317459356734966	0.0024204382162084613	-0.018505831485973404	
0.12978745994526308	-0.08418533763334204	0.1505593201300141	0.1076527760318575	0.0892586478326653	
-0.0038602741654647993	0.04276590331728556	-0.07182560292976106	-0.16650393394974586	-0.06078015887793284	
-0.0055047487517981	0.043239686347377494	-0.032430446003625345	-0.03694889692581758	-0.08270725318751258	
-0.07453355739842389	0.04795514169983168	0.0012641609906983886	0.1306908115019415	-0.03396788176945876	
0.003206879756742349	-0.00571431331131214	0.0995295376209147	0.0355749444053592	-0.04582943077935729	
-0.031682316170358646	-0.004930165957740805	0.035135984588303915	0.05166985228240229	-0.07520800853490944	
-0.053491408127147436	-0.009323854039524267	0.12155664221403363	-0.04017281227501206	0.06899769587882716	
0.03617567596230218	-0.008114648592022301	0.05986020958253479	0.0008243236632721612	-0.10213776243079073	
-0.03358801798292066	0.08234686880829661	-0.0017976743118185386	-0.035247826778938764	0.002503856425318138	
-0.017724525721045745	-0.03321512572421827	-0.049080479144633135	-0.024728410792184297	-0.06124896030672633	
0.02598572366503858	-0.04162554649877214	-0.026150894982515847	-0.11186441707677433	0.014488107658135428	
-0.013653550763200774	0.060636171562829105	-0.056291367081805134	-0.08927709928306767	0.04784380038159003	
-0.050453995695886183	0.05183017887332702	0.009743934203342703	-0.09712613129994385	-0.07013282227530397	
-0.03441612283379773	-0.07675940144210253	0.024702353974947622	-0.045747621222312546	-0.05136407322053391	
0.060770310529923835	0.05142682829265423	-0.04550442751750153	-0.021715268720093602	-0.03817980124774444	
0.09343356377119606	0.03826627887721324	0.010371082872091198	-0.040241443104760494	0.07484275750377765	
0.04811938638947431	0.05934059919965851	0.1316172519012442	0.07976904059454598	-0.01967329298095312	
0.1461496968053099	-0.09108957239504796	0.015380295009193337	0.055315388569527654	0.031561775988501295	
-0.07549041360617338	0.0476803723253306	-0.08007114109096534	0.00016873889097685193	0.0415648981963917	
-0.037303349900423756	0.011163690106377354	0.06902622292407058	0.04423579836886386	0.037321807543136985	
-0.018565325629725588	0.036464728657119416	0.11434716096958997	0.007511141699071788	0.07749219546581335	
-0.057443106136640394	0.05346139823462577	-0.029486113949547456	0.004514951622326187	-0.01510880828080156	
-0.0678357278144172	0.07206017128662573	-0.01276709523483952	0.020642722679055488	0.010712771484811014	
-0.0813664806540641	-0.055874135433497	-0.09391884328065866	-0.012504203783792491	-0.060512495045184425	
-0.05001882906807132	-0.06991210229228084	0.01948536731484993	-0.11808376218893567	0.07447052129368795	
-0.04803602579712324	0.007535244586920973	-0.08124609333273214	0.06419249996917992	-0.04835172829009405	
-0.001585196876856685	0.05062855357564424	-0.08507670258184911	-0.006603341070913846	-0.0674123292248033	
0.004811087395515114	0.06122203898005181	-0.13953294566957147	0.006284031225071721	-0.14344369955239902	
0.05752296391480677	0.017841834321401673	-0.0651544011280272	0.008079452983463747	0.029553969917100322	
0.1193091574130621	-0.05118834808768902	-0.06786901159442568	0.11479116498758875	0.093170254235006	
0.056756765123743315	0.0030883211794209566	0.06647031072153191	0.08050161445888143	-0.010696361198281414	
0.04288049244537048	0.052103907146756404	-0.009515144071122441	-0.049685119181765075	0.022794862395755205	
-0.1157210264645442	0.058244282541398885	0.0557875099850741	-0.06698128175706372	-0.09527882270485431	
-0.059418137611716805	-0.03718495273940753	0.07763015018578005	0.0035713340291283753	-0.050750945611754604	
-0.03091800805085615	-0.05754011354243016	0.09499693110007272	0.034307188474520474	0.027662959253557853	
-0.02761436689058486	0.07155863552520812	-0.050710033169849456	-0.07428116846504118	0.017183932075498856	
-0.043919285307554796	-0.013256988820398653	-0.028113184930993906	0.028185076248998634	0.08147718880042953	
-0.016480876306372398	0.05575774871735834	-0.02863710719483395	0.00610392878568677	-0.08279244487244791	
0.0013584878204490462	0.07506344741219416	0.033344978862486475	0.06027783088099075	0.011240842960445386	
-0.0441762664353806	0.08762305245260515	-0.15404356402593403	-0.058197662755699965	0.046365565176010454	
-0.008336264168779887	-0.05828010331687123	0.0523432673654318	-0.07384764590253164	0.03048264122347697	
0.06006105919018519	0.06888932021122941	0.08579302924275195	0.12634645282941384	-0.06041100367559765	
0.1089641755025213	-0.08876570518999172	-0.02643652071306433	0.08434675503302186	-0.09364341615605791	
0.07048271227053356	0.06997123027911417	0.0006391649272296514	-0.032027551364331164	0.0681894947305441	
-0.0052208910507001265	-0.0730677655159464	0.08034284681798849	0.0732757205114471	-0.0029857770583800545	
0.0570289766822	-0.011181539607843804	0.007419283091274788	-0.05520662271359292	-0.014725506383382747	
-0.05455680614592817	0.09135268947256477	-0.02934850742531369	-0.07053201685385625	-0.06455191146646443	
-0.10134921885196303	0.04326974413412937	-0.007392134844159728	0.03411849719027435	-0.0034898626443222126	
0.02716859999926958	0.05123940291400676	-0.015861629197845537	-0.08882158597745045	-0.001180805762111156	
-0.06127639569689787	-0.036812661314967465	-0.06825173625743483	-0.02585002997272193	-0.052165994181470075	
-0.03398343849933568	0.10103075490414093	-0.06576561156613085	0.06384750346155525	0.014004138525927492	
-0.04071363628136106	0.07725409015437765	-0.019305423214763313	-0.09771460052163926	0.040455377670424515	
-0.03056112742494294	-0.021795700201952904	-0.0680487510188396	0.0026105466819509567	-0.06165015560308534	
0.06720315193848207	-0.042581110598984215	0.026196026131112174	0.01956306077375574	0.08072954375803687	
0.0834327515372872	-0.06674701048316546	0.016807381759865892	0.07231673310976407	-0.008930539249127048	
0.12415333980654769	-0.058971189266667876	0.08514241810811138	0.08533657029817757	-0.022927335712155997	
-0.0759164876282268	-0.024440662918362784	0.11120235961238095	-0.019429779539988548	0.07047087266865174	
-0.020735194875118115	-0.04978225253702804	-0.009988021835851962	0.09157645743883303	0.07371946457532366	
0.03896048911323154	-0.0527685463032916	0.02336824834825417	-0.07062967366360826	-0.018554686437799964	
-0.008033106940770857	-0.035111566567779036	-0.06616543834034148	0.03721569757128267	0.05552414222541199	
0.057573078330115185	0.015708613670124487	-0.015774648877670217	-0.03044735665279204	0.029991655338264804	
0.08668281902845452	-0.06805717868712166	-0.009820709490603178	-0.027933967033051205	0.004676639170742665	
-0.09553627942327872	-0.01726615580334273	-0.09428116718661096	0.0189966063436112	0.03333455163385396	
-0.04578902798885717	0.029751363587841535	-0.12676490648465213	-0.04239175177761985	-0.06757261457660416	
0.04944089699413617	0.038390862588224814	-0.012287481376940933	-0.09940238341112169	-0.02234220785786083	
0.13767405070435573	0.0736113084813606	0.08978890023043792	-0.02289082686334794	0.060311579461308426	
-0.03227879717337895	0.009902155024176474	-0.09399484362945837	-0.050572390219213566	0.03343081254048368	
-0.03539724395938922	0.05198360365909856	-0.052946308510828925	-0.20360692610901862	0.02412775377218786	
-0.07606142296983155	-0.06657238572050073	-0.012398577726114045	-0.08496999249621717	0.031001916514301658	
-0.06934284198415232	-0.05169962014497184	-0.06225354291874397	0.05728927602790721	0.04833326606132241	
-0.006064830414383222	-0.07140076514206664	0.07269034034209101	-0.012094775334034859	0.07264322170235826	
-0.04191503333834176	0.025432165238690584	-0.17722323855181368	-0.059506216604642705	-0.06525045459543817	
-0.1531330310136235	0.032703295175066295	-0.16929565247730885	-0.14006581982443356	0.01000522589649702	
-0.041953401684551944	0.05713324955144533	-0.016341177783668167	0.05780614912204743	-0.04314581070325113	
-0.06179737211645421	0.08965007355867657	-0.07406790171542975	0.11700339337516814	0.010308978180926437	
-0.3532429795740941	0.2800142089615106	-0.7811175650527427	-0.8382590453681562	-0.2504486721933217	
0.06708005115864209	
