TESTRUNID EPOCH: 97 L_PCC: 0.792492774782063 L_ERR: 0.008087921053362337 T_PCC: 0.243184123080111 T_ERR: 0.014613331176331791
180 LAYER: 1
5 LAYER: 2
1 LAYER: 3
97 :ILEARN
-0.09908509712340355	0.08383999740576087	-0.1968321238493487	-0.10638085918567064	-0.142830751597174	
-0.0634728215122128	-0.07188999510639547	-0.022050845544444538	-0.009628491432919863	0.023423258622547242	
-0.036353596561426504	0.046429958447634215	-0.08660256436067258	0.05960047653665111	-0.11219592427119701	
0.015248093665655854	-0.0074250051407364105	-0.014765544352490915	-0.08934729271195833	-0.08343402909518408	
0.03839989605374948	0.10068619309715449	-0.07850167664789696	0.013288448863820497	0.04859692329873583	
0.06999093813054968	-0.07950676299253895	-0.10778785962277247	-0.07290141644381819	0.06950876375123725	
-0.07574429696699986	-0.019101914032881473	0.09465658836522056	0.011718921662080833	0.04201720251970262	
-0.06374278079477282	0.048660713469025584	0.0285430768643291	-0.1206525913557713	0.021537944693699556	
0.19631025448386344	-0.0010676693483164087	0.09169549309631161	0.16217725411718792	0.029703947059932893	
-0.008377913577125775	0.07574748291056613	-0.05260860191716161	-0.048267568355932905	-0.0803432941922723	
-0.07842906162208894	0.022722167696310493	-0.0509122495733096	-0.038904251254745975	0.007091482727031298	
-0.09813123871807995	0.018611369939472315	-0.0899018965097339	0.008216862836757969	0.03168033489629021	
-0.06727486927121959	-0.026677698347325182	0.04522210382340876	-0.009170496186944141	-0.08052007606062969	
0.07586222705217499	-0.002911471187832381	0.0761549819458213	0.14200015205203687	0.07488961979123512	
0.05425105160535139	-0.06273610541778311	-0.11584286932876403	0.035618355998069305	-0.048959093956887745	
-0.1400134106407947	0.12492814858982293	-0.12299117747399804	-0.017774570519957494	-0.025204800403711414	
0.027111128550623163	0.04915565109361476	-0.019196559186951512	-0.07879636590718504	-0.09631224465978995	
0.05083633290375889	-0.005904389249088657	0.03432773907888084	-0.0015824179911006302	-0.005305040071710394	
-0.020009864854461625	0.060887744561721246	0.05627798337667198	0.06613795913456101	0.03726471040857831	
-0.06780603226665959	0.08409923882535801	-0.01566822024455707	-0.11974798400121854	0.0023613862418821216	
-0.017269951371553974	-0.004519195160548349	0.09639089691524545	-0.012605960162980136	0.09822501703647551	
-0.007852248829707652	-0.08328443925350866	0.04064870026888144	0.005474801931637841	0.06517221965356133	
-0.09076188616157409	-0.06390136216986089	0.05443623950234955	0.01850902281852408	-0.11021257676324077	
-0.10219964011875107	0.12049282872467679	-0.11220223547593208	-0.08949316268294052	-0.21103680264413788	
-0.07341489041616041	-0.11012461301389692	-0.08228879175025156	-0.03598442425863851	0.08737242509576622	
-0.08386785718250266	0.052772400950296325	-0.043503358042781715	-0.15446810200657393	-0.12637673301197985	
-0.2884373701825881	0.23974424477968437	-0.3710834689934215	-0.3597151540571426	-0.2102607230107128	
-0.01286442888851168	0.0360962752412108	0.01725574873054335	0.10587313251243938	0.08236914795650356	
-0.020639603828018552	-0.06118056889435898	-0.1313532045206674	-0.10608432289798987	-0.12460657187310836	
0.03347604448711034	-0.10826375977376386	0.1658938657395965	0.0999948464946214	-0.004931048082332479	
-0.031669113364532465	0.06669094517786481	0.06492621209537489	-0.021070290256161944	-0.00894172094292159	
-0.004242911906455767	-0.037452841991103374	-0.04927437565763148	0.04753245810546215	0.020865593346720637	
-0.005518343709482816	-0.02379661675164122	0.07245598493557297	0.10002953162122954	-0.032731889435511426	
-0.06725575653877418	-0.10217720832843591	0.015092333945057284	0.038256773729464746	0.03177333120922981	
-0.010761319805463004	0.0814919254752586	0.047615049245663565	0.0022704937886132005	0.037100856240349304	
0.08616668785334827	0.012301786911069592	0.004306594801259678	-0.04731265561163615	0.013793350372130543	
0.06455825815628946	-0.0774823404141122	0.0991466285800801	-0.05062841235325651	-0.010688508916641278	
0.08725020861611422	-0.0760058619655343	0.044060582373521166	0.019189839003826197	0.09848706452514609	
-0.01817794233365284	-0.10265281889227354	0.0729753023459343	0.0739002738880075	0.10106624714647854	
0.16500266741077915	-0.13413465464193766	0.031531151046230985	0.08469556306789182	0.15490472227053942	
0.06986495732832379	0.019831453604717122	0.05056703081433445	0.012998653414684183	-0.04160294076890495	
0.025041314885959804	0.00303396936651507	0.039074675426028944	0.1133572327874808	0.11269871239203044	
0.004314189669156927	0.08365649623656003	-0.0035700150865841775	-0.03403384337420467	-0.028712934458468328	
0.02506971941648	-0.10966258484320915	0.12441802638346093	0.0938342363072776	-0.0668991285233045	
-0.07785107937469596	-0.03047193591552199	-0.10484633972448164	0.04578477589477487	-0.04854094591285617	
0.11857323646052169	-0.0017111575902159478	0.1135478415066748	0.10105872580531157	0.11409600677488005	
0.01057587236260893	-0.003128622754227182	0.08122601611885243	-0.02114342987163538	0.019528168414101685	
0.030634074716521822	-0.10583483133006186	0.027136614031604275	-0.001081754286503977	0.07212503004581541	
-0.006230611150259274	0.0625938069170763	0.05842306610730623	-0.03172400506389444	0.08917875678583694	
-0.01577581459053527	-0.07003043116891984	-0.08225115742426471	-0.0133073563627134	0.036720500476579834	
-0.10846442650197217	0.09673567386176375	-0.05318552426214874	0.07491431131574575	-7.057248614963395e-05	
0.09602293284320794	-0.003167164746371401	0.06380494679065637	-0.00842053697558957	0.054291173372893416	
0.044852822391087184	0.07342631483287895	0.03533377106054473	0.02747335970752408	0.060821023019348996	
-0.061864336958537464	0.047647013583946074	-0.06091458899219432	-0.06369373135871088	-0.061030508119558874	
-0.011785383660075574	-0.04574620957622553	0.020405472915622586	-0.009908339420774985	0.09889004495664001	
0.04244222889446731	-0.06518271534861084	-0.003779711947835696	-0.018483011973674454	0.07129381531422527	
0.07315713261417493	0.08081898492518037	0.02649499715894373	-0.047192195970674505	-0.05099489576224399	
0.07594187702366748	-0.0007883675498801628	0.04524799943126649	0.00747131734667597	0.03751314702072769	
0.016220054897057846	0.04903871924724419	0.021132934142641134	-0.005518434438642694	-0.03144945438332715	
-0.12398014486523046	-0.006436060477501806	-0.150660020116822	0.05004763586326086	-0.10910614844415135	
0.0718303655137025	0.06775232587287112	0.03946263461041285	0.020108661802509534	-0.06178921937481103	
-0.008567983177210243	-0.03093874898038001	-0.07303678810199131	0.007240324306720946	-0.04654191540787109	
0.12038664507118794	0.068253510590228	-0.01864613527512247	-0.06556155034702289	-0.04032087854789507	
-0.024880852471245433	0.06620358560908444	-0.11502781272795587	-0.10628491216491437	0.031976691953317864	
0.0018996037044027385	0.008348716602298623	-0.04403877606437302	-0.06433274511263996	0.015617554608196667	
0.003363343101111096	-0.07062833914456543	0.021853585888544497	0.0035669039222536625	0.03178331380062999	
-0.08089663374475119	0.05801596720608749	-0.08621085774889717	-0.023574929614511398	0.038353336933314094	
-0.09575363173233206	-0.03672836761707173	0.05040562323689444	0.05245456246637478	-0.003941097657923929	
0.07994833828409152	0.08680420146337109	0.055315457365380676	0.06222328620667267	-0.08390657962616516	
0.062245091309063326	0.01886658439116655	0.07430174441789929	0.11059109637231299	-0.054158664318576834	
0.04210567914927364	0.046177529408413805	-0.04965925181829788	-0.03938255900306784	0.025377924608443354	
-0.039228398889851517	0.06516636228926706	-0.031618486265233364	0.040716213685908234	0.08542479288108039	
-0.028071047009407765	-0.08191275652512407	0.10497885831069055	0.03483261402027917	0.11294954945545724	
0.022938611484990427	0.09261102549872978	0.001098925661255374	0.011668954256408303	-0.07531663016219874	
-0.04203390011876839	-0.08912234554515844	-0.10111485481900284	0.025182183290183954	-0.11191678806944391	
-0.01856069960681482	0.06912973844050513	0.03298246239430946	0.03250731631860496	-0.0628200382176334	
0.0005525897745878789	0.00900133726932241	0.1074135259330492	-0.05069816081574078	-0.04173493420577881	
-0.05816769175224918	0.045829020585051485	-0.03622229242831256	-0.09804591899482513	-0.014412202003465715	
-0.04971049778033271	0.051085788552569	-0.03825725337334223	-0.086212487075488	0.023327304476354307	
0.10929435699646432	-0.050278525776555505	0.10926678480705206	0.05787777595939356	0.05298742998008252	
0.09734781147829069	0.055792922558089326	-0.10342790362620097	0.03944436435251168	-0.0077971872908181115	
0.10393403085160237	-0.07042143916811311	-0.03291805589227175	-0.06794800194977214	-0.0002556386532293718	
-0.039340297349149976	0.0005155517103624173	0.09999189039259075	0.07799597450046095	0.08600945606338482	
0.03308306235065703	0.02769720375945964	0.05682508633539793	0.1292121473276227	0.0831610183563644	
-0.06888947195365272	-0.08967082898786093	-0.12465229559281274	-0.09832289819376074	-0.01703620093805195	
-0.0922391744587182	-0.09195734388025578	0.034360710956663154	-0.026635129974353845	0.041595013146031916	
0.030027465646770064	-0.03589747514149919	0.04409643128504563	0.04039988960349794	0.1033571281733661	
0.01640669797909097	0.058979628152678626	-0.060971844676805415	0.08059935805202206	-0.05142539936152637	
-0.020819866740642002	-0.08115061105205201	-0.054204847481141814	-0.12971593801194398	0.0478967819302894	
0.08565837804959243	0.059801401336747474	0.06059789307127546	-0.0878341013114379	-0.07544206722948561	
-0.09707110406439773	0.04567955248567934	0.012474938770883971	0.045910241740856464	0.0018095417490356033	
0.066223035010548	0.06525181519877037	0.0039899300759350135	-0.0256720655461669	-0.04273572176888142	
-0.10703103769717622	0.08088319366975626	-0.12523416536717422	-0.08811223295500721	0.030368944702860935	
-0.07419919103318032	0.11511192993950364	-0.1025511944971628	-0.03374063401019519	-0.07471462439867056	
0.03752514273132501	-0.0046059818217351126	-0.08859833378862186	-0.043635076962203215	0.03614430612642074	
-0.08353520103091287	0.03286636628177568	0.07478761142696631	-0.08789033069039437	0.00865054309073236	
-0.03615882199575339	0.0699007463484856	-0.008039370789972461	0.030827502738350387	-0.01602865980849533	
-0.043913186079954675	-0.009990250254456823	-0.13669752918146777	-0.02349458031865768	-0.08233060840129158	
-0.0312442306732341	0.09856613846274043	-0.05579631396894284	-0.07820283552749249	-0.05660688315199678	
0.0988483613337947	0.08283342734367286	0.05796268988315819	0.07690923038276064	-0.05290068541887634	
-0.09819270411860052	-0.04841042560269317	-0.06210862413977408	-0.07986253559508422	0.005898999820911368	
-0.03237007178448153	0.0635624251210684	-0.09666157326310204	0.02717897230529371	-0.06923226984464555	
-0.04840447533393357	-0.007078629698828229	-0.17741829476137022	-0.10533672533153597	-0.026556176049279193	
-0.030585004843687865	0.008614399226506704	-0.11408548773312625	-0.007121357522553089	0.07005938060126012	
0.08043509250092727	0.0036735090478175036	0.11902927968092479	0.10352576135482043	0.04287040247739138	
-0.10241929135683846	-0.08272295787619116	-0.10851011658080809	-0.015722579879109872	-0.03355045691440084	
0.11706269929158394	-0.08492805040195951	0.11762140597701629	0.08226782542536924	0.0895442716723976	
-0.005793107648301056	0.04093181801823389	-0.06552983986974067	-0.12916102593879297	-0.06568172008175191	
-0.01933473908871162	0.04571065275587433	-0.045128187683415345	-0.02389718321603409	-0.09183735958538145	
-0.0991348094431433	0.06541118771058523	-0.04130814523303887	0.07638999722626554	-0.06687412985441528	
-0.009278102675201117	0.0016353135838008464	0.07109512140901006	-0.0046132603215345075	-0.06458965790434353	
-0.04711866685656245	-0.0005636306436458469	0.013511717519849363	0.0476737776975085	-0.08435705177296099	
-0.08799573754528967	0.007212340160270466	0.06397201389003222	-0.10511973035580566	0.033488978576323505	
0.038710321480195556	-0.008183969878706801	0.06740243904371544	0.015702911117238528	-0.10614324330600208	
0.0314821372946586	0.04667087361677343	0.10579973839254307	0.06825717755227849	0.06696421608040365	
-0.029552990921813686	-0.02991090902849487	-0.052412703852476906	5.895263060184561e-05	-0.07148218134743733	
0.02155520975744213	-0.038372732703403765	-0.015301086771803092	-0.08091609114097739	0.008363273330850365	
-0.024812214652372627	0.06315786337218995	-0.06810365292525794	-0.07839914616656048	0.03461693520327804	
-0.060612291305032644	0.057166950698902874	0.004702273805469427	-0.08456228841084681	-0.08248086891082643	
-0.05785108102143442	-0.06161340416108125	-0.019858119112429098	-0.1048646750476406	-0.08062895161154192	
0.04778181917968425	0.051897645365249066	-0.07037792238032148	-0.04379345840403466	-0.048200655036475	
0.1093481144102596	0.02654129371125443	0.03371026229217732	-0.023052660308898403	0.08556383450505756	
0.057567311860779735	0.04633978675600857	0.12906876177989712	0.05845566260607152	-0.010196773573232325	
0.13568795553160756	-0.09589324500375877	-0.012194891497899004	0.027014731916458694	0.02315373284067867	
-0.10017475939700528	0.05857858024754853	-0.11214231113969765	-0.0048549035445098	0.018575986323448923	
-0.040625792712344365	0.00833030151417109	0.061156213918014034	0.03751435777786838	0.03240022544098902	
-0.0249785629235965	0.033926361463974056	0.10116470266635184	-0.001789259139296509	0.07060331833587569	
-0.06398458269751596	0.04805870504697369	-0.04665043858934872	-0.004764895283823752	-0.023429512056925377	
-0.0766973939728531	0.07275010869060636	-0.03273763322206421	0.008424607505890512	-0.00018017272222864723	
-0.07828570773104558	-0.05350674964217022	-0.09062309260791698	-0.003966088721558724	-0.05448870556175963	
-0.07912779160595493	-0.048184700365368496	-0.015596867780909813	-0.1333581239636424	0.046069857155772255	
-0.03596760044917623	-0.003665350914276431	-0.06416657811682452	0.07744742411569987	-0.03970484385495007	
-0.01591591015715552	0.062166476783371075	-0.10478225737211305	-0.01662683901120438	-0.08121255854121238	
-0.018424132013408326	0.07940940416413404	-0.16562038519035713	0.009668898243041858	-0.1677952303793711	
0.08896176256284008	-0.002540489383612402	-0.007556863058567777	0.06500483294525917	0.05593600610545414	
0.11504714627125329	-0.05553071854316985	-0.07268674793568049	0.10452102448795196	0.08986557858466085	
0.059306443998724076	-0.0012068032407338643	0.0781547921307468	0.07333028171029526	-0.006500008103403352	
0.023177509379147903	0.06141867619115043	-0.03876137898606119	-0.05351996635416207	0.0012966006084069621	
-0.13520769847672018	0.07048788624300734	0.02107915839634323	-0.0831762387190602	-0.11422364454676594	
-0.05403229704421849	-0.037255207590890065	0.08351311096921832	0.0107540970475095	-0.041410935209439746	
-0.037169348243375665	-0.05883081445424252	0.0684648252109406	5.757420752238334e-05	0.028038061229284237	
-0.025603167847346467	0.06878581985834237	-0.04551177644141036	-0.04512692530606724	0.01599919819638498	
-0.03983478820757885	-0.02108951716392285	-0.021030487207651317	0.042473555005721225	0.08690429162073172	
-0.039007625535843186	0.061986948773445884	-0.053991689661005454	0.008174564475233459	-0.10302917664007837	
0.006251835960486246	0.06851152523407648	0.034911241780376266	0.06808624391609787	0.016023733895643565	
-0.05410981897003894	0.09493150890708583	-0.16027794215762203	-0.030342650144131438	0.03312705884771792	
-0.009241299502366665	-0.061454736271194806	0.0507386963619262	-0.05320541898103333	0.029814768779507925	
-0.024429946702048094	0.10948775463679099	-0.03955893929135933	0.017772206220536838	-0.13945829167255178	
0.12372523668084141	-0.09917008039104616	-0.01450804282003926	0.10611830826658863	-0.0841988738455671	
0.11127666752012712	0.04960128789040286	0.05302501256254404	-0.004341393147986937	0.10552056908847308	
0.012459803945883788	-0.08082853772433175	0.10238094943039905	0.08964551910896026	0.012669141804641711	
0.05457833021208349	-0.011492791768567464	0.006567928671458368	-0.034264784610719794	-0.018431973319240565	
-0.02761224244185522	0.07881126201104552	0.0013050069427883752	-0.05120826432537919	-0.04093298616319534	
-0.08086563716804557	0.032634493178460476	0.01892790196504008	0.0640698715154031	0.011441250438538723	
0.027240383316136107	0.048859060402514	0.0011752568879409922	-0.04624670930428398	-0.0015283483103342005	
-0.07531300350180281	-0.03256092784280786	-0.08691426598782637	-0.02827065842195829	-0.06346715566542344	
-0.027561860703694145	0.0964260174003082	-0.049033410690463256	0.09210638303984837	0.02141811697868045	
-0.043653855093922084	0.07851193336591325	-0.021642978910459274	-0.07640413471446608	0.03198197238092193	
0.0004787780136642765	-0.03655466776280706	-0.025611907958467007	0.04672743044284867	-0.039159099805704534	
0.11221063671494969	-0.06565524159240467	0.0835342200642078	0.04976774546804701	0.12269390573862848	
0.06289135930974826	-0.05859385599579362	-0.01615593963035831	0.059955068955373045	-0.028686788451576496	
0.12591850776189956	-0.06346360961641158	0.07014464702249723	0.06573482564805923	-0.026620361923999424	
-0.08689011475278773	-0.022695050736967346	0.08642647082418688	-0.03156247436512228	0.05519910773044573	
-0.013103394101548394	-0.058551117712943135	-0.01978576360516931	0.0787261435821186	0.07517429805960527	
0.021570524514693414	-0.047705277993718195	-0.0012133517306225827	-0.07419118553940492	-0.03460043768501198	
-0.005816024232968437	-0.03798529881510693	-0.06964434630024434	0.03843914142021292	0.05445235120484549	
0.06539039079803913	0.008337118159799954	-0.02071765005753757	-0.040504539648270395	0.032684341880466844	
0.07614691258288128	-0.0675911456341912	-0.027592845943163368	-0.02365087770984766	-0.009799740851134914	
-0.1261778682469888	-0.0016090548752825849	-0.12107029144589893	0.016112891323652425	-0.00048666443416730745	
-0.06716677559459062	0.041633519912259345	-0.14540948758428676	-0.03965969605999598	-0.080751888871782	
0.06700584915052205	0.031227920851018862	0.022618985990113326	-0.06939772599062906	0.002527692664580548	
0.1463391081105549	0.0656877509452545	0.08282012779607213	-0.03487512051336459	0.06342117828896748	
-0.03852788178822305	0.015850219999381826	-0.08152175208191496	-0.018548180282938864	0.03370429244877823	
-0.06273660876973668	0.06975726886675047	-0.04739546863804461	-0.17600975861351578	-0.0009021176699290976	
-0.05693606155723092	-0.07826580032981727	0.00859716068076658	-0.061157291267043626	0.04290352462744339	
-0.08195730252938196	-0.04904237114088644	-0.08977767634238201	0.040345895249895944	0.03322587575353743	
-0.006600920304233171	-0.07337265733398514	0.06269887390246755	-0.020511002794416644	0.0721493530214174	
-0.0634434782639001	0.036753654113143255	-0.17884045365311707	-0.026937898785533838	-0.08711098519956673	
-0.22537744691804668	0.07530549158877872	-0.21957678474986259	-0.14577250196626154	-0.06023066043988482	
-0.07588687931736775	0.07417192887290393	-0.06042869425318886	0.03693050562537404	-0.06867812787156981	
-0.050703590509192084	0.09077962688297428	-0.05717548661050436	0.10304343459145296	0.024508615470674098	
-0.5881115090799337	0.4121326557443779	-0.8253514853054736	-0.5779382931861056	-0.46790086451735047	
0.0684931436110041	
