TESTRUNID EPOCH: 99 L_PCC: 0.7552087538478846 L_ERR: 0.00937408470501166 T_PCC: 0.5464759083483377 T_ERR: 0.011453209332580205
180 LAYER: 1
5 LAYER: 2
1 LAYER: 3
99 :ILEARN
-0.08854962786354682	0.07980464032717813	-0.202553872973882	-0.12096526480831667	-0.14550949164806776	
-0.03786849021735678	-0.08363413757163096	0.0223804012721099	0.02053850390024518	0.053725215065869754	
-0.008743144080764688	0.031822813687374295	-0.045949976069194	0.08195943654982585	-0.0872836673926113	
0.052719308332735	-0.028115308973043242	0.04170129185689129	-0.051227616117165455	-0.04642861894157646	
0.03957214989138683	0.10143018016525773	-0.08029279754079198	-0.00042190863485640705	0.04674495022020258	
0.08176453354333975	-0.08525798933085614	-0.09210865145545812	-0.06779614100606635	0.07921181909874651	
-0.061934484968813715	-0.02576770850982044	0.11773340168217793	0.026146178538157074	0.056474543030114024	
-0.050349268693070756	0.0413703080938945	0.04417380875506135	-0.11678528433320476	0.03121525859294074	
0.1723812986171991	0.009584003898225973	0.08484522303221396	0.16133958499695691	0.013450026753210269	
-0.028073942671807132	0.08782722951000811	-0.08270730251888611	-0.07582340161623212	-0.10051091648362057	
-0.09760869504927305	0.034307047393347945	-0.07573811113382145	-0.06183478580751135	-0.010187667912404835	
-0.07392841079207324	0.00697719479838882	-0.05402533752474114	0.028471812113819314	0.05575152113785076	
-0.0863638884187056	-0.015516586684624002	0.01846699503868201	-0.03355996404019492	-0.0997709971622821	
0.03608449178710259	0.017800044302379532	0.03499706752900393	0.11509788876284295	0.043794300746721845	
0.09117303322155437	-0.08075575241598805	-0.058981689722710756	0.06946910892676968	-0.014229672610054511	
-0.10777977941321319	0.10709657644170312	-0.08969770148557644	-0.007005776859492786	0.00010174045521979552	
0.050549137371700255	0.0379719775709011	0.0059703577050181575	-0.07154547818340322	-0.0774991399125892	
0.002127572411855189	0.021959961289736395	-0.05775595552871491	-0.08082362036361114	-0.06401955742004709	
-0.054301575773103426	0.07778388635967959	0.019691033498010397	0.04129715384319979	0.007432889491113201	
-0.08399827801465463	0.09447250835408148	-0.04609661939158836	-0.14898205706225542	-0.016488643726654435	
-0.009585398713847042	-0.007972974233203938	0.11563524164833475	0.002215989331386765	0.10858347160949126	
-0.03587236636870603	-0.07129602245123005	-0.014209895428109895	-0.04072443080848489	0.03305658332479658	
-0.09420813568770826	-0.06240548305805832	0.04199320277762622	0.005587687565999765	-0.1170597846357201	
-0.0549428702574478	0.09808799650015734	-0.07845598046993446	-0.0848652744511207	-0.18696757455319732	
-0.07148066736403393	-0.10996388859703124	-0.07152833001997069	-0.03373844871766681	0.09224630985950506	
-0.07673116179469594	0.049206292214494206	-0.05882106173306578	-0.17538825459929397	-0.13157259327752055	
-0.2378648287493526	0.21634051241478014	-0.38039451269402724	-0.40440952403343944	-0.20413312711088938	
0.005365872921721438	0.02861025561955782	0.0635001915597436	0.13990456276855404	0.10757418474768252	
-0.049468912855934764	-0.046810440608705275	-0.18784456115174347	-0.15482930773793244	-0.1572682194104598	
0.015238979220860557	-0.0985685479590722	0.16705489271955934	0.10661682053521185	-0.00688112600263614	
-0.04097288927082717	0.07236942541465685	0.06338462104733647	-0.023565399624790675	-0.010238821784316862	
-0.01197750556336684	-0.034406755682893746	-0.07692948806095197	0.021231689866171185	0.006052632886902395	
-0.015153841394987991	-0.017887107176848067	0.06866326496521875	0.09815381403578537	-0.03430857447459549	
-0.07995209289843906	-0.09477362213045294	0.0020057227120948143	0.022068222709985732	0.023365116641499487	
0.008766948461514304	0.07510186215325018	0.0900125283136314	0.03629149153699167	0.055732574633883696	
0.09830593149329984	0.005807492729573819	0.03890658917921391	-0.0156215579894566	0.030908048661333763	
0.07051568933378546	-0.08133523738887331	0.12055820570776626	-0.028293551182385326	-0.0017379872683058854	
0.07928125253813054	-0.07179317312117274	0.039834791557254126	0.010619211714579881	0.0951380370680031	
-0.03945287830330738	-0.09205268877184364	0.046749144670668256	0.052083117103431956	0.08474109218766177	
0.1523538990192196	-0.12767827540309806	0.03226962940001581	0.08845691073169687	0.15340689220376705	
0.0896066580999986	0.009359872295425394	0.07366597956809305	0.0195093352343008	-0.024124829681451226	
0.012438595497412601	0.009876196446095506	0.0269290362195146	0.10037895607313753	0.1027293114549453	
-0.04879958040335841	0.10648826069218247	-0.07681719153559687	-0.08185497513499322	-0.08484255897798464	
0.03274671476034961	-0.11371579035956386	0.14425800718739876	0.11377573147450226	-0.06201021921602613	
-0.07163750548993086	-0.032613388575755894	-0.09785347485327225	0.041153606026778575	-0.043635879392365795	
0.10548772059053445	0.00445386079964748	0.09990928610104441	0.0901975380166387	0.1031181240311028	
0.014091505913543677	-0.00439037800481851	0.09197123698039919	-0.01392087572032307	0.022737349469054393	
0.020342869302262912	-0.10087777777089371	0.01478537617708008	-0.01596863767460333	0.061471125607087125	
-0.04442291025519522	0.08103324292853356	0.008401773908664225	-0.0674093437453007	0.05330373456828094	
0.0012161800595123298	-0.07822242893703771	-0.06506182422517516	-0.011324607998285408	0.05135136545224679	
-0.08925495655618024	0.08840305385220111	-0.02833191232994878	0.09073534075390308	0.021234341106956014	
0.08220865714473825	0.003605207192951337	0.04972826914182529	-0.022771709360609165	0.04260965438726246	
0.043440406465862905	0.07397724099315578	0.02998804875824349	0.02025072840602777	0.060795123458605375	
-0.06372449442238017	0.051440848113844514	-0.06726949256845534	-0.07261739558399011	-0.06135113294982895	
-0.009214757073629768	-0.04503644929139206	0.026449694586779794	-0.013311873286799097	0.10142646217210825	
0.04045111408844949	-0.06419710688825034	-0.0058820378020598375	-0.02163661199008803	0.06917134293391122	
0.0869865059671863	0.07436095698345573	0.04645850547126847	-0.03302117474095746	-0.03682135363855777	
0.06437697205670583	0.0068237454266056085	0.030301123099274234	-0.011650852891834958	0.028867288600444695	
-0.01694448534240693	0.06603648589172605	-0.025094412878022034	-0.04003327972043987	-0.06012036408563862	
-0.10145344339583086	-0.01728565370299331	-0.1250261862400165	0.05718211859266503	-0.0890176791277723	
0.10382875643717644	0.052771806642025555	0.09179338298324678	0.06152724026928385	-0.030278652486690597	
0.009082764743839003	-0.038174760084189185	-0.03602977081865812	0.02738088037327924	-0.025638562275712144	
0.09541538676081072	0.07809833920037779	-0.04375766901547785	-0.08859242894368517	-0.05716177075678957	
-0.030608405195868778	0.06624143791105862	-0.12165710678322707	-0.12853073799193018	0.02697469153748144	
0.00258436902290783	0.009376905830545937	-0.040392057459459806	-0.06352552351857368	0.017016930168856286	
0.0086673640660292	-0.07339943779014295	0.040084904403821	0.01189033274272409	0.04129854464008128	
-0.08196021511401512	0.057700847924423225	-0.08135730527055711	-0.02902281596594541	0.03950260500933856	
-0.08868833337430511	-0.03867541222996643	0.06478741007735367	0.05331221865912904	0.004624895915486794	
0.07667156216165073	0.08864405488469136	0.05844968756078177	0.05617915320255404	-0.08385195086701225	
0.05528770433078416	0.022842313448803397	0.0592264454884352	0.10857694801715069	-0.06231047608548678	
0.03331086639003625	0.05277001519792339	-0.07456604147310321	-0.052266344863264626	0.010420109578367353	
-0.007810579407153568	0.050839440501039675	0.0287201794629882	0.07847205210319862	0.12068491393797925	
-0.03748796877695108	-0.07596763950373746	0.08658755873368884	0.02778626558225082	0.10165623546815297	
0.014714876755656364	0.09905706228835319	-0.017542368134772647	-0.004717038237497599	-0.0875040193539954	
-0.027310662832748057	-0.096601027276976	-0.0775366271855377	0.029860433214604357	-0.0980512148080809	
-0.007231439999743173	0.0634974186534737	0.05692983385296099	0.04610050107284882	-0.049015497193348266	
-0.00041302145957634444	0.009443688324737022	0.10810593614113562	-0.04987368378751468	-0.04161523624104739	
-0.05617356229771685	0.047953045614962955	-0.0326969521004819	-0.10523853589748523	-0.014373379934774402	
-0.05317084354001826	0.05399397081162685	-0.042347123137990786	-0.0923615598356533	0.019905586689741354	
0.1032418600391219	-0.04694246438809143	0.09780656620727238	0.0604089369693394	0.04715594988623172	
0.08746610110851706	0.060430191902141606	-0.11683553024093654	0.025220962636381312	-0.01728377165472041	
0.07551946076169425	-0.056450881834559416	-0.0718265527939912	-0.09718124770828461	-0.027261034992560117	
-0.0901789866610786	0.02432985942287739	0.02264780998325257	0.02449669318637233	0.03740427106882349	
-0.013458675517732051	0.04914267074997575	-0.008757208198674506	0.089081499661926	0.040280367160837084	
-0.06479896421450321	-0.09089871916456504	-0.11752037715647988	-0.10215545648123481	-0.013312402302887686	
-0.09262181060199003	-0.09098256762450753	0.02712165384488788	-0.03461540757259941	0.036287134770377004	
-0.0005449626559370167	-0.021069018745201354	0.003220048089261046	0.011329315986842248	0.07221887895196151	
-0.030686162356379127	0.08065737935231618	-0.12741712038607741	0.030420451567950764	-0.09341823175424789	
0.0120049649153484	-0.09691285891582574	-0.022813888989700687	-0.11239134830102936	0.07577152886767786	
0.11118858914220005	0.04805190478622922	0.10290176018126285	-0.060737099064179206	-0.048151144558147306	
-0.027914544584885518	0.012691402358766852	0.11426149011108161	0.11514470290396137	0.06746206421650107	
0.03246818124711438	0.08145890872136421	-0.04393717124354206	-0.06090011345830753	-0.07588233212408996	
-0.058094252894790144	0.05792554679163504	-0.05557397906574409	-0.04186770727756103	0.0760844283679911	
-0.017997852638129877	0.09143930583926486	-0.020419935387375136	0.021027543242034666	-0.020618484689133455	
0.0158304910593386	0.005205476301338309	-0.12922828927210508	-0.09076814401229533	0.00773066353056386	
-0.10869719462289403	0.04463009016524181	0.03598072123062623	-0.11866763488321681	-0.016407195145117806	
-0.04247910036971068	0.07289644190224918	-0.01749809613047662	0.018953844234744336	-0.023450269496382563	
0.019178620712671592	-0.03159474379180463	-0.04330746170576663	0.028173051350409102	-0.025552053658484463	
0.006759862994192112	0.08433810465403384	-0.005026871017314291	-0.039570843102797224	-0.020114863590617118	
0.1108467189383906	0.07769456103201103	0.08193123904663836	0.09034738578154984	-0.038555871619410334	
-0.05881871585675707	-0.0658764678357427	0.0006487586865153337	-0.0330358416658946	0.045678397343009304	
-0.0016887464333953874	0.05158364651976553	-0.054434442177552125	0.04795127945556024	-0.04269117066823553	
-0.011897462273938588	-0.019901075289906617	-0.1417498777512919	-0.09769931668200343	-0.0008267330732935808	
-0.017912715212788775	0.007863865093290557	-0.10873392116244587	-0.019168925056105155	0.07573808581078781	
0.09485858663175466	-0.002348277881197277	0.153081583437748	0.1268771508013745	0.06216314619979877	
-0.06416108846367749	-0.09866203724487546	-0.05350510414005207	0.018869534588302102	0.0002852351046406977	
0.13764596686358188	-0.09123912621271137	0.15082400701241397	0.10381575283145403	0.1086671025584493	
0.005443678404811404	0.038934718788284084	-0.05662353442832578	-0.13570231867204774	-0.058685739924422685	
0.010041989939013408	0.03583047120144482	-0.006991910754590864	-0.007694526812950476	-0.06805814813900467	
-0.1169103422571239	0.06904673613506586	-0.05693648113557185	0.0677810647169813	-0.0798556877778418	
-0.019980661202016522	0.002632762859147939	0.06919314158147427	-0.0026045661061665244	-0.06887277809633008	
-0.02187864984945677	-0.009970290160784486	0.0463648823285176	0.06374212867239545	-0.06312915011915436	
-0.06695956773096907	-0.005892468174953364	0.10674669244053588	-0.06827271496078742	0.056656546266472645	
0.03180353213305928	-0.006705717166754402	0.06181058884711319	0.005991639385968117	-0.11159348255488039	
0.00690347670692587	0.06019974207593046	0.05799010633191611	0.036544160619665096	0.03996099764349125	
0.011930154601110634	-0.04680216447674955	-0.0027852451476584467	0.025906587423368915	-0.03616009772738531	
0.05797256384865687	-0.05533535850718901	0.02502436134418243	-0.06035323857459254	0.03942208651390639	
-0.004875218979510764	0.05408457046688901	-0.03634603016486681	-0.06485491395162098	0.05232706545724912	
-0.0403674700577372	0.047424506921906154	0.034663357868535964	-0.06980670829386708	-0.06579157582384601	
-0.06946568552862536	-0.06025743678958102	-0.02446004301084668	-0.10256819598222348	-0.08678341746228702	
0.056909695853539256	0.04962609272676201	-0.047425803322461296	-0.0237994165732292	-0.037487584197432665	
0.10215299047334	0.03149383020293737	0.031932879061288166	-0.02554893510856164	0.08316396119342427	
0.03967478040590887	0.05588273914635834	0.12105938739405359	0.06159888134890773	-0.018401065873391353	
0.12050031836672774	-0.08612351358540885	-0.022338501432206663	0.019134017479909327	0.012452921006215367	
-0.0648018129347691	0.04210253365448383	-0.06096675519487012	0.027076770128628896	0.0502341588251851	
-0.04922418759707291	0.013865093392431384	0.055273557698098344	0.031502411693629606	0.02635249038533165	
-0.02580616215728797	0.0363778019184262	0.10694218036069546	-0.0009852152062577717	0.07191289780038532	
-0.061006711256583517	0.049281994003510764	-0.031628839721786366	0.003156489211184303	-0.016277186778574055	
-0.06373701501452568	0.06796914621795475	-0.009579980944937424	0.020865117698331048	0.016585278223512315	
-0.09362595322438715	-0.04836415812188767	-0.11781472322386743	-0.025455594328905057	-0.07339259971890864	
-0.06321182165548511	-0.058788623064017	-0.00365085693371818	-0.13572920412305686	0.053735470980569994	
-0.05016314157897695	0.0050037995961225365	-0.07666235711198136	0.06815841684143366	-0.04985343526747913	
-0.011664748577702437	0.058019377299979163	-0.10357634465122494	-0.020849436017690248	-0.08059876111017877	
0.03694767190603514	0.05174740017551183	-0.10330598764832527	0.04064353409103279	-0.11864698911074671	
0.0422051230537847	0.02360770697020793	-0.07837507823362448	0.008917130204961562	0.008615062458727417	
0.11263419396802664	-0.052387794537577706	-0.0690771619684947	0.11215455538539147	0.0887895767151797	
0.04287578472387287	0.00678700141727573	0.05677218677599569	0.06890914446499964	-0.0244448735957019	
0.05064775025219004	0.0491641371139506	-0.0040475449941239465	-0.04118988155055412	0.026836407223054613	
-0.10167454331017912	0.05440663296636425	0.06217635215424366	-0.0604711836744614	-0.08111398905777706	
-0.07206757058547025	-0.030198418794017166	0.05620752126608842	-0.008203048289726544	-0.06257573615545062	
-0.034694841272470175	-0.05851583867145006	0.08581658201110696	0.015039072569715902	0.03225011513736054	
-0.022301095746821396	0.06721945203226297	-0.04284964097331756	-0.05508423026256872	0.018929472310015596	
-0.05036560826409607	-0.01555667055558713	-0.03627016310641393	0.02902858814998266	0.07867942405458128	
-0.03434952201628268	0.061499183019410514	-0.05240435821393524	-0.0052017169453095185	-0.10156910108038802	
0.007890272820848133	0.06918294843455852	0.044062807862854846	0.07186497258857304	0.01895301786376906	
-0.0246452307749545	0.07940762044996098	-0.12728788830931415	-0.023363900973729063	0.0593497854055062	
-0.004377675672388408	-0.0630078553241315	0.05733768673943168	-0.05974780468741958	0.034631333677415777	
0.01601059203807718	0.08965189154965325	0.018626717989191785	0.05027331044503208	-0.10503691608909085	
0.0850308182568062	-0.08233660420611179	-0.06976365767379494	0.06161245039934513	-0.11601591900033902	
0.09615382478791513	0.05751946203637091	0.040423090421961065	-0.0020914260161920893	0.09503362879848874	
0.035568604129802346	-0.09201036157978104	0.14193595994097613	0.12374974889513715	0.03864006645191482	
0.060210948024482756	-0.01445809495178549	0.012145014095944427	-0.04184467583662482	-0.013976459118449651	
-0.021182366694386057	0.07467378811583975	0.01845241845584496	-0.032035644759819584	-0.028720517962141114	
-0.08601411484118411	0.03580554390245416	0.01537054141380071	0.06313021134527323	0.010266322259171396	
-0.005346594513376363	0.06762586759026103	-0.05833229425654861	-0.10831086330336433	-0.04087085552501565	
-0.06849761799558074	-0.034796115158497835	-0.07732956438430065	-0.02959852080793637	-0.05909429585337161	
-0.027435572474300236	0.09781113323682905	-0.05046361378829573	0.08552830944381502	0.019024301515362396	
-0.030842576297741668	0.07304858157683967	-0.0046903865254335625	-0.07533897501928814	0.04429932282488385	
-0.03050545207244831	-0.021621128944282548	-0.07071061144829698	0.013588336044580455	-0.06533854930087578	
0.08781714366192726	-0.05279636064546301	0.05843999688317239	0.04329586653122078	0.10256457782046204	
0.09771463235061079	-0.07526622969939126	0.038956899385827165	0.09444018106516583	0.005187959738861654	
0.08173719252074291	-0.044426738463102494	0.008642265342482938	0.02057326688540727	-0.06441287470901731	
-0.08526447521147867	-0.02431511862767001	0.09342884144324068	-0.03322455608592881	0.059376930631960326	
-0.041756413799708264	-0.04629906321283583	-0.05058994775596782	0.05258573538016848	0.05407048574684049	
0.04710299187346756	-0.0578641417262259	0.03851017809417193	-0.0535993132382158	-0.011333067971119574	
-0.014317453046365091	-0.03549989502768001	-0.07778702567900024	0.027352589096350962	0.04813827000048321	
0.04621944438604695	0.015966466021512547	-0.03917235442069143	-0.05399239852336166	0.02014180719552085	
0.08552856080641928	-0.07088306433135581	-0.010517458356463685	-0.02209457793542981	0.0005847145149540041	
-0.12448432449561954	-0.002040734365417167	-0.1380901637489245	-0.008596542970625273	-0.006008916807554336	
-0.01691506800112589	0.019665785780058884	-0.07455970030253382	0.005359993539794162	-0.039584851990145484	
0.07319711604880434	0.03069128781153718	0.03292720876757795	-0.0629788510158183	0.003206599647239549	
0.12114463142359755	0.07562603338473971	0.05689442731211537	-0.05403759946667577	0.045711061811775804	
0.004821209811448732	-0.0035708191381147386	-0.023506219239249795	0.015784746945511716	0.06611960945737373	
-0.04980649094521684	0.06847608563154751	-0.06322223735858928	-0.19476077148426799	-0.0034558810209347267	
-0.05381906407522885	-0.08030283511477859	0.025857705001229303	-0.05165691752317849	0.05220488375380241	
-0.07032119126109876	-0.05473239698817382	-0.06653373608817104	0.05326814833763425	0.04763552555306718	
0.0022690990339106366	-0.0775713555697058	0.08438317643044795	-0.005168001077320208	0.08388867314554854	
-0.05165568685277881	0.033504068569596396	-0.18307698016921672	-0.04585217120203935	-0.08421257716289962	
-0.1935667780032815	0.06265857179458352	-0.22480652998621148	-0.16776300041521788	-0.05021806893592281	
-0.020476263929788557	0.04901917106722694	0.019583929970951618	0.08924454279639717	-0.02047784700026468	
-0.0543105639680664	0.08997630301075658	-0.06526352752026222	0.11418366655299536	0.021650735192684987	
-0.4050090552574177	0.3483584145234922	-0.7759665075635861	-0.665804492663413	-0.40617746667198157	
0.024002363893043117	
