TESTRUNID EPOCH: 43 L_PCC: 0.8946004528124599 L_ERR: 0.00940844088288073 T_PCC: 0.8652759370100349 T_ERR: 0.011904731565712076
180 LAYER: 1
5 LAYER: 2
1 LAYER: 3
43 :ILEARN
-0.18509467533934837	0.25852909622780224	-0.21092804066869214	-0.010537476081564193	-0.3308624909687458	
-0.12962167513828812	0.06912023409895746	-0.11284210487959871	-0.009878574748131913	-0.16952622888288035	
-0.15290162647829517	0.26761624875498263	-0.16254834176508812	0.13059782995316785	-0.3559673152938662	
0.4266560764198767	-0.21907780996147067	0.2286306772122485	-0.05737468616212805	0.3219945678107785	
-0.009946643833731731	0.26609660922417344	-0.13549387670353827	0.030351595470231276	-0.18036797349482295	
-0.013688763713775434	0.09904552570847971	-0.1843730883001127	-0.02345127838181192	-0.08774262136694527	
0.19425635005530326	-0.1649725480059262	0.23843430273627206	0.010337380667176998	0.27234452516207586	
-0.31605509900214734	0.22347734505313724	-0.13963892213061269	-0.051050216419548114	-0.2633851731825662	
0.24765348467057766	-0.04137410743270112	0.04461135711842799	0.03400173573185743	-0.03985962108933798	
-0.2266152221468286	0.15981177610003228	-0.03022852935774631	-0.06264361167324356	-0.24828363625525918	
-0.22769580461164804	0.09511110212556384	-0.03788989275664935	-0.0805395597365767	-0.06763209418406618	
-0.47269561038138774	0.46606085253783486	-0.4203522027308869	0.09021216359505112	-0.5420857367733176	
-0.25165910363060845	0.11957930178410804	0.036525237283519606	-0.031952475695932354	-0.22798884490471352	
-0.4601803601001096	0.4125088743698133	-0.2318632461436258	0.07228828298268054	-0.5720222249240793	
0.24042639181503064	-0.22493488387379718	0.02096073840900119	0.05812123079304422	0.11008847059715762	
-0.0569119721595154	0.4035560807673146	-0.13068095755799433	0.06970231480123433	-0.0797391354836899	
0.22149228061480017	0.03053350540939151	0.11482462002362649	-0.04811881687425208	0.09892905655521499	
-0.18600304850435415	-0.0888093782397587	-0.05873754372131653	0.004661718714172443	-0.06823413012218006	
-0.2861252392229462	0.21761389851044358	-0.05688571094916707	-0.005727559725346743	-0.30108201490356923	
-0.05219026344742067	0.010709100527770755	0.1475424122266439	-0.13863578740719504	0.07505967653849847	
-0.14860867381889306	0.010777969124067881	0.03183864416019544	-0.0090719858050473	0.02013515961920513	
0.048469267397699196	-0.10650034137083138	0.11851154253405033	0.03842357916257428	0.11930280973130768	
0.12125444221139946	-0.12304736076105086	0.2139352819387876	0.040559490794013754	0.09550228218599542	
0.00581970909958712	0.1661958349283319	0.06984318704092557	0.07035621696901023	-0.1610833557081433	
-0.11285759589483985	-0.03430484440646487	-0.11586549184998303	-0.06510612420064765	0.03376211128303413	
-0.3822044744328256	0.3867318125238862	-0.18517732697131728	-0.02726886273275462	-0.5561432433540845	
-0.006671768552482828	0.11675980699806227	0.024947756785369597	-0.09463699189505903	0.046441158328737804	
-0.06860697435919365	0.07836711447188995	-0.02572492381120308	0.08000952688522621	0.018717259180255377	
0.23437042013258774	-0.27301412871939085	0.07546189202000625	-0.10211180029210136	0.17321176685565606	
-0.211316449433273	0.0010032391389872696	-0.05033339441247293	-0.003192351692255494	-0.29644817381504457	
-0.719417661604935	0.5820682282670174	-0.4223521520172252	-0.07209635565706445	-0.8934558439871051	
0.012657892410964284	0.01980689444038254	0.008995934970938061	0.11015560149494522	-0.0037936958036995255	
-0.4462075322924883	0.31431926752957895	-0.2527201570106683	0.029585552821542783	-0.6452720848478616	
-0.13254321279111086	-0.16374070405044855	-0.007697393058988083	-0.015866738971875377	-0.0014279966627998946	
0.21970706511628074	-0.13504854780221495	0.23221352149089916	-0.021268577699982583	0.3108651999328838	
-0.12407396873605889	0.2525455072803666	-0.15704220506271493	-0.032198917028826275	-0.22935444256324192	
-0.19199847088133234	0.22560607647861122	-0.09576796421347782	-0.036915995777153765	-0.3368820368006429	
-0.08228010108583132	-0.024281161443690604	-0.041135483018739184	-0.015257769452073678	-0.09433454526212924	
0.1514261955319213	-0.33646217876797696	0.19172227251683807	0.02267906568753708	0.35338404848664967	
0.13222173747950688	-0.22062766494169214	-0.022062189973294597	0.00042979444070053243	0.15849566328643444	
-0.41325877496313057	0.2205186668385673	-0.18076957282180964	0.07768809996637233	-0.4334786954764126	
0.17295219893580036	-0.135312128747404	0.1533415298141995	0.09436678239035436	0.1904498677445704	
-0.0698051949068987	0.18940370909926424	-0.07968135333340651	-0.04384327929391234	-0.07712460672919273	
-0.2629763282765113	0.4214065340719333	-0.12836973153754866	0.15902999860869954	-0.43250322522285295	
-0.1648636867077584	-0.12527518801384202	-0.11418869605099777	0.0520623036300082	0.04143857162538018	
-0.021706701489996504	0.009031003701880607	0.04381316885635764	0.08799557116542873	-0.13631235085090232	
0.2295171766587454	-0.17771980802645432	0.25837292318797944	-0.06217581867970591	0.21659118212408635	
0.01598433241376514	-0.11001916025143607	0.008085094834021372	0.0003933337827833962	0.1231243001754917	
0.07763215583114944	0.22371820889704533	0.13836437240741725	-0.07899299287775043	0.15756815273749536	
-0.11828707715987687	-0.19897217604206607	-0.12144531626249583	-0.0074298062982973995	0.02542873598571959	
-0.23489695746801437	0.06864953990244733	-0.10947609125058849	0.06104699953058039	-0.21002457918817613	
0.1877484208807387	-0.17714216865529206	0.1490812274326957	-0.028485839382584238	0.12950465850989426	
-0.3331387182314848	0.3392682533452854	-0.20496111908351713	0.051845606465483314	-0.4900408869940998	
0.009141802733834284	0.3366011554983674	0.05760210756080552	-0.08057664608159448	-0.16849528422369148	
-0.16450705830652132	0.006360946170371503	-0.06147936491391971	0.017838159791897363	-0.08328403567500099	
-0.17420364264702973	0.1449207923780621	-0.1669571447697247	0.03408822452773574	-0.11122335230267015	
0.24029843958782998	-0.1850519999721314	0.1301494719268213	-0.058901011131231404	0.23881256432218606	
-0.052392518486512024	0.1650832418103683	0.0630326470380667	-0.05277018708919218	-0.41419698179708425	
0.025463885189590727	0.36944931545257015	0.07023458375332207	-0.061749874108618256	-0.12996645155254377	
-0.06333509993834834	-0.36660880869898077	-0.08382755034201683	0.029702064007285645	0.148624396267498	
0.08417030972221036	0.08191366774323063	0.07788869891657059	0.0012451182560197665	-0.11880502948312538	
0.21095383274877103	-0.1360053548952979	0.07068878397482686	0.001129107531786722	0.19270699401557645	
0.2387463684696098	0.08679804195321139	0.18726758597628965	-0.12718606580149425	-0.021559531555429456	
-0.07460437831589484	0.2872405623478155	-0.06996417470149051	-0.05317687377173081	-0.2284735997503636	
-0.11858980934813687	0.04710473253183994	-0.06352956746684531	-0.08179375786924628	-0.1813333354224986	
0.00707985844118364	-0.04681221753204917	0.08211171622457614	-0.0033939274858456113	0.016236108745988295	
-0.15674397686906902	0.1701730108268043	-0.13165960451609124	0.008996081906941787	-0.1354016712694094	
-0.11807451494687586	0.014201028240449765	0.1945124813804273	0.032280858792402146	-0.08242210605881248	
0.11966023703409097	0.11247236465898194	0.11062614014876189	0.06000105466693567	-0.12608651816111954	
-0.1300871102613162	0.04063227471029013	-0.09575695970837735	0.08737978241831686	-0.13218262325626898	
0.013904056338792695	-0.21677485175301797	-0.12122640820200942	-0.060349794256755386	0.23026330873587283	
0.010554667985489569	0.10493397327006028	0.04848503369902266	0.05744370122944732	0.05751287260559178	
-0.2537354155426268	-0.06705236328917305	-0.06446937999685855	0.0287097363720478	0.04888045321911631	
-0.030672751522810925	0.03752109569916346	-0.12552389363544436	0.003055678009854419	-0.07563838666576296	
-0.015492996319257858	-0.047252880137693846	-0.040458194151219366	0.04918793106062041	-0.24248555144478395	
0.03746924880940689	0.25483713195092467	0.11177742840488775	0.025277912327085237	-0.16817996525668388	
0.080848581577942	-0.005029591022389772	0.14172883251682566	-0.06776303954189695	-0.0129972586451535	
-0.24194127626295234	0.1453444916608152	-0.16725296489892477	-0.1054613105947229	-0.1921885834683956	
0.042937143466701945	0.024791259846708824	-0.03833616895113231	-0.11244749357578437	0.12128908616756716	
-0.02665304985155643	-0.02805692092444266	-0.038323120392976896	0.025125941026297442	0.012123420815594402	
0.017369161611066664	-0.020566214570878098	-0.10634885281746703	0.028061644350668602	-0.06625323666213168	
0.10829803639429582	-0.06434208315280544	-0.09599806246951892	-0.05848003528084304	-0.1640542178263382	
0.07074499338693872	-0.024589303076403675	0.06246529556330598	0.05828800935670941	0.05262957640770622	
-0.04932940840700313	0.21508558177331497	-0.06868955785852011	0.0914207031882192	-0.19196866056067602	
-0.29045442644741326	-0.08973912624155514	-0.16275622385915683	-0.11490525668012876	-0.12929828791901193	
-0.03100149031580425	-0.1616040038789377	0.04827145523731114	-0.012772905652108764	-0.047640204195754224	
0.06263574339311806	-0.017500063529748193	0.03498581472173087	-0.005328392626237506	-0.007254026961864175	
0.09539399636248636	-0.014428149662703988	-0.17709914115645578	0.07039022222415885	0.049893667148742674	
-0.011057234514733906	-0.0995385724153681	-0.06938885097359568	-0.07192849240192695	-0.1023722049648992	
-0.11386077111223175	0.1337524509661209	0.10458463470179924	-0.11186967329874076	-0.16863714628030857	
-0.056015578427450766	-0.007890753913663532	0.21935413687004598	0.041532693926174265	0.15323914222978607	
0.197525409341976	-0.014612581429479502	0.031435731269231236	-0.03747447336676058	-0.06063095527003197	
-0.14735820338008346	0.07141473934856632	-0.03343900167561424	-0.07340163324581743	-0.010284686975573202	
-0.061488310686519845	0.051234796463025825	-0.01525729097768453	-0.03057992422537854	0.07466160963452306	
0.1365284299760369	0.08845250901349468	0.05156382159529081	0.005037202285834806	0.0847970438892535	
0.10323769677921507	0.020864987267143253	0.14326064823906565	-0.10225734730519441	0.09798761226088178	
0.15418870227796622	0.15335166354068838	0.1140032869341147	-0.0015887231245280931	0.17693395925480943	
-0.07065442926612053	-0.06186797594211159	-0.18318071285792842	0.004411542757338227	-0.17927532502995616	
-0.1758983436743828	0.1241569371634528	-0.12918136892936627	-0.046076470195480425	-0.23798892994097331	
-0.10262230955572793	0.1291226219606644	0.09612093395831355	0.03511321764874706	-0.14570428075860034	
0.012006407087426747	-0.12329858713152704	0.009611675055856559	-0.07672741989502188	0.2086466373885612	
0.15328268351285157	-0.07878052132008861	0.12448628361666021	0.03870624994376884	0.0808470479909051	
-0.05583435913964756	0.06364885601433051	-0.13328306952536706	-0.01772307535765428	-0.12785665832193155	
-0.10507015737513861	0.0016785614203078149	-0.12951131695983276	0.03656994836986639	-0.11339455137519965	
0.07054811876289303	0.08529103249834691	0.05611831128594189	0.06405005938457754	-0.0706151774431916	
-0.20412194601479244	-0.0034695391876768673	-0.08932680696335331	0.019847486446555727	-0.20056791402361104	
-0.07748622176031598	-0.02214659505102572	0.03953655162150999	0.0865597302862001	-0.21171837843438598	
-0.020521867359533544	0.03755789989245579	-0.1381853922000169	-0.07600948877404767	0.12157300667743652	
-0.0141629020657717	-0.01929051358104934	0.028299783320504788	0.006980000361915961	-0.14028883643378992	
-0.17453198995593697	0.20824043913688883	-0.07499008989423545	0.06856161511794888	-0.1314903711491563	
-0.22985071417139977	-0.02956864747669789	0.010725514546076951	-0.0536539083941671	-0.2708302314983508	
0.20859059542846056	-0.18150181814093616	0.27647739481594913	0.04217459278648336	0.17648529246448394	
-0.17938647086852008	-0.04637718460254226	0.10717488684196211	-0.13558151778273175	0.05437452604905269	
-0.1168716211978296	-0.06745244214199231	0.05709822611590797	-0.009887388248402407	-0.3026541048431721	
0.04004243358454888	0.041717988356177745	0.10609964766769925	0.022997155797027928	0.05756038825360981	
-0.05286241997303583	0.020943824235890682	0.007075901458687391	0.049966411401649334	-0.13643411953703838	
-0.13828445993604835	0.16530182668698554	-0.04795398907510195	-0.011074013800135276	-0.26446021248615487	
-0.06437462374648387	0.12530697728828497	-0.0009891691386952573	-0.06948780494390278	-0.013607085332206711	
-0.022516902934248767	-0.04811472375400883	0.10668589930864887	-0.07382056859539891	-0.035079844106511486	
-0.10850345478705883	0.12359254563916783	-0.06839135626816406	-0.11251358377868073	-0.1381342562347473	
-0.023653246450706197	0.39584159622584386	-0.12866048612672423	-0.059841859923374124	-0.08195369992234622	
0.16966086982852702	-0.0007476176645220519	0.0733302554473214	-0.03337457459998654	0.21324109218376427	
0.15202450381157143	-0.05040815844777781	0.13241622694968472	-0.004916676337506745	0.057820286873940675	
-0.012147132127587862	0.05181968005816873	-0.11905655952661251	0.00510937420388713	-0.22137877252180035	
-0.00825498650689807	-0.018212845642293675	-0.0923918715913074	0.00916338215758757	0.01563764815837806	
-0.10469058197595302	0.03321041312131898	0.05918592260011602	0.04670471523334139	-0.07830102486428993	
-0.07793773714837113	0.08631056082995772	0.10039841170289522	-0.01850070475550579	-0.01254663515055375	
0.17928413423255904	0.024198004299592145	0.14074616560154216	-0.05200683529320601	0.29593369084386595	
-0.16551398369761391	0.15365439987621154	-0.09947431695239627	0.017064279190226718	-0.17368289335207204	
-0.22594691845255646	-0.2022653645912506	-0.14965999742589547	-0.01782034796426524	-0.0937928718321113	
-0.1715856373358399	-0.17222266917698853	-0.03615002134618122	-0.09960443800631841	-0.06502236389395065	
0.29184015621810017	-0.3062143627627518	0.19085843769891386	0.024610888320507437	0.4288042201411144	
-0.06766239359489856	-0.11031503616427045	-0.0828298997392012	-0.006799280357169659	-0.11901640772118256	
-0.14422350295484512	0.08750465198005988	-0.20673103068642776	0.040480845018875625	-0.3743556799529355	
-0.11490964280775894	0.16785929715086131	-0.02964270831274356	0.06754914541707396	-0.20607487397383903	
0.125214145107087	0.05731540059892954	-0.14835433604636222	0.09810618094301098	0.033260474135865525	
-0.07020439178433761	0.15175440131803752	-0.09995846085999652	0.07942010808290992	-0.21545718435455724	
0.011435525906179952	0.17450599352596866	0.04178598505614964	-0.04062621213401569	-0.1463719879819475	
-0.15902634223127773	-0.1041069196601168	0.10870327970693335	-0.10682465291741862	-0.10663555496337664	
-0.19900912260208642	-0.15234228550208986	0.006916571120580066	-0.014470856357559635	-0.04016647649995925	
0.007121095827581068	-0.031566331218164975	0.05807404675364465	-0.04738408473593801	0.00969055722550997	
-0.05167045798192957	0.026425946896285347	0.025268546241881892	-0.032796030102938314	0.07411675649348799	
-0.04213210492828476	0.10867060096952182	0.02020186877539799	0.05231665559221972	0.08402932980856007	
0.23221263694218439	0.1233989424897738	0.20114824910701146	0.01934582891605409	0.17402094318915626	
-0.03950920658554241	0.07225392010811922	-0.0019518797879278264	0.041681066699587974	-0.02134897058948343	
-0.041739126396334716	-0.02942316645843656	0.027117240760995046	-0.0024445288936546586	0.14155002791104704	
-0.2408916552607351	0.24678153299676606	-0.031109046921901813	-0.017774630831209143	-0.24547443086188325	
0.040073120819170846	0.1953688972328716	0.0296153132923934	0.08876336844009038	-0.2173018572381072	
0.2323446619641782	-0.2611798084410835	0.0761677898324548	0.0627263928989289	0.1067564007120062	
0.09977777495925662	-0.14880987094397677	0.01566569270142485	-0.085229361671946	0.14870691465685953	
-0.35555714107521147	-0.07675325251740216	-0.04571489640203648	0.059530093982570954	-0.38322249613874854	
0.05312658401051534	-0.04334919837332934	0.07951263075592535	-0.01796916959721751	0.008366746899038345	
-0.210449788018728	-0.1143598439910258	-0.030304167785439956	-0.11589341313263049	-0.133105983831925	
-0.2139650153908945	0.06527312402608525	-0.166481708789585	0.03319882561467008	-0.13225219896466558	
0.007207548432347042	0.3282483480933386	-0.012721005615414473	-0.0054923927797438255	-0.23754756098874313	
-0.09150494750836814	0.22339400338626692	-0.10229913239031635	-0.002773041959851566	-0.1379240251879454	
0.10572445697163134	0.2386719646772642	0.046507785594089725	0.06833765452640653	0.13247079261236577	
-0.1015905305019376	-0.0006185845886004848	-0.040635389462695654	-0.07493802032228751	0.015070934129765748	
-0.13490139900319642	0.15532663586599532	-0.22977576614646003	0.06393226503873439	-0.21950846263758653	
0.0887134622709182	-0.1606838250674962	0.004046643352380629	-0.025018994362533964	0.1466883436878096	
-0.5216058160710368	0.38435743169451964	-0.3660661574614393	0.1168912048054981	-0.6581352589503122	
0.14089448601623042	-0.051196319454106326	0.055632868608176414	0.07447863275938568	-0.027736754855983033	
0.17946124380443718	-0.3793428894668432	0.3195189029488665	-0.0808025821735469	0.39563404725887996	
-0.0022103285334714377	-0.13318356786010876	-0.004279915304978637	0.02980280966942353	0.09168366820646666	
-0.099896023448196	-0.37811959819295915	0.26002521597679845	-0.15341917830703555	-0.3604936907959515	
0.02332320573140706	-0.1308207206098827	-0.03849447812561743	0.040384001772843486	0.11722247979715145	
-0.21387610816245703	0.24864004048768962	-0.21079844290448907	-0.014869158676274991	-0.32843989881206337	
-0.013642667080236839	-0.12134813909917573	-0.015885866508493787	-0.021311617943042593	-0.0719186481329684	
0.105282982281577	-0.23577232258983985	0.09811609247536165	0.0880574203339673	0.25626145440098763	
0.02166096323891245	0.11190149995715602	-0.14881663950404753	-0.06299167425121173	0.09508306421758464	
-0.39185510616975355	0.5771806679304927	-0.34264110357844896	-0.027061458415647666	-0.6102747457210863	
0.3138575681803378	-0.17181721069593708	0.19731813633842651	-0.07735894379206332	0.3269240345529385	
-0.0634952174616459	0.049430863610177775	-0.10056522776233241	0.010962948826640635	0.04102803328122435	
0.24096742511645444	-0.0304300898554034	0.15756586864124247	-0.06550345345289679	0.2842183092492013	
-0.024193845036652423	-0.16294434314103243	0.03264831776355538	-0.10011854758313751	0.11735729957726873	
-0.224015002112879	0.014611543949225475	-0.13071718428905058	0.053953017207395884	-0.16914841646047477	
-0.06185119605303994	0.08309721161988948	-0.010427389417115802	-0.023861399052818075	-0.11734614847896209	
0.1085755945590104	0.05058046869064228	-0.11773213998154038	0.08919576440730997	0.1043269399650011	
0.2048218267789889	-0.0865788754729299	0.07570978836522849	0.03897330214118044	0.4086746822320232	
-0.40856161641968464	0.6070710083619684	-0.3510142006731337	0.08150480764214171	-0.4674999181876078	
0.07158863164208276	0.032118379317203856	-0.04756091379106686	0.10961491074609901	0.206722457595952	
-1.8164009540078425	2.145882247370525	-1.293959916873347	0.3979957340817101	-2.2808003087970343	
0.7452628924755802	
