TESTRUNID EPOCH: 40 L_PCC: 0.8901307595908922 L_ERR: 0.009755714566878173 T_PCC: 0.8747220344654943 T_ERR: 0.011059160780561426
180 LAYER: 1
5 LAYER: 2
1 LAYER: 3
40 :ILEARN
-0.14699915403114439	0.2190672847434009	-0.19831178138486855	-0.02296332495698457	-0.27407426540833413	
-0.012589957291615368	0.14385730441383404	-0.10422897624902926	0.023649920538501353	-0.23554792018954382	
-0.14585704734041963	0.1474203827257242	-0.129271764476029	0.12185584952498801	-0.17588435235309333	
0.3214897111038707	-0.20758899428956226	0.1739056346106709	-0.08170202915663491	0.26889590741556524	
-0.0801356790978107	0.17343515877987406	-0.13444208970119145	0.002540094027113548	0.015710506879119006	
0.18797360210589611	0.027072092638503777	-0.07910480300588252	-0.03100488477537031	-0.004931348209757328	
0.14990681003750503	-0.045533686770524565	0.21028117577632124	0.02312832232621028	0.12288488556887382	
-0.3987238146517841	0.24604860652634938	-0.15716001471125776	-0.026893604451163417	-0.37245797847618134	
0.29572126492238454	-0.06103554379947434	0.05884890055620991	0.04949240665358056	-0.02904042824251766	
-0.22151451949413645	0.1180953189185673	-0.06319011448912669	-0.08602223176731641	-0.18361377675434	
-0.24699098333845368	0.16085015956843637	-0.07920306779726889	-0.08270119975399187	-0.19959346126165517	
-0.3949315529037582	0.5627141840887159	-0.35417330161698724	0.14276184625513594	-0.6192674072664642	
-0.19888117391404153	0.08795740055835821	0.04832436666215169	-0.03662587182725092	-0.2466915939213833	
-0.41289730911475486	0.42759714869150306	-0.16008970581222812	0.11801643399109128	-0.5393079776527979	
0.2311878736978928	-0.2015979834633821	0.0297403750816678	0.031836579020998394	0.12385371163777427	
-0.1268996012440728	0.37638484920412457	-0.1415704687226102	0.05899136765098843	-0.06647995935052727	
0.057455386056556174	0.11958909295099883	0.023400048007547705	-0.05195520110972547	-0.044559923424117825	
-0.0534826074237243	-0.08029528859397736	0.1210194585863937	0.007639294789707938	-0.13359667180664778	
-0.23565748285885682	0.27506967981717323	-0.03928035767374102	0.05265157416762619	-0.3585210084240875	
-0.12495891413758752	0.02405544470754085	0.055861936440855145	-0.1625477813211696	0.06483046495521126	
-0.15841953309852683	0.03686243299479782	0.03984579986400823	0.0005419018203794756	-0.03921690861029802	
-0.015394440586513378	0.019604980854215765	0.08744096039313255	0.05765169388072672	-0.008995255705774863	
0.09885261862271989	-0.17625151882032764	0.23973804311609376	0.020041533610315247	0.0966392401374655	
0.053986556593076496	0.09422908581738106	0.14283983912199433	0.052154278471996066	-0.1294671413222773	
-0.059322643008840575	-0.12349396975014608	-0.10423692692593002	-0.07593457786882375	0.16987822256421725	
-0.31301582060608507	0.38617825087542323	-0.10260400541970723	-0.014880298444760432	-0.4619508284772522	
0.0042685118977407585	0.1575961992466133	0.046628573908923956	-0.09203422032094166	-0.007771923907471237	
-0.11710687831507233	0.09256844540675542	-0.01654384437189851	0.06832373316488707	-0.03752041417689213	
0.19664496037838147	-0.24244653046764408	0.07388913335477719	-0.12900758015808692	0.14574085497877473	
-0.17672629667569545	-0.05031117180444289	-0.04111470900174478	-0.006423957037949234	-0.2154074320388826	
-0.6942498207772375	0.6297805948909208	-0.43894146126989786	-0.03222837536980812	-0.8385403765262338	
0.03560621110553193	0.007683454115512803	0.05327355269539495	0.1043906009383663	0.018666613605772934	
-0.43716090360630167	0.33389004227872704	-0.2622731219846778	0.04637301367265891	-0.5623867123412046	
-0.1352592541432663	-0.177029958714369	-0.037780211662760556	-0.04044785901027682	0.006583620018455715	
0.2671016160465517	-0.20269558587839917	0.28497049842511984	-0.057331797274287936	0.31618114846656964	
-0.16773360720195896	0.2924142714374373	-0.15120479660215094	0.0005801998761232241	-0.32811542368026236	
-0.15899786979128147	0.18618162698310925	-0.06298949312152854	-0.005680177877855775	-0.35767354302588406	
-0.08509990877672921	0.02091060328806209	-0.04209547316063588	-0.026750220041726447	-0.11723337401604304	
0.12827920688358713	-0.3058587973255054	0.16988317719934753	-0.0054363354776353736	0.3177075212959538	
0.06720158572370036	-0.11357150827179917	-0.08952535758637453	0.031038637081795876	0.038154251654448454	
-0.28374148142237343	0.1905080434479073	-0.08752134368818608	0.097731013271208	-0.41276400240442973	
0.13113828550604992	-0.1501122505998581	0.13818901880185888	0.0812727685862464	0.14569008399981376	
0.00823475140729005	0.1779740969209956	-0.01996549184941662	-0.020245548945769888	-0.20123379598887517	
-0.17036824266851824	0.33943031106521726	-0.032724725524265114	0.2096085715305374	-0.5151014409328256	
-0.17862652128174034	-0.17201553039446676	-0.12117739610590589	0.025234376749968788	0.04342343901209864	
-0.10818035437010658	0.08352732396541841	0.022080938115524158	0.1225645005627747	-0.25983387085001874	
0.20700737988798668	-0.17266269151442082	0.25598343572748145	-0.059420059714726775	0.15541449531783172	
0.04396365281893757	-0.12349999566537793	0.051256022855199035	0.016258292252786397	0.010961722377348479	
0.027659904295298146	0.12293825886841961	0.14629005919195112	-0.09291029975216374	0.1197280250839598	
-0.0721556874143895	-0.12504658815811937	-0.10939458468678036	-0.03351410734392138	-0.01759493066857161	
-0.1815259458331109	0.10967148943636797	-0.12040720170856348	0.03757493672602062	-0.20706140666504294	
0.21524019082500603	-0.21200870127200955	0.1833968357422066	-0.03290322375984144	0.11478568238974324	
-0.23722909206026932	0.30544400769093566	-0.15045085662291138	0.0484935280446322	-0.4701571527866336	
-0.17261126777829852	0.40933822453508695	-0.08703088542734513	-0.10164684351751091	-0.17809879667265854	
-0.06615588829904948	0.122731197980788	-0.009082498828648686	0.05644494406996144	-0.03193820350368996	
-0.11819334856091222	0.16012842413432643	-0.14207897768358935	0.07948576546307468	-0.23736214113881268	
0.23209769117953075	-0.06605887801714885	0.0929236323159813	-0.04386340250469489	0.04811991227743381	
-0.25926494126517635	0.1106225337524576	-0.007821926870255017	-0.09676862341667479	-0.1352556019898623	
-0.1298064614413547	0.2914269218013846	0.003204251962753134	-0.1148564631190506	0.013227508995707796	
-0.040392017216886254	-0.2884033139532275	-0.08379456655721587	-0.01046238349672602	0.10060098008891392	
-0.0050216521730479325	0.14766539290001063	0.04331674089245915	0.013077127930011362	-0.1703996182749018	
0.13060344172474903	-0.024660769006006996	0.09012808352788798	-0.0030314809742266486	-0.06229987228511735	
0.300612713031792	0.13322950593863223	0.19724848187448077	-0.12802850261541393	0.025717768831666054	
-0.05313405019923928	0.32580302794156624	-0.013648058603504125	-0.023926523044973048	-0.23515088392881014	
-0.040532836834280904	0.08764747026537159	-0.06472737883309541	-0.08946203869354619	-0.081375703593368	
0.11591449887642861	-0.15136506617300272	0.1971642736401363	-0.045567879305866234	0.13972764109600047	
-0.22308150534537877	0.2318373024865442	-0.11296819613560584	0.012320059825758133	-0.20231722880947783	
-0.04642172469444312	0.033531010772004974	0.13189469610925447	0.08303252363027368	-0.18810543063891652	
0.12973763932000357	0.07677689903028047	0.15897844233550001	0.03706768498661769	-0.03780502994035151	
-0.1412479864910289	-0.04932002941305211	-0.09336147943032164	0.04724463493902918	-0.018980274821768586	
-0.06918825145399564	-0.09795437982080525	-0.1728438546724684	-0.07179801359743068	0.07564119927844079	
-0.005659187037544778	0.15321104093729496	0.11177844949965278	0.053510560409349955	-0.02078869111050429	
-0.2358036951232763	-0.08493000011597199	-0.04073311539875092	0.007444854961070812	0.05447098510030173	
-0.08219166290518373	-0.006542477652025198	-0.18067884250393426	-0.04678590976777882	-0.09224005385549289	
-0.07002547682395836	-0.002527795697412668	0.005305122173732599	0.06475868038413209	-0.09880886853153106	
0.09818812028662076	0.2323699161800098	0.18376340147188633	0.023890666242943396	-0.09546237879424864	
0.06030386960301361	0.09273728442226703	0.15677867718903088	-0.055705948389815414	-0.03956824478002461	
-0.2072286381258769	0.005634091104131086	-0.1608075286437478	-0.1491245955622276	-0.15252839613273236	
-0.13685460858369236	0.03760509144563681	-0.1369261190795582	-0.14718663741221416	0.006717276672247255	
-0.07611727806828188	-0.08946041895158037	-0.05565815922697665	-0.01057878468930308	0.08854126855185583	
0.022498520432592907	0.04977735072225429	-0.12445551955021415	0.03359174233133557	-0.09034984757796939	
0.12806955462066102	-0.0816089816842147	-0.05883755045979239	-0.06856260894251631	-0.04335776844422451	
0.08656701651677286	-0.01356637076092808	0.10752965089612031	0.044874897818941405	0.0963334416100076	
-0.04637328174355458	0.24130626053719048	-0.09379962706869907	0.09337582600055393	-0.27021249934779396	
-0.2566728772292882	-0.0473143987642898	-0.16019011143526532	-0.1291914770453459	-0.1001807688689556	
0.04113178654643145	-0.11910737294744306	0.03051985423292592	-0.012434209864930027	0.023412986408520242	
0.0515344058978124	-0.015826150782592658	0.01941548743012846	-0.02113475591611913	0.018095143435793038	
0.15137323598285832	-0.012687273048432382	-0.11957838160137428	0.05929172453445456	-0.028074536163360368	
0.05103079193819504	-0.0957231265738333	-0.009048300437495828	-0.06887246321188221	-0.07476567987845459	
-0.15154291940937215	0.09665208791777577	0.055880319231613435	-0.11323767447920274	-0.19439464829101719	
-0.04700552169997547	-0.017469670530077513	0.1795661222888015	0.02364243685862544	0.15070207744754274	
0.1271079527816479	0.08526582089134961	-0.01385190291894952	-0.034233136755050436	-0.10860929718650732	
-0.1210829770234574	0.08498964343668869	-0.042642250506314504	-0.06815432873757696	0.017333496886262262	
-0.15443689073676048	0.05744736159592153	0.03091089421085288	-0.04165511533657788	0.007192094134425949	
0.2290191452444935	0.01007519505621919	0.07588424354869734	-0.01874987248361716	0.19164861477096073	
0.024687372645005413	0.1621744906377187	0.10360422332446555	-0.09135359031938439	0.0026930006805488986	
0.25460548088541934	0.02559333104492871	0.19420062377421224	-0.07086949699253783	0.40635792305296603	
-0.08981132924141626	-0.010460703736574555	-0.08997607010070319	0.010571140066784161	-0.10764167998437345	
-0.1789930811598256	0.11230409543421321	-0.03410553923967455	-0.03151966087430297	-0.2000286143282682	
-0.11046820671106856	0.060223917844980046	0.06717244282692279	0.020864040981833695	-0.09003539699827853	
0.05605488226209212	-0.1382850548134939	0.057731529927914874	-0.11436541907411313	0.26517339686438374	
0.13493210103900613	-0.003545751224697572	0.09338074574594833	0.07604700525355824	0.08293278915486066	
-0.10223603924249992	0.12580258085786467	-0.15618679805373087	0.008395275616060422	-0.2573429961689919	
-0.07250180996326898	0.04257039667088097	-0.08496981404370332	0.05992035942870617	-0.16591079403003345	
0.018844953994527864	0.062023737582288144	0.049682691242824054	0.04763549330858317	-0.16678689990610818	
-0.2204268319445015	0.014348484405360238	-0.06929182692529831	0.06068132359936131	-0.24847544088512682	
0.062433005715042934	-0.13896665361899865	0.14805229802996936	0.08892320538638078	-0.02055863138166422	
-0.011161250894471538	0.1183991719616322	-0.0871094215618045	-0.08249681117201435	-0.005750848079491877	
0.028624089170891896	-0.005539407499054034	0.08024298543495374	0.0029175297285181255	-0.035412501921516154	
-0.22709869751764886	0.20294207085812024	-0.09366953526660536	0.039346333178944	-0.17677236578315347	
-0.3308097173218277	0.021468556523909887	-0.06014766611430121	-0.07204170460712887	-0.21757178886254308	
0.24103047248493997	-0.19916354163988106	0.28300389690763755	0.061900208229877775	0.17449451961543502	
-0.25035267066744016	-0.005921888289405339	0.05245607803127921	-0.1530307517194436	0.01616862846481225	
-0.22244920542254165	0.035638164108883666	-0.04765332611048768	-0.015096841579177686	-0.2386929045327901	
-0.04597624657204975	0.15044491892720874	0.06584385131106728	0.05493885943011732	-0.17516196585585972	
0.03610572435550829	-0.03852146059810926	0.05311839820571933	0.04144217197199177	-0.07682148468972225	
-0.15046941319204726	0.13120090952505384	-0.051018529247677025	0.0015876891222281297	-0.29159199159368576	
0.021003346269910895	-0.028199398943940152	0.0052920514708532625	-0.10090059073727602	0.09366588143162703	
-0.12197292785414866	0.12564596053566823	0.03331851473637675	-0.05792911129387031	-0.09116252741409735	
-0.09245819501766328	0.04474647902654697	-0.03165091904836041	-0.15478788536796897	-0.10052538079395915	
-0.19172912475226378	0.4030036862001848	-0.1761333450113296	-0.0759264236607312	-0.15785846885590152	
0.2346094573899204	-0.14522453616154563	0.1385487582847773	-0.07417921090219118	0.2889992727565625	
0.024423928017493858	0.035721634118510766	0.10298769797487817	-0.009658818978251799	-0.08864258190720904	
0.06585230603887889	-0.006740957261672429	-0.03661989665345442	-0.009388135737502402	-0.20280553308393381	
-0.05465569573625901	0.03385436586530322	-0.04437447843999955	-0.025377537456205385	0.10242208454540687	
-0.06274600684998896	0.01960414842242792	0.07488526686862575	0.03350882036030752	-0.12723779557367146	
-0.12586556571829488	0.13682465804714733	0.05768392159314796	-0.0326020106413593	-0.1710734634644837	
0.09114742587081406	-0.028963139762732654	0.11440234741011256	-0.08589413580235748	0.3001831839704008	
-0.16956140358832544	0.1103894182793273	-0.03404688806556264	-0.023998365728617865	-0.1585195354928128	
-0.2135373754875565	-0.10499396590179735	-0.20075832819240366	0.008776540352571414	-0.09764931218075426	
-0.11234428362665602	-0.04720964300633952	-0.04794003713599324	-0.0676571265396484	-0.04498455157502315	
0.15622992534785238	-0.2199760552066205	0.09767906491963796	0.015549705944201648	0.21748918132388836	
0.04931687964092647	-0.1050995937589234	-0.08573422605590551	-0.01598847367797991	0.008474096586923207	
-0.24914853669620196	0.17300235765495056	-0.2762253376776912	0.05646760952589003	-0.431146920367766	
-0.0015249252824740466	0.13253905914265735	0.01874420597658136	0.06746640772279092	-0.22474157853549762	
0.0365291783438421	0.06343062576301788	-0.13023392138950457	0.10166413318183988	-0.020761202542125712	
-0.019947403438823178	0.07998744658648572	-0.03147335943959339	0.09630393920225709	-0.13918809428471182	
-0.06400312376648329	0.10711223363524104	-0.03550771883018032	-0.034958650010919155	-0.20080441271425173	
-0.21954491281564997	-0.18186562051971886	0.08993948344446295	-0.1460007103729627	-0.05491977723554842	
-0.1937249565579386	-0.10214167689122877	-0.025561335441989966	-0.0019193708572866424	-0.025664010919806673	
-0.12843466162225453	0.019408674149335853	0.01763851078499371	-0.05042154588054021	-0.07596400069192864	
0.09495922670655137	0.08068110773332589	0.05033480095455888	-0.04171200865032645	0.12001048402406528	
-0.04966221742915285	0.11375035940151493	0.01808433236627352	0.04926939553498751	0.045215505439566143	
0.22488075078948455	0.0481453063730517	0.19922533521167693	0.027725195502405396	0.10502359711465291	
-0.06248198984847109	0.07728523583686701	0.022006182477505767	0.0024374916512220715	-0.015129155189994133	
0.06415328377273004	0.06290464553479813	0.006711878430431546	0.01429424410717168	0.14207895476890975	
-0.16242633848612112	0.22140764785383463	0.02570565668427609	0.012618326763481352	-0.28131059803919817	
0.043425305995004895	0.21278429767834495	0.051080288344550535	0.07876702267354603	-0.16336946933530283	
0.25439274985984245	-0.1619828040202408	0.05353479578733696	0.05929709338426856	0.0310350205797047	
0.02085798210682708	-0.14149975668401632	-0.019899130106279833	-0.1052611270725234	0.16930529842129793	
-0.26023081620544947	-0.059601636327516125	-0.029043201404043383	0.0583727537615799	-0.2263645433402007	
0.1335909371496053	-0.004657689126503667	0.0983831158163606	-0.015411877426561594	0.02192130095997455	
-0.2073046018428538	0.013626732268036542	-0.09416220621548363	-0.10743217638022244	-0.1157393542359375	
-0.332777798640429	0.15430015764490043	-0.15249950710795526	0.03322329166820179	-0.26059301064680296	
-0.035001043739783556	0.21586181577936814	-0.02931738774963165	0.013089318415148142	-0.2938527622879332	
-0.13970541182026713	0.175313867084712	-0.07433185284857348	-0.019226969234392103	-0.13693339545133673	
0.06989549900697714	0.15196916347556577	0.0478768876558664	0.022590097460328033	0.19090469041059474	
-0.14342086264652015	0.06110922074560108	-0.04853241354435395	-0.09268409568772536	-0.050224314187818975	
-0.050299821405335385	0.08180433908768504	-0.11169576940895595	0.03585124281954279	-0.12576102423868768	
0.05302348738279577	-0.2250127008183245	0.012308058585249504	-0.06344663767718237	0.2217914337085088	
-0.5519329591341512	0.34110441563225685	-0.33081294901219005	0.14633676864112477	-0.6541885088408094	
0.07041532257414723	0.07672624278385101	0.01037362741668442	0.1057273919900213	-0.18598710622225254	
0.19232504143138235	-0.34387656136134537	0.30094725788706134	-0.11337984209051462	0.35935597635256755	
0.030664779018049957	-0.12672858079317312	0.014078543418883774	0.0072109134115569285	0.07888213682426178	
-0.016421625463742557	-0.30002951853140686	0.166972614522589	-0.16070860453060926	-0.14426854198472294	
0.04833421866735145	-0.12090867156958877	-0.012404869169723066	0.026395872231976553	0.09291956478795116	
-0.1668636419104454	0.2239980084785219	-0.15658696391153595	-0.004889744006800905	-0.3212213565358445	
-0.022246038814869324	-0.095827707024638	-0.019985144832573954	-0.03642608964935416	-0.09557539717495335	
0.1491249825590882	-0.22207674484966305	0.10167051708959927	0.06751634453486625	0.24344579827890794	
-0.06039342920471743	0.06789776013242614	-0.13874181265568641	-0.07448466011730304	0.026047363449228183	
-0.3728511470075815	0.520792474982975	-0.2510015208799809	-0.000833905547182123	-0.5579098214647024	
0.3695559325116847	-0.1676126012250546	0.21899849639265354	-0.10813457302720066	0.33306459654036846	
-0.11372220032678622	0.0575050914527519	-0.0687905492152632	0.013162229083934805	-0.02728839277045347	
0.3012246915016461	-0.09835394154543967	0.18776069682030014	-0.09142854522965037	0.3570441406590788	
-0.010501590824575814	-0.18150880343834497	0.05588957862548561	-0.1281307018929464	0.09816087395113207	
-0.13716668729660642	-0.022124381828738063	-0.08325838735357391	0.05200241936872003	-0.12184600052911902	
-0.03605258942390186	0.06488431735039614	0.03445846797910603	-0.007827448773259329	-0.14682708675870462	
0.11250307350265991	-0.02963272401548606	-0.06493905568907257	0.07130413187651016	0.06564353949135363	
0.22951434213904756	-0.14278736604596837	0.08302581794733076	0.0230906393474736	0.3722037832922946	
-0.4880120034203098	0.5402593650546829	-0.31649950298775853	0.12023951345717843	-0.5532234004280046	
0.07670053220931526	0.01576902411305565	-0.061006780013418443	0.12619569081664578	0.22840244294881204	
-1.8389865292519751	1.9957451851630406	-1.1801528016661766	0.6062150966172306	-2.2667723416533487	
0.7044415484881109	
