TESTRUNID EPOCH: 58 L_PCC: 0.9028795233671364 L_ERR: 0.008689585914253596 T_PCC: 0.8583034149640395 T_ERR: 0.01255732373306187
180 LAYER: 1
5 LAYER: 2
1 LAYER: 3
58 :ILEARN
-0.12948674288803477	0.16804418143586833	-0.23296328784819728	0.014275097329335512	-0.32227674754592694	
-0.055353676793204444	0.16292738368685303	-0.038050759967523454	-0.013696312826011518	-0.2173673237378478	
-0.24133755597314005	0.2506816351740625	-0.22940135262538788	0.14782841949323636	-0.3146450432808324	
0.41994371029920013	-0.32125464953169974	0.26682082432583454	-0.09962341655907458	0.3662438553548233	
-0.20786509390106567	0.13809955474734362	-0.12338025174856324	0.00023261569555347726	-0.01620020177870408	
-0.06896157027496841	0.18165104001223853	-0.1445529451611531	-0.02802078528224887	-0.14484034678903637	
0.27504925835686705	-0.16167664316194177	0.2907005787713156	-0.007118371231670148	0.20823895674449353	
-0.32842184315740686	0.21886794667591325	-0.2058417451359396	-0.029724584716852073	-0.3924544885061103	
0.4015224498327316	-0.010475725052184357	0.044085834407277896	0.005203756858533696	0.012289175296459369	
-0.24412628664496205	0.1585734962758245	-0.157139576033155	-0.046985713540663825	-0.2411394006471488	
-0.1486921557530814	0.04836570340877254	-0.04815414755138318	-0.12051452146004986	-0.04983802438475593	
-0.4410862450590397	0.5970338155092922	-0.2800381112568885	0.09715754022137621	-0.490994337180759	
-0.2201062668058748	0.06866796822236906	0.0022360720877746543	-0.04886199334654063	-0.23848907664214536	
-0.3279774633880803	0.5949483559381269	-0.44821071471750706	0.1027181448869609	-0.6524978704705505	
0.19730519385021786	-0.1148563790339027	-0.005514907228855766	0.056306601893620044	-0.020617007124324176	
-0.23157244910224403	0.3500148690453103	-0.1209816229580848	0.04645163505014824	0.05966601944819299	
0.07208707740060773	0.012119733272922664	0.06646525290842921	-0.05804135144513569	0.11564185393121915	
-0.02544181872556738	-0.081820872126417	-0.023274220905044406	0.005555849714768094	-0.16602390694771574	
-0.020842782322901196	0.2558169967483578	-0.19164705399385992	0.003572307093006082	-0.23660972843713163	
-0.09534268232642396	-0.024062136132479133	0.02222677750370496	-0.12078048014170548	0.07099427214205166	
-0.2211265983812925	0.06018109558643103	-0.035398243255612416	-0.009182694137438788	-0.019281646552886052	
0.10349781192418675	-0.006294351444730859	0.10082640920892069	0.03495717731708641	0.0788660911697118	
0.21149835007886442	-0.15059971931267258	0.23270633473856936	0.017595358872983687	0.14366692543940118	
0.06213157990212528	0.16596974303372222	0.037448867577701814	0.06394205226680254	-0.22109553368040455	
0.025467462015371017	-0.25707934737821	-0.09927044773247215	-0.09954581043303748	0.23582857411778718	
-0.33779834326365493	0.5700345179100778	-0.1820072319440585	0.0003276886525049926	-0.5211334901174177	
0.039509739437259724	0.20964907939669247	-0.0017931122654474138	-0.09596336000908454	-0.0071326992661903494	
-0.05177705983196757	0.08663707397007957	-0.041128717806580055	0.05716056700247952	-0.011785370220325133	
0.24988421825923413	-0.19717117462718306	0.12684994227823404	-0.13648682608541918	0.18861975427778588	
-0.2787852496017146	-0.004453354792785211	-0.07223808184950986	0.01280115860036015	-0.2804908704408062	
-0.7474086774970431	0.6328204221572725	-0.4042655019305592	-0.0337012263690462	-0.9180555834278119	
0.09072447183889618	0.07463302183486316	0.014885777365244653	0.1009992441430195	0.03208873717934915	
-0.41027167351358024	0.4634526031904853	-0.1721513618305217	0.05672676797275767	-0.49070876815629844	
-0.18874553446930517	-0.180829409415556	0.003009212777491671	-0.03202696807385601	-0.05748827404469434	
0.2792306746031366	-0.15824222391847062	0.20574992521882257	-0.053049473625989524	0.2724293902495793	
-0.10372908672209805	0.3108834656641187	-0.2554113677094588	-0.0014974613586016656	-0.28660529175191063	
-0.09991447348017332	0.15013878742359232	-0.18041316972768714	-0.00831968146838222	-0.36213841151910736	
-0.0860546308193031	0.06553000706924994	-0.04152571827902381	-0.02933009583045203	-0.13219238840965497	
0.09779671154422397	-0.29157481675807334	0.22165806079642156	-0.004655916991850922	0.336372830762866	
0.038585247115356845	-0.17991265018846017	-0.10994685890931652	0.023405364725248904	0.09409366482913238	
-0.2859211826854981	0.19050886311084017	-0.2429595390940978	0.09523528888489147	-0.3415595390251675	
0.18233026253314769	-0.16249131516168436	0.12186408657166509	0.05001519350692874	0.10527787277686605	
0.088079682593655	0.2614906542429441	-0.16345613918153817	-0.05234053298193938	-0.24043693743731426	
-0.06932635116140644	0.4123341850351068	-0.17620137470057887	0.16341701722401902	-0.5027310639476285	
-0.2520890447001639	-0.14774138426944386	-0.14737154832199956	0.029298987630068232	0.09883964465224236	
-0.10741774853060629	0.022716087538816012	-0.041199047715179356	0.07520388352353867	-0.24026683430046183	
0.2778455610819549	-0.2112762598716433	0.20668955633086336	-0.10657231151418703	0.17528559760012988	
0.14286573924377485	-0.029820439577688623	-0.06158140851596902	0.0032918492597498817	0.02754335764906792	
0.05837304597418223	0.08531554946441283	0.15969702919934142	-0.15045317580527323	0.12913220941766565	
-0.03322794379580829	-0.15709554667327888	-0.052739441922699144	0.027580631038404895	-0.0018079035137185794	
-0.2307947570838016	0.1754900445781271	-0.10111943662342927	0.10178646506110603	-0.3608974890301993	
0.2574080637694666	-0.19974500819442997	0.10599097227581279	-0.0586679146095858	0.09512478137224183	
-0.3125190046706072	0.3356857456076986	-0.20063711535462345	0.08625429908000809	-0.5245115054276572	
-0.16421488991588926	0.39803185408227143	0.02097683265543448	-0.08500536618415992	-0.29663462126394746	
-0.15864664649835936	0.1186480008521493	-0.17971291891563107	0.021683009640672962	0.07950393106873731	
-0.045907341111034984	0.2801259735677487	-0.32721515933543305	0.062254702496482434	-0.18977948721091306	
0.38961722167876367	-0.0826034760563737	0.06629822847205108	-0.047355247912331505	0.1340016469005204	
-0.3537938876418482	-0.10638790363023619	0.15522727541439146	-0.11797288843100182	-0.30664963851444343	
-0.22224697453083234	0.29192601458926276	0.1213606028550816	-0.12127647998001434	-0.14646689075187735	
0.013832170142181644	-0.34015547045945876	-0.009810310998034448	0.04591668462432113	0.14021933594060437	
-0.0008706281260693178	0.13534740335005105	0.03844788785957059	0.023266888569784396	-0.15523094329885526	
0.3490387857868491	-0.07339850307210594	0.09686970646564763	0.001398507480713044	-0.1137266645200357	
0.32407177305195717	0.20292197322006453	0.05437062082047735	-0.10737788021774096	-0.08598281696595567	
-0.10308100657146232	0.30339755182424305	-0.10147201467465605	-0.06325342880356875	-0.2676372007585258	
-0.04397130770570489	0.12396047373529459	-0.1707629382677179	-0.07932298614308872	-0.1430796676355926	
-0.047661409682832445	-0.03516121576350801	0.11620532366350052	-0.03350110193751478	-0.05345878558649172	
-0.25698772327955777	0.2143885023884201	-0.09719097911728161	-0.014313081641748047	-0.15253433642232986	
0.06127347153463006	-0.02442736163104137	0.008078244920270794	0.0883403918462507	-0.1017509916084726	
0.15873366156733407	-0.009401916127208924	0.15735699215751014	0.033646327902152974	-0.10571141034973291	
-0.20571477046619316	0.027284558839688573	-0.02897081262555621	0.06106462845842984	-0.064581789852503	
-0.12380921012519436	-0.1610855598572468	-0.08833179613238022	-0.08765518006045295	0.21011632796159302	
0.13998189257025598	0.104535657078758	0.0838407936445919	0.04617075670309633	0.002682819269561031	
-0.31130173490752294	-0.0915751221945511	-0.0003258276302147903	0.0023198585191215653	0.1325375066985684	
-0.06436294520435247	-0.05728721152869088	-0.08182039288241533	-0.04616260488065111	-0.12574801905799435	
-0.23002823429867933	-0.03239308028116484	-0.048717750697802514	0.044797932542231335	-0.05384959455981894	
0.09395599770544541	0.247503704852191	0.06299326185675866	0.051762688310351856	-0.18528319119120173	
0.18584995831375414	-0.0034394989586510865	0.16333652897727288	-0.0535684280970444	0.03283390819024174	
-0.1127280137241729	0.0872315589173628	-0.1323619238350945	-0.16079744170463858	-0.26446757247556585	
-0.11466795248936003	0.06051434542863961	-0.04034040554301585	-0.1440731818067005	-0.13936987838177237	
-0.10463208018592239	-0.008869685930504266	0.026295645180272147	0.010392759685198774	0.025376522653357957	
-0.13232885412565173	0.11128327521381562	-0.13566251025862364	0.039101298531432405	-0.13971495275198437	
0.13968686154696328	-0.04580527623179039	-0.00550089520682409	-0.06872829680298811	-0.05420607914531275	
0.034442008764516974	-0.10166396237380695	0.18062648252930918	0.05011446055923043	0.04314533095967901	
0.025828102736983948	0.21940988125856226	-0.08030549777799947	0.12342897091926607	-0.33197020256579873	
-0.24474691172034035	-0.07927316502703122	-0.18446931461675517	-0.15208776471626043	-0.0006255307088668602	
0.06951819635896515	-0.1499580682205323	0.09832121012485796	-0.012879006734543928	-0.016624145791364817	
0.08449326550493073	0.0750152803291031	0.004604461549358534	0.02918814917227267	-0.1311488922520839	
-0.10710174701287224	-0.05050467613801031	-0.06139983154492283	0.04658626852833291	-0.05990363789933269	
-0.0034437284971368426	-0.135954408286431	-0.014949341664370121	-0.07008254480567738	-0.12455505009326795	
-0.11857639237977921	0.09667507286793714	0.009030518823424384	-0.14475156847523946	-0.13502483413342503	
0.03609979125280734	0.08216656406541213	0.07329480025780975	0.017723000148721496	0.11059838389146914	
0.12012643746763887	0.047896729331353055	0.02141137628589497	-0.011149301930294824	-0.12342098322792122	
-0.04275369685200871	0.09386939523244113	-0.09550109246401733	-0.09321244357395028	0.031821092106321294	
-0.1599479127718868	0.01906285303340455	-0.0911949361282901	-0.06771681739064164	-0.08252477772781658	
0.24283886518803008	0.0414965951224245	-0.035411740222945645	0.04625553136686638	0.09804204260871313	
-0.019785936874807605	0.05596124561874063	0.21477250352703361	-0.10907028612153971	0.10170617919050491	
0.07119011661626934	0.13580842419601763	0.24723480490759897	-0.047818830256687476	0.33064683870587214	
-0.04784722467519282	-0.0056270972459177195	-0.15560282734751446	-0.024963763579928883	-0.24397547979737452	
-0.291766669791691	0.11574435359306867	-0.19010267399404066	-0.06183639324580013	-0.314850712008575	
-0.11626494319739089	0.12820548708658255	0.04292712069489113	-0.0028036139420273723	-0.03823848577945873	
-0.04156905342560957	0.03483215422944661	0.006414621851404115	-0.08742127920215143	0.19297398102514252	
0.2476401219370509	-0.05617579770893108	0.03302731126249251	0.0948306448924178	0.17016298871068952	
-0.07619254224707743	0.2422629114807388	-0.26743399155031716	0.05422448533030351	-0.335725998382571	
0.06836266930708515	-0.04077166162219721	-0.19022197868335688	0.06636294540167369	-0.1814095344607146	
6.963896086717978e-06	0.17238594635399057	0.05551240574169084	0.04532942837738108	-0.08551628634382392	
-0.16108824835928146	0.011175172062455031	-0.1954133430045581	0.06649088649649627	-0.334631416633053	
0.04572951990647731	-0.14165169062580596	0.00023192426203449675	0.11896471543498748	-0.13791687600727703	
-0.050502252954501975	0.07575738579001927	-0.023695872690475097	-0.1433350773533177	0.09986742894221193	
0.034093516908148665	-0.07169152699972742	0.014032375835400365	0.02307084434912755	-0.08531046329940122	
-0.2165635511570254	0.2155302234269701	-0.07703952682184367	0.03506032982368226	-0.25356765367006645	
-0.34193013274308415	0.0752302669639891	-0.07604847615855112	-0.05385367805499569	-0.4128353278499497	
0.2579908242629327	-0.15709488105155012	0.16809962669157485	0.08372030734859758	0.14857482695814586	
-0.20146078050194513	-0.09989234919877826	0.08689850216102464	-0.16532838356735585	-0.02624824813043992	
-0.32162406098044855	-0.010175643702710558	0.03556849087423879	-0.022049440125654258	-0.3210464056147862	
0.047882674078944386	0.11972019076491247	-0.014481123848117066	0.0335407697940232	-0.18526152180520408	
0.11326689933531649	-0.0930567645174043	0.04789666523377029	0.040675942032937576	0.011377192720001934	
-0.0560999226380379	0.08465521595318386	-0.09896281077973533	0.020480112923304237	-0.32346537795687413	
-0.0319776896117518	-0.06325712105635654	0.028517735115775024	-0.11995549653104783	0.026035566573821018	
-0.07780069944737984	-0.03084303763244408	0.08975748612012231	-0.08068250890948395	-0.04836424980075756	
-0.06554216027941191	0.0358455697265051	-0.007178469746639191	-0.1567650935670777	-0.11581289538513692	
-0.2533340651661595	0.5263138171869762	-0.14781043476166417	-0.07824185127777142	0.08752952198076765	
0.17294068189433304	-0.046615404875812165	0.12651139222492278	-0.03809830804279544	0.20923584322509375	
0.11754763540766681	-0.08342788394066214	0.15305414292674008	-0.005481662340262997	0.02606348004866228	
-0.02403303614970393	-0.017623508841343852	-0.12090042459008683	0.015706545079366703	-0.34363538337144184	
0.027422634394206134	0.0040792764472945805	-0.11073588572438962	-0.016584736049723194	-0.033652936256918634	
-0.1784771878506697	-0.029012510017594362	0.09207528169914486	0.04624499926417393	-0.05820237412010431	
-0.14440483689514771	0.059387142622169854	0.14404032599328956	-0.04419303432375141	-0.03971086709694506	
0.1572865448788254	0.04289737056565974	0.16511514634565697	-0.08881207251831232	0.38996913829607177	
-0.19209128609745496	0.14103788428079964	-0.011639053855841838	-0.005808316115856662	-0.15975340636959548	
-0.22536905797438594	-0.16630644912064868	-0.25320308624830057	-0.009898519134125578	-0.08901583552599257	
-0.10444760456815882	-0.19994838791041897	-0.06058905928005337	-0.09718982244122089	-0.03419456353334167	
0.23865221601478995	-0.3088163606335947	0.20590257293529096	0.023321454730082992	0.3327361203108175	
-0.026182675338254854	-0.08735651044080292	-0.12206618164441276	-0.0046503721922496076	-0.06541755112701837	
-0.1554745264490596	0.11894909702121448	-0.19458353812073617	0.01449224970802767	-0.3734830019742387	
-0.03669737846219541	0.12508171411081742	-0.05868075279364331	0.061007873828444775	-0.2989386564150975	
-0.039654342503556234	0.07169071408510123	-0.12218202394697292	0.11960977529474694	0.04860369474354194	
-0.1095157699680584	0.03198974071904743	-0.048884852183114884	0.09329488419341445	-0.07762960171553915	
0.003457525773312962	0.2734350433473536	-0.04784035757762733	-0.047396593504109144	-0.1277755542430711	
-0.24444404117234345	-0.015268451615515594	0.07153328456699747	-0.12304284285238681	-0.11815663442744757	
-0.26655009448724964	-0.11975583026299694	-0.08731598784798003	-0.014405343229648869	0.01115457512983585	
-0.09963477096449526	0.07792142828751754	0.04401309041029105	-0.05149365322817318	-0.10315634219156379	
-0.10613688281093939	0.1450937927617247	-0.03735830285494962	-0.05370898129478113	-0.004305141348320636	
0.010444033526154126	0.14742625679186638	-0.03753010993744379	0.06306573178909476	-0.009723006402571907	
0.33433214697736274	0.04518382430603825	0.16521777100155025	0.007005915924276973	0.07966532626300232	
0.08164743935294504	0.0687812061764303	0.03102299156179535	0.034878507001794665	-0.029472611972541734	
-0.029164311814652247	-0.08377156850555326	0.03366648651573707	-0.03998257258587069	0.1940948602418698	
-0.2056293311881656	0.20655898321090718	-0.0462627054642238	-0.015000415399732174	-0.41522660660676963	
-0.02665278042333913	0.18043463341118848	-0.02251752334168591	0.08432839619961638	-0.12233795279582074	
0.29337947140928944	-0.3608634996579532	0.16156802939659273	0.02533690398812807	0.07205698739311903	
0.17059280550457023	-0.16383096486004242	0.054501349111038745	-0.11173496534060084	0.18469446884838403	
-0.40582484249048983	0.0477201614364433	-0.14830168460373966	0.09295382628759685	-0.3419302694738326	
0.14425139382840207	-0.11177548862004126	0.12087618782160572	-0.06468489186865492	0.09245722160500469	
-0.21029650723003873	-0.14288273695664616	-0.044215411444011254	-0.13289834348232332	-0.020638259567034765	
-0.3209285569078959	-0.05223693056247659	-0.03348456048622188	0.011488706214313008	-0.2133544033040728	
0.11362220365611508	0.3078479113030533	-0.08582489704740857	-0.011096001482436177	-0.31603966205805856	
-0.05090863071774326	0.16942436714724188	-0.007579891193087406	-0.02039420468722176	-0.032342222975882934	
0.02632759899762767	0.21402192272528822	0.11628607487074517	0.027799567754296872	0.200910225764805	
-0.3370792367374727	-0.07160618087557757	0.04627954075633258	-0.12431466768957035	0.07222591639066965	
-0.2512444341731886	0.12650674196638198	-0.098050293743317	0.052920662379820245	-0.3451709575680032	
0.13449860211834713	-0.12646585347992725	0.0566584976308858	-0.046419332347207534	0.1270066060408349	
-0.4272584766092542	0.40318096536900677	-0.36680635047902127	0.14513952731034455	-0.5656305989329511	
0.10752115510283294	0.07079642075399235	-0.06780774797664986	0.10165812499992435	-0.16448303957553276	
0.2945584721803028	-0.4273052999935657	0.34257946372734405	-0.12312858754924834	0.3906995547035745	
0.0802039672039967	-0.1506729540311747	-0.02615609986627933	0.003249054842084776	0.031986968137825776	
-0.06251973398239143	-0.2515997498945375	0.15186114845254012	-0.14577924127986128	-0.0029095029923472933	
0.08908857301290882	-0.14093561593457793	-0.06222771824433616	0.03462397764766604	0.03664288822028567	
-0.14579207579598139	0.26947104026438784	-0.2653479257136756	0.00043375308680297143	-0.34750673308902125	
0.09711468286017182	-0.16401522642193045	-0.0036016045719979945	-0.04927402553534526	-0.05387100954900119	
0.19969720204386168	-0.3221668322619799	0.1194770027492831	0.0601122848208358	0.2750192956388825	
0.03318132594875818	0.0018745510648611318	-0.027748669131670962	-0.1062583756151192	0.040473362262530135	
-0.4512565251899875	0.5008074165406042	-0.33609470776111666	-0.01539915654664036	-0.6942206438474664	
0.4309675441608852	-0.2190383899694371	0.21803131765392936	-0.1073378867303242	0.32852882576759596	
-0.029086342919465248	-0.08994195712698615	-0.02060053278290613	-0.012859687123258478	-0.04258726167834613	
0.20987983694712112	-0.18388785419348022	0.25409398721593884	-0.10261703031798672	0.32627740495994634	
0.09029107659067985	-0.23525844983137423	0.07151263914208558	-0.1393053690271592	0.10586801353140794	
-0.157932940087478	0.09622843881382796	-0.20648016839842742	0.07601778696062209	-0.20447168144761796	
-0.0025087721832651936	0.055497207312756335	-0.016251406327208416	-0.02477336331012106	-0.14879023253486667	
0.026726762991097743	0.04905608378315177	-0.11927085446640123	0.0921251786066031	-0.0531648216912651	
0.23640181748078254	-0.21823599222754497	0.1597332862708637	0.01292306884005425	0.4342183813253703	
-0.43130291640225255	0.6591405766857245	-0.3513310535094243	0.10674157502534727	-0.5338466557651224	
0.032098123665283515	0.023464431815526647	0.0002998469037301206	0.1376997996278178	0.2764795908352508	
-2.065715011180726	2.1960553825356737	-1.2676042798549938	0.6582032302275225	-2.319850688905866	
0.8277215493575527	
