TESTRUNID EPOCH: 64 L_PCC: 0.9083690462071669 L_ERR: 0.008221298645059487 T_PCC: 0.8618369209327855 T_ERR: 0.012187958381375487
180 LAYER: 1
5 LAYER: 2
1 LAYER: 3
64 :ILEARN
-0.26686111669415535	0.2836341194942674	-0.30090376803641045	0.0037960801597697125	-0.16634783148299884	
-0.272202650570942	0.13629095617382064	-0.09982776304803964	-0.022061783323015154	-0.10779662272914436	
-0.16419681895546703	0.20709634030607382	-0.14167837402967845	0.12335198356049652	-0.3628944785069392	
0.33993444924191724	-0.22255040579306104	0.18626942156700674	-0.09404697882063932	0.17182742204580434	
0.052336035011465956	0.08161001974522762	-0.05890822204798121	-0.021462619162491477	0.06165510200031102	
-0.12078628183205384	0.16432712172406244	-0.16250850214329188	-0.04149220690967818	-0.007795921027392339	
0.04675860506691933	-0.18851547477676156	0.223128123295316	-0.013620382432013581	0.2586987056856286	
-0.4051929204420617	0.42548732245057247	-0.1568427112177845	-0.015434832722387113	-0.2521221736331462	
0.1565581871462685	-0.12153161250257714	0.18210923357728823	0.01289105934023013	-0.009290076007932406	
-0.20880105334465585	0.1803411084205901	-0.04445631719621816	-0.07155050327564405	-0.4070923977870569	
-0.20772415263006533	0.07316024194640111	-0.03849863757522109	-0.135659417645204	-0.24654060356242546	
-0.626976411947256	0.5838881898687817	-0.3592879525242165	0.06930913770556732	-0.3460725795472085	
-0.2733720911180447	0.09028289722351128	0.04574907895080606	-0.04618541200125375	-0.29857400433445275	
-0.6221392829232926	0.6093306198713578	-0.23215404434746284	0.138654178018617	-0.6518167530622916	
0.15408838737834565	-0.2098187045970102	0.04354535537241767	0.024641019236480547	0.21167592390223602	
-0.15304586111093113	0.5141203839437448	-0.15584749356698302	0.04032212119874747	0.07717862520905422	
0.14441128556541047	0.08466951004512326	0.053695701520390354	-0.06670945314475092	0.04243860784260003	
-0.14766013486612567	-0.014309106224349803	-0.08649481191398312	0.041566697504814204	0.15367308100070012	
-0.41167295873386756	0.15718049759238373	0.07158836522514811	0.022286298090486933	-0.16869013594776838	
-0.02180049948538887	-0.040370163904308407	0.13220093094801094	-0.15803670830465943	-0.015309668484049596	
-0.06802942327943522	0.12338587962924756	0.062156514503502014	-0.007372862218521206	-0.1949827222640092	
0.011864804006635393	-0.09704959412661505	0.13430051878227012	0.03157442635201038	0.09802989327503091	
0.10477198826778	-0.18073025803162382	0.32418517614684994	0.002933301506177709	0.045620641361693415	
-0.10265372670967625	0.17157054338259478	0.13752881439320389	0.03861588629599104	-0.19906889900398314	
0.07049992365091663	-0.17173074720504025	-0.08291841928926988	-0.10552767724782623	0.1396521072912377	
-0.4646580706175465	0.516976772588134	-0.16888208076233846	-0.00298636852248472	-0.564077759914811	
0.0073988207714710446	0.05329942279053093	0.1042190330782517	-0.13479255853684485	0.07641403312153645	
-0.07314864683518653	0.047200319498485827	0.06822655051660897	0.0322081161791949	0.0901771864942034	
0.22913865105451944	-0.3000446745687809	0.12329208045569183	-0.132694960513748	0.2607503617994519	
-0.17771158909438045	0.12378255444502215	-0.10335050631410947	0.03074075651544589	-0.4422402490443235	
-0.9167952620810973	0.7413464268251777	-0.575281876045873	-0.01183058236569372	-0.707555517960651	
-0.1260675381503361	0.13820750598970707	-0.01697769659070592	0.12875352765779755	-0.1509055251065076	
-0.3838707303938605	0.33574604319041046	-0.25721621878582	0.06548010468420254	-0.39879372536424906	
-0.2218678776609519	-0.056417266636799815	-0.08782351145903766	-0.015007489912618039	0.14456323789573486	
0.13601568126146882	-0.15477987729804846	0.27636661594359035	-0.062471551231590296	0.20185728888352097	
-0.1435830794589633	0.3030176609597887	-0.10236078806603373	-0.02703329590941799	-0.3056886620900282	
-0.15670069705033846	0.11893910902411581	-0.013736410115811741	-0.03974931337454933	-0.27802878238461076	
-0.12560002201100628	0.05762773847680228	-0.04200719038103508	-0.035916390578014934	0.02769953489007263	
0.21003256960402936	-0.31189903796863916	0.19811535624676116	0.0021262957272753956	0.4414147492675935	
0.3143391199590196	-0.21647960007347802	-0.016752185123507617	0.000837981940131353	-0.021342415276303466	
-0.19919047496171924	0.3290300691770852	-0.1222767304913311	0.10315189287308381	-0.5936482171986706	
0.019645992408794746	-0.0003941484230839979	0.07323707188028569	0.10768066575892841	0.22309116101859766	
-0.28081854408129714	0.16809485590776654	-0.006712352888988327	-0.0263320059349147	-0.08751623992794966	
-0.5229464016380702	0.3783955015875964	-0.014323086053498689	0.17134479714420014	-0.4865504552859565	
0.08606288711272268	-0.09924157356988404	-0.07950731923818888	0.02992838994230455	-0.22105449627911183	
-0.20286759455677034	0.1381117777903093	0.05887271778990964	0.10807196501658478	-0.1145307529142761	
0.18974491171131258	-0.3063632288420464	0.3570229739583877	-0.11130852017610118	0.23680262683546072	
-0.11316881233695979	-0.09936745531575696	0.054645356551121696	0.032770314112169706	0.13597714873406563	
-0.028062749126630575	0.08277533974864942	0.19527926133196344	-0.1502565131434109	0.3195604836325445	
-0.0010051647955538977	-0.09928492320394862	-0.11719932617312416	-0.0444144621281618	-0.11183958010715953	
-0.2595967452533513	0.19945831119967875	-0.15526569746505334	0.0432990735655541	-0.21663665983266495	
0.19406837431164983	-0.219776315895734	0.20312954096192226	-0.03854174428858169	0.27896991486380296	
-0.48807996360807304	0.513499575597179	-0.20535697777028752	0.06949157749413383	-0.319062529030728	
-0.05439774547232808	0.4110134382632426	-0.08004387387414931	-0.12328474920625258	-0.18903659328700895	
-0.37955112119650586	0.10149244084343345	0.013299655641012343	0.027480685965904805	0.18593258610832156	
-0.1845402031568884	0.24235907292488915	-0.10402829820685495	0.09265664095483647	-0.12116400872186243	
0.2934018280567007	-0.16002989763661676	0.16850051254470083	-0.03734576207920439	0.11520857348640512	
-0.024255611498834723	0.08480008701267783	-0.10784661767726865	-0.07910428167246367	-0.26180684136792254	
-0.057986865649412626	0.35839559558391626	-0.09494334302961858	-0.11221036554722993	-0.17298045038399434	
0.1694831549925483	-0.31274338498498644	-0.08650163148867408	-0.01818587981496561	-0.08217547335424957	
0.01918457889383548	0.08916512287209481	0.02943126964554395	-0.008232356176663194	-0.17090382739265778	
0.13219866817953638	-0.07058507823537417	0.1206154173805186	-0.007313136256270748	0.10419966184372184	
0.24857785360556853	0.16547776160017863	0.2557376935724266	-0.16035263525013518	0.10050560371068391	
-0.3025928820643822	0.4356892468763016	-0.009580738469744757	-0.08227582679564271	-0.27225682686885666	
-0.14232619367212454	0.25606896482597624	-0.12791871621145645	-0.05868060557439564	-0.04434910886739153	
0.07242722407868189	-0.16027487684332717	0.20979457091212822	-0.05634536834283758	0.11031421328695058	
-0.24635114573183184	0.21203970740032513	-0.1281253203670185	-0.05435771647221127	-0.2328118854365202	
-0.09149426665109674	0.15102693465067174	0.17938976802833753	0.09352036982428093	0.025496437998807287	
0.09720935138833539	0.01020719614603235	0.18326759377724583	0.005533499763515908	-0.05289132491221842	
-0.03756673360840261	-0.1099262232687149	-0.14503704737236342	0.0682296612809936	-0.2561497489062842	
0.08946236590716068	-0.213175575244117	-0.17278649220319112	-0.08320054663476277	-0.06543338407486962	
-0.04385488779461129	0.20887032995925936	0.09809745943014932	0.058530596104576955	-0.029745587341428452	
-0.1524131944744352	-0.08454503514269222	-0.09660961727641781	0.031969497598583065	-0.18855014836101955	
-0.13592637995892173	0.05935885883764402	-0.22729448227074267	-0.019155507521489663	-0.08553055376825983	
-0.10122139284320397	-0.051639019713542365	0.044173833234302406	-0.02057310430371402	-0.18034177390745926	
-0.046451028689371475	0.27273434120677853	0.1981283630920062	0.017368278982528938	-0.10353784766719981	
0.03699265452053271	-0.004510455278743706	0.20093386130118396	-0.07373470951573036	-0.03655992590113652	
-0.3733688928029037	0.16616398620727596	-0.19949359689492627	-0.10098031931306374	-0.0002334505747905841	
-0.17155839398929348	0.056857119679481524	-0.17437659915931464	-0.14123513898106782	0.14485431264128545	
0.06779395712782649	-0.22196601821020182	-0.08967807290329836	-0.00815401742987552	-0.08119978227764353	
0.12647187662983192	0.01683470700535974	-0.19558380465382766	-0.006426046938793669	-0.3203161874518229	
0.03701211284313267	-0.05584997399715212	-0.04603413413858993	-0.07649263955393702	0.044604047651884436	
0.017524743689486158	0.03148664845646324	0.11189785534957385	0.056886299290858436	0.19846313885430916	
-0.2059938964990754	0.31437207775254955	-0.01189791567205406	0.0980502837307781	-0.009451116842626924	
-0.06005457630221896	-0.01715976629679743	-0.12015712805203428	-0.1766905102665734	-0.397038872062538	
-0.02108527775425577	-0.20404174242245696	0.07532868756416339	-0.010548055513951493	0.2882525624765795	
-0.0970592453381272	0.0049134028624530455	0.036167481626198046	-0.01628983408248944	0.10469970294499917	
0.06259115634179543	-0.06374066394460615	-0.16352849021357857	0.07273061639356909	0.11310909056502362	
-0.12836366754751005	-0.008968023539687718	-0.09076536380080971	-0.0511955313853988	0.0556274875826294	
0.09831275650091964	0.07406526219524215	0.06799566839970186	-0.15547788334575985	-0.3254489054849735	
0.0763077709846088	0.026456966111891984	0.12074185460543502	0.03855584300613363	0.043263838285001625	
-0.02303104482420605	0.08761206074398585	0.022029212472940384	-0.023098183442573392	0.0018642364791539082	
0.03641157468271173	-0.02626135613793278	-0.04547329041327482	-0.08414637371306845	0.10423039698197088	
0.010049303317665913	0.028168534088186054	-0.003990801637061118	-0.03717727101759348	-0.09700836518792451	
-0.06491732051716012	-0.005681263289180565	0.11115709206058912	-0.05842814148627043	0.3304410522618089	
0.032459778180450705	0.19899219062556273	0.07680940324584952	-0.09892152244864955	0.06080755299015358	
0.3788714845334542	0.13551047669152616	0.12840198991981255	-0.09861729666108038	0.37185088521586296	
-0.23992333798067428	0.029941677611735194	-0.16880126724249972	0.017340265065917668	-0.13215928794327908	
-0.13313363610960344	0.12459226047140816	-0.10013128566503177	-0.03915085445212043	-0.3359789771448266	
0.17332557976688698	0.04250987474402843	0.06357634471460409	-0.044438828124241506	-0.3435050611790559	
0.11072076851315348	-0.011674001011244132	-0.004538907444416478	-0.08384057979862636	0.25587202782652463	
0.09888707855342073	-0.11105018249735889	0.050382731100341756	0.10217797325006904	0.01534800495900913	
-0.342168469878192	0.0975273388315245	-0.20979880481477378	0.020769707258560467	-0.2583807127918762	
-0.16027701073787848	-0.07651649414737129	-0.07670553489550531	0.03638883170789528	0.10452224925083257	
0.005796423527682829	0.08581487051547947	0.040671242728480744	0.07794011290524573	-0.05296316712997473	
-0.24561823740173216	-0.03215885983505756	-0.08676398850909636	0.05200403632461093	-0.21398188813135535	
-0.08242112446720445	-0.031475195928530326	0.06897699489445952	0.11501714618562191	-0.17525218728873196	
-0.06295451367396437	0.27378113002554944	-0.1359628309047341	-0.09267283880253765	0.1841604338382164	
-0.025588120774482432	-0.09536416316266375	0.07194738663171407	-0.011803145855592298	-0.15287212342903989	
-0.2328946554927226	0.15150133868411783	-0.060961988203659404	-0.008018812124358033	-0.2809202440247282	
-0.1628097207064478	0.08022381266351158	-0.025039648394236315	-0.09009342716920375	-0.5527230081807486	
0.13324656117439954	-0.20370612967575077	0.1986460686132137	0.10159254845944933	-0.0445712724155085	
-0.03378368815109431	-0.10303902058279577	0.16310300040843856	-0.20367588179846774	-0.061742150084118604	
-0.23069305833817647	0.058870674484257014	0.04317354044558623	-0.02548069888162773	-0.5792198558084855	
-0.007036535340054124	0.3018792558475603	0.08725522867999717	0.03831483277326687	0.06106598704095052	
0.11982766383567255	-0.08163846256365868	0.08463782777769945	0.062358556001151484	0.0431972996362375	
-0.19781144213918178	0.10885457698557233	-0.07680858703407228	0.0009548703833795006	-0.24868507660076336	
-0.09515587925495993	-0.031809919324657106	0.03020841274591321	-0.14838280846844618	0.18289902745053088	
-0.04488867820374655	-0.1006598089386996	0.11063929891564436	-0.09825452320777525	-0.12895750984962276	
-0.12396718303463286	0.026594113475940963	-0.048297241024808944	-0.18031237696333416	-0.19449700436565712	
0.04244581217228668	0.43468865736048196	-0.22207512678245198	-0.11564269501208474	-0.026594132033245135	
0.2513876306865894	-0.042802624166012965	0.12018932937807893	-0.03457667167147931	0.20528614670280582	
0.03553686400558012	-0.12824930513825825	0.16039490107393423	-0.02400022632615911	0.0764683312374728	
-0.15166752740082876	-0.07733135702575994	-0.04729860078262333	-0.03941656764107513	-0.11713413080592137	
-0.019751876365231492	0.11051876899944384	-0.09654047850304304	-0.006762346312126537	0.27854292257429714	
-0.19236716686326782	0.02740045408821285	0.06182126893045464	0.026831922941295987	-0.15706578198106128	
-0.3416764950710745	0.23554738404793313	-0.002580793938692109	-0.03457781819898471	-0.10436956392283729	
0.1543683953975258	-0.017528750564777557	0.025327797361907902	-0.09027614372080638	0.11084719117739188	
-0.17409439885712338	0.1599924748791683	-0.08517748746231063	-0.029091476136269164	-0.18628877290142137	
-0.10524548297283601	-0.13803479035083785	-0.09782249511342506	0.018028687902846816	-0.26903380496407087	
-0.1066598448095069	-0.11845184134711956	0.02571628182204493	-0.08936438664682833	-0.03233597936559427	
0.32862454765339294	-0.3795328606463145	0.18856489977183488	0.004607695952427671	0.28009653857858796	
0.09343563326839194	-0.1405612459003331	-0.023537890979474348	-0.014184268793558306	-0.11127275713707628	
-0.2683967458852637	0.3407895217659153	-0.24072946364500056	0.03896826754325383	-0.39729941344920155	
-0.1861843472753682	0.11691262364029727	-0.0334858300291747	0.0116670096889437	-0.133358193731374	
0.036845184966376954	-0.02752761592150031	-0.1394784558434761	0.0658986301780432	0.21119290838334825	
-0.21700092464448695	0.16774023498905302	-0.04500514902758037	0.09838603555349827	-0.05480762879846825	
-0.09925267300682582	0.17927567463425506	0.059849290254498595	-0.09822883803342491	-0.11633741028872066	
0.053489481655107834	-0.18707670633081466	0.17636312818413197	-0.18358012796249412	-0.21777047375827455	
-0.07526783093554253	-0.0693893778995655	0.04170084777140874	0.020107561594044587	-0.21446192898639196	
-0.11982201406415624	0.04545555147946034	0.024825885037114893	-0.024422132072309734	-0.04129560970073059	
-0.06743646178354716	0.122948527604775	0.009197056426686771	-0.06555541199240289	0.1565977256798838	
-0.19150109461070625	0.1556510117377999	0.009939879571383254	0.07325149276840577	0.09049314294894564	
0.13077600448236437	-0.05655762396708841	0.24805875959431553	0.021022308565871572	0.28851953664476376	
-0.06367263796355002	0.15824293169855683	-0.04137102490934958	-0.0022458558096661568	-0.12035197573170842	
0.016666213646083953	-0.05501844549631977	0.08308573461236896	-0.0351926953008444	0.011996889978680302	
-0.3519375359313292	0.26005938385710636	0.028723855016478325	-0.010060906031773878	-0.3369801149492444	
-0.13880872687008308	0.26644942560574747	-0.030112963545913335	0.14493627363958222	0.04950472133450309	
0.15034433345537898	-0.3070489846889744	0.20241898248080847	0.0109336659664959	0.13682441101948614	
0.2505894964167295	-0.15932379784327186	0.004331238785775975	-0.110993714370291	-0.04305038673100121	
-0.05198163778471207	0.009095836245220486	-0.03316016794889953	0.03140330260526111	-0.5304060977310019	
0.012753883696411488	-0.06622179738505989	0.07365697331616829	-0.018892290095007015	0.04194092996084949	
-0.009079604583270746	0.0025772259702046088	-0.029558337100036542	-0.14321417052104848	-0.3888369270130726	
-0.2422236341800752	0.2547284622427742	-0.1453646406810351	-0.029864805932450347	-0.310222355338688	
-0.4405559291895845	0.26803857916580015	-0.024700032572463126	0.019895822997993046	-0.1807805581433981	
-0.084569179763028	0.17692818762886414	-0.06919866823614605	-0.018539834135591817	-0.048012247078019106	
0.17597779677531142	0.22722088550176506	-0.003286570495594211	0.008102199053584362	0.15279586800466738	
-0.006784000348274835	0.09767726253254755	0.004504271844909804	-0.17390802371768585	-0.055511300408361976	
-0.17121967340103147	0.12489524912905382	-0.06551893124017862	-0.027207557619650352	-0.18620532862716344	
0.2824862524729956	-0.2469648207116849	0.03903695508155414	-0.0738056455470825	0.06613531995506644	
-0.3638900052950235	0.377439505361485	-0.3426703900295728	0.15541358092003085	-0.7605654999208906	
0.03492625620812761	0.016625112450594823	-0.00010420405482911658	0.09940901702865408	-0.13135418501395188	
0.22428970422663191	-0.40638745540550786	0.3305722161470378	-0.1264867426736243	0.4018660715993526	
-0.07016625672443637	-0.04776674075356743	-0.004190222551863762	0.012639806802485776	0.12244279523078037	
0.15908736077790128	-0.41513966481656306	0.34149230232138245	-0.20989347226519137	-0.3692656715522486	
0.034382460651041856	-0.12457731698407809	-0.050239289058794934	0.031042784130331763	0.06136055946750938	
-0.2534624686430855	0.2881217488270784	-0.2069144665129381	-8.986638120805243e-05	-0.33259414277582944	
0.0523046769833749	-0.08455128062251853	-0.004822631543966386	-0.04048825443969741	-0.1066414095948782	
0.11723907821007341	-0.26765951788303805	0.09073558821273882	0.06432490137865611	0.24503705676271575	
-0.07097306353677062	0.06928608230197371	-0.16070665415796606	-0.09906013003993396	0.08428052474951438	
-0.5624568477815755	0.6226709888993309	-0.3320993855957609	-0.01431360027619325	-0.5055242682102205	
0.3789805691584133	-0.2003805622319655	0.20378346253384877	-0.10167950804836241	0.3372557042782104	
-0.04662760280579231	-0.10146988655019613	-0.10177179816711433	-0.03665971469839115	-0.009591602795803716	
0.1455852170224329	-0.08630102543550469	0.17303839741635701	-0.09515789403857722	0.455685636506045	
-0.019130758007219122	-0.17730373666568594	0.05219190026547035	-0.13621072994163294	0.150378295539837	
-0.2632902339918982	0.14366692145486273	-0.13661566469186978	0.08304668919321653	-0.1712467426236347	
-0.18350500044182344	0.06101496623688687	0.04036565754775338	-0.027228839226190897	0.07426970311477277	
0.038410100993984085	-0.009575332026626499	-0.0929365833699554	0.06382654658871423	0.1326324358819527	
0.11073366220661485	-0.12799121374798006	0.04797338558878956	0.034031063946550484	0.3971241195610381	
-0.5965908582912575	0.6813493964237762	-0.3869500814186493	0.1145019480870177	-0.5656419604310851	
0.18719095232164187	-0.06128902375156855	-0.05285469654800261	0.15261204915202858	0.21003115920661009	
-2.0031791607556846	2.3428198607705357	-1.30074043549917	0.771880592177239	-2.3987960571598568	
0.976415068515081	
