TESTRUNID EPOCH: 37 L_PCC: 0.8895457854880966 L_ERR: 0.009823226458037295 T_PCC: 0.870298844874955 T_ERR: 0.0114340381493234
180 LAYER: 1
5 LAYER: 2
1 LAYER: 3
37 :ILEARN
-0.17776614849357858	0.25622481165645955	-0.20501106205722014	-0.012971955247654626	-0.3087022677535006	
-0.1394237903310222	0.06715099246390814	-0.10477677642356016	-0.009948634986487494	-0.17342401077229638	
-0.13817023645437027	0.2550313655318702	-0.15495680665241168	0.12523666523107688	-0.33352647266804586	
0.41766254564703303	-0.22380128598195037	0.23216073791301506	-0.06054136597202915	0.3170195410412756	
-0.027641370624518487	0.2628950576975973	-0.13340973453924745	0.03242542753853809	-0.16466366427099674	
-0.00634602638514506	0.089858460653302	-0.16968485793433077	-0.027777957686523705	-0.08296762069361946	
0.17520702825904014	-0.15669131322576124	0.2383390293094548	0.011608672603599787	0.2611133719376821	
-0.30657224274924183	0.2502256254981548	-0.1350973232878511	-0.05524793149758181	-0.26010788337556834	
0.21751872414981835	-0.029302343387937455	0.0283934461166433	0.03775983516124661	-0.05523742185821184	
-0.20373464216703555	0.14023686490484513	-0.049837002179950664	-0.0604470194311906	-0.22943213069987275	
-0.21708273821901047	0.07389462355091336	-0.05766446719331719	-0.07749006661781535	-0.0630030327276062	
-0.4681477307460043	0.4601960157330732	-0.39205883629158317	0.08505997385447901	-0.5259417094106695	
-0.24300582366007228	0.10147634331058997	0.014630798622572458	-0.02915265096317528	-0.22838948241278806	
-0.4482246339775719	0.3718066194732401	-0.24809856091923357	0.07534648133610443	-0.5328756321592618	
0.23479268063068978	-0.2120548898555695	0.02409840206554599	0.057939705470813355	0.11052766644761132	
-0.07354321029665947	0.3728382511743072	-0.12472708984820682	0.0673238671207592	-0.08425215641258794	
0.21630496397403412	0.010600570708367464	0.11561766688219756	-0.047670325139108696	0.08740053720557138	
-0.15608021686436682	-0.0698502485394336	-0.05047164520021949	0.007204436576764293	-0.0697513202039593	
-0.2875512668359802	0.2083119606658737	-0.08399847596037541	-0.0028526784495499797	-0.287979214526334	
-0.04372413066066361	-0.0006394530437474664	0.12509616250743263	-0.13496343709333036	0.0806897439169664	
-0.13595069668326068	0.03003970257154711	0.03072757609008048	-0.007973121221099798	0.0031142000395582474	
0.03795799412486489	-0.09432121740257104	0.10861700094736772	0.04208416156731384	0.1005207852599186	
0.10947426374876092	-0.1340153409782814	0.20563012992017893	0.041637354845150576	0.08442306654974065	
0.015201010281606045	0.14701851883613307	0.0744071132043041	0.06850284051620212	-0.14995417668551375	
-0.11721682159330653	-0.04642786074711807	-0.12345660628918409	-0.06202903775565267	0.021809856348243013	
-0.359785544252767	0.3685056802905933	-0.16935908013808376	-0.03119637214243035	-0.5205666957356995	
-0.010715675200357311	0.12433430100054091	0.01713304466374341	-0.09087412949585238	0.031473980769290096	
-0.0708243241586179	0.0857384922411592	-0.03059114087869984	0.08147726668501931	0.008123044179966812	
0.2230047094192579	-0.2633375278567303	0.06429447025641122	-0.09859635500732714	0.15916362464455028	
-0.20486143588999328	-0.005438547146393408	-0.04442119231456347	-0.006723557948227699	-0.26394326359864756	
-0.7080110233379769	0.5811685930638204	-0.41990489991617386	-0.07199557171408492	-0.8525704227928617	
0.012614378936678562	0.013134603880592186	0.008355101878252199	0.11099132370877364	-0.0059172726311745895	
-0.4613372378701901	0.32863406987538457	-0.2674436642378534	0.03279240491945576	-0.6280207295668067	
-0.12130561601174909	-0.1629085700052335	-0.008895652861273008	-0.016627268075513846	0.016914165912888652	
0.21154511149916003	-0.12689313468762195	0.2234259846206575	-0.019311947430255025	0.3004745010195467	
-0.10691754848368581	0.24071497058127778	-0.15007903519877552	-0.03564339666313439	-0.22691500213901783	
-0.18492068499718173	0.21392872263166848	-0.09414363286170414	-0.03969857804514637	-0.33284648145267637	
-0.078859863890748	-0.012746100526911582	-0.046915532212295726	-0.013482333124686536	-0.08461354075206486	
0.14984276398819132	-0.3248116511854682	0.18778894002275454	0.02314244336839635	0.3510107870195286	
0.12379003140881016	-0.20300926109420325	-0.027168797661742378	0.0013902915407699814	0.15344548829082336	
-0.36338803887103327	0.21794089419665352	-0.1626312441261937	0.07300749215242625	-0.41555718525487667	
0.17440903470973312	-0.13543260573731639	0.15541886251967083	0.09149980157090913	0.21533871767935442	
-0.07647610527645751	0.18239099473747813	-0.09089193782679962	-0.047125599198054535	-0.09325470542749946	
-0.2668019350092696	0.3740237304676071	-0.1298718098391551	0.14903141376687484	-0.42477161328557606	
-0.13859720265134784	-0.12141593825682974	-0.10513218958408314	0.052517820668304266	0.028244315663549454	
-0.02209584571623348	0.03451581801800427	0.03584059154945448	0.08761739581794178	-0.1164183123193951	
0.20507751366085408	-0.15666225329028538	0.2309987512519528	-0.057547607050300736	0.19979173075406298	
-0.0015394021830175972	-0.10921734850362608	0.0010170322810906843	-0.00012307921849845563	0.09082426560697866	
0.06673581042789922	0.1993113580922431	0.11536836514054633	-0.07624404732917693	0.13909758864396027	
-0.08894637536261961	-0.18625158224304622	-0.10167403127297273	-0.0038152025374404396	0.029461980807617003	
-0.23211197736657085	0.10177566878569724	-0.1094596787460994	0.06781583856936427	-0.21258290549236253	
0.19350474683844773	-0.171245691151347	0.14871531804535557	-0.03194138932438	0.1491563991774134	
-0.31601835348673846	0.3422108546035982	-0.1916790085855531	0.052223999807648205	-0.46055615577782466	
0.004310606347063452	0.2903601479554145	0.040131407667151175	-0.07324619695047528	-0.15666087611858526	
-0.1670255723464515	0.018573891035811686	-0.06411236503177528	0.013948717617852055	-0.06512354107491151	
-0.16545466739023068	0.12836661546515832	-0.15411402531671034	0.025983627587925412	-0.1058423943634717	
0.22825773894258256	-0.15434900329585238	0.1287072808659678	-0.05809640788466102	0.21540271865420477	
-0.08010272256728673	0.18041351958871663	0.02765332480945198	-0.04201109481049384	-0.3720912632591481	
0.004965238311030522	0.33453295551735385	0.04234852681702283	-0.05228609348961162	-0.14293298404293844	
-0.0459422989538126	-0.33033945039007884	-0.06878079166057897	0.03688520231066465	0.12870486633724332	
0.06674633401578274	0.09257326972479563	0.06242102676658464	0.0025284266849417312	-0.12260239945035219	
0.19883793054814114	-0.13666292823664264	0.07186661844854986	0.0025586210022653837	0.1798210484216411	
0.22682935147388347	0.08124908167414291	0.14744790738703573	-0.11788861754380303	-0.02420408642302858	
-0.08630580396735772	0.2791896601653731	-0.08348915470120262	-0.047667535119810055	-0.2187702016608699	
-0.12318888558521333	0.05022229484845161	-0.08219352461576146	-0.08114972221606384	-0.1649119755651906	
0.004010893938593966	-0.04501118188239932	0.0720069520841622	-0.0002623017110288035	0.00871173323159686	
-0.1636072458602464	0.18376713536695885	-0.1273165892827973	0.011363331556188273	-0.14023024106592685	
-0.12716461663407203	0.016262832841139174	0.1618543168300895	0.03886497103896443	-0.08781076696698925	
0.11401668211812385	0.11066082347109257	0.10650515248346043	0.06306665679176914	-0.11860198683286925	
-0.10788036649672042	0.03136467857847128	-0.08696864238673072	0.08036724953126094	-0.1268502051999501	
0.03268280391532206	-0.20093120259192562	-0.10714062917015456	-0.06267905974452181	0.22047006419700363	
0.006460430656005745	0.10262611934301279	0.04418759324365271	0.057995784696535574	0.0643451812119172	
-0.21114707960675688	-0.08554532642122481	-0.044220035539442155	0.021438977046177272	0.06616268652206787	
-0.019776578411246273	0.038728210951581965	-0.10347139389100707	0.0019430527272215324	-0.06717677809470891	
-0.02782763568558851	-0.032153727948042804	-0.053473884096083675	0.05020688465454755	-0.2313260722858507	
0.02428196157397515	0.22801198817526774	0.09695229064419554	0.02843368389732961	-0.15476950538544065	
0.07270468801935308	-0.0016604246374253547	0.13532041554975235	-0.06626311074372758	-0.012620302344361053	
-0.2197027116945064	0.13681841489267552	-0.1456042377333692	-0.10375988141186449	-0.1740914969928019	
0.030018107113074594	0.020761457140681183	-0.0332012611131803	-0.10935938798339208	0.1117549444195769	
-0.016400243117027036	-0.03171908726084068	-0.03213389824912399	0.0195478957545948	0.007311602648975241	
0.035993048361986635	0.0011638605786071785	-0.10675892267425424	0.03186388241115828	-0.061122090553617225	
0.08927298433125529	-0.03608601143417559	-0.08453316093991058	-0.06172788773739657	-0.14775131556978535	
0.05059713825118636	-0.004037353352093248	0.06542394725331553	0.054887438026439396	0.0534566858750588	
-0.06486138295339387	0.2262032170665424	-0.07422939329089918	0.0886890703684095	-0.18602272255136035	
-0.2728225238188507	-0.08475801608606184	-0.17480827818370895	-0.10676946388081855	-0.13602913487988652	
-0.044224746213586075	-0.13379760315430972	0.052089502043197504	-0.013431385438433084	-0.03247351537156833	
0.04782919330572545	-0.00808358296254599	0.02435512579814415	-0.005292266347527473	-0.005760667953113539	
0.09463311198361	0.025076122396568177	-0.14863646632603775	0.06533167725794829	0.04306262653601718	
-0.012206599845761867	-0.08525218461478927	-0.055861613881767504	-0.07668085133705446	-0.07534433428674833	
-0.09269270695313545	0.095100693534503	0.08492946263105135	-0.10549087720961339	-0.1647177891485918	
-0.06104910888694103	-0.041199451525276466	0.1877808962884141	0.04957336112657389	0.13733353446084653	
0.17591587560252384	0.00875073960587935	0.03241506536315125	-0.03976506182977826	-0.04846008275139039	
-0.1427083177227456	0.04929318237219783	-0.04722623521432048	-0.07036122215196522	0.0015637543723596692	
-0.059809654265836835	0.028100627430520334	-0.020923868450190532	-0.027075367533206537	0.06953194521861233	
0.13787127480877068	0.06668572738616607	0.04053358325541222	0.0037950107335378513	0.08717459965188813	
0.08153840610917508	0.025618867072391218	0.14113806040582783	-0.10117591032006396	0.09870315916796336	
0.1362891377513336	0.11758914032279726	0.1046627218013372	0.002676012357435921	0.15843191703199475	
-0.06473835819650084	-0.04444110031951782	-0.17100136809458227	0.004469993528936269	-0.16035969333101088	
-0.17252789995389173	0.13771404959288067	-0.12271713614233823	-0.04556696417277566	-0.22562005183789435	
-0.08445169885366353	0.10765292018734425	0.0719689819228083	0.04465131296068762	-0.15438394633131436	
0.012305385533059862	-0.12928344938835262	0.007648468032790501	-0.07479448256158835	0.19385385350681808	
0.1442193301708897	-0.08065329120660017	0.1083681712164506	0.03987276365752085	0.08424536409175953	
-0.07044637749832287	0.07018266317169662	-0.1312557567429402	-0.022124382950102283	-0.11710775996275727	
-0.1004352314994501	0.025373264862914607	-0.11887789197140158	0.03242171619455351	-0.0883941700623893	
0.044983939496950814	0.08315965584354507	0.0504168373141934	0.06814049204505998	-0.07218418734759027	
-0.19100420738368354	-0.007697102713652479	-0.09208624939007454	0.01696162876858216	-0.1816545830631727	
-0.05775043682133496	-0.017011516060559805	0.04483988543309652	0.08200598247381718	-0.1777615466941183	
0.000292258640233115	0.03265151157784911	-0.0984918294210959	-0.0806324610816015	0.10953807261679901	
-0.01562263920123444	-0.013846051569413013	0.03218031668671261	0.004697434512578804	-0.12561584464939615	
-0.17158991049694805	0.1885187834027898	-0.0966653293378223	0.07111439781930125	-0.13532528045697037	
-0.21719463177064346	-0.0014434096504774353	-0.013098940428348528	-0.046344992402022965	-0.27176201430141717	
0.19942075466557946	-0.18386631329872793	0.2544112944244278	0.04415390737720637	0.16996187165570403	
-0.17206849320173412	-0.0359058238136657	0.08288765471686127	-0.13008520614228475	0.038427782277589986	
-0.11373917997188229	-0.04892428051227696	0.04429378877030248	-0.004293794804055681	-0.3077402206437261	
0.03082698827529256	0.050972363972183264	0.10117332390637297	0.025773715106442028	0.05662290779557568	
-0.053728385037909575	0.01927765880901107	0.0007470673586450322	0.04989141494267254	-0.13676147178268724	
-0.1416061187243804	0.16402625779415678	-0.06001002369451964	-0.012209305200218193	-0.25521333083627556	
-0.06360782846735256	0.10701987230961604	-0.011549766567325462	-0.06790887230189797	-0.018577112920183488	
-0.021860074423245963	-0.04942724028748162	0.10201723732758401	-0.07282723206193052	-0.03732703894395529	
-0.11041568357903883	0.09343848614667985	-0.08784001409466739	-0.11074545742879285	-0.141786582574985	
-0.018858209108712165	0.34025106641295305	-0.13068199461975027	-0.05987501962828291	-0.10688409637890628	
0.17834019639227378	-0.013157033960595843	0.08123626162120622	-0.033972713537181946	0.20796204492081072	
0.1493923889135094	-0.035727870008932516	0.13192958406076202	-0.0033139464261680656	0.05789786640016447	
-0.01779719463217578	0.06228044884388995	-0.12268542291977459	0.007009233770854562	-0.2208347415491497	
-0.01062631658944443	-0.007544562557001509	-0.08114118208460688	0.010668400188316114	0.02438334156972451	
-0.09227126157497624	0.039994328975820684	0.06090483900706644	0.04625752693290704	-0.06638280970310807	
-0.08648722929521194	0.09812036613657944	0.09097724866173383	-0.01406521975396061	-0.02799859981122668	
0.16913519812210517	-0.0017539825794979677	0.1225947490445755	-0.04583220872210809	0.25595842858626144	
-0.15813056871986383	0.14943294112128522	-0.0967517429640251	0.01786527439037054	-0.15534722628549652	
-0.20355624547176535	-0.17725810527753613	-0.1432824384407464	-0.019992170996170285	-0.08135078729681768	
-0.1690364940967975	-0.1446929928198531	-0.030361315049266466	-0.09913274491543903	-0.043110421130286534	
0.2813956291521457	-0.2911932298000329	0.17767698849605856	0.029415496775533224	0.39389005896079876	
-0.05668489241222253	-0.08071871442365473	-0.0834376434075657	-0.006413713407056217	-0.09898929565159684	
-0.1618917376100891	0.0877150674159586	-0.21709365946099762	0.042039266642597925	-0.35857481221681975	
-0.11970134382827506	0.17473294667196698	-0.0564652493494387	0.06840056941370794	-0.1981308411961727	
0.11724499563709763	0.04837990892651269	-0.13870242509697156	0.09727040107316949	0.028942218070125484	
-0.07742513037847192	0.15478043236093644	-0.0890751268195006	0.07687944023170529	-0.21636806898804647	
0.0008628017255549599	0.15162465075638262	0.013565616269026986	-0.03821581128204183	-0.13749676276230752	
-0.1585508937391876	-0.09544739023283849	0.08414668774865731	-0.10087999842627915	-0.10894649737994126	
-0.17624753526175374	-0.1302369911047821	0.014095013274872814	-0.014875339549584646	-0.046400963160086475	
-0.010505384757808565	-0.031902716918701994	0.057501480734355556	-0.04406640936202024	0.0026699071124821143	
-0.03288870017467168	0.0373182042357158	0.020357540673190958	-0.031321641153461414	0.07466944206181646	
-0.029739748433960256	0.09334658291517363	0.019521272017685224	0.05090536644472547	0.08735825850956616	
0.21231578429144665	0.10056017626440865	0.17057007419553638	0.024868080964688576	0.1410578607988336	
-0.0365415825997087	0.0741286613037346	-0.001301409049309391	0.043519827979154546	-0.02644083048375164	
-0.02433638629578746	-0.009825017958105824	0.0044196091511525685	0.0034080575541634763	0.1277340530340299	
-0.22019646275570792	0.21932029416883606	-0.034841926972764316	-0.0178756856078282	-0.23737010776403195	
0.018055082226577406	0.2014495935239975	0.01789242959247332	0.08761029483474427	-0.20877615080333348	
0.21752040374569254	-0.2300754392397632	0.0623897369286183	0.06957540469369371	0.08452473401066245	
0.10264692384467439	-0.13918522769226058	0.020316089131432426	-0.08486870288709591	0.1471048344503426	
-0.3245682338114432	-0.07275304081442226	-0.046729678193135095	0.05985201202588963	-0.34748520056810145	
0.06068126113355689	-0.028305803911604824	0.07424042227187377	-0.015657898678280824	0.00506152835214878	
-0.1875344307565303	-0.08998570989811623	-0.03700239209922436	-0.11183147243989311	-0.1259293871983812	
-0.2330127895229948	0.07458701566618442	-0.15535297596791534	0.03468508415707476	-0.13680284269128343	
-0.00459795363180047	0.30531981462567376	-0.015528020220078768	-0.005572080902031748	-0.21900313821531803	
-0.0874369190863409	0.19351387490903812	-0.09345406838063175	-0.0033514442019135482	-0.13652567625666878	
0.08781201786443668	0.21489379624951221	0.03443260040048165	0.07299224414587799	0.10485068127807279	
-0.10293284618732589	0.016400250603995376	-0.035759128009340294	-0.07265998128510003	0.013609090816157061	
-0.1312153173963121	0.14098828546829142	-0.20186530386990348	0.058591541092488014	-0.19908834265379052	
0.09617492588389842	-0.1656878251784949	0.017904033891404898	-0.026298387664800926	0.1453672150845574	
-0.48238594069594876	0.3820569803981499	-0.34791052479084833	0.11467883671896817	-0.6336705115317742	
0.1395205804957937	-0.05465781861620995	0.06364355085334174	0.07048721994189414	-0.02148481756784545	
0.16279062868432082	-0.3456183829761683	0.3020218602158618	-0.07480349929835596	0.37415103632425617	
-0.008576834528789042	-0.12047475523121363	-0.009720164832056582	0.0318457953655185	0.09014756056659774	
-0.07772541651675825	-0.340110866123878	0.19827727584972327	-0.14059587041341348	-0.3122741377941756	
0.02627308569989746	-0.12016149820884087	-0.0350437289952372	0.03929424748499075	0.11595510567526207	
-0.18951137381858982	0.23011116435848145	-0.1928729895326118	-0.02160139375316755	-0.29253399732378554	
-0.002663989855755231	-0.09917966304427228	-0.017903664897469196	-0.018862262183643775	-0.06955029255396718	
0.1056861934801033	-0.22432171654384134	0.09963148372303073	0.08654401134442588	0.25654515557822777	
-0.000701312390667893	0.1018246048501839	-0.15466638391841822	-0.05801611372177391	0.055362066495105	
-0.381975083042098	0.5381489222723009	-0.3299889581743707	-0.03160595625483406	-0.5826869074131117	
0.30676502290624674	-0.1511411620574417	0.19496743514860956	-0.07607165260303445	0.3099049594485045	
-0.06642906792637737	0.05100466630661361	-0.1015730952029433	0.012091705097989128	0.026655681688017227	
0.22756575855807115	-0.04477122221933962	0.16420154516394095	-0.06789344491243852	0.2828564323118604	
-0.030142876660977317	-0.1485451131650745	0.029970178922373435	-0.09756387158447344	0.10727699952870579	
-0.20841901189938375	0.013948712712017492	-0.12572934365872798	0.05174886090205529	-0.14110762809278452	
-0.07481137917234167	0.06923240539235305	-0.009390564972590963	-0.025664159264029394	-0.09956989120139047	
0.10657655064736506	0.03516350600547492	-0.09377082650586877	0.08213609986328824	0.1001717766287806	
0.20023872235135848	-0.10557374953481281	0.09437066058863683	0.03229828810246961	0.4021132092059679	
-0.39261080744593563	0.5518655845566746	-0.33140003462889717	0.07605584006258104	-0.45116998272684916	
0.0689665855599703	0.03070662507871268	-0.038793328715554416	0.10699274360367399	0.19540319698411462	
-1.757914731879889	2.0731624750630955	-1.2053546489896736	0.37063576326347886	-2.22845296842606	
0.7498730680926914	
