TESTRUNID EPOCH: 99 L_PCC: 0.9139605116168078 L_ERR: 0.0029339386902974135 T_PCC: 0.8661551592791433 T_ERR: 0.004776994370171062
180 LAYER: 1
5 LAYER: 2
1 LAYER: 3
99 :ILEARN
0.14748586334849365	0.09413750519082124	0.11921605105292747	0.11453799087449917	0.11676442415899296	
-0.288302135523314	-0.08880850149435095	-0.3075237133685287	-0.2072299631733825	-0.2525086221139581	
-0.004688886474429453	0.06231446337521346	-0.04235758061094258	0.09799456411561884	-0.09125470008080096	
0.16087282939129813	0.040591300007546155	0.172065855526403	0.058970526835680784	0.08127874759020749	
0.10019022554942902	0.13062533985034563	0.02081675965733212	0.08830043804796349	0.11850788365082662	
0.020464614135269964	-0.07438653549124566	-0.1728842706611352	-0.10648962094087056	-0.009554143559738007	
0.17290710921787114	0.0567256723592177	0.4090869826350494	0.2536306055765826	0.33398461101913435	
-0.11981058013851435	0.051805098100061495	-0.039734569405289286	-0.16996724447251485	-0.06188581545735571	
0.11865067256548349	0.059761600363412534	-0.03071365954411572	0.08875209849577796	-0.05228025836628347	
-0.20698580763374583	0.03801237686593258	-0.2888109381669724	-0.2193714216826303	-0.3022623940537372	
-0.1256069724308532	0.030579277026353744	-0.09261480261308329	-0.07194432186103257	-0.03164075157215395	
-0.3963420483075819	-0.032647758514289645	-0.46586593203958326	-0.25025497434845123	-0.357130549826363	
-0.11590920037610901	-0.026315740062047423	-0.0146711792408403	-0.04592404221124259	-0.1307850393300245	
0.028579635489280095	0.02113376005683198	0.013562648399651748	0.12033517718985594	0.0661951723899708	
0.048016338463104755	-0.04797573555721739	-0.10785476860390544	0.053357512501957576	-0.06913390998908801	
-0.03138316619520486	0.1137040901271278	0.02561467006700817	0.08173117153465617	0.06991461878828725	
0.11117163706876679	0.043927293061712246	0.11654025518228253	-0.009459864875998142	-0.014360844885750993	
-0.046207949067756895	-0.029406319812627417	-0.08408600955096597	-0.04792785830596367	-0.11043872439310476	
-0.15708593828642609	0.04264248756036302	-0.1349081084018904	-0.05088992140494065	-0.08589553030233232	
-0.14315348618332277	0.06035781696409945	-0.09293218968417531	-0.18728816252037328	-0.0756337969345537	
-0.40476831186573076	-0.07066025611283738	-0.36816515365563335	-0.3307795768159905	-0.3627343720167233	
0.027099780229225923	-0.08190479557879021	0.08272606565058246	0.06739696762492538	0.12070637831292372	
-0.08830568860539888	-0.07718749078470759	0.06536628238517964	0.05797297445918499	-0.08968601831787829	
0.1371449165445213	0.08525602128799932	0.20671144804872665	0.1652492587419867	0.029122466328612415	
-0.19739036881730027	-0.11635719476236762	-0.2369992404331352	-0.11251404873053242	0.0015540548163676593	
0.03272040345323941	0.03358800893797325	0.08467607475686262	-0.025698199885289243	-0.009662494211597877	
0.12348024688868629	0.1348426834524266	0.15042880253843896	0.023985032858965315	0.19483990600853587	
-0.3231090064605334	0.03136771648498656	-0.3567656989746353	-0.1365742644154477	-0.28277055056279626	
0.1257597586373109	-0.028700815654528863	0.05445527931355626	0.04120896526162134	0.051633673228315274	
-0.1159379879547176	-0.05807181876431214	-0.013467072964245548	-0.043835149245108486	-0.16354676407568194	
-0.19286221664513153	0.07661945820698692	-0.14311984641953868	-0.2027844716380969	-0.21593112912128434	
0.0187184374476835	-0.052030611382543966	-0.024958338137223184	0.09843419022540824	0.04723584536922588	
-0.1705457807460116	-0.01741679136139641	-0.15146247931830023	-0.07892563814481728	-0.24928294728666997	
-0.16018602381963096	-0.07714082336223033	-0.10263558992891705	-0.07992073169102677	-0.09327139003750752	
-0.054487683368294924	0.11691869901583557	0.013214232875508424	-0.0009252350849289165	0.008997932512819152	
-0.5294134957991681	-0.0942308027869586	-0.777795610657361	-0.5538217853475943	-0.6867784717784836	
-0.40490087655795154	-0.17846676158217506	-0.48197529768470754	-0.429322074594336	-0.4966161682459219	
-0.058035272401096454	-0.0446062665316045	-0.1392225592434176	-0.10644914070576345	-0.07438466189190113	
0.011334455747441186	-0.056916266385780734	0.11324413367888886	0.08925119821111695	0.14260947555333198	
-0.022272985521140768	-0.12374337862744553	-0.19210172662346137	-0.07897935939014808	-0.03793632995954655	
-0.19667544840426202	-0.05943365133117665	-0.2434514559626993	-0.2226600869964206	-0.3371203532701112	
0.016411830747077943	0.049141953753651685	0.04834408962590389	0.12405718664390258	0.12076188593320737	
-0.18046119162520144	0.07972378250783624	-0.26541167140122257	-0.1983449065642008	-0.26195210497647653	
-0.02360529728912639	-0.06602549348186731	0.03755476848113854	0.09609432259127972	-0.12228153904817479	
-0.17436081950055296	-0.03445207397778596	-0.2116987675314491	-0.015289393596574578	-0.15989875971275616	
0.1561545118912497	0.04489854319091513	0.17144522434739254	0.14149880712584142	0.17360744097472622	
0.05055922742466663	0.04618686488078239	0.12957651072167417	0.046173467571176074	0.07399667482062819	
-0.1674547717348022	-0.13608316437145873	-0.2291591950744978	-0.18304392227943328	-0.1636964460599132	
-0.03969416589904905	0.0972337819317038	-0.006493588101751073	-0.05899457822811653	0.036989002652969394	
-0.1014390290934376	-0.10406408397987232	-0.16443075713648983	-0.08964874602856084	-0.06710679097826944	
-0.11839157295558315	0.10629502332019278	-0.056593030916015585	0.0802401998942959	-0.017322743250465716	
0.12051514499391085	0.042686438821483645	0.11275167537185106	0.018130979339097002	0.10102276248077083	
0.01655065685109595	0.07361420044636983	0.007430665295232254	-0.0051789074513985366	0.02095329729042687	
-0.07332029457123826	0.039240671560542104	-0.09493529288587786	-0.0458967482838557	-0.10854518131576903	
0.11860503333106998	0.010872285763995758	0.2112581589230862	0.085387318880572	0.27817788721281084	
-0.04751647439705686	-0.07852258543663623	-0.1028776463897913	-0.08594378566059789	-0.009209092786315543	
0.06468227176701771	0.07937732935797669	0.0342803475393041	-0.04603471475949723	-0.03846359813538178	
-0.02623311653450122	-0.003345858257375842	-0.06777075775261991	-0.05993354362789555	-0.09380331986059863	
-0.09725713448619298	0.04201520367796596	-0.13207473995205435	-0.09924307680695225	-0.18942793668707777	
-0.23356718194779727	-0.048589909170220595	-0.24826426273975888	-0.045138540944897484	-0.22867876170558818	
0.021078183505916313	0.07586692641653991	0.002989419487997555	-0.013476480038562978	-0.10993837853032502	
-0.036798127220864583	-0.027579326901597877	-0.09272159809611215	0.02077436937202061	-0.09608018718652958	
0.16369358118162536	0.11014874389358442	0.05102318862837188	0.02839898990575701	0.008930496526585376	
0.009971901014534454	0.06353279880795047	-0.04345830194565917	0.0029463109710163825	0.04073042268488807	
-0.0006016809277308412	0.05287477380167194	-0.02712085850371945	-0.03664809951827157	0.030484860807623373	
-0.17524815396829913	-0.11361737552128534	-0.17340297985027892	-0.11579544308900189	-0.18568932225599932	
-0.059209500218721116	0.04444949670464708	-0.01828961338205956	0.048065610449425526	0.03503032622557462	
-0.2117188126738812	-0.009315113198039944	-0.12583145578289617	-0.029176559486786786	-0.15572906987501048	
0.04581387356272046	0.0954235771933608	0.02311920232631356	0.08183319478985052	-0.12674778144355422	
-0.08756361692143064	0.015413636633691797	-0.09252511480794105	-0.05271579998178401	-0.18727400674218805	
0.07894302040039958	0.06015511799892492	0.011734927251438838	-0.041127215944726916	0.0851372699398067	
-0.08897537553920072	0.049553901764598354	-0.08223071891609639	0.02639362072051212	-0.00360245565767908	
-0.03869662320489029	-0.07173162525266802	0.107457503210213	0.0022891879606694995	0.12233461513757246	
0.11419375119310554	0.13405691276036805	0.10697687368792602	0.08092319728753977	0.05218588344331482	
-0.15375281140432104	-0.10561983947815545	-0.2402818698311843	-0.0640905137212354	-0.2325650241831557	
0.019833496642598564	0.09792410347047913	0.09403236327788743	0.10602255476986937	-0.013510150406311176	
0.05303078072203109	0.03600361789095123	0.18893622868708612	0.013237033551538246	0.03484303893619069	
-0.1756399612808761	0.047873701431557836	-0.20616409937556351	-0.22036433611600584	-0.16628880240937693	
-0.08170128214408354	0.06214802220126862	-0.0805743700196571	-0.11072768618062664	0.0023856407608049287	
-0.0658973643823553	-0.05773111946174688	-0.08166624334481012	-0.11978732579269406	-0.1069484781756161	
0.022058709132396756	0.058553104175368985	-0.18744810180716046	-0.018262976754658593	-0.11021725183121728	
0.13445335767346978	-0.032245802682223976	-0.018593240723639826	-0.052440493023895564	0.019021834955893553	
-0.07579688006446977	0.033411021815970235	0.03326732069964066	0.01673540071735368	0.01991284202730896	
-0.07532240043704493	0.07457900259573193	-0.09733347788589122	0.012717961750848923	-0.06777753849644985	
-0.07675160316112194	-0.07676874022441757	-0.06983910227268511	-0.08697772334014407	-0.00020422335038514447	
-0.07767867175897177	-0.07870053018523518	0.022976364471359572	-0.025501609096898616	0.014775364857490139	
0.004832526350817534	0.005224899689839082	-0.02255881605929612	0.010450183065342282	0.04490835031328746	
-0.048215998414740883	0.11351519725337623	-0.13976464642241734	0.004042836511614066	-0.15226051404523405	
-0.017697674508703663	-0.08822346436982842	-0.07504849222440212	-0.15795071702841382	-0.004092821522044825	
-0.07631576856488798	0.024751133081286982	-0.11843012952142795	-0.1577927314797395	-0.20918454174897844	
-0.0775756562279993	0.03417849346178595	0.06624829153408635	0.12645311455584532	0.04750649643467637	
0.0972988363495348	0.09989657485817825	0.006124197984697812	-0.03571103171984628	-0.029732523283613928	
-0.11047038389896037	0.0644815977509801	-0.11795177039884168	-0.04345894101510928	0.038928370082937765	
-0.10513934159781103	0.10435825965042424	-0.11945803875137478	-0.023386118757505937	-0.07947322442664127	
-0.021092583161264875	-0.024474922217505565	-0.165800372632852	-0.06771432526213272	-0.04939951180911442	
-0.19146627832351143	0.03064431592549903	-0.06547798462313303	-0.20669722648799949	-0.14907151737878271	
-0.09936932480422822	0.053329395402769535	-0.08975375382152508	-0.012929863270488009	-0.0958313191975149	
-0.020993275740542442	-0.01639330369805935	-0.10484375815511243	-0.0027546994122867453	-0.06334503609674198	
-0.0744440129758964	0.08171753962629019	-0.09942979784999254	-0.09396201245394077	-0.09211789136737285	
-0.0915418371773313	0.04191147124071534	-0.15494688707564008	-0.019006365737848894	-0.22423364285159975	
-0.084716531457932	-0.043678153254659485	-0.052552262488164025	-0.06300354489437125	0.02074346618471612	
0.0755349727906688	0.11547895612836014	0.05011473402440671	0.15076687748028475	0.048955987921836586	
-0.03222888614840853	-0.020044662645486967	-0.12429422228137703	-0.07315150628936291	-0.01905240588892231	
-0.14140866859441867	-0.004690743968367765	-0.21790390454912492	-0.05227976221231942	-0.0671828303919194	
0.018599884179050254	0.029654237158487962	0.04878741594158425	0.009372651586040587	-0.04885321416541719	
-0.16197587447746012	-0.0844486103621807	-0.15858237376024312	-0.043591947204716035	-0.10490862456494277	
0.09296527555402889	-0.05119792737935713	0.10985456469666811	0.09289220859698909	0.06162902892876198	
-0.05563459674390786	0.03808874706608111	-0.09367072734730707	-0.17381979109911447	-0.11648329397363132	
-0.16785916594906394	0.021380104178286893	-0.21994840475094143	-0.14485752474118715	-0.2698210278169347	
-0.12953441678086497	0.06958614028135758	-0.11652046229479203	0.05986351959773681	-0.10531173735873169	
-0.02775894725758529	0.03272574648407129	0.024774094948463506	-0.0032508230201244988	-0.08013059503279016	
-0.013750146514174203	0.023830829555423153	0.07249025280216423	0.10467196472012812	-0.04322163253281485	
-0.06792309542613276	0.027889091687586517	0.0648392986680115	-0.07871142059705724	0.06301462775639659	
0.019711564954667842	0.005832378635196767	0.03104400538450136	0.004609304364334379	-0.1373758945659111	
-0.3036288486581054	-0.028096040849953405	-0.2989784619172899	-0.17408404249599957	-0.2918334871274232	
-0.10091348912706498	-0.05911214425870585	-0.13635402229608184	-0.0572670968483245	-0.16854935558383233	
-0.016428459575891827	-0.06795335228217303	-0.07353793585709081	-0.10894262058254323	-0.05602982779675892	
0.05325654355623144	0.09877493427982414	0.03518426285550291	-0.021470449124731183	0.12851019054367527	
-0.11615234198070262	0.0414077525298671	-0.09108051535163053	-0.13482852941023055	-0.1614390782170201	
-0.07634314456017294	-0.050378963920255954	-0.0878426299298583	-0.12498113922280724	-0.11329767276703973	
0.07126612001396695	0.08839753697498498	-0.01871026910213532	-0.021614722523386625	-0.0025915403197280746	
0.11524167559284668	0.06550428998655719	0.04154544028561792	-0.011609005067520054	0.10928962580513114	
-0.04889146572069957	0.09581246992836051	0.004011742019991252	-0.05585244500754558	-0.12788412889576425	
0.008797669540395557	-0.05395256999588767	-0.13967061283371549	-0.08977411388453743	-0.11962545944119304	
-0.15056183147563004	0.05683213949111427	-0.1631869042622008	-0.031549925561301526	-0.048512792220682145	
-0.08702628128301516	0.014776614091589759	0.018905689621249038	0.007067455253914947	-0.02059479127727972	
-0.12711518327778157	0.04993084500197865	-0.011265521880315545	-0.08237785839850972	-0.04059786578347987	
0.03529151516291733	0.1283728996145926	0.11252843006557184	0.094430418268203	0.11566759721910973	
-0.18496039104731996	0.06920048858581124	-0.1906607632335952	-0.08267070154085292	-0.14558409343806822	
-0.05342114027184379	-0.06689361700604458	-0.0665238514029963	0.02977171386292198	-0.02587876711578159	
-0.22333384790035232	-0.14623456700799703	-0.1927548915205395	-0.23570847500211808	-0.1339057217951144	
0.05972316880542854	0.051639940173652706	0.06974787872438326	0.16587199863546154	0.09620081750427627	
-0.09214964343552687	-0.0010627410172922257	-0.20529642277594545	-0.07018794565864363	-0.17888333866754175	
-0.063977194113376	0.03671065125393596	-0.25886756363544544	-0.003978840816027174	-0.245194146796583	
-0.05700290896888484	0.02876419329274132	-0.1824028841900332	-0.05892919792380394	-0.13529175689241477	
0.08835285903618778	-0.018248448830175654	-0.09232997072354243	0.06723686906340379	0.06257706204497272	
-0.04290818735417572	-0.0015384643541669853	-0.05095024897305263	-0.03723652295664526	-0.1370659753746929	
-0.0315948976393379	0.05130730336473623	-0.11011530551505068	-0.05876787073211417	-0.06235973063607174	
-0.07788904150604986	0.07089192683930697	0.06347243336761423	-0.012760000184526846	-0.06234169869471454	
-0.025365523772178968	-0.03867881418125742	0.11465581038864976	0.04328136854569523	-0.0039794684605697645	
0.046401547631113094	-0.016028207243159145	0.16367844749872248	0.07251461874705284	0.12628021936713674	
0.0028262226997064644	0.09355964624157773	0.013519472699250447	0.018989693496825055	0.026245564039858175	
-0.1144528451373567	0.0017609918899895586	-0.10077868243234805	-0.01158881368004576	0.004381225528174544	
-0.11592298097252728	0.058693531343251955	-0.11394417596464262	-0.041459824851378974	-0.18099155424687746	
-0.10650712009096835	0.0851500228095331	-0.10891685304948219	-0.011008390079559423	-0.11391689423091494	
0.0005701497866349155	0.08408841335079524	-0.0676326514789062	0.02312310085047571	0.1017244542122768	
-0.05931981791187831	-0.06140365213665298	0.009749995871285022	-0.08390141497427672	-0.02869884395920295	
0.04113192039492136	0.11648355851452213	0.06698801370346684	0.1095308681862694	-0.044776069411862705	
-0.034336413278920154	-0.08701383213705836	-0.20876531907716261	-0.025819179840003433	-0.25573116235444293	
-0.0543919392759046	0.048340449725364054	-0.19239008590827286	-0.1487710488113984	-0.09546694190280584	
-0.010711845425421591	-0.06203691427567791	0.041736843231883335	0.08005456480446743	-0.017035223195975602	
0.04708394259131073	-0.002928707766146319	0.02387494093270199	-0.004814524161623535	-0.03696390732455805	
0.0126923000247493	0.1158607136891311	0.026226035794117204	-0.009746177587911296	0.018984434501300867	
-0.12004499146290673	0.056825397296972446	-0.06234915840715217	0.03368352653623342	-0.03904518078688873	
-0.03922035435805143	0.027552114428807763	-0.032811639989465353	-0.08613549645636365	-0.07922930407844203	
-0.04412881759639267	-0.02104276464146336	-0.022284167973175575	0.010218445920993392	-0.021887153718139943	
-0.04089418019268125	0.09421094506835118	-0.0596128614633936	0.07394929621646962	-0.019321356680854496	
0.08676458194752557	0.12501717348046987	0.1493092170554076	-0.004295367528944998	0.19831157662319732	
-0.07815611126528396	-0.025427396713079867	-0.13834603324902073	-0.031833469123713175	-0.12287481804369753	
-0.08285891238845644	-0.07571429458053641	-0.19602576069916294	-0.1287457748879828	-0.11700401756111542	
0.14447967794528707	-0.02646113724565486	0.11113631976999441	0.13721457827019387	0.058923481603531704	
0.2137399740630677	0.008420094753714526	0.1728106590426216	0.1532598972061206	0.08295741757940155	
-0.046141925287470534	0.029331721530487697	0.1431793586851153	0.018485010146450268	0.10040417083458883	
-0.0030162490289594624	0.027385140543229623	-0.0017218828178027256	0.11002383802611787	0.10039214227524658	
-0.05364321373345886	-0.018410160200146772	-0.10319094253250664	-0.09574502983861972	-0.12021480356929742	
0.062243941129389455	-0.003482257919230209	0.03751282896208248	0.09747701163139975	0.14959447585866092	
0.1472543475611644	0.0779057240013415	0.0932230195664153	0.043869095362664964	0.14363560178163906	
0.06548978469763632	-0.030928695971483105	-0.024453917426466028	-0.011533254418740866	-0.018063229612573544	
-0.060829451111064074	-0.006924930615046792	-0.08674499312038772	0.07134349020796636	0.014868758436117327	
-0.05724012316207904	0.037529902445604946	-0.1355343188959678	-0.010887446490505328	-0.09169924546292103	
0.0007211675348558756	0.04261503732236664	-0.07379955260638241	-0.0931996370307081	-0.07096769849716955	
0.2633449927055466	0.1517542396185347	0.24332333327477412	0.07811012633147552	0.22200348028637015	
-0.08586370239210253	-0.014040168611465707	-0.1420052002676634	-0.043853630380016176	-0.03620644302998896	
-0.14608732296882143	-0.037305199595560265	-0.22839674300038448	-0.2484568144189436	-0.17897597903028464	
-0.06384977326069213	-0.01859031334887945	0.01616682713001898	-0.04775678607059143	0.044476078062474965	
0.01059723659029201	0.010151654908107497	0.03345491831033102	0.13700979058365012	0.1408575331883425	
0.06867908182259515	-0.02225105377012065	0.17282337737029052	0.06214531425299156	0.17230632105161295	
-0.471055275336899	-0.20791324289810165	-0.6042335016586963	-0.4550866149410229	-0.5514854703455269	
-0.1406431160638693	-0.057455714686469664	-0.2110187802799926	-0.10776968372974907	-0.0910468173089757	
-0.005556172668598817	0.08074639272362993	0.0322480519065138	0.11157829708149426	-0.00884194160980988	
0.10378589594480217	0.058796268390480536	0.1153164718233864	0.19537581801851758	0.20219782230701447	
-1.0661268612099715	-0.07614701903179326	-1.515455691059001	-0.9690563993910725	-1.3967047823411047	
1.910045982344173	
