TESTRUNID EPOCH: 98 L_PCC: 0.9215327689532469 L_ERR: 0.002711348755497047 T_PCC: 0.8615604477860801 T_ERR: 0.004426801209210237
180 LAYER: 1
5 LAYER: 2
1 LAYER: 3
98 :ILEARN
0.16043857568208297	0.07219315155941834	0.13587875377672162	0.13495853567604194	0.146946401728197	
-0.25498476468500664	-0.07588878820202984	-0.3019468646252078	-0.18534923740425482	-0.2419584658058134	
0.006004433224713409	0.05702622669983986	-0.03189438900965166	0.11001786564170063	-0.0783064807901324	
0.1706234607933894	0.022742904840006843	0.18815189026943854	0.061459471095770477	0.10192631501926458	
0.09413857930880547	0.11454381882790454	0.004453218451521126	0.07905457715729755	0.11441738475281117	
0.028269482399786966	-0.08337678073489246	-0.17136578491300777	-0.11034914219232807	-0.006644001823669894	
0.14271350388271906	0.015001816031220628	0.38045127153400293	0.2139453058636076	0.31255441356985897	
-0.04519457497026506	0.07056532364335819	0.057030977783094614	-0.09547935098883781	0.012407846879455644	
0.019071590857508796	0.03577008991276705	-0.1238606482151422	0.014076770494786308	-0.13793287753301395	
-0.23631854271946034	0.0461471215531572	-0.34342379341853174	-0.25419765622435136	-0.3499157828881655	
-0.08201280697646439	0.026819859652635523	-0.03301854402868762	-0.04247506253848206	0.03435894375340197	
-0.4134419638894836	-0.020110022700473535	-0.521220323828648	-0.28229068330426077	-0.4247370762412545	
-0.06618318343410898	-0.029811232621847088	0.05554831407707876	-0.007230293135189833	-0.05435900457322905	
0.061191962256764515	0.016754239038741254	0.07733460944417798	0.1512388711886519	0.12510859183026374	
0.053931361466522956	-0.05548273305987718	-0.11302344262386431	0.05338672586418003	-0.07491746344606957	
-0.013299902729493728	0.11178949976088051	0.03857126088935849	0.10971234132329254	0.0944352756676566	
0.11047313789117401	0.04320240037838999	0.09590030208617654	0.0055753166793713555	-0.010784811026481307	
0.01701002970488097	-0.022391876154688677	-0.0050194292992213315	-0.006414669121668452	-0.05052501259033778	
-0.12161894616223899	0.04209874433375496	-0.06083998073475248	-0.005442054256961054	-0.007278129356271751	
-0.18648486001519737	0.05714815332629674	-0.1683083318340639	-0.2277840078157601	-0.1307076095123627	
-0.30541272238221795	-0.03774184428809653	-0.29059838467894783	-0.2614391192457757	-0.27999519161381337	
0.04793131832109202	-0.07958042273709007	0.10058175939596507	0.07293909149726713	0.13421244587626358	
-0.07100787579446097	-0.09417515098686215	0.09428753103960678	0.0545856760537472	-0.07418462210497215	
0.15116209655531407	0.05539698221640561	0.22911420265756477	0.15736004980887053	0.04407201625175951	
-0.2125170890753112	-0.1268602122916225	-0.23505416912659077	-0.11386601440352592	0.022329814207737896	
0.05921588426431149	0.03276604238749307	0.11618048967362202	-0.021521083800637573	0.01472005294807165	
0.15372571350378061	0.12157675003876729	0.1861852820906218	0.03761294437834063	0.2304795671326722	
-0.37618194087759715	0.02274486866265259	-0.46389886301316297	-0.21035140967498184	-0.3958465622413767	
0.08279523282411405	-0.03646710901519455	-0.004002192510601937	-0.002920286069481134	0.004852967235941286	
-0.10943046936897768	-0.05154881616338978	-0.0029961518696464437	-0.036172801506724334	-0.16556279369664142	
-0.19969415930973533	0.09434719635892438	-0.15343990693235918	-0.18954218971238063	-0.22901634030748233	
0.05720887436590255	-0.04924101254804653	0.015279194821386222	0.11660154928403862	0.08370891579467216	
-0.20486443782234434	0.003063492379658864	-0.1983405263682505	-0.10081300021304684	-0.2971514825375163	
-0.1935280166684485	-0.0708629968377206	-0.1489419665864025	-0.07886536679113	-0.12155886203089511	
0.0520099749449938	0.1311356913142687	0.12975971616426366	0.06244041814586822	0.12302368648981957	
-0.5072195724931058	-0.05933416177297233	-0.7841601330140084	-0.5464343523516335	-0.6915720868798497	
-0.4463849769193374	-0.15557458867190752	-0.5654289269069761	-0.48418276866854965	-0.5915190017152085	
-0.06569737482592494	-0.04002825611485714	-0.17025357056609866	-0.1188454597601386	-0.10558665822675399	
-0.009900786774862998	-0.05545296598998831	0.08768691096555835	0.0817427076574579	0.1277131777963469	
-0.00777048279327274	-0.1123354585522741	-0.17782934543330878	-0.07043413751995747	-0.03755694299106201	
-0.12898312619600727	-0.022129162834067354	-0.16542039518958673	-0.16478045482140796	-0.2561988977247531	
0.045581551004226784	0.04981720418072566	0.09089226375537382	0.14237214203903673	0.1752968795201865	
-0.3422884073875302	0.078585630105463	-0.49633745920232153	-0.33346780705819945	-0.5036012687391304	
-0.059304329730580516	-0.0759762967156348	-0.020797293751436616	0.04878152033264776	-0.18513894740726136	
-0.15769818020214985	-0.034869195258725366	-0.20159299630438335	-0.007402932653499248	-0.15654909724316485	
0.11977927729960734	0.03286907541802501	0.12821449712594726	0.10655503976453491	0.14818098670251695	
0.07947748735343337	0.037501889776497765	0.16377084905505154	0.05610094139257037	0.12021424351263983	
-0.15487401098366024	-0.12407152630171892	-0.21526461192618188	-0.16903712600127874	-0.16933983730461344	
-0.07781643059782796	0.08018254224010923	-0.05711274560588111	-0.09024240187991298	-0.00393658180960036	
-0.0850098553086616	-0.09563224184600812	-0.17131616173514702	-0.07116740810125281	-0.07961724024670554	
-0.1094722823542726	0.10192623054754642	-0.05980380214399765	0.08365413816644221	-0.03048676671913052	
0.16914416799874382	0.042629448020699054	0.18944045599887402	0.06223798831923888	0.18988498238167445	
-0.04381958758125361	0.06891825242424149	-0.09097245923590742	-0.05342164538857781	-0.07782291725482383	
-0.01137146819207852	0.026890125443938546	-0.015648787080725757	-0.001606922306797639	-0.03607734252582326	
0.1582050092286898	-0.003422406431972569	0.2843791734587666	0.12519492933968	0.35843939723488427	
-0.07581222934362485	-0.07304331133807836	-0.12530648633909985	-0.10729705721405297	-0.04003222804653666	
0.011792615807387502	0.0776117852108089	-0.026862047768846754	-0.09407235526493203	-0.10953948481245321	
-0.14035915597722518	-0.014432466436720158	-0.2281144583969649	-0.18313754219580555	-0.2235617571001204	
-0.1556657137084408	0.028195705038714075	-0.21809253582974628	-0.15168911172116867	-0.25008853728156794	
-0.2167806830108674	-0.03531128213735607	-0.2549655701772881	-0.02819924288607144	-0.23446092339899247	
-0.12364291379332508	0.06092213916564773	-0.1872305827833197	-0.14283138941798	-0.3124937974288714	
0.008433712228394667	-0.009273947071887136	-0.0439754094751221	0.040721303956353164	-0.0626166343693423	
0.10730235005334288	0.0955236094818063	-0.028490972577658254	-0.05061078332357698	-0.06925840260477954	
0.063212150326409	0.06632808754791392	0.005268240219013571	0.01097704306595737	0.10054852220963834	
-0.05788602592367434	0.025733359512683983	-0.0919948282963509	-0.09536038581572852	-0.04782363545796689	
-0.1122200634307291	-0.07637620501526661	-0.11879228011547875	-0.09120599282555257	-0.14478818226830906	
-0.04486397031747789	0.062477462762328226	-0.02228216179713258	0.030888703040818352	0.03707559640305719	
-0.1947069281377015	-0.012778531408288739	-0.10007914453464907	-0.02281896682556135	-0.16165790428050064	
0.10036116748065314	0.11513565001468282	0.08895440430098193	0.09718181145648987	-0.06997881041702916	
-0.1140374320660017	0.006993694301454932	-0.13186695802113807	-0.057979749310629373	-0.21489842084779545	
0.07504971547131567	0.0469002856004193	0.010021482782253162	-0.0305813924975863	0.08395825078155002	
-0.01817973249590765	0.0730449704290498	-0.0002648221387480739	0.07936258564989505	0.07125066583002028	
-0.06517284134536015	-0.07675663338447321	0.07090215694431731	-0.01613937430327199	0.08676635791941614	
0.13645794583326573	0.11890112328651757	0.15029217825223556	0.10756129238360804	0.09625600462790058	
-0.159054337406559	-0.1106552347410052	-0.2602520705673581	-0.062124124360693055	-0.21963158754079093	
-0.06102050090836195	0.07603762275449645	-0.0033588123975261657	0.018546494590134285	-0.11618839031198622	
-0.005909603734722363	0.010509826376045991	0.1249410097945138	-0.04563509555604126	-0.032684435355489073	
-0.13892592134151582	0.06376162988353513	-0.1818398830003645	-0.18935347809414735	-0.15404278487160786	
-0.06936639170571408	0.07081716411981369	-0.06338900968250162	-0.10594122939849807	0.016032497592478368	
-0.14079087199740511	-0.06689609393730524	-0.1819176002168404	-0.17267418011618493	-0.2008062881622709	
-0.0017612827640090208	0.04758036586804703	-0.18634364042885584	-0.028665508790633034	-0.1038742513866525	
0.15267932520745353	-0.03040737159756274	0.011770966270018635	-0.02942813486747761	0.0511666214576228	
-0.0834144770114373	0.040728999185259344	0.021887101494280952	0.021692540322296682	0.0019534526431127237	
-0.1229634742915176	0.0790866763423525	-0.16457896367576028	-0.02517393916977905	-0.12396199702754081	
-0.09868956707005878	-0.08963306645120127	-0.0960478285000169	-0.10805624037500886	-0.04640122779790079	
-0.03301265625510247	-0.07089710055212994	0.0921145083715753	0.017118940007404142	0.10171369675258489	
-0.011309116149226332	0.0009963505693407796	-0.04491541558472929	0.002710322120464044	0.052570408547696366	
-0.09410078000973246	0.0972011841712873	-0.18114493635666423	-0.0430144183634911	-0.18785873013570384	
0.06347670176189611	-0.0721204174803518	0.050317957759398305	-0.06639559083761026	0.12233514452575049	
-0.02738733266022984	0.024855728953938613	-0.06237426837001176	-0.14024333930604457	-0.181976606541132	
-0.08838264653334636	0.020802302074347034	0.03987375098373504	0.09581191749136751	0.01760387784996216	
0.14169537718817643	0.10477847807867786	0.08612613999028833	0.01973502415920951	0.04929049791540843	
-0.08002010708372222	0.06132663835446057	-0.08379059024549264	-0.032304294051966664	0.0681303672807308	
-0.14788416591412984	0.0934456507479125	-0.2014432693317548	-0.06875590632687305	-0.1727980116087814	
0.04257892792437168	-0.013929780904741475	-0.07893875587383684	-0.03073402982059852	0.031638815359031534	
-0.23952810920642023	0.04198529313374676	-0.12002391824409091	-0.23966585359048787	-0.20609777895867973	
-0.11959164024982832	0.06121495221411501	-0.12448560511598193	-0.03882643866369842	-0.13945051994101468	
0.05278498997059329	-0.013062552021934739	-0.06987404727268627	0.06250712374040852	0.0014623306321003937	
-0.060321869053563404	0.08096431922153557	-0.08367737667830918	-0.08317377784819895	-0.09021850908781304	
-0.04178151786323325	0.043040686371685885	-0.09682025610698641	0.0014446648021664184	-0.18997347293679823	
-0.0674755986134464	-0.049340906205974484	-0.017915485349398876	-0.06005478927050679	0.040468324788469665	
0.12371450889918377	0.10367062374172206	0.12861475928938512	0.17652373938327753	0.11308631281517252	
0.0030002086039783633	-0.032952225874968884	-0.08828453629893217	-0.05352408987682164	0.0016632061735300716	
-0.07168018525570295	-0.004828089768766084	-0.15508041919036525	-0.03670834031644221	-0.030537081658778453	
-0.007883235877111613	0.032878626846892474	0.05709308597202783	0.012434938851210072	-0.06407232495034772	
-0.1860218522580638	-0.07691554259938548	-0.21250024979237778	-0.085783902055721	-0.1723508057018561	
0.12174240189174669	-0.05510627958292405	0.1262036059582135	0.09330473638181129	0.07451448415192823	
-0.01590860296672859	0.02728986715653666	-0.022985024152704536	-0.1401991014387887	-0.07631687248954111	
-0.1641677476003638	0.031079371676447243	-0.24999349306702512	-0.14975567327993727	-0.27762430333346216	
-0.11839299692756247	0.07460397657363364	-0.10409093024631602	0.06309323974524207	-0.08472816782616178	
-0.060397962000978196	0.035420316526707456	-0.029926379923481784	-0.03750042500729865	-0.11548582725394825	
0.00468955152838452	0.017290598648312935	0.09793471227085496	0.10195380568992664	-0.03169017830396696	
-0.06754927290258693	0.02974293398152511	0.05271274825198367	-0.08040381317254301	0.06426146008170155	
0.019029169496890375	0.013671570690248819	-0.0071777832703914125	0.02498543191748204	-0.13286356464458982	
-0.278319091656864	-0.01776809030135106	-0.31445323872924585	-0.18311379552316104	-0.28827222478885767	
-0.12063903810443759	-0.058761041808027145	-0.15135117558189834	-0.09125530834396656	-0.20664553105428926	
-7.958762050914158e-05	-0.06224706918130284	-0.03721393307554518	-0.10289934958806873	-0.030508071647249432	
0.024900008732929694	0.09492535223140597	-0.03052119781282542	-0.01026645606717991	0.06817783227601433	
-0.049790522308830715	0.060994206959847426	-0.027502847878136852	-0.06582665506131911	-0.0979031263515803	
-0.04872779807668218	-0.04651371541662591	-0.03278946459157189	-0.1053269696769219	-0.06270517728962856	
0.10645999474040939	0.08517207536700085	-0.0019726543722231983	0.01690627736305645	0.016271388984676283	
0.1523568355887508	0.06950074160619522	0.09670666831574426	0.01884109931498059	0.14066266523814003	
-0.02360403316583147	0.09733854651964105	0.03928694853720944	-0.026452324248987524	-0.09903955161260183	
0.049470666702207955	-0.0541228696786611	-0.09789394950718103	-0.051657162642756084	-0.07035148247224862	
-0.17835334498131922	0.05727184647486344	-0.23007534469511057	-0.05959609571793948	-0.10125183760644353	
-0.12694597243760217	0.016788821386934303	-0.03488112153373849	-0.035065700054790865	-0.08567321291618672	
-0.0702684175074508	0.058100750610138266	0.052672379208238584	-0.03507238954114555	0.01874119187427922	
-0.06693744813095223	0.09163374080376822	0.004948861833321973	0.017597314615119028	-0.0030361180925409068	
-0.12235596434010342	0.09281194293514637	-0.09625954168255496	-0.027626765590227226	-0.07269962710909017	
-0.03098105715754502	-0.06258458730596274	-0.06009701697150017	0.04773372530160003	-0.006370379584379777	
-0.1476719459467	-0.11552604053674154	-0.12170252897814743	-0.17520228420206396	-0.059448083740205895	
0.0791106666209602	0.04135115184257586	0.10650872791409376	0.18246494786959175	0.11670607670728522	
-0.0574643149745795	0.02324523550135983	-0.1757849002983085	-0.03752398452273477	-0.1534747142690963	
-0.030790147037836748	0.03755624169050305	-0.21353105010802367	0.007214047963013617	-0.21395285828802163	
-0.024415130325442184	0.027567196964281487	-0.14027102900292296	-0.043453021583627134	-0.0829247870893587	
0.09974586979737819	-0.02168364737107157	-0.08437630106550194	0.08223836693237487	0.06435746696521437	
0.0053873610326404175	0.010786455467681281	-0.004435706603004714	0.005293117350735355	-0.09228595480536415	
-0.07977920880012834	0.02609425489965637	-0.180903536046824	-0.14026699668229844	-0.1433730683587561	
-0.04364709512081804	0.06567688286991498	0.1174966715661136	0.005995069303160171	-0.02033982791407397	
0.010073423526888128	-0.033261314298531595	0.13293606131144306	0.07680446476496265	0.030702954471507626	
0.03838064460225394	-0.03105134186497865	0.15805305860294197	0.058877915174270774	0.13029539154521885	
-0.005399497984738986	0.08415059561543428	-0.015089079723665867	-0.0037868231789521725	-0.0036079541671988906	
-0.10348159487819412	-0.007295097297330096	-0.10056140784312632	-0.015142639806366596	-4.418303072466922e-05	
-0.03607272547880305	0.06617265656040934	-0.035868468932244206	0.014167154350739793	-0.10913849009930325	
-0.10196659287706615	0.08399572168560548	-0.12492874530956895	-0.011868559828351053	-0.13320107876893855	
0.04064930502211317	0.08324164745930934	-0.02122080252162278	0.04850361288638538	0.13531808581735302	
-0.06574764606253634	-0.058216371779247385	-0.008205625325763596	-0.11550347696647956	-0.06360513622443073	
-0.060190493019596204	0.0958461634331733	-0.09633773791096639	0.008124370509741984	-0.18498246443076338	
-0.014638877673488595	-0.07524062938958201	-0.1979423541276455	-0.01912946811402217	-0.2569006671147585	
-0.008479076470450651	0.05182607728707872	-0.12744009055223784	-0.09460247278378936	-0.022152637365027334	
-0.034962041052871644	-0.07911716985357359	0.035910793693464255	0.07668591634090699	-0.021233229862183546	
0.05028750398636812	-0.006402613664295817	0.011251889454615688	-0.025764779392983713	-0.05195706286094998	
-0.09333688727949332	0.08965942418424618	-0.09183895185909931	-0.09483055204492354	-0.09268300057361187	
-0.15692184301262688	0.04877233797488171	-0.09009881371218649	0.005426597926821867	-0.0834319065549599	
0.023495488036951888	0.05731904072500687	0.033072469818828464	-0.06508717645002218	-0.02391165735922054	
-0.041347808256299065	-0.027250092629576887	-0.04160274228974008	0.0020649848357134075	-0.033483170864213777	
-0.008015621263095747	0.09760678015361161	-0.027298733628117973	0.10637629848139758	0.015271766885132413	
0.08368329416776416	0.10457539077252383	0.18640269627462677	0.005072367484881313	0.22201511896556764	
-0.06289523705425097	-0.019726032288482114	-0.10896786369714648	-0.013594951557204644	-0.10565366126416005	
-0.012841691899998587	-0.06438646778283481	-0.10632763391965233	-0.05312822890550676	-0.017380590838910748	
0.12402477444436276	-0.030123948303051623	0.08897390431199906	0.11437932842418501	0.03489772564302523	
0.2783463357470428	0.003973972302331518	0.2763214491433324	0.20815814247316752	0.18195453672209072	
-0.05492345715187337	0.024567266155844168	0.13688247370449808	0.003407155387035467	0.09278001752614526	
-0.017590609793976194	0.01698804005636825	-0.018932410524287756	0.08554706744608528	0.08527122211346601	
0.058732988768637924	-0.009703829579799424	0.030986678234773843	-0.031056876506674092	-0.020824803487526244	
0.028002704075454903	-0.0075851183254499865	0.00647551620703758	0.07294946385914425	0.1279660655495388	
0.09518387138832322	0.06614277429878643	0.03017866781709722	-0.005187717773303788	0.0869121353987897	
0.051860216762741634	-0.04205814861113752	-0.03404685527747599	-0.030957410568122606	-0.029765257177631534	
-0.09794736923848872	-0.017696319346151197	-0.13322782219448392	0.03424363203637423	-0.025545012054399404	
-0.04685076147581409	0.03735845049963445	-0.15241746851952243	-0.02317344917285097	-0.10727019323975769	
-0.04012843029058674	0.03340348590197856	-0.16655159981241027	-0.1635325159020918	-0.15440434403689607	
0.2733506403294327	0.1492581203067068	0.2782987239553504	0.08481561220168761	0.2563787625731228	
-0.11060617081097955	-0.012708552784151856	-0.2059500364112098	-0.08355948361424714	-0.09036753571503235	
-0.12210293695141917	-0.04262292420348848	-0.21860313087567423	-0.22931941089219565	-0.16612793656480698	
-0.06595775199452404	-0.02419380360416555	0.0065769553850715595	-0.05550277860682591	0.0384426329894765	
-0.0020992831274471474	0.002540905493423444	0.023177926410232103	0.11613219499324622	0.12878131977288845	
0.026475554920795535	-0.030175151279822322	0.1093210658029081	0.012547499636236283	0.11306358338452838	
-0.5179929448742244	-0.1846952006083266	-0.655785511275786	-0.41514859035531154	-0.5768983772756765	
-0.10984570256964427	-0.06919701680527345	-0.1565981040551484	-0.058111095246106935	-0.021469787880232627	
0.01546492793531403	0.07828875239779624	0.03832663918335972	0.11554350236798139	-0.0035761458627068805	
0.07522635287017566	0.06486989429811739	0.09935245451681479	0.18860110360784815	0.18938638371492705	
-1.075452427653158	0.13096554950388467	-1.6396872968045846	-0.9520268313504499	-1.5666038502355522	
1.9703483865218132	
