TESTRUNID EPOCH: 98 L_PCC: 0.9268162871170236 L_ERR: 0.002506476278724736 T_PCC: 0.8286764608402457 T_ERR: 0.005694974977142247
180 LAYER: 1
5 LAYER: 2
1 LAYER: 3
98 :ILEARN
0.1385541321398331	0.08559802516239387	0.09783482743650808	0.10232230129812525	0.10666794173977294	
-0.2825554302584241	-0.08120699862744364	-0.29515018868793697	-0.2018684896655349	-0.2526834366031998	
0.030874113581116514	0.0666312396818719	0.0139073417537396	0.12487072892843205	-0.03773458874544016	
0.16801493611808302	0.036728848085590085	0.19546569763195615	0.05722055548754303	0.09793296983927294	
0.07269831241980129	0.12007448493596573	-0.023309571681889376	0.053911057429279555	0.07919749127048631	
0.00488146544070914	-0.07861049841568897	-0.18362023464178417	-0.12750666377330383	-0.029569086303671707	
0.12423526484904462	0.03632714749971145	0.3593211754024263	0.2035692994803803	0.2864917988801746	
-0.04439393231223278	0.07209928828564748	0.04682710194343496	-0.11157025502696699	0.007520570667517189	
0.008730367761079827	0.036610598982574995	-0.12142504407534868	-0.0021476684452437847	-0.16355823492172702	
-0.18565450233539713	0.04132976149431045	-0.2763237646753224	-0.19933539090429037	-0.28530835435036395	
-0.16129065137573145	0.02053315654125929	-0.1430682674627009	-0.10887575527176148	-0.08134852046279756	
-0.3874119555924268	-0.02031818932382813	-0.457930111631129	-0.25158754474316947	-0.3539761514579863	
-0.1100190622340772	-0.030811760581918438	-0.005700233194903163	-0.04162529206248827	-0.1185634596334418	
0.018550049792632656	0.017045680490820943	-0.0033765840394020755	0.10132633359270356	0.03893462759200421	
0.06307914979748243	-0.04496172563571713	-0.09237572128462446	0.05502441706023873	-0.05664396422486823	
-0.051107848067211276	0.11375838682373265	-0.00023132628680681312	0.06038941898638583	0.04772519073366779	
0.10028882055999785	0.04404559501043835	0.10003700271290444	-0.01415400307582968	-0.019315636219853178	
0.012032717649235023	-0.013342329568208218	-0.03270059433932704	-0.01641791814925813	-0.06967708995024156	
-0.18166233282034436	0.03717124398253325	-0.15776705548106568	-0.07517797875456976	-0.1356046462846459	
-0.15724558953879608	0.05427881881020433	-0.12676527373226096	-0.1920444895338548	-0.0986760366828125	
-0.32632758796597416	-0.04818136344113616	-0.28675397535783265	-0.28589533329927075	-0.286518889896694	
0.047635058148052876	-0.07833048197721297	0.11588124659120785	0.07315167718466098	0.1402635574937139	
-0.134541695627464	-0.09194222842641642	0.005967399050514273	0.0014668104240798253	-0.14699930930449995	
0.11795674812751082	0.06545744492302374	0.1865355124756214	0.1300889538900468	0.020768727653303138	
-0.2336257754544924	-0.11756693603957802	-0.2649387773664161	-0.1510662059483685	-0.08042481067445936	
0.047606828189281324	0.031978364256013116	0.12229692151632376	-0.02552667112513861	0.019128015662303845	
0.13063592265070312	0.1265567049974002	0.16669436393565196	0.019500775475909043	0.2121273598953614	
-0.3219860542295146	0.028368127478461163	-0.367951432664729	-0.1541410840213124	-0.2969528145441224	
0.08362380728077247	-0.036642331254803026	0.0031961759960352177	7.694872200534231e-05	0.010198797100106674	
-0.1259280155406077	-0.05063992173679478	-0.040461705268518215	-0.04947939996329314	-0.19369776446329592	
-0.17363881589043126	0.09194227332964755	-0.12327031540519201	-0.16223537346127428	-0.2000198708653038	
0.029774177284948886	-0.05208422064573269	-0.0014475679417977302	0.09293256673511474	0.0638395491142338	
-0.24342539033540458	-0.015418314852891213	-0.23746013363793908	-0.13019317800141142	-0.3440518109438036	
-0.15540766305137493	-0.06734083799208808	-0.10575641493161503	-0.04899311572562199	-0.10111738913899515	
0.00567763624699494	0.12089504499614406	0.09010570799225161	0.014910496024911993	0.10083192448304774	
-0.5529288327468792	-0.08782940094181567	-0.7981926408190462	-0.5847082452827873	-0.7301219511747753	
-0.3624522087849391	-0.1641121530309524	-0.4227225557212161	-0.4044101661577185	-0.47079836930550195	
-0.034145267074698	-0.03506610433971027	-0.11610034729504642	-0.08849194596856003	-0.06755442295995728	
-0.033951762657512395	-0.05613721251049799	0.04717454583413024	0.05827020922222798	0.07731861474670271	
-0.02805103205057361	-0.11379511599067184	-0.21540904831595098	-0.08761932691839332	-0.07313148740040304	
-0.19621596597966268	-0.0396016303214112	-0.2586749753105151	-0.22764106942351478	-0.37503211179106083	
0.08146909395640776	0.05576836114717934	0.13086035504566507	0.1798199377173543	0.21857544414023972	
-0.23789761436434506	0.07381712194373229	-0.3474499937924679	-0.23570009005974238	-0.3407335276782162	
-0.11697651230974813	-0.08664577872064869	-0.08720768494075253	-0.003423851400232853	-0.24001475935752642	
-0.16564459505005072	-0.03267179855674516	-0.19905814029147106	-0.021653409105165056	-0.17641483884523043	
0.08435851653711703	0.029065723425111437	0.07381628976184633	0.08101151558777898	0.10427464099741451	
-0.00682657827683329	0.02966956934893567	0.048877012358798565	-0.01917336844613142	0.012531819451032376	
-0.06217415403713382	-0.10168091597114967	-0.08352441246802116	-0.09960925114796038	-0.022401238519564732	
-0.06886309464209765	0.08733277779511642	-0.04050810483973136	-0.06453654401619086	0.027182378860861615	
-0.06805774918239142	-0.09484930671435912	-0.1403689892374881	-0.06746061203909813	-0.07955409341276717	
-0.06713991216150979	0.11464057576134437	-0.004984394129093968	0.10677809799172522	0.015267038164328709	
0.16253276033522887	0.04599233938782154	0.16221955989360784	0.06005609664402594	0.17130498699927152	
0.04903988212600652	0.07891232146387264	0.037560257017260186	0.023457722841879844	0.04295949725553994	
0.002366142217560654	0.03827833595112828	0.010649716341548729	0.01434530659853615	-0.005348454246294949	
0.06533555477026858	-0.0017872499591361044	0.13361736252401382	0.07500290430635198	0.20860692639753384	
-0.09648780416310826	-0.08061412996695674	-0.14850376042810723	-0.12010322229952586	-0.07152742257577771	
-0.02086245162216955	0.06816350847600922	-0.06433956016707472	-0.11929094802902704	-0.16250010586565014	
-0.20418436595756456	-0.036449419275741586	-0.2866193928120171	-0.23590223718592593	-0.2891911938149852	
-0.16088213172684682	0.01815176885383252	-0.21197426353644688	-0.1404478363538558	-0.23929731734276766	
-0.2435731243780477	-0.043938488595531795	-0.276603904828902	-0.06306803337773274	-0.2960301144067526	
-0.10033643770250265	0.05544185474417802	-0.14884188709726995	-0.12832612967624749	-0.27281263510031617	
-0.010391679241636247	-0.01735550814958533	-0.06110262166160623	0.011330497756911428	-0.07884499636422868	
0.1293991820073819	0.10638142899610455	0.011045815636135811	-0.03714503033828623	-0.027568020802823816	
0.061128766758395306	0.07510815144565461	0.008740399440480887	-0.006534862683969825	0.08858794943759526	
-0.019393293984371927	0.04435665128686763	-0.05137912279501434	-0.05417875708344094	-0.002356517671929761	
-0.1277808893409054	-0.09214616582803495	-0.11948362808179536	-0.11582437305651626	-0.14552657603208438	
-0.07645246451993998	0.05044335757989985	-0.05774440556895422	-0.017795350105676424	-0.01052655456177678	
-0.1460095181166201	0.002444390815768993	-0.01873324580755307	0.010947471171338393	-0.07714284778931149	
0.08925880830770455	0.10606411073473253	0.08328870654718941	0.08630281695367836	-0.07068957516181922	
-0.11202590722178506	0.0112635597045813	-0.139957058753235	-0.03477454030161278	-0.2236178387701169	
0.04520149451133528	0.05182139831990182	-0.047441438897640076	-0.03222062945427633	0.03375388213479667	
-0.09700803960676414	0.055352119999794995	-0.09944894566289192	-0.02191199453771123	-0.029781330192379538	
-0.06922586217466302	-0.07793892219903625	0.06002802425197668	-0.0005783202770044541	0.08400922879673921	
0.14059953049949742	0.13349674544212053	0.14329539147163262	0.13538770000016165	0.08227820454788737	
-0.14221823868226105	-0.11840570088683142	-0.21671949895065964	-0.10287055435460511	-0.19110417382009579	
-0.09817475648083815	0.07348692794340517	-0.046076785544083475	-0.027537827898543595	-0.15871733906085644	
-0.053296343581163204	0.009451522419424435	0.06462616408911047	-0.08800893274705648	-0.08859589904706558	
-0.1966462039537377	0.05466188994587183	-0.2273927669922484	-0.2067997138116708	-0.2201137564846586	
-0.004856042947101698	0.07651054915241456	0.023438288632344796	-0.02667805371383611	0.09128248882573359	
-0.12561538674786635	-0.0662551215498437	-0.1701112309776882	-0.13755883640874367	-0.1922231122745075	
-0.01671814291875402	0.04754081582570493	-0.22584103699565092	-0.031687263789559536	-0.13169387908807806	
0.1654873712175404	-0.02685163155548794	0.023772416417873605	-0.007140102851550404	0.0657516252040496	
-0.08285699510687246	0.037070520784785184	0.0005285992906545339	0.030935170890610163	-0.0052238268715109615	
-0.16088078536230815	0.06079428520744861	-0.21405833075964936	-0.051490121417849796	-0.17055106268942402	
-0.13276561768054113	-0.08388358252858019	-0.19036382667854668	-0.12947006724683627	-0.1014636217329129	
-0.07979095490081399	-0.08405316373158381	0.029071980160348617	-0.015013040838104962	0.034179695022502024	
-0.10365840725496303	-0.01906304516239407	-0.16580112576750844	-0.07959753168438866	-0.07113741286282689	
-0.03513338739295683	0.10965752270963543	-0.10940286279106817	0.03346347965185561	-0.11405769254055029	
-0.02548777997133308	-0.08703829954111583	-0.09125301578218928	-0.15014992027625146	-0.023635753947928655	
-0.002768519271297727	0.04182801210810114	-0.013201932413302959	-0.12947452191739664	-0.1544625197981044	
-0.08559356879946606	0.031145377144244788	0.07089562630291033	0.09004003973961985	0.02350972598270125	
0.1345639325524195	0.10471157644405103	0.06873300097187456	0.031954688957515937	0.03107916303725807	
-0.09102209314683428	0.06674233298002633	-0.08241599593744592	-0.04822720859522068	0.049186751894908905	
-0.06458691942378735	0.11341047116661788	-0.06919078287550105	-0.014072512613221429	-0.06082920446698951	
0.05774287696272613	-0.013904834696484947	-0.06290771128634112	-0.01767679362571552	0.06443989818780506	
-0.22761738363565798	0.036907980496318694	-0.12425123555549743	-0.2088461177330668	-0.18849994673214404	
-0.1170800298557771	0.059845976036998975	-0.12017188814599178	-0.030840084310204227	-0.1271271386994892	
-0.014148434709728347	-0.018009681943578184	-0.0958357410779052	-0.02527495786457947	-0.06853002202274772	
-0.05131529342717954	0.08666414761191836	-0.06971387715955836	-0.08864413980887291	-0.08186056258586008	
-0.05937286194865375	0.05373393615952872	-0.11407960641016	-0.024007717028376428	-0.21495181867967517	
-0.13881334748420687	-0.052186938349152764	-0.11163459950981237	-0.12398485641759567	-0.05692339160648479	
0.1260558238201352	0.11343758570486893	0.12840967932684455	0.17785553544225605	0.11757120100772711	
-0.05789118205129844	-0.03690575636868946	-0.12156957911994483	-0.10659098700631849	-0.04051296546243797	
-0.13084208854785387	-0.009625492171992659	-0.19364257063391344	-0.07741140863922846	-0.08502282918755318	
-0.013712305828917982	0.037311696486906604	-0.022272408899573038	0.004585557035739834	-0.08543103191914307	
-0.14605741656254734	-0.07908734898946229	-0.15558099765699207	-0.0438137000904174	-0.11333654495443742	
0.0727778672533751	-0.059756511722687096	0.07274537853386442	0.053181507108535524	0.018807422202944606	
0.02251914623326274	0.04583448270371443	0.053582411105766434	-0.11397133355492357	0.00581813202464746	
-0.2115452730075929	0.009982845163637503	-0.26639357308306144	-0.18635313447287669	-0.30071506172040147	
-0.15545044113827966	0.07204746693776869	-0.17381941597972858	0.03592219498361065	-0.16780811368815965	
-0.020135927671698063	0.039216732144590476	0.006391771550218622	0.0036710306988176	-0.08937792551786147	
0.003268167665345432	0.021880946914254896	0.1021645231793299	0.10208341014791182	-0.030009307150853523	
-0.05979060931762136	0.03111098028448616	0.05494955272788011	-0.06840357491119663	0.05635639152711152	
0.028160047084623302	0.009577027979125607	0.022278141095319108	0.02396717878118716	-0.1144005165383805	
-0.26735506458471353	-0.018723373238447076	-0.2631312051873119	-0.1712191839669892	-0.2861095531789194	
-0.13059701929677484	-0.057935782463846036	-0.14577719084671176	-0.09189681061782244	-0.21445890016566996	
0.03851028255439646	-0.05735946938435315	0.010565460400668822	-0.06360352220214019	0.007836087776425854	
0.10092100863102643	0.1070451906962272	0.08734394215231944	0.034242952200255646	0.17837462321437741	
-0.07088390850009994	0.05057102389308258	-0.03412482891230931	-0.09190090603842381	-0.108692306967545	
-0.11407349651141266	-0.049106241753283195	-0.1550932576451116	-0.15764137745130433	-0.18777857737498316	
0.13950592236159248	0.0956819512745145	0.07026428386954393	0.038304001882120915	0.08868407832222751	
0.0945823465746904	0.0662174462218992	0.004182564202337511	-0.025890012304823174	0.06851497745361713	
-0.003948350206723148	0.10798106730287749	0.054298581344770724	0.005237976429417882	-0.07875204002747177	
0.04752807330341693	-0.0483499785081094	-0.09271834270257084	-0.051948537257192215	-0.07881689168963478	
-0.15920952596986107	0.05970167783531275	-0.19067914555133625	-0.04731585209664261	-0.07627539848389704	
-0.09375269099006445	0.02334491820129405	0.007883341387404768	-0.012274181015579635	-0.04319813431767716	
-0.06345534841799706	0.06580572580335209	0.0648349272327218	-0.03290202935069219	0.024575246936457518	
-0.013636705350123145	0.11264912254225143	0.09266588758430849	0.07201136622545579	0.08196608119479885	
-0.10770656672484666	0.10114233492950912	-0.09015267067907354	-0.019454853367216463	-0.08197390269105091	
-0.05095376157107322	-0.06912600818508455	-0.09088439539220304	0.01630032383279163	-0.03697028800522953	
-0.15567869301116388	-0.12497195373129999	-0.1250711967115357	-0.1927667419624201	-0.0795836422160762	
0.002502532763630166	0.04368369428377123	-0.010460178002973107	0.11453869789908505	0.01543231680333391	
-0.050005671495508816	0.015334868914600612	-0.16895306158274223	-0.0450926000104521	-0.15114984187154626	
-0.012030809742107719	0.04716731016670601	-0.18112280165568745	0.02532170413335825	-0.19990030267367515	
-0.018352694520881372	0.0310304655930027	-0.11612778549429435	-0.04497530816173861	-0.06604510365173089	
0.10199589529245706	-0.016789953157127373	-0.07377243637484941	0.09166909702365178	0.08444441643299105	
-0.03448006121015644	0.0034322549564083653	-0.058695432515777746	-0.01436208219219867	-0.13400570554313682	
-0.12245952695320525	0.030875721321177812	-0.23360608862715582	-0.16274056301223713	-0.1933564859719951	
-0.055553029392974795	0.07523250690274816	0.0981652037591642	-0.007365745703119	-0.04691732561489288	
-0.01795503518761237	-0.04158140022134066	0.09100123511272427	0.038801334914354176	-0.0037091251235624664	
0.018788058402403867	-0.024261377804976447	0.13532596581778383	0.032638066237029015	0.09508678116595665	
0.04946301729112019	0.10237338080842857	0.06141971062112632	0.024854380532915124	0.07329118625303302	
-0.10909233910673057	-0.0019209739566564004	-0.09626349976229144	-0.022456806586302516	-0.007003587135788526	
-0.09248086467062383	0.06281064932235336	-0.10931194742651743	-0.03546767642920174	-0.18473110730923098	
-0.07055904259399205	0.09248828440875734	-0.07057069677994081	-0.0090690045731718	-0.09089909295510135	
0.04112450093390519	0.09207256078833029	-0.013836207192780397	0.0528848550226946	0.13529282812675095	
-0.06517821257346891	-0.058184546152171474	-0.012602395289717098	-0.11255823573059753	-0.06151250280142531	
0.029016552595574962	0.11040324593644035	0.06046649916542586	0.0953114703157106	-0.06472950090381012	
-0.015974533238767255	-0.07356834358542635	-0.19488799988213673	-0.01342659588698804	-0.26432035903259393	
-0.01844653554499449	0.052640162784446984	-0.13103603054840512	-0.1217438341055648	-0.03372387767143255	
-0.034096156691105085	-0.07266379945012907	0.04720168817415134	0.06251292694907415	-0.022749159560027543	
0.13044742633340936	0.01025955875275214	0.12626877495145256	0.03896540462881219	0.05810658810025932	
-0.04227598041113262	0.09924174376620547	-0.01404665033018915	-0.05437156586308853	-0.03007246819138093	
-0.15260419360784627	0.04555533059656672	-0.09641261009784222	0.0025758976493991254	-0.08988774185214293	
0.01450422982906657	0.04798938145973544	0.01253926491964284	-0.036087793005124796	-0.01774192930038458	
-0.04993967997822661	-0.023062510296479908	-0.029411144529961165	-0.019975451210198437	-0.046220944485604064	
-0.010004498611745578	0.09970117651198102	-0.01898723228679954	0.0913832935689028	0.015783417677199277	
0.0019588092513068045	0.10215642336391313	0.03774118321878287	-0.02328742443605129	0.07915777919645826	
-0.035896964450309064	-0.01916983473856919	-0.09302805246235078	0.014056516389333607	-0.09499432509018542	
-0.03161049637557832	-0.06471536617825584	-0.12320583475962515	-0.09362322056809587	-0.042492717356377496	
0.18263192305558146	-0.01868869536847069	0.14871143935982775	0.1755790509354892	0.11089607259509833	
0.29318571716926545	0.011678959267101597	0.28720835324752336	0.2093852060509997	0.1907579255665293	
-0.049541829491780674	0.02957534155162012	0.14409568669828274	0.00546152023221698	0.09626042514219817	
0.00441666938459745	0.027590522371286938	0.013418752138530521	0.10094201523997774	0.1097942903833194	
-0.038360057882426454	-0.011786024144226078	-0.11097763227552047	-0.10276990371661499	-0.12816765969884925	
0.013122464171274835	-0.009779120797400955	-0.009907155924012877	0.05351308926053837	0.10646835908547517	
0.12928882066037461	0.07323745923424196	0.07286007022128144	0.01717220936750923	0.1280917832039222	
0.05814299385866279	-0.03377836156859869	-0.023688566574168048	-0.022750799552345012	-0.023143819766927174	
-0.06729764793761102	-0.010717605838429348	-0.09149394361602745	0.05024915880900685	-0.0016514359944906824	
-0.03960952152236089	0.04165149659608761	-0.13016394488286587	-0.012490966554244228	-0.09607851860124293	
-0.02142906227164789	0.03394403576481765	-0.11948252286792692	-0.14355818673215362	-0.12358196973374114	
0.25596687214478564	0.1476909129389376	0.2507408771432889	0.06131535614315015	0.23009257205754355	
-0.14257599972153057	-0.022482933307382044	-0.22332565784859182	-0.11191725612428992	-0.12558679521874952	
-0.18196918611259738	-0.04358001057185706	-0.2920537048471953	-0.29687200009939796	-0.26472435360261876	
-0.032820039855294844	-0.014163359592572925	0.05109413551744409	-0.029267513341812934	0.07813098758584462	
0.03189956872545047	0.01204554975726157	0.05654488539078194	0.14615130205078583	0.16869889343009092	
0.0990119375523867	-0.019900935322058985	0.202413747859706	0.07799766814463305	0.20777740646443196	
-0.5593627650326638	-0.20540599665315287	-0.6864046693567533	-0.45596418334338484	-0.6293872508010585	
-0.06841084716532504	-0.05339658189489181	-0.10586627473433613	-0.040048198046392265	-0.0012852156206209883	
0.07203298335074897	0.09180147096741964	0.11272243489842736	0.17057835975534244	0.07121276593930212	
0.08636272359084439	0.05524044944368656	0.10117234784950446	0.2007748925794315	0.20496986478656481	
-1.0832499781737916	0.0063187109802516	-1.5416131905072086	-0.9464879320425722	-1.5174030038774193	
1.9920282500189095	
