TESTRUNID EPOCH: 99 L_PCC: 0.9222817866517649 L_ERR: 0.0026898153889344176 T_PCC: 0.841814162673361 T_ERR: 0.005012998179756166
180 LAYER: 1
5 LAYER: 2
1 LAYER: 3
99 :ILEARN
0.16153036563522788	0.072033875642976	0.13743189467197292	0.13601741288454497	0.1485972892743899	
-0.25518030542065606	-0.07599106004704738	-0.3025303656415273	-0.18545441788299477	-0.24200945296085183	
0.005990240280771591	0.05692209365063123	-0.031847385558313394	0.11006914966165891	-0.07825481023581507	
0.17101217134140942	0.02259035998813846	0.18878862142893263	0.06174497083181724	0.10247823615468293	
0.09436781127069092	0.11442892967420781	0.004826840800305838	0.07938519879489593	0.1147795177418208	
0.02829001861421185	-0.08351539580538372	-0.1714655179610922	-0.11027366591332595	-0.006491096544461001	
0.1443154879566226	0.014735803023280689	0.38266472301662585	0.2153363541974477	0.3148933120708242	
-0.045693789183408176	0.07052519253466139	0.05664160747332797	-0.09580569248697048	0.011753234336438708	
0.01890578035358275	0.03565297181013931	-0.12388257283724875	0.014138647189137972	-0.13771030040513232	
-0.23687680648960968	0.04621363000284424	-0.3444136172929326	-0.2546989502060776	-0.3509439284780283	
-0.0812723889353993	0.026746795741767995	-0.03197810316223776	-0.04179052384472017	0.03530287655239144	
-0.4140332026564467	-0.020196278838335528	-0.5224188777272237	-0.2828105542328935	-0.4255464704070644	
-0.06540031871612043	-0.029907722214639307	0.056544145111482765	-0.006476347219378297	-0.05322804805792355	
0.061886125510324075	0.016699592871636706	0.07853321049636212	0.152026149446934	0.12619548138255446	
0.0538909033702859	-0.05561121438645356	-0.11308699722055192	0.05344363929896646	-0.07495369016527006	
-0.013385843329773382	0.11175005412148846	0.03846750058620945	0.10970910067371012	0.09436295477974062	
0.11037789917017816	0.04320917396674624	0.0957297378639742	0.005508229321422845	-0.011008440085161452	
0.01671904168582314	-0.022497755007775806	-0.005271297563003744	-0.006455566935513435	-0.050800110382643884	
-0.12065791887882864	0.04198469531345239	-0.0592654090671473	-0.0044077261597783015	-0.005536886566326693	
-0.18660734629154424	0.05717829686580488	-0.16870849902226598	-0.22788761349244546	-0.13108136366582304	
-0.30659178242293417	-0.03771985639798014	-0.29256047110595707	-0.26222159242180315	-0.2819601386972079	
0.04795473198699061	-0.07961791394638865	0.10068841489629618	0.07309272091257536	0.1344645786409703	
-0.06975099132212206	-0.09436178273103654	0.09605857979120924	0.056015787242725754	-0.0720856457756839	
0.15234133002935166	0.05518115470212391	0.23073771395131717	0.15861644156255914	0.045935505166055574	
-0.2117666459211363	-0.12703245262268792	-0.2340057165378502	-0.11269232542690769	0.0242336645906705	
0.05895214860209156	0.03277667339756391	0.1157337284107636	-0.021675474359490327	0.014462948886385696	
0.15422736110461996	0.12148898342877533	0.1869101714107578	0.038188205480937217	0.23137307328110293	
-0.3771448526870175	0.022666082006096603	-0.4654998683035543	-0.21102043518240904	-0.39750352844760006	
0.08256797861477545	-0.036485757996741204	-0.004311578233921644	-0.003079660066832758	0.0049526519320894635	
-0.10980707907109553	-0.05156976984530464	-0.003337463465909813	-0.03659913461260805	-0.16644340758329765	
-0.20054901676717574	0.09435683416566451	-0.1545205310334319	-0.19046643914853972	-0.23044194621182146	
0.0571463558443155	-0.049259974598032205	0.01517037037179533	0.11668134256273034	0.08375347638830058	
-0.20645358960804913	0.003202707817420848	-0.20053888570610534	-0.1023119272760581	-0.29951753829799277	
-0.1941885288664696	-0.07090757977186475	-0.1498462641265114	-0.07954056102298597	-0.12247347155234163	
0.051952531763272684	0.13118695722663612	0.12973547008216443	0.06227889766789152	0.12280589447039711	
-0.5090707533443811	-0.059257111306586195	-0.7871761119308615	-0.5475708251388891	-0.6940274318210123	
-0.44735711017533086	-0.15556341215288833	-0.566711416138073	-0.48462758721899857	-0.5926590549510977	
-0.06644533915670991	-0.040100925579150126	-0.17125914237677564	-0.11951987557917353	-0.10666892421517128	
-0.010036165527527079	-0.055483279168858105	0.08757086167219626	0.08152782248877526	0.12770677502882224	
-0.008242643037542524	-0.11234602685311143	-0.1783355634358226	-0.07081639694105749	-0.038487289982293275	
-0.12957826068804557	-0.022097272196562264	-0.16594381304877717	-0.1653646150901363	-0.2568447116892115	
0.04582468734775084	0.04987537291356439	0.09163239953008474	0.14243812853540894	0.17595241449833704	
-0.34429116884767375	0.07876078943315003	-0.4992514641621679	-0.3352877049841715	-0.5069027415360551	
-0.0600223635070582	-0.07595986614664842	-0.022131629097509622	0.04825005380097539	-0.18630398758464956	
-0.1576915825682245	-0.035032951152541764	-0.20163741281541236	-0.007270847871323073	-0.15659781531499425	
0.1202572381166478	0.032861627274476134	0.12897966600908295	0.10684739549341868	0.14895570354618135	
0.07983726653915317	0.03745116316557409	0.1641990223177797	0.05643848217454467	0.12081541064937405	
-0.15502419832156175	-0.1241461733379611	-0.2155466175077124	-0.16898114722041	-0.1698112163491698	
-0.0776858716365141	0.08014000276874862	-0.05714590643801593	-0.09021670623893513	-0.004040698143102936	
-0.0854530318113219	-0.09573386277730737	-0.17195787173628185	-0.07147929289420354	-0.08017922964602661	
-0.10946862244798831	0.1017812313446347	-0.059874451720439516	0.0838406064303951	-0.030437535873257617	
0.17000392544172302	0.042624011698537245	0.19098649213260904	0.06283115816289941	0.19128426820441488	
-0.04435075598145436	0.068879517193873	-0.09180866833474305	-0.05382701388364751	-0.07861131000268608	
-0.011469035971545898	0.026741824004556252	-0.015937251083944916	-0.0013953408083445908	-0.03612474377335363	
0.15932694484634857	-0.003545361550827318	0.2860878632405651	0.12590043615430613	0.35988397533965744	
-0.07589733750438052	-0.07303583228084808	-0.12530137655891926	-0.10741656128205516	-0.04016663950911481	
0.012014445090788523	0.07755555005329076	-0.02635249596013584	-0.09397434468395524	-0.1091790487034974	
-0.1412608564865425	-0.014450036464654327	-0.22898102099476486	-0.18370766637693114	-0.22434388896868404	
-0.15648281398368868	0.02824239474770498	-0.21921484672697475	-0.15239498340495872	-0.25114597062005267	
-0.21713752722038226	-0.03539311463792008	-0.25535823016185655	-0.02849692392010334	-0.23479765773987407	
-0.12446390155141829	0.060977978188897365	-0.1879012674794109	-0.14339151422008814	-0.3135218582572571	
0.008143625312448109	-0.009282325384452741	-0.04457916508330166	0.04047045216816608	-0.06319593968482794	
0.10777756205703644	0.09545577008189189	-0.027794787694115267	-0.05028112018303392	-0.06882177854788361	
0.06347971018905828	0.06626853208644665	0.005536641969118262	0.011217894195648009	0.10073512364360154	
-0.05756967667294345	0.025568581000199257	-0.09124251118211218	-0.09485515707901193	-0.04734581504006424	
-0.11247297064080256	-0.07636718647572673	-0.1191536262730654	-0.09146840007228448	-0.145270990709407	
-0.044942820708250605	0.062473508070601314	-0.0226594467761033	0.030847570975668835	0.03667070549009864	
-0.19521257571119857	-0.012828611167797035	-0.10064744932846101	-0.02334053738171364	-0.16245287130427893	
0.09983941873137803	0.11515977957802152	0.08804518119706077	0.09657022889576818	-0.0707696330715705	
-0.11429418216940297	0.006943285506836415	-0.13173795792530846	-0.05797270357470997	-0.2148180743401779	
0.07542458851090418	0.04677107722663032	0.010839422921801121	-0.03014855213176844	0.0845245132819634	
-0.018313398681019603	0.07303089689033954	-0.0005932816710793156	0.07927371903098222	0.0709826922554771	
-0.06506834069468498	-0.07682028939140947	0.07132202580622699	-0.015996772022331178	0.0869821780113576	
0.1374219315942081	0.11871758650908229	0.1514504247216011	0.1083634144880232	0.09768962850023603	
-0.159831690396753	-0.11066510990700273	-0.2615414379723114	-0.06270863009153935	-0.22034832301659837	
-0.06086007196385316	0.07600018054450168	-0.002890288497269809	0.018728394780698206	-0.11590315869418621	
-0.005283893016843503	0.010424656729429221	0.12603194244956265	-0.04503024672835798	-0.0318060536909502	
-0.13849670641342096	0.06360621127943233	-0.1816509231009625	-0.18896342379796738	-0.1536982662384602	
-0.06952465894634592	0.07081412785396377	-0.06377429860750573	-0.10619451393928457	0.01595165825460193	
-0.14146663630735232	-0.06688253784995109	-0.18231796534914818	-0.1730001718117595	-0.20129575666805136	
-0.0018809843660239293	0.04757107365311515	-0.1864199900017733	-0.028678018584308674	-0.10429661744817201	
0.15315559749307134	-0.030492921098356485	0.012109700202071883	-0.029145353630770504	0.05184896978967239	
-0.0831011277940398	0.04064121869983512	0.021913042532057996	0.021925310976278863	0.001848051525696124	
-0.12285492997954804	0.07899622723220338	-0.16461676036498327	-0.02501047790535602	-0.12397781758679101	
-0.09898579531718432	-0.08968751034568948	-0.09630592470397156	-0.10823265266722602	-0.04744108887412083	
-0.03275089259919502	-0.07092807227001535	0.09222741783444174	0.017277279074996668	0.1022357645672542	
-0.01070697887944963	0.000899360260836451	-0.04441394369749114	0.003326498602440315	0.05347521498738851	
-0.09407861654156727	0.09709575634375837	-0.18096383027080767	-0.04304442989646149	-0.18790469481958783	
0.06377112973481926	-0.0721835133739778	0.05058173016612877	-0.06618947917976951	0.1228085215572929	
-0.027621301192392766	0.024777181973984395	-0.06247751608076323	-0.14021224230513157	-0.1822222991106317	
-0.0887989536991699	0.020748387276991465	0.039487112604938396	0.09565056719175202	0.0173262086404681	
0.14288221318172165	0.10466667205132885	0.0873823260421082	0.02055188962976756	0.05089432190323666	
-0.08024111252622558	0.061291356998821885	-0.083957702181087	-0.03235969797979573	0.06805480913203095	
-0.14895152634816464	0.09345058926324881	-0.20276571999650045	-0.0694838661107513	-0.17376501009082784	
0.042667930347906134	-0.013972341998080312	-0.07895454839492606	-0.030679995433211437	0.03191722933556847	
-0.24028307732586074	0.0420490138740572	-0.1212551280704671	-0.240434851645468	-0.20740259273960132	
-0.11985023264455578	0.061198732189641204	-0.1251421171580226	-0.03906093048944755	-0.14002536652774797	
0.05264421847788063	-0.013164440485698318	-0.06991068829277712	0.06255820232790404	0.001789487615255896	
-0.06070020625781955	0.08093745621903585	-0.08399749098235512	-0.08337712369855234	-0.09021440943478243	
-0.04190045746746112	0.04295902815426651	-0.09679309084486842	0.0015868096718372742	-0.19017683295552829	
-0.06724334260691145	-0.049417578003767164	-0.017828023735782544	-0.059886452105820734	0.04061585300573119	
0.12461610697065174	0.1035511826330557	0.1301198307082291	0.1772279328209948	0.11419416856856696	
0.003756117354653887	-0.03311692202860719	-0.087412447338511	-0.05270499574481014	0.0023879559229821627	
-0.0715825978913909	-0.004975453243372501	-0.15504908393128924	-0.03633781341146199	-0.03074262647027553	
-0.008108180426963402	0.03290272188419339	0.0580736878146586	0.012268337325876549	-0.06433046933069747	
-0.18663812982323602	-0.07695427816467568	-0.21330603181190383	-0.08625347347265927	-0.17353060706172574	
0.12218971956964367	-0.055249217479941284	0.1269640124807257	0.09386633057451206	0.07497237482015792	
-0.01584293679961928	0.027177157628133573	-0.023307764704789853	-0.139939620239801	-0.07627372600060824	
-0.1645419918120559	0.031061072238337477	-0.2507419752152011	-0.1499391036703724	-0.27790559990299507	
-0.11914834051960184	0.07464295165773262	-0.10522057472587731	0.062322749273290214	-0.08577552119447053	
-0.06135604766221535	0.035485259365288783	-0.03125900962735962	-0.03834507744531331	-0.11668436794642242	
0.005155546582391146	0.017176287737117473	0.09869311002888405	0.10234394276581368	-0.031208802638733435	
-0.06773912252699552	0.029740251929509236	0.05226001214794906	-0.0806238999317019	0.06398882685167417	
0.018195006906917915	0.013734904441932013	-0.008510284539610896	0.024410228097312796	-0.13368299876956516	
-0.27796059908121973	-0.01803813689555987	-0.31452663491613414	-0.18272956274201888	-0.2874236106560148	
-0.12121357796512854	-0.05876783686783921	-0.15244665211093975	-0.0917970019027799	-0.2077050012817913	
-0.0005317998291902114	-0.062255896081599586	-0.03798622541137189	-0.10334423024571582	-0.03132475037491918	
0.024907295162097647	0.09479395261252258	-0.030777642545651428	-0.010084780275520696	0.06809502081696905	
-0.050160392295416925	0.06101744889903791	-0.028330839492161593	-0.06609270081643401	-0.09833140630512903	
-0.049150903970822744	-0.04649030401565472	-0.033334513516209356	-0.10588089242951225	-0.06336936854406314	
0.10668431473477	0.0851077924795343	-0.001776990985981659	0.017283239175948626	0.016491438928446327	
0.1527038123890235	0.0694289901122229	0.09728992046279682	0.019220347672507004	0.14107273076435795	
-0.023319251990470555	0.09731022375875199	0.03970790007384579	-0.026402361829267376	-0.09876064435440522	
0.049505711388056664	-0.05419443910605159	-0.09770971825957468	-0.05166308685596952	-0.07019809916893686	
-0.17928165195057108	0.05722854270647647	-0.23155479266289616	-0.060246954140603014	-0.1024055265849747	
-0.12681925527245064	0.016771074447331728	-0.03446558979057244	-0.03485768271610513	-0.08567682072444123	
-0.07022664604285817	0.058049332243675734	0.05284343848021358	-0.03493367357071441	0.018886573369784533	
-0.06650352243774715	0.09152976428632101	0.005761572030681558	0.018006593562861637	-0.002403892351216023	
-0.12241846204753874	0.0928076021922554	-0.09648355341692132	-0.027724557025422484	-0.07293607888159301	
-0.030725248261246486	-0.06267968891331578	-0.05979108199861078	0.048219052589911486	-0.006135176966568828	
-0.1478476512149712	-0.11559806837207523	-0.1219682081233211	-0.17513705101334587	-0.059767080300283576	
0.08031579565271575	0.04121375615815567	0.10830504283252447	0.18358267143688525	0.11832629052512775	
-0.057199956837834166	0.023187003759129184	-0.17545699506780885	-0.0371329127420934	-0.15329888499880992	
-0.03166336083933819	0.037527383059616296	-0.2151013088682072	0.006452502728427006	-0.21493532966861112	
-0.024470384186436475	0.027477105594354786	-0.1402663549928333	-0.04363632796695739	-0.0829217281079835	
0.09972599985817793	-0.021704272151607435	-0.0844833237517609	0.08213601693159907	0.06432638924634718	
0.0053313397633966125	0.010784515368404256	-0.004514308525031321	0.005182902048227494	-0.09250767380933834	
-0.07966404317794136	0.02598171181868544	-0.1807061508034442	-0.14013500528352843	-0.14328565058964593	
-0.04339351912375847	0.06559213432422224	0.1176138314905347	0.0062595074207290645	-0.019983671426607248	
0.010284001152832069	-0.03333986007389495	0.13320226501324392	0.07729350693665378	0.03087228532972331	
0.038987019420664244	-0.031120217097885303	0.15878350965341476	0.059353583342267424	0.1310510073019367	
-0.005905134672201966	0.08412459783952521	-0.015885986474365052	-0.003983203975463101	-0.004158033294703715	
-0.10334968309255724	-0.007381050985860749	-0.1004984850548946	-0.015089999025015143	4.9640918369027376e-05	
-0.03621278346749557	0.06609928616980643	-0.03619413115671052	0.014076598810577049	-0.10936107289051082	
-0.1022489598893523	0.08385360452558419	-0.12551756960207675	-0.011962660669144849	-0.1336941950095458	
0.0405815159044133	0.08323906316038614	-0.021348435970318363	0.04851094000735066	0.1353699211282666	
-0.0664190797481983	-0.058165475571262275	-0.00914807059306026	-0.11611066533385073	-0.06460834462266378	
-0.06069071857689705	0.095874048437639	-0.09680033987765652	0.007710410944621146	-0.1858265321026275	
-0.01524727664841147	-0.0752456193531953	-0.1987887169814236	-0.019616704891023337	-0.2575649041977456	
-0.008014848216500883	0.051654535597597015	-0.12705976333926267	-0.09401676073798806	-0.021325552553058458	
-0.034459813834704145	-0.07926904213124754	0.036454930043759125	0.07740054165185828	-0.020316696364837024	
0.05011160524407877	-0.00642478848787741	0.011015883849392637	-0.02583357553005895	-0.0521094102476043	
-0.09338239436615348	0.0896156592532154	-0.09208766629965116	-0.09473027532706023	-0.09247449239021804	
-0.1567577087153394	0.048635248360534886	-0.08977505487395837	0.0058572823384416325	-0.08329850686533606	
0.023022303857910903	0.05739592866087084	0.0330043364883455	-0.06582024442842119	-0.02448323057724845	
-0.041144183479887665	-0.027291908317090285	-0.04139707201860938	0.002223923975845452	-0.03318604013692776	
-0.007916303600491559	0.09758088803979481	-0.027479086789433598	0.10639170590343149	0.015306443817661218	
0.08412300501025027	0.10448424092836232	0.18712112744851134	0.0052983298919738455	0.22245078728537324	
-0.06321046905994702	-0.019773084598512822	-0.1093072395307764	-0.013701486169535966	-0.10598409460012886	
-0.012631611684158718	-0.06451190936487144	-0.10634811809209911	-0.05282656130195142	-0.01690855511055074	
0.12409372693532172	-0.030112039384099943	0.0895778396005449	0.11419877129313402	0.0350949096502196	
0.2792928015407065	0.0039322603364317634	0.27785782290977307	0.20885035391933607	0.18355267438499936	
-0.054895529427151	0.024548990661557423	0.13727774804498075	0.0032675636446988865	0.0931058108945697	
-0.0174181470895215	0.016936817925121375	-0.01831808723208593	0.08555819577246421	0.08588126393125785	
0.058636971955768676	-0.00979561949979005	0.031025715227627346	-0.031075053392965193	-0.020958683310719452	
0.028483623138322905	-0.007574613652779805	0.00746921093297553	0.07314662155173947	0.1290350639595157	
0.09545488156154772	0.06612132118383285	0.03085713845608176	-0.0050542496907217795	0.08752594770652065	
0.051835303508890034	-0.04213820074640636	-0.033823857500046246	-0.031028664293715816	-0.029590334232120593	
-0.09847509852391095	-0.017737035727667803	-0.13414080931677122	0.03370792361491146	-0.026131345036887257	
-0.047243255545905846	0.03734003021940877	-0.1529791369560443	-0.02343037870988376	-0.1079503160922134	
-0.04107383850173494	0.033421265784754274	-0.16820747157154653	-0.1641355365338642	-0.15579152032550303	
0.27395954285541313	0.14932555270516187	0.27966709063845474	0.08508636311812788	0.25767530147916545	
-0.11166750565722683	-0.012646125597591465	-0.20768387115635129	-0.08440655661324775	-0.09188372221422851	
-0.12315208381723781	-0.04277061233379477	-0.22101829387807895	-0.22958755898427985	-0.16812578829437747	
-0.06585488342706727	-0.024260900058083193	0.007009300227427995	-0.055466217080545235	0.03875353245181177	
-0.0019058836194539759	0.0025321752516806175	0.023850624286409074	0.1161321497981338	0.12927369025514426	
0.026583450880027296	-0.03018527289861278	0.10973296319575071	0.012556799552866453	0.11331094095169385	
-0.5181975684656686	-0.18494645153136646	-0.6569159611631146	-0.4149024384102184	-0.5776352399279064	
-0.10974742679482484	-0.06941088777090584	-0.15743923891728753	-0.05783184818359288	-0.02151818726341657	
0.0157144310564689	0.07821675844358868	0.03875069393204749	0.11573076413902175	-0.0033877844576253482	
0.0754794596398035	0.0650966956561203	0.0996595283971368	0.1885979450541667	0.18966774594457833	
-1.0741655788845508	0.13505137488891056	-1.641512271627366	-0.9500591952283836	-1.56836069724209	
1.9817302785811097	
