TESTRUNID EPOCH: 95 L_PCC: 0.9259792496251221 L_ERR: 0.002539424624774926 T_PCC: 0.8083468748547369 T_ERR: 0.006174880896690842
180 LAYER: 1
5 LAYER: 2
1 LAYER: 3
95 :ILEARN
0.07246037640259907	0.06363230498406204	0.011570946854306098	0.040849901809044624	0.04413016876838575	
-0.20955839887795896	-0.06713424284343439	-0.2172051662571226	-0.14176018275861274	-0.17878241494931024	
0.03207957186607165	0.04819823163574416	0.0076143104281322805	0.13396314821295166	-0.031079508794112778	
0.12602547060910244	0.003805069638251298	0.12918024548973953	0.02577614469969371	0.059541172055234806	
0.1045850731542956	0.10480674820072455	0.015590494232093617	0.08874032493690176	0.12885030054527316	
0.05888742010526537	-0.08581467859014999	-0.12764639213900403	-0.07284979518585778	0.04742917745181923	
0.08642884756181887	-0.003823540631911268	0.2971332939521555	0.17751844016651233	0.2750148026967507	
-0.08047350223337171	0.05944262667681162	0.005525584192034188	-0.14685337130117807	-0.05508688208387697	
0.028952449517284304	0.03194970430111821	-0.11654971248973549	0.021733183415926536	-0.12897482420127504	
-0.19332457979316992	0.06425905205777119	-0.2832696040687668	-0.22140960010352242	-0.3301147262057356	
-0.12407069906925342	0.02406351062674475	-0.09414642292896226	-0.0714543512239729	-0.02986031073122247	
-0.43046907564277476	0.0029375084715393307	-0.5235501418395192	-0.3030300884349453	-0.4560353872876949	
-0.06751142005522477	-0.030612260644168904	0.04805640264047047	0.0019015093448388695	-0.055137903719598	
0.05056385981026467	0.008901938618728391	0.04678114750584941	0.13962544780641187	0.09878599823078033	
0.029173278789071253	-0.06324189516363464	-0.14215418920989212	0.026209087103402043	-0.10132831234288166	
0.0036804501974485805	0.10398360676547319	0.06902574267068416	0.11974171159117493	0.13825418271984383	
0.14903373600021347	0.036112486261697344	0.16097655387238194	0.03728550335286593	0.06160097209216637	
-0.018852338946645442	-0.031805010801831506	-0.07093855679386325	-0.04833031802005665	-0.12058381430136275	
-0.15217350185891965	0.0456580105222948	-0.13511812931649697	-0.054707449475089924	-0.09556607218216998	
-0.14661242924676263	0.07067664317102075	-0.1152560623553643	-0.1993494990020623	-0.10708336783220622	
-0.3023701651351761	-0.02926112184472426	-0.2550894223922976	-0.26449816790729946	-0.29671433184411045	
0.060945770321110794	-0.0845612352668866	0.12575017705544866	0.0898802194752471	0.15801372261655222	
-0.19066964854129304	-0.09902365788346174	-0.05783913073174857	-0.04621287165038432	-0.21572194185705504	
-0.0335536150077339	0.03803907204231528	-0.02122176240742523	-0.007826667002055991	-0.17029488883631713	
-0.20594676490385103	-0.12335538399336739	-0.23964172105212855	-0.12476483279443193	0.0058031139720096225	
0.050705476216084615	0.024038232040369856	0.10195170407052523	-0.021509867474731745	0.00084412754631924	
0.06571255886215707	0.10488373885901806	0.06456435597411922	-0.04060781722618654	0.12595740010173806	
-0.34812063983203645	0.028610221950425178	-0.398917132151498	-0.19040213212330034	-0.36519065798081857	
0.08904329822537795	-0.04894981150598262	0.015776547573536366	0.006432725579109128	0.028849078317433854	
-0.11722523849936746	-0.049511739314417956	-0.02717394891612178	-0.046908703640816875	-0.21007513030347483	
-0.19997509790295315	0.10377732557338043	-0.16547059090682809	-0.2003379967766824	-0.27518868681504816	
0.06171354004405988	-0.0560176759776781	0.028117954916229038	0.1265776771975128	0.09682877075809711	
-0.22730195533041783	0.01480798432091917	-0.23723272863230999	-0.14012278632973602	-0.38734466659872485	
-0.0936623883800241	-0.06088729114860752	-0.00742999006351272	-0.010208636035778	-0.010299331091916103	
0.07632303334860639	0.1157156743477688	0.15589788401913474	0.10427205102811747	0.16151601123421755	
-0.43150035537188064	-0.02456658206923321	-0.6432661673462714	-0.5035590058901491	-0.6307128441684088	
-0.3390761682807419	-0.11639731060392763	-0.41125619486709525	-0.4012404986565923	-0.4959446895616144	
0.03087423362330944	-0.03856360218933894	-0.03369081224340899	-0.038499179438677686	0.0005551337209224607	
0.030329859449400785	-0.05488667795826967	0.14980877586295582	0.10892377819943821	0.17797772958374605	
-0.0036738603128003205	-0.10545540843802356	-0.1805109075206632	-0.07237747510698347	-0.07066826482916093	
-0.09828758304562706	-0.012016022288143845	-0.1410958948695531	-0.15814222436078879	-0.2674119388971539	
0.09096642197119142	0.04289478626847417	0.13332596975263822	0.18283255143684807	0.2138541900926508	
-0.29739635201698666	0.0962221625322411	-0.41669516312312027	-0.31071518257375313	-0.47974916000883383	
-0.11688863679224137	-0.08025706245847147	-0.07162658079463091	-0.0110695713720673	-0.27465809802951374	
-0.19696784884539537	-0.038253994907015414	-0.24667995962413927	-0.05349182340186951	-0.22319493880486457	
0.11936905199840328	0.029841258099247557	0.12000424818911974	0.10029832338672824	0.13120134677428055	
0.034210028389049234	0.025075224111164703	0.10115859448142671	0.011029158676394736	0.058473931235035574	
-0.14358233679134974	-0.11264674241404024	-0.19219044166048044	-0.1427331839785303	-0.18209851614916128	
-0.0593051484945574	0.07417826342153948	-0.030311561750695697	-0.07834091979308831	0.014548160588949595	
-0.0701297968923691	-0.08973227817465723	-0.15273149203545766	-0.074054125588814	-0.07006624337057836	
-0.0574346691542456	0.0985301834894178	0.0030903302855019247	0.12878417688368204	0.05503427795894308	
0.18679083504677096	0.03552672526721607	0.19016875387691407	0.07594741827366622	0.19378363792788325	
0.02929762764874176	0.07279110777770706	0.008289276203653103	-0.0012478197493212219	0.028435975447603002	
-0.1112688584503962	0.016036621303950446	-0.14366566969750383	-0.08191776536340073	-0.1288747142356189	
0.10348542199272079	-0.023461750713182867	0.21013247232854174	0.06787319668727515	0.2994515926354976	
-0.0932885043263865	-0.06596595749837968	-0.1390825259472992	-0.13753244206726806	-0.08854249549044249	
-0.0219379488246228	0.08033354727073422	-0.06315518722030286	-0.13489652075811404	-0.16855777491268556	
-0.11990201913102892	-0.018329450607259982	-0.19748490829967774	-0.15533834473614136	-0.2060453692249348	
-0.1912475092458286	0.031212109082940535	-0.25079723565782835	-0.18784167389043205	-0.30265418773250247	
-0.20854612386449503	-0.02787231485339253	-0.24369268804018343	-0.0419859800807247	-0.24676958358407594	
-0.13457924667198537	0.07432710991649316	-0.18059212994313467	-0.1605915538022406	-0.3367511910389264	
-0.03393129997558096	-0.023646878745661425	-0.09795326462916727	0.0018944110562680455	-0.11184859704112657	
0.15261038087469084	0.08417941071952022	0.031455855967840216	0.008995304445372136	0.013944600659648622	
0.04018080289447931	0.05090736886716031	-0.03133227641928157	-0.00021671892429212485	0.06385024821306388	
-0.0296854798293467	0.02320292464998935	-0.06883226094281801	-0.05203629878154593	-0.01127422819074734	
-0.12156680752468467	-0.0742597361029105	-0.13352089518700808	-0.09929406909014978	-0.16639247771834823	
-0.08259383596251878	0.04441392962065234	-0.07431334843091206	0.001006229710187502	-0.0170293648709813	
-0.16108384934157977	-0.005446906161604185	-0.03875696560550734	-0.003966641668771191	-0.12913785002353648	
0.06320805958856515	0.09468233788005406	0.03857279345585668	0.07848993990494146	-0.109615256465837	
-0.1503026643533846	0.01887516666051222	-0.18528578173813248	-0.08286355747467457	-0.27236733842359534	
0.08001554994700136	0.046011159994571615	0.005246999520879357	-0.018625115139577108	0.10713812574362176	
-0.1215457748452587	0.05879258554098411	-0.1391333813349347	-0.030607023896952974	-0.07515490082547817	
-0.045433625534040144	-0.07590927342980434	0.09268127955653081	0.010329597152527202	0.12959452015578393	
0.13594347871638132	0.10590208105658246	0.1461644144426624	0.12242357318364344	0.10833171371981662	
-0.15719913180771505	-0.11413890842805964	-0.24780452793883037	-0.10115416104252618	-0.2639605483394084	
-0.07648563564333145	0.07874232330499133	-0.019748998551278367	0.008035201953856645	-0.14156240860925004	
-0.008101290231366175	0.011594510874056123	0.11454489762217078	-0.03443051173906644	-0.027638191282583824	
-0.0617394244253892	0.06385234673961744	-0.0638939464078626	-0.13954127752476922	-0.05846822127504694	
-0.048965203140850455	0.062201362277449365	-0.032933822155156	-0.07694254382417723	0.048731025457318444	
-0.1689131800981907	-0.049913371578334455	-0.22170203364655555	-0.1879808212004388	-0.2533717510628533	
-0.028048741253612723	0.05692656076327256	-0.2144750324688816	-0.060386260180803	-0.1508628876105275	
0.14180455551409743	-0.04776231947802593	0.0033489912495951618	-0.01963024868763627	0.05855206791848561	
-0.11876568979366266	0.035360810347114906	-0.036243541856584835	-0.0023548399337598547	-0.04613820372497714	
-0.09124025669349546	0.07708215307045088	-0.14935804705754357	0.004095925628874574	-0.11124430297029843	
-0.12567130110356495	-0.09472046538723856	-0.13318734355498224	-0.13709633179731487	-0.08187388330605515	
-0.05490473079125427	-0.083384399476511	0.0659923815182302	0.0129140301211403	0.08263367887315963	
-0.05328147121573909	-0.005121505439080647	-0.10645089899543404	-0.035983326277340424	-0.017714441350221165	
-0.06849612949546796	0.10338583016740845	-0.156583365898289	-0.005394381054796298	-0.16608486039209092	
-0.012898563364214787	-0.08831574491632418	-0.07897212006867332	-0.1323598773238374	-0.00012699378761086614	
-0.04403578197476911	0.030364486654988455	-0.07634955668183059	-0.16488911405124632	-0.21542907532385427	
-0.048506828215178495	0.014955065851179469	0.09516839885681512	0.12442603978015974	0.0769682121333118	
0.07403607919789966	0.09026815985078829	-0.002039418434723485	-0.017960443802267873	-0.021063593634484064	
-0.08029326070088519	0.05651841142813011	-0.07593465167033911	-0.03408466198319908	0.0761083001009411	
-0.053825350558226244	0.09258883528038081	-0.07277826325485073	0.0005532301153906821	-0.05473938638540035	
0.15857141305051725	-0.005603120753238714	0.07096373214954312	0.08535961219428784	0.17784027999148005	
-0.14717308548334043	0.052061437005329135	0.017565261243453333	-0.14425940734635723	-0.07883195428558501	
0.0021694009322365134	0.06476551373738487	0.0629523968010852	0.08360217693997987	0.04880150485777982	
-0.06579853048359098	-0.03632286582901535	-0.1751995844664273	-0.07211122426592911	-0.14355345552471543	
-0.02445861575216541	0.07639134305009188	-0.04194811752475339	-0.0593059110300966	-0.05473696439909745	
-0.07508520759301962	0.05198579882288629	-0.12632511076035688	-0.03998239828462018	-0.24729936834468946	
-0.10118755042817205	-0.05421291757851267	-0.06227814837686856	-0.08717115803338227	-0.014188456663289195	
0.06770839415550879	0.08854232497153636	0.05343783036610873	0.1390797912966493	0.06238317634227945	
-0.001041946378306095	-0.038776060885646314	-0.06727840358349245	-0.04360107660035903	0.022940228131873474	
-0.10522863432826163	-0.003946053130803483	-0.17733669728775986	-0.04297607598063485	-0.06174381934747251	
0.006116271284209284	0.026022865771408672	0.05246350248772431	0.0009318024062755073	-0.06535602929313203	
-0.14905958811021047	-0.0726487917134749	-0.13482327519075968	-0.04445050019424652	-0.127537655446939	
0.08279097998460883	-0.062307222594840825	0.09051122244009971	0.06633254131704307	0.035958564928518656	
-0.1027246363800984	0.028796940678237275	-0.13158716220410255	-0.18929988420271077	-0.19199681717341094	
-0.11140746576070329	0.04006767911178994	-0.14099081395453442	-0.08443065632556343	-0.1828124485062071	
-0.10030403674135985	0.06898697849962086	-0.10201939668192646	0.06384470692940049	-0.10527404818942686	
-0.018819070106784876	0.03456228874569162	0.012103793490571097	-0.010216530929262892	-0.09249023889670545	
-0.0014092938824395058	0.010149898531217472	0.09914513909687421	0.10778646006895463	-0.028507333660487286	
-0.057668367676952735	0.026878503461152597	0.07018245453720763	-0.07590267864838407	0.0592183904327054	
0.0024706262376921165	0.0013332752364502852	-0.01965463340037048	-0.013961859008462744	-0.1405799690353179	
-0.2552645115601429	-0.006021752435906576	-0.26647195335251966	-0.18169589314879694	-0.2947509096870172	
-0.09794040080030735	-0.05030951041826564	-0.09886903483858957	-0.06814879997096177	-0.17704118869763885	
-0.001171378832744377	-0.05683311322498718	-0.04376767550534599	-0.12155163661883209	-0.0581936063538129	
0.06466213290011857	0.0806198086913267	0.03719427862382065	0.0003707838793122856	0.13309298797783808	
-0.06411365283231592	0.051091282223389496	-0.02479545921762815	-0.08689416940705806	-0.09530371374472504	
-0.05678387987376158	-0.05278388558260668	-0.07273350066695763	-0.13094317372571057	-0.11933889567235122	
0.14328132445177186	0.07725498661040758	0.07718585233369357	0.054202397153171905	0.09941664446505796	
0.08862390527308299	0.05149900572469413	-0.00020427607771477638	-0.048721499167835566	0.04102316993520823	
-0.07264762226793862	0.10362033023569173	-0.01509497866378134	-0.0706014724451381	-0.17946456654415463	
0.0868807494233171	-0.05177367644827988	-0.04517944454511315	-0.018786434658001377	-0.04341484321460551	
-0.1763313050711333	0.052590297341655524	-0.20835024449047818	-0.06763769366143282	-0.10484180641247055	
-0.13688915188243053	0.024558474663201553	-0.052614741505906656	-0.054241531434345604	-0.1251641105338025	
-0.04466330249708765	0.05758501472743454	0.080106077498297	-0.022272962191978277	0.024956893157881743	
0.018054278846943023	0.08889634179023548	0.1323739371095507	0.12016835022113895	0.14373371150429493	
-0.08726628731823609	0.08431040195519043	-0.0674102627285914	-0.00794180946440431	-0.04267219629124129	
-0.08534104990249343	-0.07630432929352253	-0.1256332522875616	-0.001547824007761332	-0.07207672310769933	
-0.15307373529100002	-0.12046716727088744	-0.12751505909251776	-0.19403758446142694	-0.06928041328655642	
0.000990270295394531	0.029242457553790773	-0.008362407976169293	0.11136877879588565	0.0038255339501151687	
-0.05287499265528388	0.01860764673982049	-0.170891631766641	-0.042369560453378016	-0.1459067776757418	
-0.04315815069416427	0.027707454030535074	-0.22660809050199793	-0.014860025457157162	-0.22008283356676064	
-0.0401243618770146	0.033946465187461215	-0.16410599680602503	-0.06217223890857699	-0.12852991379678852	
0.13287660348613847	-0.02427694673232723	-0.015596125086527874	0.11150681365975146	0.1212041227855735	
0.022683014672255745	0.0065403662740449	0.03712021396204441	0.015783432574292502	-0.06385894579625025	
-0.10552293715484508	0.041130402358451355	-0.22755909365481483	-0.15954755898522152	-0.19467293336814206	
-0.09592318314896023	0.051772307199731686	0.03926551791552572	-0.04912540533439573	-0.08625446111213315	
-0.03357217207399108	-0.0489443864964325	0.08437566755580479	0.03497300297117278	-0.023276582148143248	
0.006265264455496442	-0.036700309551794486	0.11243009955147495	0.04345046183895068	0.08664813195808312	
-0.0635098548441576	0.07890310144403624	-0.09619455148531886	-0.06140651520753992	-0.06546430429242195	
-0.06658093520511764	-0.00014176735338188178	-0.04736283087527281	0.03562939227943875	0.06178692260503733	
0.04107929422323082	0.06501218007454557	0.05140968622221242	0.10099469805268448	0.006904019196285668	
-0.11124568009803466	0.07970673728729387	-0.12416895144356582	-0.028418809731780285	-0.15115410011979658	
-0.01917357211826241	0.0876223818247691	-0.10511134220451403	0.009269038728259642	0.05746003685963072	
0.006806258498914973	-0.045855439406563274	0.06562907820771795	-0.0379866113297475	0.03087990390058775	
-0.08507075261024387	0.10158965345098969	-0.10631445363686746	0.004538010822199243	-0.2336213827263341	
0.08244101411165802	-0.06807002501124666	-0.06732582843983884	0.09379642944694729	-0.12826928572892618	
-0.0025301743451002657	0.04951469308120914	-0.11224389552021448	-0.11124034284473047	-0.04221648114798441	
-0.049136849735960476	-0.07583083221738678	0.01831972094925547	0.05025418615533627	-0.06079281391725282	
0.03693492841384753	-0.005381964800288939	-0.0024727436036570813	-0.02962953331885464	-0.05713734498688317	
-0.040372652845018064	0.09498773210636802	-0.007999892771238502	-0.04658720864477952	-0.025786695303072503	
-0.17024523727910945	0.04037207702600248	-0.11193102651379185	-0.026418514063707814	-0.12224493809622297	
-0.03866696649557232	0.0373958872053116	-0.03678992451324115	-0.10277742289878039	-0.09859285458885522	
-0.08079738118107564	-0.028791412884958286	-0.07579469903777908	-0.028249887320061628	-0.07508677898245132	
-0.07659077893444029	0.10091870281086819	-0.10176210669176271	0.03909821917851068	-0.06798751850353246	
0.06536607174929283	0.09138576581707604	0.1436122010790571	-0.02271701887365745	0.19292013500012561	
-0.037362023522837184	-0.02470881913959467	-0.08862874711439334	0.003198408049483614	-0.0880593804493911	
-0.010966822988321691	-0.06407782546514249	-0.10136181109579163	-0.07808330383692695	-0.045878715160724566	
0.13323487310217746	-0.033458844552758944	0.10037421210032131	0.13039058251918076	0.057059928140497394	
0.2627615753190747	-0.00921191507706428	0.24008781273782606	0.2107140405211478	0.1822859652944058	
-0.03721763779758957	0.015768597708041277	0.15267248411608142	0.032609802777361745	0.12362718533017444	
-0.010416624605241183	0.0063779703312449145	-0.015628587275838348	0.1037634002049804	0.10119606214089745	
-0.059515088423534326	-0.02435043512445407	-0.1334971698814509	-0.11959408846888682	-0.1677277324052796	
0.05615400372024581	-0.0084749808442024	0.03525788520871134	0.10404636323284817	0.16643107655671716	
0.12140222009362647	0.05914918902793868	0.05782534375505717	0.02648290705724201	0.13381272263828778	
0.053817427313677065	-0.05075468031755709	-0.03683540476400284	-0.027840378453735742	-0.03135395656222773	
-0.04137924003643854	-0.023719032773740205	-0.07330720421173809	0.10690700648773493	0.05310466265882899	
-0.021222620180081815	0.03792838240404336	-0.0948606521767702	0.0025982533463311335	-0.08071414722723878	
-0.017138986862634417	0.03956423062295716	-0.11043658426616425	-0.14902131546808228	-0.14456550512488905	
0.27302974704865446	0.14057266761173756	0.26296359740600195	0.09786119565242407	0.2721219276642974	
-0.08873992577488594	-0.0011451713679954806	-0.15072013946680687	-0.073242996619274	-0.0858686119775469	
-0.161637344399451	-0.046864548280621136	-0.2732696599320966	-0.27590804845358435	-0.24552626121590762	
-0.04671872917964166	-0.032101676323023555	0.03005778632433367	-0.03208559563379774	0.06674679547172858	
0.0014940545858379644	-0.007839726912517143	0.019426920015643834	0.13341484590977234	0.14732517441224754	
0.06596148248165806	-0.03679940874248666	0.16465608874011833	0.05766010624972865	0.17766906583099024	
-0.5135573654050959	-0.15687620131356594	-0.6445534634330996	-0.48944111882226204	-0.6481185267630258	
-0.12332617612132711	-0.07443044101776335	-0.19004717578841118	-0.05856185135610967	-0.04597933618577672	
0.0342247129414326	0.07505412065819429	0.08263150322829194	0.14105533003489487	0.029506199859108715	
0.08643228445582982	0.07695341387265946	0.11091447436148491	0.20398438272464078	0.22478119364688037	
-0.9962026531834786	0.21238980614360495	-1.4435854454564154	-0.9552245690114276	-1.6629014562564202	
1.9012237154273122	
