TESTRUNID EPOCH: 98 L_PCC: 0.8906219036087085 L_ERR: 0.009415825285552881 T_PCC: 0.8338093272107887 T_ERR: 0.013891833378194364
180 LAYER: 1
5 LAYER: 2
1 LAYER: 3
98 :ILEARN
-0.1884587866231901	0.4597169783793706	-0.1733209070891166	-0.037498439218079126	-0.2930069678621466	
-0.09182403236352599	0.29298246878730194	-0.2251696597101991	-0.018126457174402887	-0.19127924520948852	
-0.04302873970791473	0.27824617537532514	-0.251867886478418	0.09313632948774117	-0.416107917363113	
0.08025479039275553	-0.4123564965032079	0.166304846225504	-0.042251335952017084	0.05351462380502156	
0.01060025471214501	0.2953080794847249	-0.06811223553848851	0.04622269099799817	0.14072104385096823	
0.13992755167177617	-0.061030180794144594	-0.03934006058471338	-0.05762039166902289	0.05978822387906775	
0.12713728980620817	-0.19550104044136202	0.2629339704244475	0.023293610036506682	0.2907487545680542	
0.04254188187236756	0.25414708319982643	0.004462181263296028	-0.09139363581051721	-0.1160831740811328	
0.37223338934440064	-0.19626602385210284	-0.0042415249472336995	0.05492364754136207	-0.18945239735493283	
-0.07422553246937272	0.11288235301800303	0.020329549866330017	-0.04542818319125151	-0.05291793483681333	
-0.1975197137667911	0.0657582388383625	0.04658280868746245	-0.051032271021343445	0.10675711816700031	
-0.1052936861687528	0.5248893923811733	-0.2582378275444513	0.02538138764251061	-0.20692166496303785	
-0.21787672487676335	0.29147854360778874	-0.03164008316511799	-0.02002219884337573	-0.3064451637270231	
-0.24509658731798661	0.4526285799138625	-0.30431447940761247	0.06852758104545681	-0.4500286971275257	
0.19057160261315578	-0.1914434435509343	0.08687855848439002	0.0796479681952563	0.1437219246087018	
-0.1678563759319297	0.251996709283586	-0.0781205625943908	0.053107264779712116	0.07473261639417594	
0.11621699748566375	0.02191086891342484	0.12808200467987946	-0.0270836512436513	0.2676486608084798	
-0.004472547696724113	0.2708997382215783	-0.04569344319021408	0.019152449237395633	-0.3230004274605833	
-0.05370233873848432	-0.08839276446994333	-0.04559797671069268	-0.008275848048166614	-0.23902857394152796	
-0.04232321717426393	-0.014677497733706458	0.1473816856198581	-0.1030196344920256	0.22501434525843927	
-0.2778632907236128	0.3233091682232535	-0.11640681296663172	-0.009587122998849758	-0.21322678613723792	
-0.03809144468198299	0.033550399932863816	0.05627032628151502	0.05056015725562463	-0.03541530406215784	
0.1683585062818771	-0.29399765537685263	0.26270945836453097	0.06018513262344421	0.23195246783066684	
0.12819259497315053	0.1457468536079637	0.11946933745613691	0.06469286824539579	-0.04793531803963854	
-0.03159145565790795	-0.4713762771274013	-0.041584651847858756	-0.04297888595566096	0.29589283609365974	
-0.1857550922064001	0.5166934515362362	-0.19088396991507917	-0.0652819721873802	-0.46803430195592943	
-0.032975265693613615	0.28715002732818523	-0.06428893733800203	-0.08140231246233913	-0.13307400563767027	
-0.11151261079679894	0.13453247381153538	-0.04122716871834558	0.09212401975383548	-0.04414446378368098	
0.06712708744604551	-0.16262824135447984	-0.03645191032191235	-0.06889591245715751	-0.09086289892150402	
-0.07485308945423098	0.25649820180019384	-0.023169598015875304	-0.0014619570815211278	-0.10519710804744056	
-0.5782031873449421	0.7375200394380795	-0.37440856521781574	-0.09349491905984293	-0.8432477780915189	
0.019816253973342336	0.10297573164764763	-0.028066236301478052	0.1095194331614145	-0.008178986956628066	
-0.24473137246787402	0.13373440080575802	-0.1088386125915034	0.031925753307218745	-0.4058471019729027	
-0.11432770869253903	-0.1520911826636524	0.01814389406902492	0.0039858094663403655	-0.04755838051620663	
0.4063111160132867	-0.35286349847748627	0.3684466959679232	-0.005159740060228126	0.5086957331610859	
0.039248090715874234	0.004834831664783521	-0.04384994439758436	-0.06346420271287953	-0.018176828801489586	
-0.11339943212856755	0.3232695936783506	-0.11433681691210185	-0.06845510823490282	-0.3174081823186506	
-0.04967012404577376	0.22629781700047305	-0.09016767991616911	0.004575296717655948	-0.23056598525894714	
0.03770834113656689	-0.1764708388013693	0.11607236084950547	0.05022595667760059	0.14034577614684546	
0.12304359050510885	0.16471026546046394	-0.09506427075396327	0.02070609576933505	0.11931915786019834	
-0.09549789999195245	0.4842488700128841	-0.22346988372284232	0.027338622212586868	-0.5452297033556823	
-0.14273337356295523	0.15805900149527602	-0.11261065618402381	0.09206259393953288	-0.14859790917988486	
-0.11784137267269222	0.5106952707473429	-0.19393527701090726	-0.07385684501316218	-0.4095465052100793	
0.1324322342964089	-0.4736197820117378	0.16364895372371402	0.0832439271411401	-0.1718381915598152	
-0.08554871969340808	0.0009646366557313642	-0.049107601697273205	0.06716962784895564	0.0943590020277309	
0.2993992203761481	-0.14286744799023968	0.14051393498411663	0.07708739644909099	0.2184741431654825	
0.29241930635676966	-0.42669752873393174	0.26908767944534595	-0.029108966213099736	0.3273427334597343	
0.007861088058217251	0.13385353820429816	0.02472529583215006	-0.013231513495433854	0.035437352260814965	
0.06565032463242453	0.15333847897522396	0.10931316303870584	-0.06355718133860379	0.227805820967175	
-0.17075455223758013	0.14192278374086983	-0.1580565007059958	0.03711955231198728	-0.15826853978294442	
-0.20092134764679495	-0.21261038024774298	0.06138909537553496	0.09740821336297381	0.32965139256012554	
-0.14867100955450815	0.5058403024806251	-0.30244460025776104	-0.03189799038685533	-0.5005723146168339	
-0.31530080805974864	0.594999141869058	-0.21428040661501527	0.0447295747753353	-0.2248219945775436	
-0.28645242681743766	0.4980680244609536	-0.018306374922094408	-0.02754221975771073	0.04437158170930401	
0.1727910045418013	0.32909457572054945	-0.07772479506096602	-0.007804704495022993	-0.2069249619839272	
0.020309688953937026	0.04842083898401911	-0.25654923465742707	-0.03164583597559591	-0.2792142874582547	
0.2674743023539568	-0.2907281450120815	0.05259894553837293	-0.050235099502171775	-0.0027279713369150345	
0.2540738441145229	0.2739917591518972	0.10417179100752696	0.011536086409946649	0.05372993491767223	
-0.010606460500649463	0.28973149808269727	0.06766487769344168	-0.017785741471587218	0.13772252953746192	
-0.056941621233966504	-0.2288587718698466	-0.08292785113620327	0.09277994279695621	-0.06032022885740556	
0.025570711394044026	0.03998399547832129	-0.04596104663053314	0.010839363941379397	-0.2863670981645689	
0.13358699472121788	-0.06660301225458994	-0.11979378577899548	0.029470548891571583	0.05247412327756682	
0.3363359943546589	0.16230430926800476	0.06280869713093241	-0.0791561028357707	0.05820354085316907	
0.08260053116520055	0.3418769830801315	0.07916168408435358	-0.05561910699837833	-0.2189536630291458	
0.10502915807121879	0.15994406061164415	-0.17734896851166293	-0.07493930384072625	-0.13657531464201958	
0.21382975100740828	-0.3727782074199023	0.02052014256917522	0.013216817936908952	0.126572070570687	
0.06355177754713395	0.129032380246372	-0.08870373090469001	0.005241677327022804	-0.04136295071435902	
0.11467415694316976	0.1433107273155748	0.14652735003907288	0.06233873004257514	0.11074408022355729	
0.1674878472297639	0.15592071066208935	-0.025074252744296435	0.07614301044173212	-0.10485414845963172	
-0.1330389090101038	-0.12069684420708562	0.14866030450454898	0.06778501656409602	-0.03480451940446878	
-0.08383964442568305	0.009303247868483413	-0.09396126210703493	-0.035505313093519675	-0.04156050474751318	
0.13608483445309427	0.009876711101270577	-0.057743750695497635	0.06251205451055356	0.16913436920231523	
-0.15658227290810078	-0.024032811748223786	-0.008376052714388002	0.020250280765477812	0.04538245501556548	
-0.16060341059264197	0.04799764485193688	0.05195145679035464	0.017078028072200893	0.09945270405645196	
-0.16139368364424048	0.028533399060771278	-0.16964459183556488	0.0500234518629522	-0.19802985784595767	
0.24380623946520172	0.05907290096798009	0.006596744353963798	0.03710215773750515	0.004366359906920934	
0.1944276068633374	0.0566781398047307	-0.0049427094564614155	-0.054449471593665796	-0.0017334611440791765	
-0.1942582193336154	0.07663921526269833	-0.10029025989547621	-0.07543561775367744	-0.0452429701079233	
-0.27155971938366247	-0.11096270726356443	0.05803697448173479	-0.08720939710253767	0.200198816912498	
-0.047202300365333065	-0.18553619967184828	0.1361370983769335	0.008255316512145339	0.03434252828961931	
0.04141498943457064	0.020889177843121012	-0.14686587293986683	0.04006887975114304	-0.2041544284260784	
0.13029640701086864	0.038452130047043176	-0.1154640214167121	-0.0807721036034609	0.12590364843982585	
0.10573147167510556	-0.15023392453901807	0.18402807640633495	0.04306582743128726	0.24198665168410255	
0.020223578517213153	0.2528339193276095	-0.08979762065746033	0.07634124876911239	0.10840530146028618	
0.08195207848681821	-0.0061367100450946165	0.044502780655055196	-0.08048295270987763	0.06913886860503435	
-0.09881364904351275	-0.17909691805937142	-0.010259067963285295	-0.01845682266989103	0.19650501178906402	
0.12034671983039542	-0.018082905424843004	-0.1000941940423925	-0.003244983271245418	0.17912684477826737	
0.17829984802779691	0.1027998921735611	-0.05952198832714547	0.061195600352159624	-0.1367108213267535	
-0.022698333768164648	0.2046583559376428	-0.19938330718882952	-0.09727196539579501	-0.19478471013214982	
-0.18044588908608944	0.02370059124502939	0.1513312008953539	-0.07113172149868247	-0.3018912892148013	
-0.07560697795265793	-0.10514498730652648	0.20223768553376067	0.09945477079719231	0.12346550145717418	
-0.10796169039754412	0.3034019753520702	-0.15345004395617168	-0.04433754957146601	-0.13851670033212007	
-0.20247777080325335	-0.008089573762111271	-0.06648628110808578	-0.04834223136859507	-0.053664589406593	
-0.06222764011814828	0.01849052384198973	0.023781322433327	0.00037064141690448967	-0.038873244821119514	
0.10715834710902977	-0.013567148812353278	0.0455521100356349	0.009254530853504667	0.15501420704949942	
-0.08153552490843564	0.2007052732555847	0.008406454562525619	-0.08775481700323945	-0.047188879320178345	
0.05609932387378138	-0.1485730012307827	0.17155943907628568	0.03769540907700396	0.3293307965928596	
-0.09835428641593782	-0.14857314001982622	-0.18739938364408276	0.015839629719270238	-0.11963030190554522	
-0.06884783020196758	-0.03203277123548596	-0.04063940515876469	-0.06152494015539217	-0.1171945678470043	
-0.11855400015960081	0.03396983286192933	0.11023071042551578	0.08285439469944215	-0.2867831657258131	
-0.11172276071692917	-0.41898572717069105	0.08911066158438931	-0.06557610248605446	0.1716281966832957	
-0.009665828167494287	0.012526437921449186	-0.1558624896249689	0.06104927218967693	-0.012963219863160926	
0.20327310207821483	-0.03979477756116765	-0.262405214830228	-0.037913756742310754	-0.22295118180387294	
0.26194342456252695	-0.051967024632132736	-0.11659385445552922	0.03404992172925334	0.025849954175872894	
-0.0038048887057364035	-0.052277158140974646	0.18738563037063227	0.08544490322068708	-0.13392373985206385	
0.045891590899695855	-0.1342263618837315	-0.12030741716777149	0.001078654478024444	-0.15370457937862347	
0.24652312431774767	-0.3057191350316166	0.12340624222060381	0.06941964784623292	0.15297351435757528	
0.04615710642766193	0.047429578955183516	0.0038037857650756405	-0.08740025281887247	0.012458801640511294	
0.09454579422626344	0.2542296561893604	-0.19494988020832876	0.005987705719310376	-0.1485075829064411	
-0.1821420186226913	0.09418329565698387	0.0870856249095268	0.07804542080445658	-0.19759302265866782	
-0.3214399395311031	0.2710278006755509	0.14575287758983196	-0.022235965576141218	-0.26409760629197826	
0.2693062122385074	-0.4352807656936261	0.07391653154023067	0.07163974714936684	0.026464131774435386	
-0.2592450888493648	0.13990178128844571	0.17211524702125777	-0.11071388650162324	-0.09295238216593675	
-0.07275671841973189	0.18451948360248943	0.10352731019178987	0.016349702027187808	0.12686793611816685	
0.03359227770342484	0.35274358851087856	-0.06943572768612438	0.04204887141408357	-0.06899986070290293	
-0.008679111034557353	0.015161431521483134	-0.04185841862152312	0.04596990408056454	-0.13981177147534127	
-0.15247746593397407	0.2802725535057039	-0.08317005773290229	-0.03709895609839013	-0.1709798024446174	
0.12756432171804633	0.1356787954896795	-0.008117230783822642	-0.05782619667775656	0.3342666546159188	
0.01957615272080854	0.16484821835474506	-0.03281171539837788	-0.05962969060098308	0.1954415336724837	
-0.18001042060394948	-0.13946826461947628	0.1134705311356323	-0.11046518931693516	-0.16323556783510676	
-0.1361721626725213	0.049016002171018425	-0.06062455235322729	-0.07285153845546789	-0.01837179735000194	
0.035672693266604855	0.15510634665768896	-0.11728614289155773	-0.028455517184854992	-0.0054624012138252374	
-0.09230024299910443	0.145397797721493	-0.04937955477752452	-0.005597721192621185	-0.1721581629222399	
0.23803065142187893	0.021573960036045156	-0.05475858363790803	-0.007836895183833363	0.12219861907798327	
-0.212701707104624	-0.11886606456030872	-0.027470734119990993	0.0272481356174322	0.06296654627835813	
-0.07766930036928842	0.14970592656736137	-0.09436471857642126	0.03128999851085115	-0.0557506615819984	
-0.07529451935720233	0.15705202040492527	0.03873545016024814	-0.009889726094230984	0.11579905180273686	
-0.04889266645001127	0.2282112229855142	-0.2653615815218183	-0.022015126352621154	-0.24606665151074045	
-0.05837200788654672	-0.14054557582926513	-0.023263421829993865	0.0075503529178603535	-0.09225886790100578	
-0.20005338415644433	-0.1468499640066627	0.14266245215370496	0.0025064978972277985	-0.03149351137755299	
-0.10852112347722259	0.07096125001189911	0.06734161118599793	-0.07344789132231104	-0.1108062366747869	
0.19721149442415867	-0.2476008239505888	0.0003014279013389513	0.05945751618730844	0.24718501549651936	
-0.2762601186805684	0.08156018267300177	-0.13911606255505593	0.012877680105361567	-0.3639094665838941	
0.039824481386175156	-0.010904553487080266	0.045965566481576965	0.08016357173715158	-0.15935357727922672	
0.17156803555687783	0.2082844179964948	0.003098324459952917	0.052137256130705516	-0.01683158740465008	
0.11211187379331021	0.39216341741219074	-0.2937441382123756	0.07712048919790196	-0.100222235249423	
-0.0903214440881071	0.4918121811891583	-0.11843047448394686	0.04702141515718387	-0.22293143126825998	
0.1104214261405518	0.14970475348845633	-0.09037178863907863	-0.0068831465625209	0.034015723215915665	
-0.20965827880710447	-0.125513846105029	0.10080149055968902	-0.04510316961633021	-0.24032794303594415	
-0.3044147029480114	0.05488248444889131	0.1964457893732756	0.007809073169801871	-0.12884872831957314	
0.07782181048714049	-0.19308554506975645	0.06622770811026424	-0.042508847237868186	-0.05176763357750425	
0.037151590648186086	0.12226297878002373	0.07311231411644553	-0.024721961158370397	-0.002423542620899736	
0.07242878474174351	0.1627881049104674	-0.12977888119752723	0.03155626977108598	-0.03898018323672361	
0.17731737643047	-0.07274147295475326	0.11366118091565044	0.0440424021962944	0.3473293092420534	
-0.016746718120819255	0.04548543429612285	0.14651341313023225	0.05807880031519821	0.11234196424353048	
-0.006747047786628407	-0.19573906279216166	0.09964149436388393	0.017592823122892294	0.19748907830720241	
-0.10830811709065298	0.08100829128412534	0.10654625215583391	-0.03804529785227602	0.018276838331611714	
0.23406609715563767	0.16688135684146593	-0.08946757851603826	0.06378253853211079	-0.332368386953857	
0.18808655223786386	-0.12869272774615675	0.06107992070840901	0.09200480294847818	-0.08446303997301773	
0.055528224297340244	-0.027862424486268123	0.033039876936511156	-0.04437773509512753	0.20786428573055732	
-0.3631480137939631	-0.04440179566376902	0.0680296691607331	0.08258808571200701	-0.12126764412109861	
0.24255997886445133	-0.009671446548211317	0.10367720664341867	-0.014531040118132495	-0.010055589283331232	
-0.34753666169641817	0.1489543625944865	-0.0789912506005711	-0.07788093756600317	-0.36609977785411907	
-0.1483803878381326	0.18391575090251527	0.06957396752652467	0.05640658150654711	0.10017197639850808	
0.13177764126873162	0.2852552563103164	-0.08652717588986636	-0.020150273399103875	-0.28609927737813867	
-0.2054404398961878	0.3687184039522782	-0.28875949421632985	-0.020131511418159474	-0.3646614706074955	
-0.05248925007702985	-0.058319550995691576	0.0052316426442995	0.08881007960830362	0.19942893967607106	
-0.041247016382161564	-0.009166704607726388	0.03862483788944021	-0.047902374194481574	-0.07607238686403517	
0.052915143265682724	0.16951304652252483	-0.029374920170303024	0.038681741437421334	-0.0653248348186185	
0.04962511330243668	-0.1536302938689623	0.050611188462303044	0.0011589951773517846	0.21298175439070355	
-0.4918759765799261	0.6943933588203304	-0.3715991331552309	0.07815184135929569	-0.6657659764430622	
0.2911994342057304	-0.010186611259988676	0.1206835279285608	0.06211247604769888	0.0287100209332645	
0.19790623352720182	-0.3657855831742188	0.3287915889665622	-0.01894362992478736	0.3597361846904595	
0.09807228059786914	-0.0572627168336516	0.04154886383933711	0.06095464553420557	0.1299573369747877	
-0.08792636032334313	-0.09678071214493211	0.07488208845792248	-0.058240723286924756	-0.23334080601232846	
0.09817084096744366	-0.1303342456281456	0.0513281936409212	0.04525330855380434	0.12272007765063195	
-0.009560759742058483	0.23442518880929167	-0.09077275984819909	-0.05028422045200361	-0.13372705489240597	
-0.00726117860153479	0.08556050055099299	0.017465639574949367	0.00018977252853924533	-0.1185002281269696	
0.1401345256468549	-0.2940729604587786	0.20402184159351502	0.08987918108842806	0.32942787853758004	
-0.03555555590020276	0.020813277591961766	-0.23629425451239358	-0.029348827454086013	-0.027702471443436533	
-0.3116351663426505	0.46657019310017406	-0.27290675437366624	-0.08090460187059365	-0.47426175335144394	
0.459308765052308	-0.11490158452378649	0.28259929407862755	-0.04819427521252413	0.30886243493699217	
-0.1147582976561839	-0.1969490754861552	-0.036726847738500934	0.011664524769117942	0.018122861820644088	
0.19446847782508225	-0.31673484431784343	0.26308954743854535	-0.08865467112237999	0.44303844567859946	
0.02123615415874411	-0.07022436766926574	0.049942619366912806	-0.06768928941627857	0.08661150806623746	
-0.027525368357462686	-0.14589050249087407	-0.006463510994656707	0.05238624616355162	0.1115703651244126	
0.04247056873500149	-0.08640504675940118	-0.023055227190893455	-0.025764628868433143	0.036069302026872446	
0.042359797230306945	-0.03513397410235748	-0.02072062627467933	0.04233310039929069	0.0749838006343298	
0.1401116421084644	-0.3147040547653037	0.16623740768040537	-0.0018441817445521741	0.5022047801105819	
-0.27933194568613207	0.4474332713320919	-0.3942398384997586	0.047681735039714235	-0.3272774019971394	
-0.07343349585148938	-0.09859965166503194	-0.09501309263855454	0.0756439730839561	0.10773899125504598	
-1.86317002538787	2.797613170519623	-1.4020082975008215	0.03339143788497159	-2.4038035222328	
0.5436687304126112	
