TESTRUNID EPOCH: 94 L_PCC: 0.8882526992043964 L_ERR: 0.009612143600959551 T_PCC: 0.8233751178400323 T_ERR: 0.014713132276027469
180 LAYER: 1
5 LAYER: 2
1 LAYER: 3
94 :ILEARN
-0.18663144563020795	0.4546696948033247	-0.1776470516934654	-0.03754464240867996	-0.2922260136110731	
-0.0984427972451468	0.27667424907107135	-0.21729715393886104	-0.018286979999094906	-0.19205354762480678	
-0.04741040240725334	0.27166422498967757	-0.2432992741981106	0.0929154195413548	-0.4065573497818564	
0.08736154906183033	-0.41073271915934534	0.16696166022854933	-0.04257617244642384	0.07097415212794557	
0.014379942744093951	0.29414251513447376	-0.07079229166631311	0.04600490293615744	0.13796410539042156	
0.14336659009026215	-0.07120989940165535	-0.03820162641032229	-0.05772054827042667	0.063980983737188	
0.12432020861579164	-0.20474989652874545	0.2606548158437373	0.02321872065292989	0.289202190702281	
0.034122502427994555	0.25130938465561586	0.0032494997251787338	-0.09154506464312105	-0.1123443889284939	
0.35978457127696284	-0.2046262251381781	0.0017025771581553979	0.054955628272208845	-0.1794995100489824	
-0.07343709370685397	0.12175305856944636	0.015408636915331701	-0.045338569048775486	-0.05720731210489657	
-0.19317204672191235	0.07053878828527076	0.03945286622237132	-0.050993237865489184	0.09780309617956258	
-0.11066352121766565	0.5026087237015303	-0.25277080530308826	0.025215882722056753	-0.20498546366993342	
-0.2162334977957586	0.2893663731929835	-0.03236129153655831	-0.020003088174350484	-0.30625501444182746	
-0.24649971768825216	0.453007295923814	-0.3045512929535009	0.0686833870352895	-0.4530389550035053	
0.19264602936424424	-0.19025769372175674	0.08238900108535309	0.07947559404636562	0.14725614134225737	
-0.16247885372891846	0.25078499196975135	-0.07449845247599297	0.05300493846714367	0.0703311353259413	
0.11970855825443509	0.01821355945179849	0.13068551286512797	-0.02713037019469431	0.2553149446175535	
-0.011448774366609793	0.2709627735807896	-0.051713684576877285	0.019318951731098075	-0.32506724898481854	
-0.05985156433336499	-0.0833569194093445	-0.04764710219453325	-0.007930153878169893	-0.23706642420393448	
-0.04173247319747845	-0.00719575461553084	0.14389694313915252	-0.102912895386201	0.21737885671587187	
-0.2732072364916517	0.32463702758578156	-0.10820491895508616	-0.00983558014947348	-0.2128652910330142	
-0.04076250365968579	0.03678421756158395	0.05460750208235759	0.05041172043775184	-0.037482777890747776	
0.1639074512596983	-0.29222995241126315	0.2632102989101858	0.05995495382742096	0.22590663605528785	
0.12669836313557278	0.14495071427843215	0.11719657949524326	0.06442147005307385	-0.04901301519838367	
-0.03501997010082753	-0.458096639258598	-0.04212216497022083	-0.04303914792651866	0.29981544231717355	
-0.18491836741274936	0.5050482182522674	-0.1834463095092333	-0.06557050438559317	-0.4619104936038217	
-0.03541982914956063	0.2876368369054679	-0.06330540658840808	-0.08159521347601624	-0.13163481986777933	
-0.1084148698374782	0.13723211310901223	-0.03953038554247912	0.09181827912449429	-0.042004828796900276	
0.06291637879632382	-0.15697485229062869	-0.03740231896628701	-0.06899693981485985	-0.09346974124569625	
-0.07788727183182345	0.2387468628780877	-0.021625511338661238	-0.0013931007230283995	-0.10644221342978273	
-0.5701884718835081	0.7298687126405405	-0.37471388386332194	-0.09329830458724331	-0.8287786893367786	
0.019094754660650318	0.100379895679265	-0.026537329654126217	0.10927968956023862	-0.009163035915108883	
-0.24779231771152502	0.13582025685320248	-0.10774633910448655	0.03216641207584527	-0.4077207794938128	
-0.11653194536398559	-0.14785076855106935	0.01243669685905776	0.004234341864935389	-0.04717009862507535	
0.3966380590703151	-0.34556661989279996	0.3609176475138509	-0.005263375046679017	0.49816875200077243	
0.03866436793070228	0.015471728202457288	-0.044548114771549546	-0.06364087708795865	-0.02357440385554853	
-0.11214572241413871	0.32071862515617877	-0.11398170316220212	-0.06859882116540542	-0.31418514312890544	
-0.05279942618438577	0.22333209271216473	-0.09063160058982563	0.004505635013392913	-0.2268963440432753	
0.0317246020082164	-0.17388660378899418	0.11350383896371688	0.05032312499061626	0.13608022225622637	
0.11733523655738932	0.15209477569147256	-0.09389192467480356	0.020750102334294848	0.11650166229298589	
-0.09858010218621492	0.4820259769896956	-0.21491364710548866	0.027126278689662192	-0.5366786624188737	
-0.1334260363747968	0.16065291329568052	-0.10956795829830857	0.09185231101503126	-0.14413089306446522	
-0.1250535109514535	0.506809137635252	-0.20774173368407894	-0.07399165257894712	-0.4112932634654867	
0.13622266263790436	-0.47408093563841947	0.16522618851640722	0.0828285358155351	-0.16000342634267742	
-0.08145523027337828	0.003356347529913803	-0.05027991222821489	0.06696543722952103	0.08963824172879038	
0.30001035521606495	-0.1489947441971118	0.14317991032685554	0.07685191945998891	0.2206575182275572	
0.29462191749653943	-0.4258310949977599	0.2667366432879749	-0.02927257703243411	0.32541788618467815	
0.0017172201091614704	0.12868735284340224	0.018107420474499647	-0.013436537693320432	0.0298795028112009	
0.06183822656512718	0.15308241778744458	0.10161380580315865	-0.06373710011139921	0.22042277714774558	
-0.1691092621724461	0.1409561691032295	-0.1532871386000874	0.03723451138302891	-0.14916998594754058	
-0.19265793183049876	-0.19822362460388326	0.06280135152952063	0.09754871376492821	0.32103637867379187	
-0.14128463400603333	0.4981474788225971	-0.2932233318037832	-0.03224035135431989	-0.4931188247162923	
-0.303712465003707	0.5833196967294533	-0.20745009267550832	0.04460470604015472	-0.2167655694215093	
-0.2832346732140931	0.48790006519670676	-0.026507474617079602	-0.027499319028906476	0.035709662358551574	
0.16136406791461774	0.31749492759166004	-0.07786421664449476	-0.008039103495460633	-0.20004129528909387	
0.017076844489923183	0.05324784858266254	-0.24357236461556656	-0.03207242555402443	-0.2703269119997716	
0.25962613326732864	-0.27529625197992064	0.05679029509987993	-0.05030362646388216	0.0010000017740365058	
0.22549302482722908	0.26278919457868677	0.09419854461173421	0.011835190983522675	0.05119738611977485	
-0.019106515828105852	0.27979216249729477	0.06045840925382373	-0.01770181777964462	0.13045359437231957	
-0.06184868533193643	-0.21590391338925063	-0.07879243888489341	0.09303064299690826	-0.05586422344181599	
0.02417223214212644	0.04830070596221379	-0.04218913236679682	0.010995955822026072	-0.275098048360134	
0.135633682173673	-0.06277934826394573	-0.10947914356533779	0.029217622596951934	0.04775487361288149	
0.3323448973609329	0.15457639694698558	0.05804757163238998	-0.07942228601734773	0.05509790168001973	
0.07868799780266482	0.331816617532561	0.05874566418276578	-0.05576466215317365	-0.20718866221444238	
0.09628067971742292	0.16317277445499415	-0.17087507215399844	-0.07507629966123881	-0.1313187602081745	
0.21476481660955227	-0.3610879547472433	0.030535372094531804	0.013016478631442854	0.12698010855022857	
0.06258381783677626	0.12959995811855235	-0.09027904444317313	0.005128994482751685	-0.04152255464561334	
0.10099595763689817	0.12353281299014235	0.1430350689591291	0.06232705851182208	0.1107444563214482	
0.16408080881960838	0.15618005612318703	-0.019037659097669697	0.07585090502799602	-0.10683524779822225	
-0.1313713688805107	-0.11434579846197471	0.14259153252848586	0.06797692743726892	-0.03526640269052519	
-0.08145578044330783	0.014644022062856395	-0.09188721145095802	-0.03557482783705677	-0.03702789468860125	
0.13880674941221705	0.011081216240908737	-0.047012235312149396	0.062312684461427154	0.1702591427037026	
-0.1520863548209719	-0.027491002832865888	-0.0010248657496017132	0.02011312054363661	0.04973548129244139	
-0.1523636595540792	0.04876264234646938	0.04938880063999019	0.01699760704789329	0.0917019068720993	
-0.15645483619402753	0.03477881595340683	-0.16907305740240353	0.049889856619987495	-0.19751292978442025	
0.23953104782597082	0.06146957459846159	0.012626594814258839	0.03695551325427978	0.006504479559418178	
0.1888022209740356	0.06386879731305761	0.0027955008449599304	-0.05460228986204312	-0.0037773609991451885	
-0.1894573745666113	0.08117182209149384	-0.09741701427651452	-0.07562120706156387	-0.04800598692498991	
-0.25939891450223757	-0.10572481125541158	0.05420813969370074	-0.08725935673286496	0.19298648628560286	
-0.04793171884629871	-0.17487635265154353	0.13160374113258805	0.008502286863993375	0.0322797346447228	
0.04281551972490222	0.030684973615691453	-0.14768672146738904	0.04004338083616261	-0.19446876181303213	
0.12914991957602492	0.028821093163631316	-0.11193267358472349	-0.0808124033544426	0.12275011041792269	
0.10801478633078493	-0.14520035238513856	0.17616104697939233	0.043146122878301815	0.23616012653582819	
0.02569431347658864	0.2471341669478058	-0.08992675118635947	0.07612383083487492	0.10461000966253706	
0.07419881715985709	-0.006201133962018475	0.03579030890918027	-0.08055274680828746	0.06281527586948013	
-0.09111066197505548	-0.1741251559197769	-0.0066259994662133635	-0.018513290316299922	0.18898852288258197	
0.11669865647240667	-0.013524839454814502	-0.09195434100584067	-0.0032645229555189614	0.17327140842507782	
0.1711811488680195	0.11297029079686548	-0.0653120668346225	0.06114668641874349	-0.13089454601140416	
-0.021396836232131688	0.2012808389226908	-0.19154539029449955	-0.09724552118452871	-0.18376317486992852	
-0.17709847400651252	0.023964628807322065	0.14408204665708768	-0.07118454426569865	-0.29677344433642416	
-0.07863932830168327	-0.1057366887155887	0.1985522165273426	0.09942807572862349	0.11977863882983834	
-0.09734941732315437	0.29837219861507697	-0.1525404857641023	-0.04447741591549167	-0.13813640578937258	
-0.19889188709490774	-0.007475408105317509	-0.06583239506871172	-0.04835998275070019	-0.051443535270271436	
-0.07049641359743145	0.023932450566418715	0.020731630226297884	0.0005462657423669864	-0.04351466542651154	
0.10675989616870864	-0.0058078188987060846	0.038544196290860346	0.009154397827635706	0.15384949534249467	
-0.07963938159880055	0.1967958086508468	0.007950006578826238	-0.08792761249095907	-0.04478684642753816	
0.053848191143480495	-0.14495578118740704	0.16693154171000102	0.037706316148992086	0.3171831200200051	
-0.09412066356832095	-0.1400371044087679	-0.178456790339462	0.015732052444027873	-0.12295840058311289	
-0.07036718293607057	-0.022054305715760655	-0.038730331003287904	-0.061294326132603674	-0.11835870995320082	
-0.1187028425049566	0.03571393462469633	0.10648142739031885	0.08280786819254188	-0.28126855994088795	
-0.09990383147904433	-0.39949926047548356	0.09216870740427632	-0.06560028214173426	0.1736481435549075	
-0.002994565728013333	0.01608743529003722	-0.1493974627308366	0.06084692312793477	-0.015937051067981607	
0.199332902477183	-0.03202253689331739	-0.24958278505415352	-0.03810215105613676	-0.21798661321093515	
0.2569833842425317	-0.05279761212255562	-0.10958788717157975	0.03391963012117645	0.022102369921847376	
-0.0007258011369867327	-0.0405213683463284	0.17977532396223378	0.08521887379774516	-0.12520347501991816	
0.03967350058511496	-0.13367998548633328	-0.11898447625790126	0.0011845458532046206	-0.14997909900867223	
0.25077233454434905	-0.30564150112540694	0.12804167378668033	0.0692614303563089	0.15339972289922438	
0.052733427512397804	0.04968987932986378	0.009253818393694139	-0.08736466889626211	0.006652617133463755	
0.08941185828263566	0.24761219333982226	-0.18737806764824638	0.005820338034762999	-0.14818631561174295	
-0.19276027972563078	0.09729873227152763	0.07468121435555886	0.07811501903979168	-0.1881226516848417	
-0.3209914485401684	0.26361973168436015	0.128898889860376	-0.022152029428850303	-0.2558233799036001	
0.26400320616301365	-0.4230946122590526	0.08159115159043015	0.0715823743614183	0.02859339998862962	
-0.26157786772243935	0.13477716044189444	0.16040442886308467	-0.11058281044827883	-0.08487683293376767	
-0.08026375862584255	0.18310842526973925	0.09292502405678132	0.016320290678792312	0.11801926127400836	
0.026319829740873404	0.3482104085294408	-0.06764568028427143	0.04196309697198019	-0.08013452991413753	
4.792120791889917e-05	0.022815159901303898	-0.038158619639121504	0.045861957432077036	-0.14168977870580546	
-0.14368170507036673	0.28430103503461596	-0.08487639313119395	-0.0372380083793235	-0.17525025239292166	
0.11543438844289677	0.12934165258942376	-0.009725741885612175	-0.05781409533880759	0.33214820902691794	
0.0072646939464057775	0.16179537610433428	-0.03145069082418327	-0.05965828183270299	0.18643422736953047	
-0.183529294090866	-0.13059645991533678	0.10252660933432575	-0.11045545707299012	-0.15522808814190164	
-0.13316516714442084	0.05410558734418191	-0.06874537629615159	-0.07267235534497427	-0.025511444827272196	
0.03973227795687952	0.14742228981261302	-0.11336282758559295	-0.028652526678882483	-0.0011933295574483498	
-0.08537066463653631	0.14977513107963555	-0.05011395152793614	-0.005636818966871337	-0.16864156088281218	
0.23555676177465937	0.015013327807271387	-0.057455005235029256	-0.008010390508778267	0.12083034643101508	
-0.20896624081345097	-0.10327743906789977	-0.03133055984028878	0.027226104529407956	0.06047852008531725	
-0.07579137442300887	0.14164222711792188	-0.08770351479480959	0.03114610483207498	-0.054727610107272125	
-0.07094562175267566	0.15053384061499595	0.041226943389873746	-0.009979746757709056	0.1124164024212529	
-0.04976868836077544	0.2316608535905513	-0.2598104494458895	-0.02223370738480416	-0.2380567269862517	
-0.059399635014891546	-0.13324447389793295	-0.02152066638155417	0.0075857182541033035	-0.09071730295065614	
-0.20099338872934844	-0.1403539257002629	0.12816094592711275	0.002625872181179676	-0.03467117570494436	
-0.11575339108845918	0.06772992424610019	0.06121489272789622	-0.07343560861434374	-0.11046391882167636	
0.19454380329804216	-0.2513908698512189	0.0034498530237274537	0.059442881876251394	0.24480558438279165	
-0.27071419376768185	0.08818469957847926	-0.14105367839582372	0.012835844428576784	-0.3588975699154665	
0.032078814315223615	-0.010990938226345486	0.043818106839798115	0.08023675055907828	-0.15917813340933223	
0.16532506246360204	0.20918023754444415	-0.003169189556617267	0.05207852902932231	-0.01459737267244408	
0.09818624738800423	0.3803917981551333	-0.29723745193177187	0.07709444739728578	-0.09846069390257106	
-0.09935466306238891	0.4891694116052326	-0.12969061980359378	0.04708035606398344	-0.2284898698032958	
0.11079544810996825	0.14687965324848268	-0.07694060603817406	-0.007132212240178132	0.03061911825409204	
-0.2083372617605258	-0.11910069886757228	0.10482275783384594	-0.045151883148052914	-0.2351315533859286	
-0.30227824903527223	0.05830569578323782	0.1834835004670894	0.007857405950348456	-0.13032698884785865	
0.06634475994163731	-0.19087027137157175	0.06570829199882292	-0.042263022873237084	-0.046639708983330426	
0.03896678169482411	0.11864671975310631	0.06774278629540081	-0.0247052111114003	0.005339067739202425	
0.07111661470047873	0.16191625482111238	-0.11777140741934447	0.03149687889930592	-0.03710467576025777	
0.18713199774614903	-0.0785139901816325	0.11661112171087233	0.04387042786240325	0.33854425537298943	
-0.0200531602916771	0.05594115989540192	0.13820320234616268	0.05813927897329052	0.10865465975902906	
0.000678135027840215	-0.18184062849908755	0.09172761298006757	0.01770325224084816	0.19674520049985722	
-0.09320287176387033	0.06735900834739955	0.10633007922820484	-0.03815982260076447	0.027243469634671794	
0.21950792686632134	0.16983474527593234	-0.07914842523533347	0.06367654197996808	-0.32555149883461854	
0.1877661990693717	-0.12296387334773125	0.061507405797567305	0.09209477285272327	-0.08256821939472672	
0.046776192743765446	-0.026079992406960975	0.0276865777128013	-0.04433797670168168	0.1948157085613931	
-0.35659743711909786	-0.038282602735381234	0.05620502783739306	0.08246619263593445	-0.12223948285295304	
0.23780182900299005	-0.006650842983742905	0.09914585663540199	-0.014434976011445846	-0.007241877379982819	
-0.3437332764792214	0.15532479728643264	-0.08479913289284623	-0.07790457880215301	-0.3614512493670549	
-0.15767912199665832	0.18370376210292738	0.06029476854525885	0.056425622860840026	0.0885728118301651	
0.12395425808983485	0.2823010497726022	-0.08390313008148281	-0.02014075569979741	-0.27697806311034767	
-0.19732637629327368	0.35966057283593184	-0.27944045314138666	-0.0201653682377915	-0.35668249447074646	
-0.04654840864392468	-0.05711182515998188	0.0071750063498133435	0.0888937923433457	0.19813545345142364	
-0.04309670996513473	-0.0022877600664153418	0.035840478360681154	-0.0481806655456467	-0.06907765972339026	
0.0456294484840282	0.15996645868971363	-0.028223399480730327	0.03872448512487437	-0.06726249965373016	
0.04431515260443203	-0.15637841179377251	0.04821985898693423	0.0012165594511015616	0.2047442452336333	
-0.48089743067823204	0.6889270410926635	-0.36750785703175487	0.07807488742602994	-0.666974936749364	
0.2899058270419795	-0.01861405330811889	0.12295354897145341	0.06180954326243156	0.03411740700777616	
0.19065067732185517	-0.3579473564936231	0.32735095523459257	-0.01904173984132991	0.3562574947888527	
0.09329365916285945	-0.05741009654471101	0.040859854318800216	0.060748687985061466	0.12870187286376256	
-0.08985047243820499	-0.08878222542525	0.06729151682052949	-0.05817711712155767	-0.23228230859354662	
0.09878985713638663	-0.12873789914521752	0.04993012600884422	0.04510158570324434	0.12578491094961994	
-0.005937558002533724	0.22897841805122673	-0.08891695692207205	-0.050547109357518195	-0.12977346890998093	
-0.0064432260771574565	0.08848613147699089	0.014143782562776975	4.434446728496131e-05	-0.12053140118454532	
0.13978796776655614	-0.2894478757007025	0.2002169925837929	0.08972152766226403	0.3296207974582787	
-0.04408700706262763	0.02431528855158816	-0.23573715339105025	-0.029125040034583372	-0.030819928992393754	
-0.3009664815720313	0.4604390564078643	-0.2720530802583327	-0.0808958895414874	-0.4641461271776011	
0.45218374789382676	-0.11714669371494275	0.2803341210826418	-0.048342202369379715	0.30882004265659013	
-0.10845805246784199	-0.1845938201934781	-0.03878242244183811	0.01178364284794574	0.024938080911708307	
0.19363645146479788	-0.31079594371360697	0.2576427548773047	-0.08858642376669125	0.44022592214958817	
0.016439214616898883	-0.06811252124936938	0.049559530736866766	-0.06783103456759096	0.083954215612002	
-0.02613758989330423	-0.14314148882510175	-0.0030376325646242507	0.05223258911981015	0.10906820984835265	
0.043908046670354195	-0.08890749010748486	-0.011409767812600525	-0.025940110341741526	0.03825174390896449	
0.04462483080810885	-0.03447278377119464	-0.02302851859219847	0.042174723833810664	0.07626451258020127	
0.139481920960524	-0.31171820550344537	0.164452430327603	-0.0018812763053990885	0.4986898664489239	
-0.2813248172547149	0.44121625319173097	-0.38647024016835246	0.04773698261872748	-0.32732922164604944	
-0.06782034398253256	-0.09793530343476199	-0.08979010882298796	0.07589496696943701	0.10638987348444101	
-1.8363087559529312	2.770026364259863	-1.3703990716990464	0.029545043185835656	-2.37932815027195	
0.5381160179634727	
