TESTRUNID EPOCH: 90 L_PCC: 0.8947006943186577 L_ERR: 0.009069108633777679 T_PCC: 0.780954393311297 T_ERR: 0.018099271109991284
180 LAYER: 1
5 LAYER: 2
1 LAYER: 3
90 :ILEARN
-0.17985477819769694	0.28545265002469034	-0.10571678021912523	-0.05381364439466968	-0.13696794475650287	
-0.17129013606899363	0.1285567856194821	-0.14486568300461092	-0.009564153349363204	-0.07938902684419158	
-0.06938527102806852	0.22502449663889346	-0.16466985193510333	0.08748876240727835	-0.23822170906618753	
0.21030041411657494	-0.37688456340546855	0.1434183422405218	-0.08899453052504067	0.38877267892962636	
0.1106598019100631	0.20127379257820102	0.029070638449695624	0.03389206588778568	-0.14054153414721451	
0.09014922494887041	0.07901580357453501	-0.16073257875918212	-0.06242600491992402	-0.03362942187854425	
0.0896846098047979	-0.2578213894918622	0.15730217840362815	-0.0034391094057069204	0.32425287438285616	
-0.2904837532756921	0.33121268343856497	-0.10788886739231011	-0.09357842951772961	-0.14877885392956652	
0.155411553983173	0.035646148849407235	0.04952719228673095	0.026982791837859833	-0.2329817332734838	
-0.0033473820015054744	0.13839195436632118	0.009002206617935684	-0.043533463407256535	-0.14824232691732744	
-0.11068737557794898	0.20452280761639596	-0.019991695675676067	-0.036086358728906816	-0.17908979531670743	
-0.2597967986148924	0.42368238368075767	-0.27564275886646245	0.04628632014704109	-0.13609969334622218	
-0.07117200508492771	0.1443183741308658	0.056196333270152055	-0.01643039337371797	-0.2891642985999854	
-0.15255086939690937	0.3855204193568282	-0.12083938960883783	0.11838852687905967	-0.6167466594420332	
0.15803302111578216	-0.1082593735484844	-0.004465604965643	0.04746301370191626	0.13483623807142786	
-0.203338856090619	0.3858719196873012	-0.12003416989928319	0.042832994439111385	-0.02363312135875867	
0.0952652248871526	0.04391708685727005	0.06459594626080013	-0.04218023531588058	0.07717837086652886	
0.061660837466307745	0.05931426720933893	0.06386525757002473	0.01649252074536191	-0.1840517642317456	
0.0035569631984383576	0.04613691774924943	0.04711302631598911	-0.013548326067548494	-0.32549156309222615	
0.022008049368149214	-0.024644066888457158	0.12905518073896666	-0.12112909464929013	0.13843030450573127	
-0.2328897957987307	0.3101713023851972	-0.09616593305042954	0.032256728281927265	-0.2654446874637349	
-0.07830256891382432	0.0456821274574015	0.09291823243718003	0.041326094049547214	-0.009679031251191867	
0.25660169810102906	-0.3837923043262645	0.3416996972627363	0.02074384495750116	0.27558744213056774	
0.10866013589425344	0.14694782434319761	0.13904944743123332	0.0548035387265473	-0.07695328993670847	
0.043726900704786194	-0.2236301882742015	-0.03079998364235146	-0.06366322282424342	0.44596613398637114	
-0.29357818863083124	0.5568789681808601	-0.13402613712999228	-0.03173548076525967	-0.5522495316263549	
-0.09369151010674967	0.31316449440466765	-0.027038111625488186	-0.07774761553079719	-0.10711496482407759	
-0.06651567401069736	0.1291203690174518	0.010893866546615493	0.08342251619144773	-0.08582317564739618	
0.06692238266308681	-0.1711963969834044	0.03794825982880751	-0.10177731421535655	-0.09080193206661547	
-0.1540250973255106	0.17308299201196217	-0.12383620437048448	0.029454307888284428	-0.3010775398077547	
-0.6280728194721947	0.6714451632729331	-0.35086183885443156	-0.05151932645542896	-0.7073711855580461	
-0.008609118554299291	0.11181137048469071	0.004148754864379957	0.1105356768019684	-0.07558845508264646	
-0.27025379835165136	0.07372214789278264	-0.04880847059218994	0.03419112905292073	-0.45873509331890006	
-0.13880360460946525	-0.16178849540020143	0.002571191742884291	-0.022604045229822924	-0.06896269323016017	
0.3368604530659389	-0.35668759448064036	0.34088998107124663	-0.0501377130466887	0.36660868208865477	
0.1251863907466386	0.008340643610406262	0.020253612968646653	-0.06702076522375919	0.0037164639545263986	
-0.14903101164454438	0.3396429261133569	-0.11545880129003144	-0.028595392319403078	-0.23050712419750397	
-0.1515865659526974	0.22635349642893787	-0.07444116690747792	0.0032281900484689885	-0.28637349216631464	
-0.0009512047406662764	-0.19346348213712267	0.11409958009722405	0.025028191794463268	0.06929148300091116	
0.04893183257633941	0.10233445776114239	-0.2001035303148281	0.055101320751024786	0.022321220716234203	
0.02226378490927931	0.3246279868553741	-0.11105469582854904	0.05879331921998135	-0.2567020666912759	
-0.052698644981821786	0.30935319668600986	-0.05546380545111837	0.0969818478180137	-0.20392482727761455	
-0.15693268829586496	0.46645327153229527	-0.30183793957081984	-0.016329764464867655	-0.36654164115418336	
0.14092042008552366	-0.513202419538729	0.15834218450713874	0.08135462225359598	-0.06901074814113106	
-0.0917439114646911	-0.010008530394849523	-0.03277276768021052	0.0533769691473266	0.05828133990375973	
0.2866468699022568	-0.19591237947123738	0.21334274197374037	0.05023259238665032	0.3146504862925397	
0.2831547532731414	-0.42094957071600353	0.24846145120533075	-0.0628853587072062	0.3307103649954116	
-0.06228944503495766	0.03513279660741768	-0.060155341545049895	0.00251767469930548	-0.0567258813006334	
-0.08705237381328218	0.268072889187191	-0.003972440567211478	-0.06334862717642645	0.09129584884638414	
-0.07270890822705962	0.21037605714897756	-0.07850065239069626	0.04174070650648659	-0.06610888180911284	
0.011747289068335047	-0.05550414676739792	0.17009064751024877	0.05810713712533501	0.26241172689487413	
-0.032639113933639996	0.4901026808527378	-0.17538618648255797	-0.001334922952893088	-0.35019039008697445	
-0.20361247214745395	0.5823356733870121	-0.09046685910954107	0.06647422067420795	-0.14142815019350427	
-0.20155662179970485	0.2237839115581851	0.06140441863193087	-0.06326360451974165	0.09458150326782623	
-0.05228748514312408	0.19320542011154163	-0.11242126042503083	0.01705045637609744	0.0074140010176501885	
-0.0080518482778519	0.18480109239207085	-0.2641396385404865	0.013953604890961091	-0.11159646548288912	
0.22580982006255582	-0.017682088269490158	-0.04097891116645555	-0.041545986048742135	0.05962926171411275	
-0.08155371244556817	0.09598567157645957	0.08415821671068136	-0.04223662691620082	-0.08321247000979881	
-0.13935864665733053	0.18216919843482696	0.13068752040889486	-0.06193317200214429	0.17694897830627318	
-0.052013982670157693	0.06112939333816639	-0.09771798558932028	0.08567457529524004	-0.07946773444172975	
0.04371042869538308	0.11164132139146109	-0.08610657866173985	0.008512508151096623	-0.43142898739936125	
0.04992810451265274	-0.07989911921441832	-0.13801838135877664	0.021923011997122682	-0.05950918318333458	
0.20225453611119948	0.21399066648191975	0.17008444557993097	-0.11720793864821855	0.1742613234716708	
-0.058386222202564245	0.306728857284375	0.03051525154195414	-0.07171643008756597	-0.14623301497148478	
-0.016729838032595513	0.20035660948199097	-0.1340944099720889	-0.07337325871305148	-0.13430332171324916	
0.28860620756234245	-0.3317579638716129	0.15127248145467004	-0.021061038321850085	0.18233582043167745	
0.036768813569216886	0.15381460832412389	-0.10864990101169503	-0.004273773677874374	-0.181141210731246	
-0.059787332604292684	-0.05147173246350127	0.17711218466423828	0.033396346416306365	-0.033440919766381284	
0.13488160428442786	0.16429765302156918	0.07206247175627636	0.0642486777842716	-0.1066320151449574	
-0.029690712660981944	0.00979846471621187	0.06065290831564263	0.07134242428643717	-0.05011334412987561	
0.05601994871133614	0.036232275412864806	-0.009888252466944743	-0.033542451171558504	0.1271180078788133	
0.052763060258801134	-0.055548131123174145	-0.08878582004893117	0.05060157559203195	0.09862127531727148	
-0.14390461565447699	0.21728310053781355	-0.02027772316215349	0.05230004256361829	-0.08846864405857419	
0.04778101792736291	0.059430856968252926	0.07326246138687362	0.012862786615191983	0.107813453915372	
-0.11556835779157068	0.08444963382092237	-0.11838432566276846	0.04487281107737272	-0.15433638207077108	
0.11040216688347039	0.10735273134677663	0.07635284191972476	0.0175624010501311	0.002694065761981849	
0.14304279081539498	0.012409797451563644	0.15553567078724836	-0.07260808303674877	0.13909636755629468	
-0.13280111572430484	0.07941916039224739	-0.05926463736389921	-0.07468291614888609	-0.20775138584665065	
-0.0851669380708276	-0.08405798503407427	0.05443532500355289	-0.10006263871816069	0.029296521951330024	
0.07425076981983603	-0.13758021273337087	0.09268014565541378	0.00218995349574532	0.00980558354700557	
0.08932807585324458	0.028174463654250855	-0.1384997032286381	0.03397121264480247	-0.08888402353640759	
0.04491808328933849	0.21450218633964185	-0.2130701016338336	-0.04683466872329701	-0.09039071581977774	
0.044857622168283894	0.04819163082059693	-0.009884208495280968	0.050447680512015064	0.24484696907874012	
0.06610718643908182	0.18487559254998592	-0.13384128707904572	0.08389530331756019	0.10800911322143021	
0.020128319453950945	-0.011051688585049223	-0.005091623454862392	-0.1145326898300533	0.05862151801157748	
0.00028119435074812484	-0.09567173780853075	-0.051311693610127856	0.0006752705362458605	0.08852596525352756	
0.11031187009312035	-0.08304274051773354	-0.06480989663071035	-0.0035168685887086064	0.22484910022940952	
0.12139677007050166	0.07429261380924196	-0.20470882547099387	0.06611447194744782	-0.037061659148157615	
0.07312150818050485	0.061090105254869374	-0.142922541074193	-0.0744360697954959	0.017120606153278064	
-0.12106503249179255	0.03042739268644755	0.2370708209074919	-0.09449113306264818	-0.34717236261618917	
-0.054607233310822484	-0.16019899098651616	0.3057956806281645	0.06989687928220466	0.07829610827685457	
0.03108283050947409	0.15520686728321553	-0.1756772650927349	-0.02455021081697989	0.0036691866687411393	
-0.14844711520037926	-0.026298314718635536	0.017142822762858723	-0.05097584829063526	-0.12282869861498187	
-0.14853838787323007	0.1142961155565727	0.09513596982098507	-0.02673051403956379	-0.12315330161405671	
-0.015724208431134146	-0.03793673549002331	-0.002357523067475453	-0.014548737588090133	0.07460099722619036	
-0.12456655713265659	0.2861483936008034	-0.0016978795443052426	-0.08548026514679093	-0.007336241192864494	
-0.028274479698658986	0.07939169893626596	0.17104828998447158	-0.0044100491419802835	0.28216505428544775	
0.03896690517832855	-0.05482611104385808	-0.018002182983758257	-0.006891874629624215	-0.08726838039176985	
0.02212264569075154	0.06340609737091342	0.03088361401894687	-0.06472736741638606	-0.1788376503186831	
-0.05771900648319343	0.03549369842947864	0.24560103240913292	0.05117951778502871	-0.2712379537951499	
-0.06313461517583378	-0.2531886684506923	0.07805652263102268	-0.09793137031934017	0.060525939318494225	
-0.01645673553674562	0.15845081995625485	-0.25353461577299014	0.0765579155537534	-0.22160734258936302	
0.06033079355251319	0.13589475058167172	-0.22123038207765167	-0.030580659401608003	-0.12076779512855683	
0.19411320557030098	-0.09044942682072152	-0.043828167059675655	0.024279217600616465	0.14771927768896423	
0.007452888223562934	0.023105707455363465	0.18970418165451425	0.06442988306732696	-0.055272002874109175	
0.05089653042946538	-0.2398581937524186	-0.08863202693440987	-0.016800888896913873	-0.036898248965779756	
0.09032865852577378	-0.09076243660267247	0.017958962989212617	0.08033247968547952	0.09154355761023569	
0.010935505301233567	0.20007655903142177	-0.001916734746429589	-0.09067987144636971	-0.20783973948160112	
0.05400390435500259	0.016678231397323516	-0.056340408194401365	0.00022659498301568748	0.0881199528241918	
-0.14502903785977708	0.0655279373839904	0.07164437818698507	0.047502756753410966	-0.019763049024235327	
-0.19122358731644298	0.20492821381455967	0.04449255888580016	-0.021484121766244077	-0.23345936075727913	
0.3389012372722834	-0.5082765859522035	0.18375431452066246	0.02341038187513847	0.2740841941472667	
-0.19953133635633954	0.25464850431196034	0.015074409398079313	-0.10759608211934846	-0.14118991264113517	
-0.10187163987328746	0.20125732045051914	0.0773707137714037	0.03883436723488158	0.008848378896082093	
-0.16132460816612199	0.2640823022445623	-0.0447389142182063	0.04539744178206603	-0.24829795705647115	
0.14377770148971122	-0.08669798369454865	0.04593175142592362	0.03358355040118094	-0.05353910694046951	
-0.19043045071666106	0.3583493570266684	-0.22072148141453224	0.0039364222106073364	-0.3292695955595708	
0.043310831912509916	0.09018958250959777	-0.0003424761834254411	-0.06543329912069641	0.10344266139363384	
-0.08205700886319293	0.11966867214928101	0.0029055637906682716	-0.0487102542628215	0.048645495956345396	
-0.1580010211306333	-0.05702244218587064	0.031130200941225802	-0.13407769023391683	-0.10828340379059001	
-0.0975424238624771	0.18707595539120292	-0.037284077149603675	-0.09804838815788453	0.04125683968561426	
0.015254686037822695	0.15026645801880206	-0.07146363466369386	-0.02393380040914981	-0.04980191946254219	
0.062157403566954206	0.17136273396652552	-0.07163233267624824	0.001413532244030494	-0.26543004364207834	
0.25844093509483973	0.01739192746451562	-0.11924531748904342	-0.0204341111605787	-0.009348255343527713	
-0.17225901305072605	-0.06795399475606874	-0.06746129912295055	0.012768471958745019	0.04770200024790243	
-0.05581670155057453	0.23578158622955192	-0.06984057080656	0.04115704109752235	-0.096436751612188	
0.0074952295326523085	0.06452172089336536	0.08940600781749478	-0.024170345545150143	0.21295318744280198	
-0.06286542953838359	0.10269989137333155	-0.07286755224709777	-0.032441688299998	-0.2852265040196282	
0.05558110368731479	-0.11857214227947489	0.05522202742936705	-0.014015068286134769	-0.1114304871555635	
-0.08676082441975672	-0.11797612432130322	0.020332304547192807	-0.014566837703507772	0.1516686864249707	
-0.21775165097415852	0.25999041690970515	-0.009561148737614945	-0.05052966790338044	-0.1207787726615211	
0.20945601051597082	-0.3007859779810721	0.04949387108516098	0.023189053129433326	0.34435826872042136	
-0.1046943124202006	0.2806595832489052	-0.1275211116334578	0.025233379809266467	-0.23391659864312594	
-0.03464278078208169	-0.14842016803279318	0.08017751643929556	0.06775309437035605	-0.13929827664922814	
0.0630311187156366	0.2778439870255059	-0.09433221695049489	0.05315589295776905	0.011293600636554123	
-0.01886673463786008	0.363637333560624	-0.2735440857305307	0.1012310982452621	-0.1499109821046172	
-0.0810869965855646	0.31637676540846515	-0.1171052544206116	0.07675690671088245	-0.07709633018134453	
0.059268272373717346	0.17335687078517578	0.06012262711343054	-0.008119449386666205	-0.10911351144379733	
-0.14967816833196187	-0.05701369124545854	0.10757680660770616	-0.04017332940492111	-0.2972075275974144	
-0.18450154883794528	0.05693267064008223	0.09571249150483127	0.005032627282880155	0.07402419369840031	
0.05142336519341354	-0.04114023348452468	0.06472986628143831	-0.05878082580974466	-0.054693321039532034	
0.07435039366604076	0.06839285806400967	0.06702915172301113	-0.0412355115373648	0.08851956309926276	
-0.018918285395420387	0.2039906943386277	-0.03400548863301734	0.035323511655574874	-0.25272217483309173	
0.3891841868497749	-0.24023311606353684	0.2999667505848906	-0.007614870280573908	0.29944063883068933	
0.09867959887337403	-0.02179196336983026	-0.0016701888804914963	0.04101053874024408	0.02379198263444919	
0.1420992253818486	0.03835401502636372	-0.04553664851740208	0.003603680798808543	0.15469230678836043	
-0.044035341063236096	0.14858840281763416	0.01860936608137332	-0.033382456973344535	-0.07029431386317953	
0.12779207857319147	0.17373354218887282	0.11662099998425503	0.034562748678857454	-0.39970199591289896	
0.20889826143904838	-0.17810114686704753	0.07255125464241254	0.07622802072885158	0.002248181766092888	
-0.014617396428585361	-0.10644231815231772	-0.03770367672594724	-0.04528332021513377	0.17776478846224886	
-0.2716464755321713	0.014350473257908322	-0.015569503577752533	0.09118455215040198	-0.0533574004118544	
0.22568649210944391	-0.0011012088460807046	0.09977705440151016	-0.026739435990298443	-0.0011801325958012904	
-0.21529784282803258	0.14477663972455032	-0.1356063202451018	-0.0684528039654759	-0.14032131425367117	
-0.3351499393333174	0.1874579630056501	-0.0735744083300144	0.06466697661322744	0.02350602052695736	
0.04544640385126449	0.37915321725316203	-0.06203734885893747	-0.003772156256814355	-0.13545844730734194	
-0.06304484839024678	0.379470829039776	-0.11376353548639971	-0.013723038975877507	-0.36694038616976027	
0.14800915172085363	-0.0955242913142686	0.16302537978599496	0.041662462759904956	0.26685831876819915	
-0.19572569653948219	0.22322350376407904	0.02918424751515057	-0.06191739160796683	-0.04984855348390759	
-0.06680083746022059	-0.03878816566670169	-0.0286522466105522	0.0447075671542583	0.07441000478598936	
0.012523373232589695	-0.265130001093743	0.008562704725444655	-0.00627796356940741	0.218268461443482	
-0.3215541569222527	0.6506931133669416	-0.35202343991387397	0.14118044024935095	-0.6773111191881528	
0.27911574370996106	-0.14737588436904395	0.1461729009220887	0.03909956320062	0.04819324921894546	
0.2099407720537478	-0.3848290822275078	0.3087269586336715	-0.0656868102026843	0.4040334622896912	
0.01370826665000394	-0.012776222379772047	-0.03428794291418841	0.04179533907240391	0.06965361086015415	
0.02710432406080956	-0.23130751164476537	0.19923887902802753	-0.09527204758093182	-0.19595638532730622	
0.14616076311861967	-0.15046586176406235	0.007824346925165412	0.025702232499019723	0.1826138342514373	
0.016988579391683502	0.1864597830620504	-0.10156317622071469	-0.048466940337897155	-0.14792365681619515	
0.050234645381225025	0.10066334091620847	-0.03632409585335003	-0.007189180913922406	-0.1288709361082683	
0.21058130717638582	-0.3259226140886214	0.17494252137502625	0.046294583954195244	0.35776970907037614	
-0.125444627415585	0.08777972687618642	-0.16072688049816466	-0.013083138696362658	-0.036785509751163244	
-0.3701857464304195	0.605139015294096	-0.3455822721402377	-0.015539817452318345	-0.4381833764487162	
0.39941807665685203	-0.16848421298132274	0.2328402639644307	-0.08625510781144803	0.28036700773266454	
0.07735701352049981	-0.18455182915835164	-0.001793140287821671	0.01482284829371103	0.29525996367323565	
0.16943482706879848	-0.2519265974758651	0.24074945149134472	-0.11902388465807053	0.4279154036812947	
0.0029675786035131134	-0.06732226115201989	0.024286807243149893	-0.08560782097535087	0.08007255376133833	
-0.028220518720668553	-0.08420916066101154	-0.07979907917359932	0.047954830340111214	0.054354677213038355	
-0.011984888719086938	-0.07621684322737038	-0.037607506991740286	-0.011925902920219377	0.10911161732331798	
0.08638779570731346	-0.02536031781775442	-0.01309041021999657	0.02132317126775678	0.08472952585492452	
0.17185584994017739	-0.30247669717387443	0.18597561718676314	-0.03589027745038522	0.42451579761526914	
-0.34909917565948534	0.46466893434437984	-0.25395014980607905	0.09896326898628183	-0.4284170147783081	
-0.001186890478076826	-0.11038410054322563	-0.09497371563288458	0.09720438561403395	0.1751509237481146	
-1.6453542043191376	2.6532018796610752	-1.4006962432291155	0.2741323416115737	-2.320322994463297	
0.5598466374409294	
