TESTRUNID EPOCH: 58 L_PCC: 0.8632744458470041 L_ERR: 0.011562585409329394 T_PCC: 0.8216237589238072 T_ERR: 0.01477653726857995
180 LAYER: 1
5 LAYER: 2
1 LAYER: 3
58 :ILEARN
-0.05695243616654737	0.10564163730594245	-0.10779520824593276	-0.03847389045016997	-0.2738458631891913	
-0.17620696654183532	0.2172009407912578	-0.19943221719484722	-0.017844065059468592	-0.283537745780544	
-0.18711474291415567	0.2531684009363159	-0.24147259856291195	0.09055217918888943	-0.2651316720278681	
0.21775458614043824	-0.31004229520329535	0.13226126065645907	-0.040694801686762996	0.397709624095094	
0.022067628176433575	0.2930060647170963	-0.10866612210708931	0.03954173533761497	-0.12424247387490825	
0.1299308227449405	-0.09113937706854704	-0.09933803712970835	-0.05348729788055234	0.04713990303945794	
0.1126463019312254	-0.2388266527152811	0.19556139539620557	0.027385726675769766	0.31950968370777993	
-0.21473593943719238	0.18610295691013634	-0.10892350614089784	-0.09323234078259862	-0.23996575229796785	
0.2203072365319803	-0.12597137318448517	-0.031226168756366596	0.05876160906945175	0.06615483144707215	
-0.03735636161680093	-0.0082804091653701	0.03467080150349848	-0.04662665616193658	-0.1351928456531663	
-0.16059302966969757	0.029863660272301223	-0.026964645930695554	-0.0528483836424329	-0.12999478084167074	
-0.17746625021599152	0.34906682685715085	-0.24935718396008447	0.026735051245290034	-0.2563977872353685	
-0.29298006059071346	0.23000594356469692	-0.07553575143991748	-0.0215612739086507	-0.4442262316556023	
-0.1972499470902857	0.4370249003702239	-0.16946794923134423	0.06311236365539566	-0.35666686536882114	
0.12919163998563257	-0.1293601950504506	-0.038352721813578725	0.08164515147303085	0.02414148555493126	
-0.1379494959458629	0.25684328351691177	-0.09181857279352387	0.052040456734025485	-0.1406189167273516	
0.13321680853635753	-0.1292756568974393	0.1351540177366469	-0.02807464114964326	0.0021834081842790967	
0.025369765550757387	0.06410483975670674	0.021266464551146176	0.021201404073817355	-0.17243464624711377	
-0.13711760066441475	0.2276105817772047	-0.10714027985554388	-0.0039234936904207355	-0.2274576354747346	
0.008447420441066823	-0.1539062009559524	0.16068591703072932	-0.10274134997936595	0.06280403950513827	
-0.21332201279406962	0.23615484726296693	-0.021302621273257053	-0.012090393951163809	-0.15465114831834573	
-0.013690450375425411	-0.011381824842584598	0.0662352072557447	0.04742484667873104	-0.005370457517866764	
0.1854675486750594	-0.4066013553017314	0.2848686134281629	0.060081701073745816	0.17641297452990845	
0.09507658006141535	0.03994742350218731	0.10376883687295681	0.06329824641319985	-0.11601935747989774	
0.048337943323642496	-0.36870847060920786	-0.006795937754415456	-0.04047921902896964	0.3279062039336275	
-0.21905515930420955	0.4133387517429213	-0.1219742094574146	-0.07076994359544238	-0.4393468447748865	
-0.037709477322702696	0.195266047427337	-0.029399777696419972	-0.0842334237385446	-0.08582959747491814	
-0.08116272148538156	0.10364283244971786	-0.03227240989750108	0.08985631451913909	-0.041155096390642576	
0.04814587929055209	-0.12504587846355605	-0.05398411190403304	-0.07098142573259712	-0.10041088582735021	
-0.17956901186228238	0.07971906751654191	-0.06439532796466911	-0.0010754744598617159	-0.24632548356183886	
-0.4835098236543819	0.7156365257497238	-0.32963596842912907	-0.09709601109014546	-0.563068636879457	
-0.001679363465667838	0.04968556593214945	-0.022113894094395584	0.10691496844913763	-0.06342700365550812	
-0.26199448401539743	0.275741757139066	-0.12962107828084016	0.02974857513656581	-0.33576710995417297	
-0.17679882212333173	-0.010557587488492027	-0.08628960457366586	0.003870030359025811	-0.07445805952979019	
0.19465090585731684	-0.30887710129170887	0.21636326811928613	-0.0017339669789812218	0.23669617787336	
0.09518987292579935	-0.009694420534512886	0.007007322589940522	-0.06523694051147567	0.012380046232652417	
-0.12027314383951804	0.20147716212794545	-0.07850611754957863	-0.07025146660342073	-0.26893332546181675	
-0.11753959375823565	0.1857250504902793	-0.1258350188556086	0.0009628508042330863	-0.22053415695557374	
-0.03368063554409386	-0.14119265641171574	0.056397050879441045	0.0492989969537038	0.07955445116815067	
0.07938067029687045	-0.11439909085356614	-0.07075045790423919	0.021138981077302246	0.07271327040689472	
-0.1334741900116365	0.26162399544763687	-0.12043276006949825	0.02344544371471536	-0.3186000878297193	
-0.004808387389374387	0.0841191820646469	-0.030785032431953293	0.08534092651212082	-0.14050497660390615	
-0.17227295348061755	0.4506577024331014	-0.24710162741900182	-0.07547724269846204	-0.38860065617948797	
0.09749099284544509	-0.1518480763215523	0.16540794246865714	0.08098677375785758	-0.08346637554870237	
-0.08241000186916601	-0.07664169468553313	-0.08261225335811376	0.06717983816179832	-0.03088964278342722	
0.23324688598458557	-0.2005659614765687	0.17112486680673777	0.07207804220624402	0.13511401474164592	
0.27555105924115236	-0.37666933670429514	0.26698787380633104	-0.033630009453343906	0.30833818911203165	
-0.014868574132269916	-0.12446089721491667	-0.01606807137353097	-0.012513797722694673	0.008527697029605591	
0.06540920489108629	0.19577684720181193	0.04201974399788091	-0.06603308754029483	0.11004293423018228	
-0.14627720172117764	0.10766577441965541	-0.1421628219522069	0.037760800733360564	-0.13984013091203065	
0.04458898978383434	-0.1979698703165933	0.10019553333600181	0.09968068488585281	0.28310988202794957	
-0.16004046915738895	0.4134025428376243	-0.1932359445706365	-0.041076292869619224	-0.5698197825239378	
-0.1742854233143429	0.4292240224494355	-0.16496246352625252	0.04327956853544778	-0.2108644962058084	
-0.09997183274739828	0.31432788476635803	-0.07508435456573893	-0.026803668148898677	0.04670901336768507	
-0.13162594790543478	0.1320917172246622	-0.12179377520670355	-0.008577707144226555	-0.16825629397047087	
-0.11432985416208746	0.12992410967582058	-0.17835695291745038	-0.03423561416399565	-0.16039288803582585	
0.1957536254784337	-0.18741016943558175	0.07338371896281626	-0.04857614119486172	0.13105360262227925	
-0.08097841384994231	0.17480921579406566	-0.06643117081913352	0.012625887557794195	-0.0974779866907467	
-0.005988427745075812	0.2900400917955955	-0.013875801627791992	-0.018042310618285654	0.010657694230063056	
-0.11661413212499976	-0.10081161015340605	-0.09899851883107728	0.09512891530464787	-0.06923145381427001	
-0.01607597201977102	0.06692470960229648	0.01667514986888163	0.012240740542369498	-0.0327857450587332	
0.06706758851947733	-0.05715509032075597	-0.045041632503518475	0.02540251880656482	-0.07113614977428824	
0.18932545958859687	0.013025357330485581	-0.021919165288659555	-0.08080847853882521	0.09839850378630365	
-0.028509467506781194	0.15821035849955478	-0.1822549485351373	-0.0521524499614852	-0.1682914863766076	
-0.07681088644454774	0.024934073620064553	-0.13221943360270166	-0.07785403754644447	-0.14703866367890975	
0.18149849453721154	-0.2586551615572696	0.1017740853695148	0.010504348807302819	0.12178970381083835	
-0.027264528640918474	0.0496498263236647	-0.1219214128844176	0.0056542354838951805	-0.14361920398848718	
-0.039349743422341245	-0.015086585326787338	0.027931207067296588	0.06433092711999011	0.021545061967130522	
0.11307701036491538	0.1458240864855533	0.009114172148901064	0.0716235548037108	-0.14391186213442328	
-0.06896133686909882	0.028925782068913376	0.10882541874228484	0.07051098278050001	0.07639918976835101	
0.060969286108666365	0.010772805716718377	0.02179243305172444	-0.03664708686800671	0.09482919463554218	
0.07731080167892221	-0.06181023824564103	0.01171013425952216	0.05929567277854875	0.1304916850951527	
-0.13236007637776917	0.0960765660409416	0.043728788686434324	0.018912796231868756	0.0420720048723128	
0.07264885237109601	0.08393308335453982	0.08322287975987383	0.012882983338021237	-0.02626676899060416	
-0.17877272232245908	0.000809691410993554	-0.20065116754864407	0.04843687155504896	-0.34937333708274404	
0.04947193677668338	-0.0905585495234377	0.051946951384481084	0.03525003763333902	0.007728696661651797	
-0.07588561691047445	0.05630033851236237	0.06398650725523042	-0.05662460106552901	-0.07313124898329192	
-0.05933300755267046	0.22568196267215074	-0.019480779561375686	-0.0827230340567301	-0.09859798665765906	
0.0035718749249146393	0.11200013023035793	0.06360845565364033	-0.09335944963481185	0.17748011664458674	
-0.03326922692033256	-0.043668751375842856	0.1357816207038414	0.010912528574357871	0.16840480278566194	
0.09902555074841048	0.03641878443727462	-0.07284021572175663	0.041167512463389656	0.03830668089192986	
0.17073630058663977	-0.13428263295101103	-0.11618446805679195	-0.07963305833499672	0.004876980861226464	
0.08126538946663367	-0.1693357940787582	0.07789512260959114	0.04472339454309751	0.1983550024367714	
0.06862614666250913	0.04469947271216522	-0.08407420184845424	0.07557174564663231	-0.015722730716352044	
-0.04893774163733135	-0.08977810243620174	-0.0168013346154517	-0.08158666014731566	0.01987948715182047	
-0.01201037371788929	-0.22839064575217988	0.020958724757192713	-0.01660684018979672	0.06400296839538105	
0.07879274755433315	-0.11526025567675287	-0.03239149460406201	0.0011532844621711055	0.042595702425524136	
-0.0743926374994348	0.16921431585370927	-0.20898824267266738	0.05906687778471344	-0.1967191838700497	
-0.07330994966392984	0.03339934408351495	-0.1677349830771355	-0.09457281171926721	-0.10421806916931763	
-0.04265283719913319	0.26065427479818315	0.11410400947041952	-0.07252449490671882	-0.1840157479503142	
-0.0072723831773270214	-0.1086586609066816	0.22342058932639755	0.09915131013724154	0.16013659231440344	
-0.055690246107530046	0.23194014336101973	-0.2224710987283856	-0.04510176540212203	-0.2539908043037003	
-0.15276689707124072	0.1477445230393954	-0.06034016694599447	-0.047773078334722954	-0.015254042417813847	
-0.055552333274438336	-0.004490639587941365	0.03471913499432238	0.0012124086650194816	-0.0015190764572056252	
0.08127877432516203	-0.1539352945970766	-0.017831172208569647	0.008551087616301235	0.10669174115514615	
-0.12580091015076783	0.17100521525765722	-0.007288288655183827	-0.08964024530081582	-0.019175687413579785	
0.06865536827900165	0.018523249589348312	0.11328582321511084	0.03738005016062945	0.18601521411404995	
-0.08516639231776477	0.029455403926699684	-0.13183604970406584	0.012358290165774926	-0.19759509100462067	
-0.03542598087636677	0.08680917682773856	-0.018386346312523484	-0.059194804476588446	-0.01759220149783249	
0.04165007640264452	0.2226560915468575	0.16153088396813567	0.08144821167918484	-0.04994327811323321	
0.00849063425489546	-0.05170866731663026	0.07762275220721437	-0.0659397112823378	0.17795980731070463	
-0.021044980880051252	0.19205493933381132	-0.12699665925529308	0.05703993136151157	-0.09454472231438972	
-0.0027479872309634627	0.06707311444977361	-0.117297427432633	-0.043122914177754386	-0.17690898893251633	
0.08885696655276999	-0.05566913960219833	-0.04316050957008301	0.028927723515727678	0.05892547928238432	
0.17399499892246428	0.05623405827355613	0.15926718984065752	0.08548859740260317	0.10828772386879226	
-0.07710386133811861	-0.07640532593058358	-0.08124727003484072	0.0006154350506307203	0.013639561993945974	
0.1519667600659613	-0.11948156004731751	0.11067900836709932	0.06829288151094316	0.16484196614098015	
0.08409534173188338	0.14074258142175033	0.059985146583308044	-0.08705756077952537	-0.0581307990121177	
0.06325980270197808	0.02289667556339131	0.03759536862441853	0.001987225303986484	-0.05324824796771913	
-0.19866025210957447	-0.014777889593465796	-0.08325807333706546	0.08029443382913923	-0.16993838189139202	
-0.21966065699179693	0.07434374677498581	-0.07045332943364213	-0.021291605977216545	-0.337853509585589	
0.225199747139927	-0.29665035737442674	0.2214028454290606	0.06912091398929787	0.2827381586365583	
-0.2438441979252605	0.02415513053802298	-0.0011447747539863628	-0.10833884544583518	-0.1448213327619628	
-0.10351750297663229	-0.03006016524938981	-0.03446141371804143	0.01849628710466015	-0.21710758962926932	
-0.16465552545615283	0.20434329253327313	-0.0378409600701309	0.04068547509043294	-0.09444353195715487	
-0.028526109357651312	0.13726084509074957	-0.012390809823652574	0.040648056470223376	-0.12272932685436716	
-0.18330434794418432	0.30330638209062566	-0.1502986421508254	-0.04191556237411401	-0.26929618681956835	
0.007918070591099296	-0.09143861525861519	-0.020478330808325968	-0.05556175693577321	0.0971346532044316	
-0.09527386172887811	0.023638112180443576	-0.005184337727793589	-0.05934618170133488	-0.07989454478338404	
-0.19086458043112928	0.007071263962319966	-0.10590805848595625	-0.10835831534182527	-0.2219873691139399	
0.0341818575961391	0.1997491770322442	-0.06587345950113487	-0.06838156555923945	-0.0014432692842895481	
0.10891987803512387	0.08971531305952583	-0.036565684311610856	-0.02915438763108432	0.07702004528393486	
-0.022384727718918387	0.10317663211852343	0.00010173822664014663	-0.0067721001193722895	-0.17744717983750002	
0.156084006457206	-0.18156997985274748	-0.06156061318257508	-0.008971032018687892	-0.016211170170404948	
-0.15018359443495072	-0.04569404286426244	-0.048457640027945406	0.02477103793196546	0.057859079187899044	
-0.11048805957022087	0.15149792112293103	-0.054824826329201805	0.0313295477493838	-0.17760147470012447	
-0.025849547191348344	-0.001395226361474377	0.04743375256717945	-0.007997095108193105	-0.046157939111983286	
-0.058216719567153706	0.2292422380126431	-0.11227665999199136	-0.025729726237004348	-0.10976635278893981	
-0.1211850301812779	0.1018165307478328	-0.08202519905106141	0.007179614392994452	-0.11289320598738571	
-0.11014947019230122	-0.15116444841039214	-0.03132200573584181	0.0043406403648441555	-0.047166223898011256	
-0.15189871257295057	-0.011600162434151112	-0.020125815710145246	-0.07372894674894866	0.009590290995549151	
0.21046608105519637	-0.34433723391142856	0.06849362695226749	0.06166410560886614	0.16953526303480526	
-0.15359329535608837	0.18830726721106508	-0.16468179976003589	0.012038767234750083	-0.23456517639843905	
0.016381054239608176	0.008375045800184827	-0.028810916928986227	0.08046920799366354	-0.13221430836085718	
0.07336249774022398	-0.04773886840033707	-0.035606456196374536	0.05082967505869869	-0.14414526029859673	
-0.0016406059361463417	0.21119016841059093	-0.21371084421088557	0.07721000787821289	-0.1498519116923651	
-0.12178922373703761	0.18925601904917766	-0.0972224093153557	0.04857339462473514	-0.28196869830510013	
0.09336115709535701	0.2265625017618107	0.020479019776841075	-0.00821845220660618	-0.05938324319406214	
-0.008674662665094184	-0.06700009097949083	0.20423148162613225	-0.04775413806728783	-0.009025229891019369	
-0.13143680889537102	-0.03582444159136865	0.09154074924372003	0.008996339108019476	-0.09435167569366196	
-0.015129215589045451	-0.05823856937307521	0.027112551948070513	-0.03836969121372056	0.0678884128187952	
0.014934107038227883	0.08852058840599587	-0.014875176918945804	-0.025458536989112	-0.015186030840584853	
-0.04837499571016638	0.2521256337019216	-0.1270283924897349	0.03286755003831508	-0.09738240005589255	
0.3166467265623966	-0.1850250381114791	0.13249975352491258	0.04183422897117675	0.19226290688418485	
0.060439659896221756	-0.008250893157190074	0.09191087458494358	0.061852298240203725	0.11420506106034418	
0.16263713318576195	-0.12618181688428745	0.03393907360276902	0.01632005928935226	0.18996029063380282	
-0.01733252622963255	0.039305964486061905	0.009610434602714508	-0.03954845436732659	-0.13619050353704393	
0.03945119886330258	0.21986919998011722	-0.0404886671196738	0.06277111900865649	-0.1997236031774411	
0.2016506137984544	-0.20820114811181667	0.012234182356699886	0.09260019569407675	-0.030177183367323408	
0.016635845709399702	0.020869902385021892	0.027355093990875917	-0.045212604350874076	0.1166796902146467	
-0.17787280787753512	0.03025457126726498	0.10665391503648308	0.08052166461382096	0.013757456607944873	
0.11681268825462736	0.010484109505490287	0.014417394453194352	-0.014815307266077504	-0.13311547292741147	
-0.2316947076047927	0.18969269915316517	-0.05420047674983554	-0.08020149330614529	-0.16813953712063584	
-0.2671012856491724	0.0008620678121772298	-0.03649602427516874	0.05963583421742604	-0.027400007145747456	
-0.021641581551611604	0.21433822969305988	-0.14857425758694193	-0.019705110569398603	-0.2942606645068935	
-0.033827258468293736	0.14678996361322702	-0.12195053050284144	-0.01993169699383831	-0.08123248296787916	
0.06740781232382143	0.17000173215894246	0.011862798432926116	0.09177108213482342	0.21980206199943217	
-0.15363804744683254	0.013174266159329272	-0.03786155422820219	-0.05107418192706661	-0.15544266732126305	
-0.026950269027210826	-0.12127947360310196	-0.06349842867532907	0.03937326919138107	-0.008548662202712215	
0.06283214694166643	-0.10421212732423454	0.058630930995696336	0.0006628969687167702	0.17076521061386937	
-0.33056042572109207	0.5740020088058557	-0.3431482771808691	0.07636661781632012	-0.5828587885165184	
0.28296599579840626	-0.24569983234832177	0.1615097957145467	0.0601104769203743	0.0393089109693571	
0.10287245994309997	-0.33101173959768476	0.2540162473894467	-0.01829549036362271	0.27936913476302055	
0.008405165476786384	-0.12336141681453208	-0.02592978058804307	0.06032416885819603	0.02794653056662374	
-0.06745291011659249	0.12317629072268502	-0.02556309099533946	-0.057057905332870626	-0.15093023282323562	
0.07722453533360685	-0.15011610851423765	0.005525951306023189	0.04537879171800677	0.09776828853264234	
-0.011968261002021604	0.15413150607101955	-0.11276006780464214	-0.05124527957035744	-0.17991872115544874	
0.013872113332830584	0.02029951162650598	-0.06733653248803224	0.0002470103993897189	-0.1622101259007032	
0.1378020752475871	-0.33238169115542227	0.12747484741653736	0.09115802341122922	0.24503842720959587	
-0.12570835775479922	0.07887719320703855	-0.1650312872962984	-0.03204217635408418	-0.007075682395875218	
-0.23745732275466142	0.4940516881744102	-0.2093195429314275	-0.08102117969271364	-0.39283200937192875	
0.32216513873632197	-0.17099814840823593	0.20114329573111617	-0.04926724685513175	0.20459665653289674	
-0.0410200792007445	-0.01466987889678278	-0.005292396510033731	0.013456799858687332	0.13144828537290232	
0.20449638966679887	-0.2936047480725917	0.21434623335239783	-0.08578649879837197	0.33215310310162416	
-0.0566991352050844	-0.1115385424596212	-0.0060875605801588	-0.06856591750639195	0.002433707149554908	
-0.0629029997166913	-0.07138355427479956	-0.06695036645626065	0.05407183449667694	0.01152432770570788	
-0.020852933835541928	-0.019581587353310538	0.04460045511498086	-0.025190128665302507	0.01158441759984638	
0.07467561558148046	-0.13520495114315628	-0.03819661132268776	0.042201418168840224	0.015086362270814783	
0.16127425004962478	-0.3789762898231671	0.15286150679284988	-0.0010097627429111852	0.38516301977903433	
-0.31426265911421103	0.4419572540257489	-0.25145734401111064	0.04317474130555051	-0.28567685351775757	
-0.008153206085042143	0.032752580995152485	-0.029362143690131327	0.07807815361517297	0.18084557058131226	
-1.3870223363228622	2.475293195436711	-1.1370713660473921	0.03677909558858441	-2.1153032919734347	
0.5939390593966646	
