TESTRUNID EPOCH: 88 L_PCC: 0.8816916060128908 L_ERR: 0.01011247321594679 T_PCC: 0.8389536253392876 T_ERR: 0.013444126521829119
180 LAYER: 1
5 LAYER: 2
1 LAYER: 3
88 :ILEARN
-0.17566051201539554	0.3575859759334117	-0.0686810118812476	-0.04398605819406672	-0.3708605571931167	
-0.13033170944040212	0.15810617688489687	-0.19334272978541114	-0.021063327998204956	-0.28336413406668476	
-0.01406629477638198	0.1936185826892025	-0.228637713591499	0.08129043405689822	-0.28162223891696564	
0.12009747538129856	-0.24701750637767184	0.03465851372560257	-0.0344759498882645	0.45113973553055176	
0.00041210133117936703	0.23290915694638653	0.016009035558799296	0.046671805784776255	0.12680255820105193	
0.08057641316042317	0.04727981160113324	-0.11071847866672016	-0.04780799554468162	-0.029419081144851582	
0.00901817030982808	-0.12476969973286645	0.13674648997175723	0.03789819354984316	0.36175851307674295	
-0.07623333755251717	0.2317042971173975	-0.12357321099981104	-0.10446865963799119	-0.3656892626288033	
0.24796812061528423	-0.09593849776579763	0.015006996500078376	0.08508432727323512	-0.17696674645033278	
-0.12811789541143453	0.10123980140006762	0.03522072741971553	-0.042557157360386684	-0.20634763779051404	
-0.18667928054213392	0.10463221110720458	0.057990232017182945	-0.04754926465902055	-0.024602748805497624	
-0.21578755680867756	0.42280201119124855	-0.24307827906835158	0.017859824179138045	-0.33026515744660156	
-0.22816696181786086	0.24270452982293578	0.02307793345003559	-0.030679658674115862	-0.43043710658674506	
-0.12405595960119817	0.44931870288465253	-0.159518546854656	0.05412515313512729	-0.5212689736041752	
0.22308281829180465	-0.1582038272238357	0.0473755695382508	0.09937075223143102	0.09455222302137613	
-0.017328689244348564	0.28477609763880085	0.03650115605800585	0.06140421323072657	-0.056708258457442214	
0.1796117884564617	0.03404809597170066	0.16967673421570575	-0.016173500948218626	0.05287442974972089	
0.16131263325548123	0.12313850717184284	0.05020996390352146	0.0292626620110568	-0.27068982283154125	
0.05488168810212185	-0.01791552378352119	0.039146970048950465	0.016383109013949303	-0.3130218505324864	
-0.08805673547518102	-0.03942610892305032	0.18654239574899062	-0.08792585770436065	0.05175451407176538	
-0.2913113756361194	0.25577470495386445	-0.08995692335881393	-0.042026940412935365	-0.32130467420482944	
-0.040106312180270484	-0.007976657543196762	0.07224148265844943	0.0541791546917264	-0.062417815367301066	
0.08914827079246661	-0.30389691387507667	0.21620964960940703	0.07660345073757684	0.1289635156020511	
0.09917010988812534	0.05503173044573631	0.13269987556102325	0.07089972874087896	-0.06649374415409655	
-0.06483693595841286	-0.29180978399810215	-0.16263441745275523	-0.033300309984631356	0.41783195026686604	
-0.09342048290265835	0.3307132930246202	-0.03909792302050068	-0.07809201491158912	-0.45725644294844414	
-0.010148241822760347	0.14551071339970648	0.01813786984116039	-0.07791511634919528	-0.06910479789206939	
-0.08949224488423073	0.12947355165784202	-0.03395396311136991	0.09167315913947381	-0.110800291604936	
0.07897244608351968	-0.09082861706578356	-0.028268331254476364	-0.05213435990932942	-0.17061343992658015	
-0.18256995883530272	0.17843842464267734	-0.08468430904570677	-0.018667671492060122	-0.3043138407661016	
-0.32359263349726297	0.6201345636901857	-0.18852590777390835	-0.11157757967943666	-0.522537500347433	
0.004088785656965857	0.08449206534472335	-0.022208285472874952	0.10516566382385947	-0.1241043764529078	
-0.18048455406615307	0.21321906717491604	-0.06493686795436236	0.02968153782259341	-0.47529608101511184	
-0.13627663303372828	0.13180749837712935	-0.05952162409182056	0.010659599332106858	-0.1574475661465471	
0.21350972294854575	-0.32970903380939715	0.28750271396501464	0.024950641287172518	0.3340008774478354	
0.003389637252119624	-0.14894047269951347	-0.005038900485734652	-0.06684164980256914	0.08994347471334493	
-0.26715038562713184	0.17087442404406136	-0.10479601426519239	-0.100361920467001	-0.18085918743567184	
-0.03917092298247878	0.23280533367818573	-0.051888351935048725	0.006243143724318078	-0.2926364878149311	
-0.008452239537875564	-0.08432330999148283	0.07881082174777393	0.06365368267429887	0.0068550226297537644	
0.01258383731543428	-0.15199310776144098	-0.09603227811850475	0.01097962688861305	0.12681532591410694	
-0.11543811425999852	0.4319816144535709	-0.12711132376344655	-0.002102143979843462	-0.23423257445334802	
-0.026687426481886604	0.2625454984976317	-0.12727530411763474	0.08071671371428898	-0.3509795134896679	
-0.21411488697082312	0.39997051398187855	-0.20719120617420383	-0.10127942842078176	-0.372466042063861	
0.19086258212687568	-0.49911630367033755	0.24598390107607104	0.10392646590190653	-0.14837522642305176	
-0.0389326437104025	-0.1032078938369763	-0.06607707759682786	0.08043647014884187	0.09811596807315304	
0.31380871151823875	-0.20067800577472814	0.19426433030692372	0.09084963010494237	0.18636811732287728	
0.2907407179725742	-0.4572873596381732	0.26275076994687707	0.0013598921357564162	0.2259227134857755	
0.008487237677444368	-0.02539018615484224	0.05710264688264625	-0.015056167243094415	0.10335265779929366	
0.06139091143882609	0.1452499785701497	0.14403069791539283	-0.055321987611918616	0.13809149698417475	
-0.17333684110776343	0.18451673816743547	-0.1749293308478365	0.024526842990688965	-0.057913340284299945	
-0.06103651718727792	-0.24208488155074206	0.05329125550171907	0.11716595868745903	0.36469169913070565	
-0.05793038556545346	0.36628069439934785	-0.18410907594846784	-0.05996814890600574	-0.5778281307409188	
-0.23368837198375067	0.5494758029734457	-0.15570780685108815	0.014377771367388176	-0.10325628118436615	
-0.29421130683541735	0.4451996173092811	0.09896715235207748	-0.0176173561895015	0.030708984902107512	
-0.003678602773592806	0.228294346980996	-0.12412592045764556	-0.019433361081884537	-0.15690371891956326	
-0.23580587908449013	0.31346344462774456	-0.2533997609692247	-0.06435339215413054	-0.2773263489447814	
0.23600261813290047	-0.33990910423445064	0.032171263925769224	-0.03552024370770861	0.2732940625073785	
0.13834155020313113	0.16882076824161402	0.1738024028158748	0.03609341915576195	0.19369266705554244	
-0.07425687043910571	0.46550634934940094	0.19334693845622009	-0.00137598324958509	0.101698688868755	
-0.14779909982904604	0.03854291088039683	-0.2029110342075181	0.09434313124052324	-0.02668157695042947	
0.023021143610125146	0.02994939072845185	0.05713952918472518	0.017501570342006514	-0.05891382473701925	
0.22105353294912233	-0.07410508217940848	-0.09250136935618947	0.03119523941981506	0.039391697654412076	
0.2925491329299732	0.11655947576111773	0.06466281869723274	-0.08235320813033531	0.21428354185366807	
0.127150106330112	0.17740120747746366	-0.0782009295930306	-0.05542261305720651	-0.2488400730141933	
0.0062391022065880555	0.08109423314181592	-0.1018502401524267	-0.08113085093770563	-0.17161617616730962	
0.2058172758515197	-0.3004224043287413	0.02636447937565258	0.022713394304044926	0.06319459438533197	
0.08253034425269465	0.08828494587765734	-0.17094584523648357	0.004377996802060863	-0.20898961373740615	
-0.12534673008200245	0.2510910081419833	0.059697961722811714	0.06973029989161103	0.06556585548512382	
0.1336739390036654	0.27714965795798463	0.03823349376177047	0.06151588220123684	-0.07875459856183581	
-0.25500773171602875	-0.09402800679719271	0.05796855703404861	0.07716282790398668	-0.08062637556871033	
-0.06205275246351409	-0.04475122555418299	-0.03245932498578381	-0.02553533775685839	-0.02843797247991156	
0.14232542177875981	0.03397872199534194	-0.07147225828462724	0.06290756021871469	0.1548189496311047	
-0.19018449584290356	0.03028485889553561	0.030941377369176376	0.015118532606193046	-0.028247217551163935	
-0.0058267040677909224	0.08406127371589286	0.08012125531600126	0.02684158294022924	0.06438630419861871	
-0.10401232875610768	0.11172978490409617	-0.1098103358667353	0.04867898935324351	-0.2729540259403153	
0.15281885046451124	0.07124015759918727	0.06360610894279774	0.03533362722789784	0.004291306677068933	
-0.006872897632810197	0.05658259698010291	0.05189157614944698	-0.0648490708668555	-0.08282661284491666	
-0.04958376813076215	0.12675926208927585	0.039836409957757876	-0.0611026683550231	0.012093476994081203	
-0.1371316185946774	0.15733921492811478	0.0721812502415606	-0.07875606104016689	0.17984443053633897	
-0.1885858567266166	-0.15595123846099906	0.07511749554533896	0.015995057636229482	-0.014053220084565407	
0.04595296033718715	0.028381471509822738	-0.1427786556606401	0.04214936446402235	-0.13838803938321484	
-0.021422282414971284	0.1599057876382509	-0.1512907469254071	-0.08106547055784874	0.03393927844331215	
0.2868742679492296	-0.19886676279699791	0.0808601127654352	0.06293035759772193	0.11187235173862246	
0.2856770745267868	0.1297998337930924	-0.09842288311786686	0.08454596930654254	-0.023824090316454168	
0.05296060121617114	-0.11624888452774283	0.05687630686580285	-0.05298423610766178	0.021409139991902405	
0.10695464745001404	-0.30299733375911275	0.04529102419205495	-0.006608091178127528	0.10051796811113274	
0.19671457186719105	-0.12841874229255826	-0.029174788909784637	0.017561992680150955	0.023492072065099533	
0.12005964346595277	0.045110524227413025	-0.16929938030777028	0.05777941010925243	-0.08112715711616647	
0.10827348334262915	0.2818013205868462	-0.17871394102716842	-0.11752835978292409	-0.19887613828367795	
-0.18733514716027264	0.1402647412013683	0.15490555318823643	-0.07428708779075226	-0.2778304778932575	
-0.08845401803887896	-0.11538850204987261	0.24850295229307523	0.11387861451259068	0.1864023935142986	
-0.0948202362790789	0.18235986267382656	-0.2053201676180807	-0.05753951089555406	-0.19251868122700733	
-0.19993717697099925	0.13940907530096563	-0.06815805402918484	-0.05220637574486448	-0.0959531388850193	
-0.041561715441812475	0.1979179572746674	0.017604332570239408	0.006221470380204794	0.06887671372099277	
0.07235162752279875	-0.17035627083250035	-0.03299596039720632	0.022629657283218443	0.09334322344146258	
0.09496814332288199	0.22596863808224735	0.031056352470766838	-0.08545878868293538	0.0012648393688331316	
0.13069994388616227	0.10408881247427716	0.1657760373662618	0.0666010716197474	0.23681299474912373	
-0.012148204413760778	-0.10274375637752053	-0.07124118825045476	0.020397466759494266	-0.026597274471102602	
0.16004943709401354	0.09105386045481723	0.04758484342678968	-0.05749947494288815	0.21274911726886395	
-0.08538100146367042	0.06210679917945328	0.246652123840332	0.09418529797733569	-0.08666024230405697	
-0.0754356227016772	-0.04986076509867358	0.03817739475648382	-0.04687821682740127	0.16574792199405505	
-0.03975225002768226	0.1869813737747856	-0.2555122101149984	0.04905648498663522	-0.10675587595650693	
0.155207391822887	0.05343230814444825	-0.26860991334710466	-0.037185649099920684	-0.3831577155152976	
0.28760996940905914	-0.0239765133434419	-0.08005582329346533	0.04948596097499809	-0.08376741637233794	
-0.03020830118116261	-0.004069041996664227	0.1441145501776754	0.09129296789505988	-0.03471747037729954	
0.03236181894789917	-0.08154152232612784	-0.11496422840737937	0.012496304737349279	-0.07479830953477032	
0.3096375297207615	-0.227081364728749	0.11963689765088192	0.08550085741303669	0.17005305501991394	
0.22381628845041424	-0.06692001684075212	0.04706134602165815	-0.054671390361209576	-0.0012532971842894622	
0.0763486122076422	0.14701596535242722	0.023357499930816334	0.021161879669620826	-0.030794011018274715	
-0.26421733428022287	0.054895261881282346	0.07675815113429683	0.07441043719937333	-0.07486342321544251	
-0.2921635029010831	0.20356234302443574	0.07559687701297646	-0.040327266801919004	-0.3103754799112801	
0.34254509790433174	-0.4603615422379399	0.13174927346754667	0.1000927449025684	0.29283855167216505	
-0.2384558743301457	0.05820704568305673	0.15217390978963344	-0.11166866199316892	-0.06962260669647598	
-0.16560322235404318	0.05983677043081744	0.11663736826904733	0.006404864326229133	0.02311758663579927	
-0.03359092035543025	0.31539042074020057	0.007157830887219268	0.043994368734883126	-0.10539996726133666	
0.030934980620746105	-0.0635001658251244	-0.036449338599006634	0.047282197722258196	-0.027743915362000233	
-0.2087534423511812	0.21907810169815867	-0.12208776888475212	-0.06555867590856751	-0.14785825967845845	
-0.011881728901593065	0.10547458476436149	-0.06964247536720414	-0.04376416686226147	0.17248779610015158	
-0.1569714750151757	0.20248915171880327	0.031409290524585694	-0.05962002862839027	0.11523590851686316	
-0.2888766252148926	-0.031493850391665905	0.03666082705108048	-0.11829849471140032	-0.09198155189790766	
0.052064104161570646	0.3565848814946878	0.01212000388378525	-0.051120241464542714	0.07914278404791517	
0.02535830086446264	0.2699940272736494	-0.09539518565944062	-0.034098267539769536	-0.06337229576051777	
-0.09191940815162547	0.12473571362316838	-0.0284429520909385	-0.003663741995666508	-0.08625620646346126	
0.1254043077085436	-0.04929131421999413	-0.06956171999072983	-0.005542192382075645	0.09512016077891969	
-0.07264635405313853	-0.04497321061374903	-0.06301991024355112	0.04234974670614634	0.0872367825590291	
-0.13875635848013335	0.24841079199099936	-0.09262476441237068	0.022082215941489697	-0.3294173795809092	
-0.020263658664228724	0.07657992339786342	0.06915487809662621	-0.002708594716498108	0.03288963641194759	
-0.053155520942756565	0.19440668007186945	-0.10827739985877494	-0.017121918492921096	-0.05970884604520417	
-0.10619046864471436	-0.11419488952347974	0.055955280867060746	0.02832187373521502	-0.03714170715200814	
-0.07322055253981195	-0.1919323613817628	0.008721173717873223	0.007971182102690167	-0.005683157191999934	
-0.15655290369056912	0.12274737705869282	-0.05213563231489841	-0.09090574367303073	-0.22533192200422142	
0.2645577778676845	-0.3483640069292893	0.06700943043288579	0.09483154626014317	0.27887311776526513	
-0.16999073633107784	0.056844603520080306	-0.14874389663788673	-0.0003332850518133853	-0.30971427587649847	
0.0034735022241447954	-0.024185182866158814	-0.003395274342887882	0.08676020467378233	-0.16061856625007592	
0.18924534679286414	0.12950014208681365	-0.04279880495209045	0.05997737697663697	-0.16731022642446866	
0.12564641732452073	0.4334759458693317	-0.22413111982673145	0.06587450846843088	-0.20290386584441444	
-0.0019075952340117143	0.35218997604723884	-0.12216620155114187	0.025145391679486373	-0.33353638763131693	
-0.009718424070247677	0.0026010800174415595	0.07890355578055962	0.0031148847375138088	-0.06695231305823933	
-0.20720110201235892	-0.0073122085482655134	0.15841044255023262	-0.03742756519996758	-0.21361313705140597	
-0.12587388311635128	0.06022000111032293	0.09523641855751472	0.0027506352159355012	-0.1414657806572217	
0.018086552608768236	-0.023701035236951263	0.03961530758088273	-0.02285818795849669	0.13814671300446418	
0.1098445966717157	0.08546982609865146	0.050214991159205934	-0.011260326100527745	0.04507109799652686	
0.039503647567111354	0.2406690899489083	-0.09357498099487742	0.035833048053476056	-0.15712823905370643	
0.2691804216838379	-0.1353584800987118	0.1562674800900182	0.06592404444683682	0.16423219602441622	
-0.06045534662570492	0.02278994418737369	0.09886943115603204	0.08271346640222063	0.15025300735457106	
0.16065372751923468	-0.18394300358652252	0.03167027903670379	0.03199163578670803	0.13772937933245866	
0.018030670700248084	-0.004960350149186978	0.0977078762805369	-0.03399768729548784	-0.05940987296226509	
0.20017690548878567	0.22649707374767528	0.06899190065018417	0.07986298467877095	-0.24209899414027455	
0.20990098837958823	-0.1905658040285794	0.029206777986629722	0.10887744316726145	-0.13380039783912842	
0.018291451449958297	-0.047947044689893865	-0.08267183812787005	-0.04746516934077004	0.22455773922132077	
-0.3063340925328145	0.07192329383909513	-0.046012434500578805	0.058357392068043364	-0.21189374598782135	
0.2741291869686576	-0.0010858749154090779	0.03303683132480596	-0.006419425619936926	-0.04146442435393437	
-0.19371085610192632	0.008803098199629366	-0.09049166945798759	-0.08999885972561086	-0.21767981118308224	
-0.22214481656904067	0.022063856222913278	0.062185178902147746	0.0615006581421217	-0.0098162809477687	
0.0839061526481666	0.2981693003632345	-0.14228794019661478	-0.02462770804396747	-0.2987349373529971	
-0.010521186353974915	0.2861869895715458	-0.10709698043699174	-0.01557422810437958	-0.18929837867830485	
0.10224254207515186	0.1920575288031345	0.06788736984590206	0.11372397992568561	0.3044708809071836	
-0.09609586736151567	0.09623725007284821	0.08796050865698775	-0.043799965982404744	-0.10748255384181074	
0.042852679168787364	0.06886709300517249	-0.10466969416067368	0.04048417305237353	-0.18497153515908024	
0.04701203779665469	-0.14885253312833147	-0.03385225856161397	0.006143832565764419	0.3168624939453566	
-0.35408805591654785	0.7894036843948377	-0.4278245260525675	0.029228776947763293	-0.7361195352712508	
0.30872701668724783	-0.07437865015327906	0.14175928461349319	0.08327958288405986	-0.040284971958357195	
0.23631523724839018	-0.45541455139717235	0.314567500670222	0.02225997259955436	0.39851410922446817	
0.1113684051407273	-0.12311766351616617	0.03223400549387945	0.08356986694798259	0.10503577716217911	
-0.060112803086434734	-0.24036984674426579	0.11786479276480279	-0.04433164150163208	-0.0371600195990757	
0.15383909146682745	-0.21441578321634688	0.07054946728864508	0.07164188235714304	0.20497120639147465	
-0.002607782825057097	0.2947229447081186	-0.1292530694020288	-0.051072675539447984	-0.26560611851277444	
0.06858011920190872	0.07076706423525142	-0.019260415289941386	0.011212208047232844	-0.11271733947199104	
0.18589237042568976	-0.3365268269585897	0.2019378585126935	0.13115550574675106	0.34731485765829045	
-0.09487296436511358	-0.033609872469766024	-0.21817869958799546	-0.04633076039053819	0.019145833497795483	
-0.3543094776943177	0.5459565213148675	-0.21665065047605492	-0.12715647749055858	-0.436863065763169	
0.47454135998793334	-0.31007214883477213	0.3034838936606927	-0.005167664969021387	0.39786789006985274	
-0.06750406417791745	-0.16594559528649713	-0.005654747916828436	0.012513657908903235	0.18460267937179994	
0.09686422401361441	-0.1604309254854665	0.21244130719675444	-0.0736412700355216	0.3024189498002004	
0.042617510777078836	-0.11421787146292554	0.019073609033014062	-0.05085475587328004	0.0506630504052177	
-0.017875190231971212	0.011305383364287838	-0.09719488104046425	0.05783688492615311	-0.06354056776040018	
0.0014689079204355624	0.06902598014984573	-0.059793642324578185	-0.043233691438947695	-0.18644163804442015	
-0.009208121433264571	0.11336755031705141	-0.0834754027348439	0.05054157181728656	-0.10274638966731882	
0.12327099108851211	-0.24512824603991606	0.14326954260183594	0.024657748103743965	0.3848269438837742	
-0.36570095721505796	0.5884624432748546	-0.43891589205083553	-0.007057816043847744	-0.5417377389617349	
-0.04294154758477371	-0.05535776986553884	-0.07372407951900507	0.06191100082596018	0.17511344152057476	
-1.7880761737088644	2.546799566576763	-1.2584985493011174	-0.12160923325541392	-2.356082318431276	
0.7012472521103746	
