TESTRUNID EPOCH: 99 L_PCC: 0.9082932024209871 L_ERR: 0.010160709031093814 T_PCC: 0.712003044617746 T_ERR: 0.025060783931238
180 LAYER: 1
5 LAYER: 2
1 LAYER: 3
99 :ILEARN
-0.046869154067712734	0.07258840123882863	-0.1407973124107763	-0.06970065540812508	-0.11171126157395925	
-0.11076668526313634	-0.0068238328401723026	-0.06257401168170558	-0.06288895549435547	-0.046987177812856266	
-0.06981437307354137	0.12086473216289263	-0.11496486606436178	0.014166422766934712	-0.16981529429709785	
-0.012645770401612777	0.07352128305373741	-0.037159544559163794	-0.129115262954444	-0.1441600447431171	
0.13889171345796333	-0.02709393562521743	0.02498708324033899	0.12195510391483368	0.19443105815752346	
0.13958816465792312	-0.1537656334452909	-0.044878504252378944	-0.02077299488770505	0.17323997602744076	
-0.08190098802207364	0.0005981158167339549	0.08519289611063227	-0.0044706343179802726	0.02792009168643093	
-0.07643302264168578	0.10395242639512495	0.022691086251546675	-0.14085057327627049	-0.02505961510284148	
0.20266170271618417	-0.1354080872202263	0.05713988309430093	0.1724986628264725	0.049428484812663896	
-0.08209302956108057	0.16134547169379163	-0.10416661522350396	-0.09653283888267623	-0.16181317169678802	
-0.13350546111988337	0.07631161943977031	-0.08718021079437491	-0.06990106793626731	-0.050386562964677625	
-0.11309992128736075	0.07686198283567146	-0.10330560758244113	-0.03107380387752457	-0.0015326658729681005	
-0.09932302110461849	-0.006780693398656941	0.023709493589908922	-0.024967835192271505	-0.10426944723747308	
-0.010432691086962246	0.05295088078482139	0.006562070988102322	0.09287012879404258	-0.030512302331129355	
0.09348659650068787	-0.05282901170887355	-0.05857113957741071	0.06154635616750622	-0.03394616853255234	
-0.10949436822434279	0.15872086492795348	-0.07902487862010707	-0.005366442253588343	-0.02382001775628806	
0.012660948690097028	0.11554445334246963	-0.012395205841467218	-0.09651633643193475	-0.13353382289386598	
0.046470215076252486	0.040460048594170024	0.0702180812569122	0.008093617345836157	-0.04014944173066736	
-0.07732876940477658	0.07642888906576578	0.003808941710032583	0.031246543859559932	-0.03613093927800134	
-0.13243947950198887	0.1638156137647265	-0.058412575808867884	-0.1612248155472123	-0.07505185250438681	
-0.03305497562401763	0.009244825659387255	0.07649709106151126	-0.028798910097009422	0.08617156767461183	
0.03981834556603188	-0.11598269188061154	0.09556538940039949	0.04623181072389079	0.13883929245827809	
-0.05697888121944438	-0.07746305245421611	0.09143798071160565	0.042988431597771985	-0.06296603442017668	
0.06516473056381371	0.036495250976389566	0.09386881870380172	0.051675567305378	-0.04327578749775352	
-0.05140453733867931	-0.14602294215518832	-0.054239620014345444	-0.009216243237854136	0.1228769660359652	
0.03727916436064137	-0.04276288285840824	0.09460373299696083	-0.05262806256360039	0.03409146199215409	
0.053620451832342625	0.04078066633763991	0.04262920801090922	-0.06592020849431475	0.12691437880588788	
-0.08104603760773174	0.1047344522820359	-0.04948358090412454	0.04747004469830378	0.00352322406882165	
-0.020415475411825465	-0.009931314570247462	-0.11603840706207726	-0.11466119875296454	-0.1313105449597257	
-0.10749570227314592	-0.0005572399471265124	0.016692009234044684	-0.01516415296726165	-0.17363684014778213	
-0.09962880472668079	0.12179890523568772	0.0023634555337243004	-0.07117399457985239	-0.10555449301145843	
0.07389636628691872	-0.09846523462577941	0.03561646946505956	0.11332041898485473	0.12679646157919536	
-0.0881615086643984	0.0613775191850309	-0.008495927436293849	0.027234175925955974	-0.14392992978965058	
-0.13401929503329763	-0.01765444593850617	-0.028700539569171072	-0.008293041452024221	-0.09463667028634759	
-0.041844195254980295	0.11054726753201435	0.009020763107965004	-0.030089966461372963	-0.0004876230487729921	
0.0954856256801265	-0.027193356320291334	-0.006645236620837958	-0.044291422703678036	0.05858721929833097	
0.06190742788818765	-0.10539079178382532	0.08102228129416175	-0.05365876229475588	0.00872374622976384	
-0.14140991231798625	0.20055141135711263	-0.15311295385642582	-0.1750313163670367	-0.2143174691639458	
-0.18004100901275374	0.1318910759699333	-0.06834557092726913	-0.08113601095806272	-0.11753693503735213	
0.05991077563928393	-0.04592514510784312	-0.07829430431115121	-0.0033078712589951313	0.02953136439683547	
0.07719768664981137	0.03872667555836383	0.07119461984771153	0.013653612285341605	-0.048609541247296634	
-0.07676092981508084	0.12628117306664444	-0.05465804704448383	0.0241848584901532	-0.036615567196588775	
-0.020075269389725005	0.0859366274856905	-0.06374823776371302	-0.06689996087946853	-0.06378559533217593	
0.02364680206497249	-0.12322315971875443	0.11305711114119465	0.09579780525314374	-0.05594561767827663	
-0.05155034709473115	-0.05433324793730486	-0.06475593795930307	0.06773220441327978	-0.014348786324035275	
0.0893163129224618	0.017735637504660454	0.07966735064647616	0.075050637634317	0.08069720618488577	
-0.03471094046978945	0.05193725040927126	0.042150494594635386	-0.060186606101208184	-0.04941639560954814	
0.02203094193720051	-0.09842012981119017	0.01946179117046145	-0.009140059333531266	0.058017118658434653	
-0.055698751502462986	0.10109326993346279	0.002945798939492669	-0.07128787838239148	0.01510846357695331	
0.0062405148958593415	-0.06387919774680892	-0.03975677633813581	0.008969670580993384	0.0584333467245356	
-0.0714628787801687	0.05298304072039236	-0.004713497588879417	0.11990250599460558	0.060786940670578056	
-0.005581077297057793	0.12132331214533991	-0.03677941332017619	-0.1045608744611027	-0.08846000954827078	
0.06353821539640478	0.05064462971614339	0.05871558978992354	0.04943268140588204	0.09143444433128792	
-0.10406670209798384	0.10997212871657568	-0.07567625288347694	-0.08599974107325814	-0.14712337857273677	
0.03472121967078257	-0.06468747200534086	0.08000276295920049	0.032721533516184016	0.14091986332377496	
0.023251825559323966	-0.03768759774181622	-0.024195508821856566	-0.03943881430013442	0.03574414865266997	
0.05582085288965451	0.11715253272956473	0.015409774093799008	-0.0636926940522413	-0.08556060223283776	
-0.06325019268479003	0.1832748039169066	-0.06004424485762229	-0.1050351308654657	-0.17415021953617144	
-0.057564968959452664	0.1261729730409342	-0.04133587113428496	-0.06067123017858746	-0.13970088630838914	
-0.11104583283992381	0.016935150987169918	-0.11287100006491524	0.06226215010593893	-0.10476300230825615	
0.034133427800312165	0.11634787578369479	0.0120252915827836	-0.017824791877778284	-0.10686454682413031	
-0.012062426432705248	-0.011429315009176034	-0.06034850353293703	0.0002792978966439987	-0.06298112759201979	
-0.03213369082835328	0.2602455379195513	-0.1636818342672423	-0.21629135552682693	-0.23593669767020414	
-0.03625753740609751	0.09020318332437588	-0.1120600424979613	-0.10198019832403196	0.012705155840283913	
-0.052341569775449445	0.07920359818838534	-0.08157582314890664	-0.11117009087255449	-0.059739275241231356	
0.025001185004376328	-0.09396465299297177	0.0486884909356568	0.018873680336452946	0.04961215216892776	
-0.07778827338621273	0.06489333718024155	-0.06879550682148519	-0.014292264724684738	0.03312188635661334	
-0.1054910199177092	-0.00546191380029858	0.06020568169856453	0.047012492840026135	-0.02018799710760769	
0.05173871079161767	0.13662463008039477	0.044966034607714304	0.04132534774761841	-0.13526981338863178	
-0.023369877633985677	0.115831237372477	-0.02225025327116722	0.02266817542341927	-0.17074900057495326	
0.07763237725896166	0.006544490389751517	-0.017206739937819925	-0.006450791150934929	0.03689055623080582	
-0.06938858003453607	0.12867725078328954	-0.048247940389928044	0.0020518413917899776	0.02485462760629723	
-0.05426188116111405	-0.04366630085991658	0.07285962681924317	-0.00197880720940844	0.05409452158830721	
0.09287506597326084	0.01427115332612212	0.08594330923278155	0.09846999173815324	0.008681553854856213	
-0.06710290148468993	-0.052885568441010715	-0.11101437512833244	0.011084521804550291	-0.13309944325942138	
-0.03459611844766707	0.08410600966416512	0.031129002904184782	0.017845984811106736	-0.06568843726828992	
0.0032531319625865667	-0.013677653192487545	0.11229307634273247	-0.04890222823622508	-0.00716268278008935	
-0.014503565459873831	0.02105147391716062	0.029047798406567092	-0.0479296026845654	0.022501156221148903	
-0.03076568573430715	0.034564779581497965	-0.007370548467471524	-0.057056146759550785	0.04447154604570258	
0.011945655573324117	0.052265338980105776	0.0024753021394296544	-0.04118981854145772	-0.06597064276204795	
0.10690249982050996	0.043525734104453054	-0.08533257186092566	0.05370463830683647	0.02024551485153783	
0.08147145863006107	-0.035640631509513625	-0.05784757599953623	-0.09745527506135122	-0.024357289196093142	
-0.23108792888035318	0.23251765292853063	-0.09822115173023135	-0.1101489374453645	-0.16610585844189238	
-0.0588755876527586	0.10352381435270859	-0.053565099854306235	0.033101091554141725	-0.00841862135045536	
-0.12389845235157733	-0.007619943372582796	-0.14687257481551216	-0.13261608651662388	-0.10135294548354322	
-0.01725071149054374	-0.17060383201591878	0.09961040255334583	0.025734447536338523	0.1472271437827115	
0.03309532905617194	-0.0764232087325781	0.026305836583476964	0.02786103006520033	0.13646202238890118	
-0.04581271917219048	0.1242692880308954	-0.12814035196687465	0.02486632504140956	-0.12016752978864188	
-0.07652348034657941	0.05164523763708986	-0.09019743705267681	-0.2054416756684998	-0.04676817022586371	
0.036379216184132694	0.12849285350859593	0.053972586519929186	-0.10072998897499467	-0.15003787466270574	
-0.06053091368477252	0.0279888531384097	0.09829498424585444	0.11389504046631554	0.02396389376595227	
0.046848986181466844	0.08752840742967966	-0.02450231284364488	-0.05531774086354863	-0.05811234375954008	
-0.08550748740560216	0.08236628199888973	-0.07023772978010548	-0.04847810119814152	0.03983888893073101	
-0.08847269771875314	0.17110049835759147	-0.07934929749065135	-0.03795094084964813	-0.15721230572091285	
0.1696884146472059	-0.15312460035862296	0.06277147887700572	0.08380888552385289	0.21509115433304155	
-0.08307183504617814	0.032978456472698855	0.07380156576446857	-0.09453343065350236	0.029074587630369922	
-0.06281459634128182	0.10925104778207133	-0.019866957024606335	0.010781049512438348	-0.042128808686816906	
0.014300195735504218	-0.017799200629212003	-0.10354888348568925	0.00410546601386028	-0.08663864349249704	
-0.033780716496680706	0.14306635164080295	-0.04338345493656205	-0.08988548582849581	-0.09977085485186508	
0.06523884326596925	0.12147101845457535	0.057385763891493004	0.07364249235905146	-0.0888868678181236	
-0.1328474122892114	0.018882130624312727	-0.08182048653727014	-0.11464711188681574	-0.0645522847779855	
0.018680929603299118	0.01911520486733966	-0.03525719101873647	0.06070007208715891	-0.0028508425692755353	
-0.04324866032309873	0.06543789696005281	-0.13731489227796753	-0.11103194483529998	-0.06452332160515169	
0.004524213966328465	0.014699597586212565	-0.05898752383370148	0.017847318842267243	0.09410944794656562	
-0.05442672060411158	0.18391208556518018	-0.012339108854682035	-0.023119025398309595	-0.16313579144671117	
-0.03374928097694369	-0.13833909574042744	-0.02514031583216391	0.03966718751688214	0.041551655943499674	
0.1306819795618133	-0.10145459679036474	0.12767540581091563	0.08404430314046193	0.10638585925151145	
-0.029142491418818	0.11748420542848777	-0.053556789722997496	-0.14777910291218724	-0.12829343903138554	
0.015488510352376318	0.03466992186324519	0.006158141608626436	0.017167119709068368	-0.06363800019308515	
-0.12723026410102456	0.09746585954860373	-0.06374949871348547	0.064778523001428	-0.11142069350209097	
0.02054990894243777	-0.082476873501455	0.10636217722776882	0.05788159010477335	-0.02159028537614328	
0.00861257382092818	-0.05087104976581778	0.07200155776135714	0.08052548261389283	-0.014373053735504631	
-0.072598867195259	-0.02917667473761685	0.08884192760901925	-0.06851565899358572	0.046104964220786755	
0.014020130720127817	-0.0028215388149391493	0.05626177916824355	0.02092932552882428	-0.10662609576920139	
-0.026933338990403115	0.11830533557565595	0.04276328120540712	0.0023404087161145917	-0.01572692612761282	
-0.0464050557985709	0.03508630632226162	-0.04049849506023002	-0.023597341911682283	-0.12243958587007193	
0.0422859567751924	-0.027420539775511676	0.025995451745031397	-0.06916625766426819	0.008341272528072272	
-0.03319312318496621	0.08683867825968704	-0.04736685286770622	-0.06925632443825085	0.01903362158895432	
-0.08810966280425261	0.10524643235932615	-0.002538282444644635	-0.09315939041397255	-0.1202911749822364	
-0.11179926457288643	0.0038918178938764664	-0.07297169702438279	-0.14835600394226053	-0.16559891031466645	
0.06644251682961924	0.01348713067808609	-0.05679858673478477	-0.026406110627714783	-0.017361259785146247	
0.1134731458692762	-0.004343181592128158	0.03555214740323626	-0.013991277199245903	0.10690083001966301	
-0.15352569945852013	0.2902259420500553	-0.09148740433794857	-0.1578362895417556	-0.28014492752892173	
0.012221431217335233	0.06764955771484504	-0.12966755418045606	-0.10046591077746712	-0.14208820572674452	
-0.07071660685723624	0.034514987195111375	-0.06838308010365217	0.031989618725394804	0.04787178074114263	
0.02380789084398758	-0.10259188023777452	0.12530042636807334	0.10136283501619135	0.13479644569269444	
-0.03966663421746894	0.05031380539829489	0.09369630054205506	-0.021597539808794922	0.058912704796515065	
-0.07229326951756647	0.04057030031797658	-0.05017244238715534	-0.011841016904712492	-0.007335483820467143	
-0.11620342458019688	0.13570530961244023	-0.05524309915836843	-0.029322355904263176	-0.05062359317775889	
-0.11012841365147111	-0.003489807071876439	-0.12051308836289003	-0.024398001532779788	-0.12715472023617047	
-0.00942854571564809	-0.11156680237662402	0.07341160610106265	-0.0474412887016049	0.09512513094826971	
0.0029310974134208723	-0.08982495842652274	-0.032454974247742296	0.114439134904644	0.039570758124101504	
0.01745798369340495	0.023523605231942465	-0.060353320371326	0.029722417531381187	-0.06141546621021141	
-0.02922406539411051	0.18031394386635677	-0.1446554270785243	0.0018640669326116285	-0.22249925782797073	
0.15158154292755707	-0.06156459537778995	0.06125113511603077	0.11621786632987191	0.13715698766432954	
0.13697830015659598	-0.09857152147561143	-0.06833385994333854	0.11305027892039095	0.132172246167149	
0.0524711762286827	-0.003695895406622247	0.04458773431346422	0.05730288526180641	-0.024009600053483498	
-0.04809560226375836	0.17098691513977535	-0.06700055502698282	-0.09456299302267923	-0.12367193816690636	
-0.1619815257958695	0.15167155599710763	0.026131087227141435	-0.09792817648981691	-0.16981989409308892	
-0.07975600668200457	-0.006355703053933514	0.05364013317210586	-0.005344678373987648	-0.10011188447453262	
-0.05954550381370009	-0.06431325873278501	0.03270722101997972	-0.02003775996352982	0.012882928988461677	
-0.028530396781343694	0.06410993262680803	-0.03489596770232123	-0.03927455318382946	0.008921206880851044	
-0.11527618906374212	0.07591809465220746	-0.09293678388808363	-0.03315595018681833	-0.017567164654807437	
-0.031605934316767635	0.08584252684543858	-0.026000776716479268	0.009335761517872722	-0.11159416970115117	
-0.042832728278027934	0.13193301984219452	-0.009182267266546397	0.023687130625792845	-0.050159876443123405	
0.00572452147291515	0.057136259647005916	-0.07709458018818817	0.028083770369260023	0.08009184204189018	
-0.008791672926237355	-0.0481089367735117	0.05711926448022339	-0.060962806091744745	0.012141530428705966	
-0.0029483890131151006	0.10598709621708827	0.010148821848097319	0.05577116618843031	-0.12420115213316854	
0.06411962950118184	-0.04699048766746857	-0.06509028412191467	0.05923762112686804	-0.16327350714957237	
0.015163191816082536	0.15531038487876386	-0.04805686278604921	-0.08606785497052097	-0.02508563833930062	
-0.05710820391976295	0.020460083964595182	0.041959112018640304	0.03208514420870101	-0.093574882044026	
0.04091963761330219	-0.0008423760570829544	0.004189330853249439	-0.03669112228143349	-0.04772722488246771	
-0.09853856671386585	0.15538838619634368	-0.06855626468232268	-0.10769106938161746	-0.13961364652541036	
-0.10344791483351515	0.06844648059621324	-0.0005376133530978174	0.03874091290533498	-0.0236731540062656	
0.1315936211777228	-0.05109989557271178	0.11999871102857385	0.04893531968695572	0.1340299471588963	
-0.004512135551245133	-0.1305549130019168	-0.020478887410829476	0.033741060009351086	0.056135335330603844	
-0.0009828390779987965	0.07543612059309979	-0.023254599481631135	0.10971182532062936	0.07450227475771923	
-0.05117477999603877	0.11361355387988095	-0.002834744861427031	-0.07534698014058307	-0.010649335307159991	
-0.014423183782460844	-0.044608951832029335	-0.03654993296648491	0.03948220299946228	-0.06798576507866759	
0.02675522841846077	0.013133259893677893	-0.015359956526311348	-0.02599512658598937	0.015638050470709205	
0.11802583981441012	-0.12802562124259298	0.049937205731943705	0.11877525992425518	0.05536634214190418	
0.16925769017528594	-0.17483128106745915	0.09479173442158084	0.12705276007583333	0.0861917116452073	
0.008457086309523071	-0.1856041734522453	0.17672003815562404	0.07630967611883015	0.2362535475422292	
0.041480325974837425	-0.2053408821640262	0.01798573318957348	0.15666203530533826	0.22215367088100357	
-0.005966777601303929	0.016181044069445115	-0.003762526704452293	-0.09010294427209713	-0.10611513837615802	
0.06815490246104337	-0.17238889447386907	-0.0038461153594160024	0.12086645588052558	0.20644060595435546	
0.10046159155539727	-0.0991465595210102	-0.001680567078739765	0.017130316279349696	0.1383199142907325	
0.15693976942453539	-0.20093779706663292	0.059867323542027694	0.07381494838640751	0.14835146303131186	
0.06033920773124264	-0.22493505123820243	0.06710514130417186	0.20700198189003152	0.268864476343913	
-0.12722275139850645	0.20880279035859242	-0.1708952853296675	-0.12473864029928838	-0.26216506399868567	
-0.07593454524602397	0.269908986979483	-0.09800483593803612	-0.21385558774464186	-0.27954799188349566	
0.1906731179156734	-0.05913230765188131	0.10857661671268948	0.0258910804069648	0.18920194215471417	
-0.06854304124806278	0.1349102318399102	-0.08074805239931694	-0.06422947495099605	-0.0895840085601943	
-0.1465169005488617	0.3393745068008545	-0.08722592851146858	-0.2737483277028372	-0.27206268283884477	
-0.05377751723297768	-0.11727573710143387	0.011563235788981321	-0.041526833313325365	0.07894777415785688	
-0.008173607644769801	-0.18018606266426873	-0.018785981565124975	0.13115676165379492	0.17710343697613165	
-0.014631307651235836	-0.08228316357846475	0.05589403744245723	-0.01803751792374304	0.07244227860605608	
-0.1589881519162992	0.27760886623102166	-0.21887210942987964	-0.14830115941065292	-0.2742974743324611	
-0.03863449999858832	0.005746844328846602	-0.0005890600481625393	0.0015753772982952364	0.08657123879911531	
-0.09477091658997819	0.17161559908112783	-0.05012008597183701	-0.004193216897816588	-0.16918933408078005	
0.005391653975583556	-0.008697798761892877	-0.03787112481455984	0.14099569603095072	0.1260476510227802	
-0.789460212834326	1.4916787072267919	-0.6603196373843699	-0.8100105562638432	-1.4177594238194506	
0.17840189165126524	
