TESTRUNID EPOCH: 99 L_PCC: 0.8993974010442138 L_ERR: 0.011208063427704126 T_PCC: 0.7701599925745535 T_ERR: 0.01977409000086603
180 LAYER: 1
5 LAYER: 2
1 LAYER: 3
99 :ILEARN
-0.013542948252501637	-0.0007663897953757492	-0.11205992921261211	-0.03269643281839633	-0.03515711584413998	
-0.11892473118377789	-8.348459461205961e-06	-0.08096437261701393	-0.04036166787248744	-0.05610835081926156	
-0.04849763454350559	0.07150906448120464	-0.1052744223257687	0.05504798978222489	-0.10054080273334261	
0.005938703120453292	0.025620274970364357	-0.02632667527551387	-0.08162485050445539	-0.09299157686651974	
0.11899730397483975	0.00972102829915744	0.015350030441116427	0.07256339007941058	0.15680046322121835	
0.1239018733248652	-0.12722626583407814	-0.05831163110070701	-0.052068849540453856	0.1470887408719588	
-0.10791785534695313	0.03007532952595468	0.055166780707715926	-0.004536099904277793	-0.0005402470602346389	
-0.01878326287576864	0.005631135105698107	0.06949909284347054	-0.08036144503666853	0.08040928834652025	
0.20078911476172065	-0.09224545957547982	0.05488179370525504	0.10307660841888014	0.05745964051438937	
-0.09577389728829273	0.16185124255294706	-0.11117433936438556	-0.06864491878825313	-0.19083500878528695	
-0.1343205816473365	0.06868353102223021	-0.07893557176408872	-0.04975553903448658	-0.06922288480317436	
-0.12430643280914876	0.08548306265873588	-0.1278356665857082	-0.010718645555406373	-0.01118159718327947	
-0.08072004644424934	-0.032435570328851165	0.04802816833450176	-0.010966447574172117	-0.08803081777593529	
-0.07950492154751392	0.15915313922625593	-0.05269477413255459	0.07294956311892414	-0.16633739513696763	
0.1270464454890787	-0.0944394773820764	-0.02335234767207883	0.08693145980187948	0.015746686498389038	
-0.07684567256224449	0.10385629962537436	-0.05329603534377289	0.04300894079447229	0.030084007005070305	
0.03646922500460046	0.07246479762597058	0.00928055652386855	-0.04565213173087517	-0.10192971081891362	
0.011198794694221985	0.08116896599581293	0.03737024076998585	0.02300093186751746	-0.10874068298240988	
-0.12130107085344576	0.1481948445927393	-0.038955638790570936	0.009225304327096024	-0.1171507171631461	
-0.1431838928125856	0.1586261301517834	-0.06483752432762643	-0.1282228379621597	-0.09566157056882706	
-0.03764553683732593	0.0165095531185289	0.07350945218016319	-0.02143329565873617	0.0689728215612757	
0.03239451839549594	-0.10593889223122224	0.09022603600689381	0.04638331161156655	0.12358100376717328	
-0.05752089051490507	-0.07728846104629392	0.09165543692609637	0.05162974110507361	-0.0725471191623465	
0.06618999982236592	0.037445591852144446	0.09830204905268553	0.062230826033487806	-0.05539128868157191	
-0.03709895834589855	-0.1522789995261861	-0.034192058562540276	-0.015718908527847224	0.134501084004288	
0.07219960234095314	-0.06082717589146429	0.13605610741100965	-0.04666851437324743	0.05731422777362538	
0.075232655521889	0.02622841890480659	0.06944612840080248	-0.06529614978363665	0.1428799474685114	
-0.09245903994457655	0.1127256038765338	-0.05935318228138049	0.07049266682145637	-0.02396570557286254	
-0.05005352673826512	-0.002236505106544356	-0.1547954583520232	-0.10445010224073004	-0.1435851514919534	
-0.1143095746917644	-0.003065362584304838	0.006927946830174135	0.001861613976087197	-0.1714782836400485	
-0.08426736356754916	0.10017798110395743	0.015880940556372323	-0.05638075937654059	-0.07663137908706287	
0.08424298845418014	-0.10167126427303702	0.050441902376447474	0.11658555316649846	0.12564533322908242	
-0.0857669018429865	0.054548901720363425	-0.00956046758866646	0.04867831977484843	-0.13740792069256955	
-0.17429538038860642	0.006297711802621124	-0.0775066901311748	-0.022866296196562396	-0.1059628506681749	
-0.03394601803043496	0.09953665727257004	0.018375569333947885	-0.009469519587615768	0.001992677044841839	
0.09911130076459738	-0.017359685781085238	0.0005534722299372051	-0.05856059598894054	0.0425192865881283	
0.09327803697560912	-0.13336157637473342	0.11235873883324317	-0.05251879310328077	0.04124521118050371	
-0.1763147636394673	0.2069034368911498	-0.19668209175757168	-0.09608283362112553	-0.2518566859786548	
-0.32238515812650065	0.2512301306499556	-0.22686415337555535	-0.08026918881638531	-0.2592257032296129	
0.04426580754368476	-0.037667490659419926	-0.09659299194097205	0.01120079581509338	0.015894893592191702	
0.073512885452805	0.03407068469179173	0.06621220576659033	0.028740484099613255	-0.05225645604496413	
-0.06098755552111872	0.09873472872053224	-0.046019249875624446	0.07312337191424664	-0.022301701237848456	
-0.0252956197577608	0.10009963291208242	-0.08913330431883731	-0.07290490523021316	-0.08687339738056479	
0.008100689808670018	-0.08952538307733075	0.09000218473935674	0.08035783246356319	-0.11468486284238387	
-0.039427272347114614	-0.07559019488883895	-0.047824490162282976	0.08137277294778707	0.007457530615192799	
0.1294695799596864	-0.01993988338889769	0.11772505824387887	0.09128156594043997	0.10857434896960014	
-0.020708309662230043	0.04089006227592267	0.04939238901945529	-0.03826342827829093	-0.046047094963515556	
0.01225728518510888	-0.07617158513123175	0.008269279348702257	-0.0035586753387526864	0.027069619295206453	
-0.033611489780958015	0.08123632243538371	0.014162074268544805	-0.05612224900031797	0.042135740513842126	
-0.03895812146918703	-0.04554287994697705	-0.08087748654930887	0.007528924212399615	0.028440884386840334	
-0.10360165482825888	0.08690317964157439	-0.01926381125025531	0.09153005079743508	0.035453540280277356	
0.02261063763978926	0.0776052161732877	-0.017700700538915162	-0.050283025024524114	-0.06619501915322686	
0.01046631423665445	0.10548959231630696	0.016903795887330125	0.01792326738521581	0.043097358386836114	
-0.1130105046689209	0.11739818208440278	-0.07838052514221674	-0.05907246917968545	-0.12239189381982797	
0.011192816224364143	-0.03685475518754486	0.06505129802763657	0.01292445475360514	0.09056853818097808	
0.038650378411751216	-0.04833904583089077	-0.013519104477230403	-0.0220499219389641	0.045208457353083126	
0.060147978853148036	0.10290066187365376	0.017425133609630668	-0.04659078036500248	-0.07317391901840933	
0.008884663772055545	0.08127409667265845	0.0076492084708183585	-0.003242179091887857	-0.060585152850321046	
-0.060750064582229896	0.12329985840382857	-0.04476127058598259	-0.03536111681072542	-0.1230827119232304	
-0.14540933958083063	0.020116523996397635	-0.14567653334017133	0.0723790316439074	-0.12033504570060556	
0.041420772543554786	0.10874663505823465	0.01566506087154493	0.007868256682163437	-0.10414367424820982	
-0.060732753481015714	0.052520353989433076	-0.1070318755534101	-0.001384514139143415	-0.1411124389901129	
0.026095553596630554	0.1536491123524176	-0.11932115887007783	-0.1087376700546143	-0.1506942515093441	
0.06206529235042192	-0.07423102074863087	-0.01882295368266289	-0.018230880218667037	0.18141821866435864	
-0.04902770726530667	0.0718246877503532	-0.08083664697025932	-0.08335872637570671	-0.062298350623906006	
0.06685637638830966	-0.12803428959484592	0.09453799601614568	0.03513702195862853	0.08738662606566602	
-0.05465297474999026	0.029574131982236795	-0.044600698896125494	0.014544339544107535	0.06411451346025585	
-0.09128156946105684	-0.045428360884819316	0.07647371140677586	0.07880049493365694	0.007060647782168731	
0.024331830158612282	0.16197451917123595	0.013095480720769392	0.05205904657774569	-0.180323390150753	
-0.02263770465781658	0.11399145185939953	-0.02587693805200633	0.04184193710257954	-0.1658039809712715	
0.07303712338842666	0.023109157768726223	-0.01864397744624225	-0.03197955439038058	0.035067437639458986	
-0.11070067359884783	0.1733103112504458	-0.08848783943069358	0.022023668290358397	-0.03271575980401179	
-0.061999545994270565	-0.022392277342210214	0.06402393147228627	-0.0010850894203464285	0.03466608873335513	
0.013862756871386333	0.12516295160250057	0.014509975008713823	0.011577724448659246	-0.11056516790640301	
-0.08647984645541708	-0.013216028551256176	-0.13027982619947565	0.03363506256917243	-0.18827942989865545	
-0.0009390107028500645	0.0441140009062466	0.05997585179125972	0.04787054281487103	-0.02916563577221841	
-0.0050176101792549065	0.018292004603358752	0.09933187996205609	-0.05800754808902618	-0.04670349229215105	
-0.06789922341399125	0.0986252766024944	-0.020526374554977637	-0.08556157129012455	-0.06993169478549408	
-0.10650362499987842	0.1344295348492832	-0.08819056004174784	-0.11204713614628412	-0.07098419258550287	
0.012739589989080752	0.05439600455798586	-0.004008559550136813	-0.01786508440484404	-0.06764951834509209	
0.08984677105044352	0.06949940143156313	-0.09725288862399754	0.048196581501808805	-0.017781926939187783	
0.07348039885888188	-0.030439003274364898	-0.06366326787542942	-0.0814775608539614	-0.040930426311219056	
-0.2361223853025618	0.17316358510324192	-0.11476198213937193	-0.017941617528458277	-0.1327723797721136	
-0.08875243215243617	0.11911673677441681	-0.07652064201056107	0.049449935159541804	-0.05010767832926851	
-0.14350080704624657	-0.00021807793104415554	-0.17305829792916258	-0.10509400714872859	-0.12209661241066848	
-0.05013825146229092	-0.12714047863553718	0.08078817991092596	-0.001902320390076714	0.09545079179062449	
0.01646228681953942	-0.046205558704807366	0.019739984488845834	0.011042175531461682	0.09607963223458484	
-0.07148151810208762	0.13767974775746458	-0.15123428594015365	0.045309754235189535	-0.15874382852295085	
-0.07915998336837943	0.029439160039663327	-0.09757556594309254	-0.14249850260899644	-0.040188430762410424	
0.026378077627619224	0.12456953147924471	0.04037930884273224	-0.08491668994694127	-0.14234593447328195	
-0.04040370390914325	0.007326989914308434	0.11594442131544115	0.11531888329472184	0.06513703068569372	
0.035041604061840655	0.09655679897799678	-0.03024285313244184	-0.04547721539740247	-0.08144567204008756	
-0.08142810982475955	0.07154172100133722	-0.06666768686335338	-0.04248730225942138	0.06193253821278888	
-0.04656994659538162	0.11351237173468663	-0.0597254715229381	-0.006060114136109272	-0.07151898452015845	
0.22053482212381603	-0.1641347705110727	0.13002227643290146	0.06514938381488439	0.2251601562427024	
-0.09597885160904567	0.05342730948581514	0.062413092425398844	-0.09384638408250173	-0.005006308452607459	
-0.059601328034296006	0.11627171332788505	-0.0223220134360527	0.029563915741076294	-0.055845177720902424	
0.02442274218230816	-0.035340026368840184	-0.09935060517905243	0.022223683942920153	-0.06327775061909	
-0.02064341435008236	0.11693647376631006	-0.04124990131361345	-0.06617476818602655	-0.0637054751291787	
0.0464710234260382	0.13969128994437044	0.03799247596038188	0.07609452157556613	-0.1098692200038958	
-0.14615943878694632	0.02694812022188717	-0.09839200676999874	-0.08713140240096622	-0.0780095612273639	
-0.007654056789947072	0.072816189773745	-0.061663577218492555	0.04468140050918796	-0.0657756679515621	
-0.024764711899695212	0.02290460100564456	-0.12701683030932012	-0.06405795337515846	-0.037379393927047234	
0.030492868512153173	-0.024445271484520872	-0.031467921437374355	0.03732315515648366	0.12275398965213354	
-0.07219876106588212	0.1840917711610964	-0.035481340085647406	0.03738060445133625	-0.18028892414431413	
0.02552545775001462	-0.2089297048644404	0.04296930384503952	0.04413014092374762	0.12333047834010506	
0.14667378074359771	-0.11774222762491561	0.14883847968087366	0.0828230405311923	0.12039746005688368	
-0.05893592984927888	0.13118244464616496	-0.08186654952984829	-0.12298887682985238	-0.1653048315359517	
0.014848149318488909	0.01744220943547205	0.008796412636609201	0.009447611479736558	-0.049390559213483946	
-0.09954145606319192	0.05731072444468259	-0.04252592544462371	0.09505490177978104	-0.05868870056362715	
0.03893476116549982	-0.09328053064298153	0.13240350129346135	0.028862109234293745	0.020045924671267108	
0.04477232701424648	-0.0802620765818907	0.10814357403752307	0.08601470115275046	0.020301496452559603	
-0.08428597435184482	-0.01630601148050758	0.08324510530703848	-0.09133068428540192	0.05696504370191204	
-0.027179079078660937	0.034670469973754926	0.019962815872218567	0.011838368478178752	-0.1563284186241027	
-0.016246279658433806	0.09500869082296201	0.05410409936818726	0.03466582263426545	-0.0022190027799739295	
-0.04853602851096048	0.030357590626381253	-0.04424483297806005	0.012156710051710321	-0.12817970180743352	
0.03288269518466211	-0.01314728094865287	0.015773674966872795	-0.054037411831482016	-0.009701496464580543	
-0.04025065618422697	0.07069452622231302	-0.047764230236005616	-0.05089946855262702	0.02499693722219714	
-0.10069953467422278	0.07843587340919528	-0.015052654012185283	-0.06924930787457369	-0.10563115505081122	
-0.09452499879157772	-0.025251062816466777	-0.0639992349523375	-0.10875702089221574	-0.12963662315624316	
0.06055637519363688	0.018808840640191275	-0.056393473504149166	-0.035543612762336155	-0.02630004585611803	
0.10982637640198041	-0.0014154492090008007	0.03207281726042721	-0.022288108898244105	0.09942999983651447	
-0.26494772351030643	0.35175889526465504	-0.2104520773676093	-0.11430737461249951	-0.3788192621831416	
-0.06982518873269469	0.11670152667191327	-0.21128987435596475	-0.07130387322865622	-0.23612003147868657	
-0.09547816666426345	0.07358555310419983	-0.08942880257205875	0.028157284961395423	0.005237632074890946	
0.025071661761932314	-0.09495540060307951	0.1345698196017377	0.06432287180526935	0.12421186274330917	
-0.0754031937791523	0.08222891656270628	0.06328569707645665	-0.02258544984218817	0.003803697505034206	
-0.12838200868704605	0.09823730448242766	-0.09943755959046867	-0.0297834135782475	-0.08544172418091084	
-0.19179993919573135	0.21885940782989396	-0.1507970640589582	-0.04410331037249835	-0.15294608292832518	
-0.05197841320245185	-0.08390802476781667	-0.06310562452585185	0.020775351167715984	-0.03425913021389049	
0.04919256811497741	-0.16728457929304838	0.13263927581268461	-0.037954005141515014	0.17746429503484962	
-0.0015330712630521703	-0.084089636488553	-0.03368459618066069	0.08764932432159687	0.03294548526840605	
0.05311846994950432	-0.011869952099689484	-0.025354575778974806	0.0338446159484657	-0.0079830945433604	
0.035087269848402595	0.12273443710952268	-0.091606172748392	0.06208150741385573	-0.15228311183678803	
0.2042655311342153	-0.11678358817236133	0.12000772682449931	0.11673572127378244	0.20055952450789852	
0.10121225766541912	-0.06125345377393535	-0.09774279952855586	0.08978204565633052	0.08646789258539242	
0.04582525600284559	-0.005539845057360885	0.04201519615463371	0.06013202933537324	-0.023817715458569203	
-0.01768218087359016	0.14404371454002968	-0.040800476141140705	-0.041720637594444235	-0.10150579752244962	
-0.12900287415491354	0.12900794042838568	0.04474127962254877	-0.06600451477060178	-0.14264544190561843	
-0.030726709547112145	-0.07478712818479306	0.10455272501232289	0.031046947067177373	-0.023483713908534258	
-0.07248416618935018	-0.04984686446789795	0.02741708016544268	-0.02715839545410525	-0.011253617178873533	
0.0007218527988359706	0.004268548821337547	-0.011581477817341762	-0.01867782697167419	0.07161022443589295	
-0.14918420799633195	0.097909342219019	-0.12471830366556307	-0.005778227635655058	-0.06036956849916796	
-0.042656881474005065	0.09428233837981263	-0.02363059300673335	0.030270001140300158	-0.1316598393064364	
-0.06706104100951997	0.15530587464592133	-0.03363054749379568	0.04051455879197363	-0.09162186351716946	
0.04156661322561305	0.001976102347650722	-0.033891505846756834	0.04008483902254101	0.13184430211113468	
-0.0036805801920367013	-0.06604264751031437	0.06633879797403776	-0.04565846511075878	0.025521499902850908	
-0.030294251297642235	0.13205912081169474	-0.010165264756971347	0.0633752253387293	-0.1667091327654622	
-0.020641569419418315	0.04879739025268857	-0.15081023452813397	0.037002751295731065	-0.26063616954651303	
0.039082029187675844	0.12090283451362267	-0.029618527110329904	-0.04789626369954046	0.0023095191674976914	
-0.039694795076441705	-0.0043204225951861104	0.05007210267273514	0.07055035134089109	-0.07605497119537578	
0.03902064321465896	-0.038397339093539484	0.0018306744329635862	-0.02184103089183708	-0.022101606876000542	
-0.08189302303804318	0.13218552894725483	-0.05761098589313456	-0.08213400244185493	-0.1203733030246641	
-0.12324797985786846	0.12163440709931533	-0.04123768045267503	0.03183708792278389	-0.06770758913026825	
0.1341684309373846	-0.055419181346455085	0.14299823233126105	0.022871620912398066	0.14235682727413299	
-0.05504174240035693	-0.057650502849637	-0.055889912886091984	-0.014159743554504072	-0.0312032056783587	
-0.04020823552682622	0.1306807066553831	-0.05384870445555403	0.08871983481843514	0.005336628237513695	
-0.03155856283610753	0.09819086091318938	0.005102914083248578	-0.04952374851930486	0.007198757084025087	
-0.023836436071587	-0.001893427960949171	-0.0608887252358652	0.02345210078312376	-0.09023282761518148	
0.05053972948637558	-0.017870169823414463	0.005322031142804442	0.003907475279669398	0.0415649700566081	
0.138550460133869	-0.15002076286324162	0.07659436676911087	0.11527981072396506	0.08294955627211467	
0.135546016095223	-0.129300793290759	0.06874087413023912	0.07829347934255937	0.025979058304825765	
-0.0035805256176034165	-0.15880556279337676	0.17541437631730875	0.027873126139709686	0.20302469837477372	
0.034143845873723454	-0.1966937461043837	0.02113139199412828	0.11291502634277534	0.21226032356424124	
0.004439772882850021	-0.012216604591933676	0.0057565881946438765	-0.0544711063500384	-0.07990157386859646	
0.09541650176791222	-0.2179729406436959	0.028534644173354242	0.09554813549905954	0.25838343034155814	
0.10405616050763525	-0.1273929611230236	0.005664782025693704	-0.009950906342973945	0.1665432395907812	
0.08772860434360266	-0.09626240925242449	0.005804299309551711	0.012380852632351887	0.018459008322588327	
-0.011562766317186557	-0.10535903259632183	0.000536526201846347	0.10761679007467119	0.12093633557408887	
-0.03551834691109838	0.10690386506604777	-0.08636140888472266	-0.028320805232683367	-0.13098261722605223	
-0.04070843529051358	0.20527931510935213	-0.07085535508630496	-0.13115840906925874	-0.19854861147073474	
0.18577042144363504	-0.05095865374142164	0.1128250749379513	-0.012662812043336052	0.17944559155101336	
-0.007638881226818553	0.049947671572495835	-0.023806205415071363	-3.2245647116624094e-05	0.008852301188917928	
-0.17511522374410032	0.34307594776182104	-0.14262950622632883	-0.19595043938288548	-0.3060142202743842	
-0.04441509024162707	-0.13350084800418843	0.025651819421003023	-0.040504704447884066	0.09119451797115148	
-0.012917952853561345	-0.18190591080255375	-0.014532358388364997	0.09590784701626907	0.17728290200408506	
0.004718324345038598	-0.1167942211121175	0.07846411967247602	-0.00869909304350443	0.11441815236525177	
-0.14339236808199282	0.20811046521534435	-0.2227977886607645	-0.042830399989813916	-0.23964261485600094	
-0.04461988341467132	0.03536787221555041	-0.02226966344586558	-0.01632468041044046	0.029936599699753253	
-0.003203903939599852	0.07103695052477786	0.036995959872565105	0.07201196310395995	-0.039309435554743144	
0.009997236564300481	0.0041505004004744285	-0.03354347155885153	0.09134673798352616	0.13188629872731333	
-0.9241990005774011	1.4188777494951907	-0.8345832546250257	-0.34179914484701635	-1.4680766003880428	
0.2259650850131891	
