TESTRUNID EPOCH: 97 L_PCC: 0.9086135965596901 L_ERR: 0.009784859532212229 T_PCC: 0.6845831982177443 T_ERR: 0.02495748278299764
180 LAYER: 1
5 LAYER: 2
1 LAYER: 3
97 :ILEARN
-0.01678505861970563	0.05079031428129499	-0.09819972244209202	-0.03620493798041891	-0.0720854093113121	
-0.09910866661965563	0.008298230550728196	-0.05522531681928154	-0.043638768425027515	-0.030150557647311123	
0.00840206294228858	0.00762674070302685	-0.03841219635232256	0.09223849675240312	-0.048900961425611345	
0.032988411323797484	0.005840090466404678	0.0065257051446303465	-0.0725536765205839	-0.06828766896089068	
0.10302701648232221	0.028339238717116005	0.016218272296770378	0.0761406690630802	0.1372361701291256	
0.16960421845156426	-0.1730129457531752	0.0068572702021105925	0.0015201110938323403	0.19956088335323827	
-0.08017627408576213	0.015851074928591398	0.08669280728746216	0.0030811762290132794	0.032822598539316704	
0.00022385874594260224	0.008936209225060105	0.10004819292632722	-0.06469445485392866	0.09029423406219354	
0.2035037112382081	-0.11128861364322769	0.07061378726804385	0.14853673156720396	0.04948389728265303	
-0.1040712637361515	0.17882285396549796	-0.13411970005569074	-0.10112160169637945	-0.19408992710696246	
-0.15408782904993634	0.09392466558011633	-0.11353808289896367	-0.0773733990963043	-0.08389483533384531	
-0.0888415022589952	0.0717729131779748	-0.07884329341481326	-0.0008740377449520814	0.03209757484312824	
-0.1172349642182994	0.015586554185383038	0.004068771357492314	-0.03285915313402297	-0.1376305817552234	
-0.07603237633065428	0.14978565822478634	-0.09269180713227339	0.02970277429411747	-0.11760905599546495	
0.08452081615293702	-0.056803612965847114	-0.07227878767568953	0.06320546486458352	-0.021337907911318805	
-0.031584434714962674	0.07151045547456956	0.008773155151779545	0.07121728508887218	0.08231315273407078	
0.05242585713021634	0.06893850756274147	0.026693882483749987	-0.04902947665423073	-0.07890324389701792	
0.03343589127812546	0.07473744216496576	0.03682541090763557	0.0034372147407930537	-0.05437109413804374	
-0.10322835837150549	0.12582079700046586	-0.042946457105767645	0.0011917906251322867	-0.07041633268014506	
-0.1421464581383117	0.17345603803516746	-0.07177672066321429	-0.1548037184868534	-0.09079581811316231	
-0.03032962880055527	0.013381386110498333	0.08119089942644128	-0.020297912513360876	0.08900862141165217	
0.03971498258438603	-0.10339137752312372	0.10141706028013474	0.048593760672071794	0.13103042887688113	
-0.046413509416359126	-0.08103629074746031	0.1059048561072618	0.05701847909504858	-0.051323164156316575	
0.07936333563775536	0.033854277585808105	0.11444711139363695	0.06946716970181621	-0.028117230909270752	
-0.0846143048282092	-0.09372165603145988	-0.08238726324744548	-0.033379884494347686	0.06522955590012307	
0.08711796131653302	-0.09138592203637036	0.160274874333291	-0.016097645425275222	0.09995842385781913	
0.07582039462568142	0.02242148227925596	0.07764787687862859	-0.04856399225130537	0.15028407361641644	
-0.0699711252311949	0.10152219803344817	-0.04115322509178672	0.0674437401322471	0.02548772913352249	
-0.025365123957344728	-0.009084447183283063	-0.1321809387474896	-0.11527765333047128	-0.12903237411290452	
-0.10616854801113054	-0.01103135866823153	0.010767759887613046	-0.006619147959555132	-0.15680216042612685	
-0.0792406727360373	0.08159384144511382	0.020764180817528975	-0.05129939881233771	-0.06207523727987322	
0.09102334290594401	-0.105724563463991	0.06341666164763698	0.12866219336028453	0.1431560021798239	
-0.07078307565078228	0.024932824711482497	0.004926043026729793	0.049482623056433854	-0.10018870903125611	
-0.16217943652337544	-0.012979168976353948	-0.07802216270666869	-0.03638854437111802	-0.11539318059326148	
-0.021348824433304197	0.09387574062909258	0.0315890990457968	-0.005797857394966704	0.0309232504814062	
0.10988723008030495	-0.03799225470647846	0.018638988504710335	-0.03356017065331261	0.06713822831669124	
0.08945922515315213	-0.1379775654377558	0.11708309217418103	-0.03149476828485769	0.03852533819256159	
-0.16728932493550258	0.24143799864724683	-0.2184269280753225	-0.17353757416404345	-0.2192850079075137	
-0.2804518203729483	0.2516301455240645	-0.21500918532144292	-0.14987042566933778	-0.2364975330684906	
0.047646776243024554	-0.032112843223999	-0.09805652614636838	-0.004073268194213313	0.020991725904567885	
0.07627070391032717	0.04640407125670057	0.06842591116473531	0.019364062982074555	-0.04405688586420909	
-0.05079560364301356	0.10783548285690682	-0.048574401334658956	0.05761740951574236	0.008482619780619182	
-0.05151283473537457	0.15014514137562276	-0.1162519498981414	-0.08736164103498391	-0.11281242984567807	
0.03714240083893428	-0.12626052467212504	0.11729284886732919	0.10880038549093018	-0.04223950257556241	
-0.06470009726043514	-0.04165052865711852	-0.06932114403758562	0.06539171880243433	-0.04010785143964356	
0.10798323177884687	0.012053792305001759	0.09327585339392899	0.08721001935029803	0.09978531296595387	
0.012496602697709988	-0.004216603886370875	0.07155698896621113	-0.016229630371246886	0.024676395393155637	
-0.010324726667163473	-0.033234859445385616	-0.020150296586009045	-0.024567493339672456	0.011135738254773013	
-0.0284644377303007	0.06936531225998674	0.017008853978905104	-0.04559265189843155	0.0557652564689097	
-0.009005817090757984	-0.05117124750121227	-0.03873585398054281	-0.0064997744688461345	0.04282334780977741	
-0.10773743114127377	0.0946696226250966	-0.019944114260235117	0.07676274571185969	0.014209700478571235	
0.01917449533451934	0.10706043075941955	-0.03463884499340262	-0.073175832500733	-0.04780814344918189	
-0.004208000384338432	0.1434725931749904	0.0028078728416833145	-0.0171731779889275	0.009933968414270529	
-0.05974528169850975	0.03449675697286018	-0.025541658947019936	-0.03871143323949534	-0.07298928689121789	
0.023306819622322672	-0.0610526181542628	0.0659390390877215	0.023321688900340705	0.1437468151946857	
0.03863652474974828	-0.04510039236750018	-0.014664716348427089	-0.01746266035621536	0.05917154660861929	
0.06650636777389861	0.10445772696289692	0.023350964870547032	-0.04864066378312638	-0.061304226579294255	
-0.06212842776347445	0.19852374520162852	-0.07966443757666597	-0.07863292444172724	-0.1510730796297026	
-0.04285609615123586	0.1042205773054692	-0.02697553028908856	-0.03997142602632892	-0.10867984519405054	
-0.11601754318684938	0.016643105560393192	-0.1052340510410748	0.05932339310267426	-0.10386328583176549	
0.06516314116316205	0.08407116523725072	0.03953925585127348	0.016834620984553465	-0.0605547261214038	
-0.04760433704171261	0.047124016672711294	-0.10112620216562812	-0.018993146414231905	-0.09980036405331774	
0.047951524908383635	0.16422189729744407	-0.09646167846818081	-0.12362925991719187	-0.11914154449064637	
0.020932855559969224	0.03689867939050189	-0.039047470576849166	-0.044405601563615504	0.08556720271209785	
-0.032715137533669676	0.0565664041012042	-0.07167864949332241	-0.0861984368352643	-0.02515634313822333	
0.05972413307140509	-0.14171129584681244	0.0954054918118185	0.050905297994170665	0.10098414563286985	
-0.07301252953581275	0.0694684728341853	-0.05897576298778642	-0.004129815046140614	0.04298916631730153	
-0.06797896747205644	-0.0393090202350382	0.10297344071710689	0.08686381105218352	0.03132151102037704	
0.036101063345084075	0.1599978968657436	0.01642178206477578	0.03492144846323914	-0.15085639190598685	
0.008467552487898223	0.0578244608926419	0.0011263879031478624	0.05895043481356261	-0.11799621547979539	
0.0929793203824907	-0.03679887933440957	0.002338250750331205	0.0014717693820374815	0.06788814348016248	
-0.0835081973580956	0.1525995191664573	-0.06689493531109321	0.0073951458312286646	0.030371603223245395	
-0.013834343426067956	-0.12211306374084545	0.11233340639907106	0.04030006122684288	0.12084152532179672	
-0.026343015544457202	0.156404103480929	-0.05056435410091409	-0.023839175203305182	-0.1591603203419681	
-0.07874963392157179	-0.01735734534199993	-0.12541099424887833	0.014125783795052894	-0.1470666677856786	
0.0045877705311048456	0.04491708524597548	0.06956890978411635	0.05389130858217064	-0.013093092006901114	
0.024626881142365144	-0.025658072165393977	0.13422821924537154	-0.03586438956381956	0.010083496139578695	
-0.0760008397649758	0.10137623888836088	-0.04269187111205109	-0.10426393650064036	-0.059030835296391075	
-0.1245099277709326	0.15680669847362835	-0.12308452955268073	-0.14573526561868955	-0.08644609003670853	
0.04433579147851018	0.004610359313545651	0.023859066788408653	-0.003766283826817038	-0.0163933510564541	
0.07118572479480767	0.10606058934398406	-0.11501383140394657	0.02968083918138701	-0.03189589923728767	
0.07898779435020623	-0.017609935140461677	-0.05778486011963151	-0.08826573939335952	-0.03991211596546837	
-0.19638259174258504	0.20644451383341006	-0.06841210153041433	-0.044201232968616534	-0.10327643127173458	
-0.07772319489621364	0.15348411674654694	-0.05704471259277759	0.03302591096623483	-0.0392546793874806	
-0.13163167733475753	0.008028793806742105	-0.16992781112442762	-0.12658399501848086	-0.09813416966406213	
-0.027807028642501	-0.12918918748095906	0.11355797910236529	0.01821925000772699	0.1064286530268583	
0.027933459923364087	-0.04232215094797898	0.045784023751799394	0.023511493295806308	0.10412493149215543	
-0.03291201013436883	0.11949427436354795	-0.11042081562419921	0.05170500161374552	-0.1007162778214854	
0.018024574432143167	-0.08210571442725555	0.000400604617633336	-0.09967356013407344	0.06519488853354555	
-0.006970643339776515	0.1779522490601005	-0.012596892232516248	-0.13683830141775558	-0.17116101837372302	
-0.07161779653641184	0.03378618267856165	0.06466573168975268	0.08974114314376418	0.035103170339835794	
0.04923029298120378	0.10420270502042499	-0.011671651358661134	-0.04411056790649707	-0.06889648955271507	
-0.09236396345722382	0.08773965749469345	-0.0903677718923896	-0.05942271286087106	0.04790295504231618	
-0.05510255839174742	0.08127807532047034	-0.08074485670822533	-0.009364119671134968	-0.08203713163472855	
0.19741067156977937	-0.16723511975065444	0.12353508210117882	0.09716129042777696	0.21672571013836153	
-0.1353985692227933	0.12115968588878923	0.028679154231026214	-0.12366797317097317	-0.05204661209182538	
-0.11774009258117228	0.2110633797848934	-0.08599929770805764	-0.028548371466904837	-0.11564907649914238	
0.02800111427358768	-0.0425094285257245	-0.10135956425086036	0.020040675934651753	-0.05813851353213213	
-0.010131264580584252	0.08410352864748007	-0.03635561778583013	-0.06066853903566874	-0.060855508946226045	
0.00291867593138947	0.2061818534299219	-0.020926516435518714	0.021945673258611794	-0.1481607359522816	
-0.14406649468568444	0.042077724203343804	-0.10465251835653225	-0.11233267798389437	-0.0660235425448452	
0.019274405893249073	0.03397356287708566	-0.022252610628395654	0.06556238757217027	-0.008820377099747551	
-0.0328646572354086	0.05218905663525815	-0.14015993759110518	-0.08892702321215562	-0.037934945418415605	
-0.01339286435047409	0.036250903800717556	-0.07665184707512492	0.01085169098706427	0.06603678575322271	
-0.06799897754324782	0.22581638745798563	-0.05092855568801402	-0.012591335836726673	-0.16377137586365767	
-0.003146778687781026	-0.18747235371652834	0.021945511829481797	0.0596416566321055	0.09094300156476333	
0.13947325702524171	-0.11395785232167767	0.1469110035044826	0.09320771605870179	0.11585734639343166	
-0.05717755399106112	0.15551215214646547	-0.09005303238392487	-0.1559679443837091	-0.14962813545233206	
0.002439170527825295	0.04492118481890488	0.004597919928355503	0.0026192524330215113	-0.06907466962799605	
-0.1121019832734925	0.07631055576026304	-0.06281012960299151	0.07802383912438789	-0.07910144384268347	
0.023676756084549555	-0.09694982594982869	0.1119270209358786	0.040161134878706276	-0.008017439420717639	
0.026284207141781524	-0.07111492667239899	0.10487297206448716	0.10016587054150818	0.008785580354001656	
-0.1000057917306038	0.0022098684116191062	0.059327345136496075	-0.10491790173959392	0.032518658615403394	
0.054922119450874364	-0.05921970953980418	0.10282472824518872	0.05630858249307994	-0.0653322268466021	
-0.026398316921947492	0.1220631137375656	0.04140195683658826	0.016366848175518516	-0.006955628588776489	
-0.04558709115858358	0.04318670451532965	-0.04796723294421091	-0.00804935801267915	-0.11282938111247155	
0.03544275716017692	-0.009086631739053845	0.01137880337757551	-0.06718496751778254	0.001908108522924279	
0.005488651904508474	0.03233216706767577	-0.0022559815135298807	-0.030279377397709913	0.07671807633384416	
-0.046745783954734305	0.04458539569129507	0.043311612661844155	-0.05243857673869684	-0.06265066922542623	
-0.09795259393320284	-0.008857078536589715	-0.07635381418095553	-0.13105114004646043	-0.13400381991186014	
0.06614946748260232	0.02290460372748399	-0.04767319402347621	-0.02769062582790337	-0.02192499244601302	
0.11754872003925049	0.014205099452454661	0.040816841850947964	-0.015819787854774406	0.10043878730644475	
-0.20390958197085926	0.410765425448271	-0.16172465811552494	-0.1837042137144803	-0.31724341815393725	
0.01405782643270404	0.09308061903401801	-0.13817901943332614	-0.08772774794153225	-0.11323845037778935	
-0.05870937014619078	0.017759071596454967	-0.04529775371913846	0.05021187719385468	0.06432263562474218	
0.03869258462857279	-0.08217813000157313	0.15613578279113705	0.0940135877853368	0.12731369962425293	
-0.01177819336074301	0.028343835297994113	0.12221305706784782	0.0022601075452535068	0.09395921540168306	
-0.08917034812622429	0.09812995012981914	-0.056524977827271054	-0.027772279573170057	-0.03244566885913548	
-0.1744821168777023	0.25482245090736166	-0.1452626668064375	-0.08468692411325997	-0.1310943978909048	
-0.10822572226635856	-0.029627111388996822	-0.1216749508554823	-0.007913120763558823	-0.11526911514508924	
-0.014369143722804368	-0.12541692960678677	0.07457538636902168	-0.047244259949933365	0.08449149893018532	
0.0037389716178461135	-0.06597100239814559	-0.022284347472507016	0.1062321560779924	0.02449487672044868	
0.001610586901557271	0.04441521754710516	-0.07545355810866418	0.01578073999892947	-0.0894022065641502	
0.010316011952541303	0.09328246023266487	-0.1240960504537089	0.0489609147212564	-0.16586820909537245	
0.1377335522881378	-0.062188045307776774	0.044523603899133096	0.10235543251668375	0.13029483600584219	
0.13497736645675235	-0.07052281437504904	-0.054642551331930966	0.1058895628911914	0.1227205538345697	
0.052290800273802916	0.0014550656760490305	0.05247017700644181	0.06040270097571272	-0.02181365124678238	
-0.019724820358398426	0.14680159270319096	-0.060909906785137864	-0.0650096202884729	-0.08143895629593483	
-0.17351798062603335	0.1761005358617201	-0.02358888367313306	-0.11476826033507168	-0.18721976969566506	
-0.0720543551649075	-0.038733627839864615	0.0607920467579599	0.013407070105684121	-0.08282838246413622	
-0.05907181037248608	-0.06421989806019819	0.04027992054102261	-0.017555591786503264	0.004266083979841176	
-0.004446049500239979	0.03380000144710043	-0.0021045855268435718	-0.015892038775733502	0.04828964146607463	
-0.08929480397287003	0.04412257261743037	-0.06880879232218302	0.0076711045331458545	0.032163375801807434	
0.01913174873313242	0.023706565322143797	0.03192563251649476	0.0639787869255762	-0.03779046192184622	
-0.049033671203011955	0.14275307431466047	-0.020689600287862223	0.029751229697567765	-0.05762182944150012	
0.013780077879189445	0.038439813016462	-0.0583623284011538	0.03532677908304828	0.0958756018068601	
0.010954334710937968	-0.06931691684506538	0.08457443255471986	-0.03856413486967773	0.04361264941682685	
0.0038012524773439393	0.10664960905760322	0.02311895485891756	0.07238947247957653	-0.1116441739358461	
0.006983100202098628	0.0428121374813628	-0.12569994517571717	0.017108562314457735	-0.2015257733730447	
0.0034894781333609346	0.15846670451568268	-0.08712498334419924	-0.0917426934190744	-0.038188720332971375	
-0.0932588848973429	0.05910041909454122	-0.018753054209596703	0.009779682002825554	-0.13725436280331543	
0.039552515277957744	0.006711326972789823	0.010160609380489632	-0.03505413200137989	-0.04915918702429212	
-0.13010999543458626	0.18769259777011604	-0.1183351087544012	-0.12948968896987506	-0.17367826150979684	
-0.12943479092609061	0.11389791215839169	-0.04188506392522325	0.01659533370056355	-0.04262438525729935	
0.14360288191535553	-0.05193020644201183	0.1593299431644149	0.05334103295526115	0.1306052898551926	
-0.004380123396686653	-0.12499271333354098	0.0059386179873375505	0.03217188292999565	0.0341520307535316	
0.010015615810015675	0.05490762048200609	0.0003620257259875255	0.12268164948930349	0.06518913349007568	
-0.04307188633533639	0.1066465643484498	-0.0019123068102739557	-0.05998138583697273	0.0175839939767207	
-0.020044172786150942	-0.03057734194986583	-0.04767889661266087	0.034655729129577	-0.048900668817890014	
0.030577337739922748	-0.005632027315688466	-0.030859629541238928	-0.01889767734479188	0.017866184027608808	
0.12462464698603	-0.1326454573559032	0.06848393815080901	0.12268744041430533	0.05431187748989793	
0.16345497128349876	-0.1627823824136778	0.10688890604092818	0.11117043491097749	0.05869986668114591	
0.00487666278379106	-0.1697593670460061	0.20052783141260305	0.06324155918565756	0.20146771545774145	
0.004324949960646708	-0.1325159096143293	0.004481712514579882	0.11327764009912944	0.13911401548881414	
-0.004098863535751399	0.0206185812427097	-0.012724157826304783	-0.07952727004944248	-0.08513982179070764	
0.07262333712403059	-0.19018687082772578	0.024582904486386954	0.115790462674747	0.19408947174726815	
0.0560937444635293	-0.02107450402085481	-0.029781402456224366	-0.03050691205653603	0.05001482332872376	
0.16092060334080666	-0.19650135628262685	0.08892517592216792	0.0693703646666203	0.12816823428432306	
0.05160630645061109	-0.2131741128102122	0.08299334953219926	0.17942558918682852	0.2327224105471471	
-0.06411957310987627	0.10190930829828643	-0.12993087001229192	-0.04793018355546665	-0.12215612229835014	
-0.06830256587295101	0.22563578196549872	-0.13033236450098867	-0.18961144876863908	-0.1969211882770587	
0.18409642965105136	-0.04446519764797782	0.1255011243951202	0.011055432828649604	0.15672369897595756	
-0.014922575335337283	0.010420636847772644	-0.04294420934602758	-0.002589058490357092	0.035564903021157786	
-0.16531411495632986	0.381218615143665	-0.1666849943028935	-0.26982574871247833	-0.25411274640192694	
-0.05476810698845616	-0.10277545878490778	0.02197519868701957	-0.04025907274765001	0.06553572350507467	
-0.036365065691982994	-0.12288918337727175	-0.030576759580424002	0.09524248139519137	0.10895515229183556	
-0.02506989123257576	-0.06140163246854656	0.0466046601032013	-0.0275086604149629	0.05657576601731099	
-0.14973009528819803	0.2622020179022117	-0.23622025290768267	-0.10524976725896291	-0.2706074690256006	
-0.05362227106727916	0.035705001368485395	-0.0315173649053618	-0.018751187580916578	0.05077079810024555	
-0.04190683545763486	0.08673357407723217	-0.009752631934238988	0.05679697087418331	-0.06198067761557285	
-0.0008195750536466183	-0.011686058074419267	-0.034963506950395004	0.11670602190626259	0.10163574312070792	
-0.8349797472678354	1.5244021917539599	-0.8746749472004364	-0.6532182246826582	-1.249320817423302	
0.2519779596412763	
