TESTRUNID EPOCH: 99 L_PCC: 0.9113238618230749 L_ERR: 0.009522586304602305 T_PCC: 0.7881467339137681 T_ERR: 0.01843424699860546
180 LAYER: 1
5 LAYER: 2
1 LAYER: 3
99 :ILEARN
-0.015548702627038136	0.0494609716527375	-0.09686734937742515	-0.03530635685242731	-0.07061334091424139	
-0.10086367551136641	0.012002661921876108	-0.057068516467557694	-0.0451292675488028	-0.032502878657770365	
0.008029104978132065	0.007480432222413192	-0.038880304815682706	0.09190442339390958	-0.048855473595995	
0.031213791327803324	0.007983475974177487	0.004642829941818096	-0.0738924454058392	-0.07053256370784479	
0.10328158500891155	0.027478444519518978	0.016658631358905916	0.07656349888678284	0.13771731213509905	
0.16977340092121665	-0.172885611420166	0.0070112295287605856	0.001719019059164231	0.19995850119953545	
-0.08100666923886754	0.017376778460411347	0.08577185968518723	0.002403951247121935	0.031807663456669716	
-1.4797192926039538e-05	0.009536723134204462	0.09973090718905998	-0.06482108924830043	0.09002392395227075	
0.20521494872373067	-0.11412952209073467	0.07236422521541029	0.15013846804606937	0.05165358442688032	
-0.10399074848391582	0.17836880897434745	-0.1337974008200982	-0.10083504716526988	-0.1939227555383335	
-0.15422352834650394	0.0941453317903013	-0.11347468300877225	-0.07721615130948532	-0.08402037215039349	
-0.09022879636983602	0.0751231020048589	-0.08031443194857582	-0.0022322333028273987	0.030343744710004457	
-0.1169775896847816	0.0151648662699627	0.0044423992637818155	-0.0324107704975296	-0.1371394748647537	
-0.07657089386027675	0.15117127093089622	-0.09340218400976476	0.029280169070914942	-0.11850145110616771	
0.08373589959156419	-0.05582216109260482	-0.07323096186900924	0.06260034916141158	-0.022244362176632324	
-0.03198700173166507	0.07272373833214257	0.008377908374099229	0.07076755548358081	0.08175220221469233	
0.05189266247549623	0.06993215408089007	0.026231042492541847	-0.04946695769056644	-0.07951936548857781	
0.03270008156947173	0.07653586853813936	0.03589380013202228	0.0029463210330146045	-0.055301648889520716	
-0.10272362064766445	0.12543391115039473	-0.0426679469151075	0.0016309305665330918	-0.06992734024247528	
-0.14188166665314128	0.17280271861334198	-0.07124733197429148	-0.1543870136883416	-0.09044136634586242	
-0.031240001081159468	0.014828676613792151	0.08028202557270495	-0.020846376673927927	0.08801656896612661	
0.039314799032523585	-0.10254795996452984	0.10100726986907788	0.04824877446028141	0.13087765080806607	
-0.04712499935274767	-0.07975601094282503	0.10518412603080317	0.056545214366015305	-0.05183908297353082	
0.0784585235257832	0.03544833030166637	0.11355664735220074	0.0689355522234602	-0.028814057887751238	
-0.08554255349778023	-0.09234468284803293	-0.083286687487669	-0.033822650593782706	0.06379312174941479	
0.08621471170792327	-0.09009574017314496	0.15939064346276188	-0.016719242967067383	0.09943008312381571	
0.07547191089293748	0.022868194073374655	0.07733027085767147	-0.04871249063100355	0.1501770508277149	
-0.07116389811587268	0.103486895797211	-0.042338191593388	0.06670980057554976	0.024205688093612954	
-0.025203786364971607	-0.008633733831848737	-0.13212300065433993	-0.11560897435411951	-0.12857476093795628	
-0.10702301812934004	-0.009932648760279222	0.009909022658372166	-0.007181634518201517	-0.1582984412464332	
-0.079777436669897	0.0819299779429255	0.020236324819154928	-0.05158609614074511	-0.0632364079523331	
0.09044526132901348	-0.10480509602022971	0.06286217508730488	0.12830962220710793	0.14291326597841694	
-0.07224653363614655	0.026758043492108637	0.0034114891036838195	0.04834162866086749	-0.10241717211693824	
-0.16094610107494542	-0.014669722322932061	-0.07684593584281973	-0.0356975411885856	-0.11494790583786067	
-0.02229145681229241	0.09538304313472035	0.030662533292588053	-0.006328973385881464	0.029983134231483827	
0.10959921401637068	-0.03753924438967129	0.018368230534973353	-0.0335598069901007	0.06709579934873787	
0.08950634820299502	-0.13816358618482183	0.11713979359993815	-0.03122296905587067	0.03874045151835298	
-0.16866760774012607	0.24426405745832705	-0.21988393584845414	-0.17481851687400485	-0.22099990156291602	
-0.28146593454190644	0.255095980220285	-0.2163011844199623	-0.15149931116513501	-0.23839899898886946	
0.04665216768174844	-0.03055538843746577	-0.0990731153907517	-0.0047645082949580465	0.019468911389847167	
0.07547544733483676	0.04774928845774659	0.06760870969221507	0.01878914137745581	-0.044999796982091056	
-0.05106512087341701	0.10831224650399035	-0.048846950712874086	0.057641682935574264	0.008218294269765178	
-0.051877980806820635	0.15048954177762397	-0.11689806019079628	-0.08728978716008723	-0.1129887158925027	
0.037337533664345536	-0.1269642889703008	0.11734899739771082	0.10948701961893684	-0.04153685474009106	
-0.0665091816349722	-0.03990812010007847	-0.07111882593956992	0.06418396799658932	-0.04271437997768362	
0.10797773480653762	0.011956522624796831	0.0932530524173813	0.08740074949230969	0.09991759304766432	
0.012846445124700982	-0.005297144946044287	0.0718377932773077	-0.015532131908330055	0.025449218354075848	
-0.011599919367655472	-0.03140749115397808	-0.021522116875802896	-0.02520282355542831	0.009685584036617042	
-0.028329537722558463	0.06833116523255854	0.017307293389689886	-0.04508634167312488	0.055740534543384374	
-0.009104997534895161	-0.049747837784256024	-0.038682214187719804	-0.007287365659616156	0.042562753364635726	
-0.10782622790253416	0.09527792990800858	-0.019791469455529415	0.07632173532884634	0.014097766138121663	
0.01906775817160493	0.10748962647822997	-0.03483305968580868	-0.07315998629353154	-0.0476504228854334	
-0.005136330974924127	0.14539251996846678	0.002064128452158537	-0.01838436714550615	0.008905535365182545	
-0.0596946281192953	0.03443274542191432	-0.025167706156612586	-0.03863779519356552	-0.07331459455838843	
0.022681188315460208	-0.060271723429004435	0.06517813023639095	0.022998362837438075	0.14306709692879707	
0.03796897992473911	-0.04436920229495306	-0.015396468710604416	-0.017576953326089453	0.05848995340696397	
0.06596070337110659	0.10531721653989923	0.02279169803941374	-0.04891446654199628	-0.06186977473733633	
-0.0648837919488749	0.2032149573551266	-0.08245177322714355	-0.08062248427612695	-0.15453914571347802	
-0.04359577138247745	0.10544340294646307	-0.02742760428597117	-0.04053149219999324	-0.10987888841934053	
-0.11649057438867529	0.018417572609098192	-0.10558280232808044	0.058390800931890884	-0.10463420326591227	
0.0641846582895735	0.0855604365527439	0.038457347180783606	0.0161408247883309	-0.061590415693542525	
-0.04887311051933975	0.04908204566574641	-0.10248778446316789	-0.020105118141175368	-0.10124909555890631	
0.04806560688274689	0.1646138759705006	-0.09681796436178583	-0.12402975512912437	-0.11920959883713818	
0.02267621685284353	0.03467209772798454	-0.03751197830748143	-0.04346804062811497	0.08711877089753219	
-0.03408794856115771	0.058654707676151586	-0.07308893171501704	-0.08707529253050311	-0.02673904162263508	
0.060330742289630576	-0.14266225970487081	0.09591096059855118	0.05127098889308371	0.10167449191149207	
-0.07264477090807928	0.06903338714404585	-0.058701804115624194	-0.004046482662497164	0.04324244959276552	
-0.0683374349613317	-0.038612492182079	0.10243414503631465	0.08654384351442694	0.030733772259078817	
0.03621900909972872	0.15986501729363098	0.01635698151052618	0.03487229736862818	-0.15101778583359135	
0.007145173431081871	0.0599995160485239	-2.013452573594269e-05	0.05832762759403552	-0.11931525000520521	
0.09274549402692044	-0.036533909269884854	0.002455675682451144	0.0017799240298737448	0.06772464573028272	
-0.08490541829419192	0.15474328047903735	-0.0684010493338433	0.006067757456750419	0.02888591168107027	
-0.014236661047365259	-0.12151160554211957	0.11209818159345912	0.040328767115128034	0.12050446496959354	
-0.027357034264262253	0.1574343805284707	-0.05129064489442722	-0.024215302898903557	-0.160505351116283	
-0.07923613438726418	-0.016732579597423476	-0.1259316043471516	0.013781588949937328	-0.14744981075829244	
0.004068816272638904	0.04545899411303928	0.06879579089724286	0.05335022540346662	-0.013669194074663387	
0.024192264880961368	-0.02498710992490678	0.13362849550768943	-0.03625041814393735	0.009779695933073417	
-0.07719496933719558	0.10305238681804152	-0.04377992420572679	-0.10491454827959029	-0.06051821851245079	
-0.12546517979221336	0.15808977593191462	-0.12400841119786883	-0.14633665071938345	-0.08772576918088948	
0.04272235039461159	0.007268354270713716	0.0223328176631237	-0.004665517217030032	-0.018012674484688004	
0.06997945176149704	0.10798595141083332	-0.11625864354595042	0.028818117944690122	-0.03332748971413679	
0.07816463724108935	-0.016096340764812832	-0.058633624936493406	-0.08883325756848658	-0.040996379352684895	
-0.19619632695453934	0.20691012150822452	-0.06829495402143995	-0.044183355071194176	-0.10288721337030445	
-0.07852786298065773	0.15513098104330292	-0.05781844151433481	0.0323934845115656	-0.04021286330247548	
-0.13187305373903785	0.008539189930130402	-0.17027861909129238	-0.12665724128160824	-0.09861489967266755	
-0.028819936813237836	-0.12754163038907237	0.11251866191803854	0.017465762915457504	0.1050168123249182	
0.027313813416364505	-0.04120327501335769	0.045295894318826115	0.02302806563914351	0.10317700155025329	
-0.0328288496120228	0.11971278364402756	-0.11037609192797856	0.05188335818854315	-0.10046266964884977	
0.018639235108724336	-0.0827595724874639	0.001039268057558969	-0.09916302738431335	0.06584893413140136	
-0.009554845201708899	0.181445339280887	-0.01519564919181566	-0.138779719571888	-0.17415276124809453	
-0.07257559481583659	0.034893524000130745	0.0636535935307136	0.08909234496340705	0.034109659516886916	
0.04820947678604997	0.10597933697829533	-0.012696291308083288	-0.04485698305866167	-0.07022767669309198	
-0.09347259070138406	0.08916524967629463	-0.09151282986555391	-0.06023192892460891	0.046670502017318746	
-0.05345389176305306	0.07850190590050682	-0.07902599698059325	-0.008032673488640282	-0.08013654678506876	
0.19718747387604044	-0.16678059287781047	0.1233965222385823	0.09717282746816694	0.21615997401501919	
-0.13580865052498814	0.12225752655446342	0.028118330059479443	-0.1239865360761782	-0.05248129573473187	
-0.11912157366007081	0.21372337394611046	-0.08761394580778152	-0.029729282026940244	-0.1172848853355069	
0.027905113169939738	-0.04241513131958677	-0.10142657282655061	0.02011600411898609	-0.05838749902898829	
-0.009334699466066713	0.08276313318815906	-0.03550431039816561	-0.05999410615259835	-0.059990929154596875	
0.00011998037633940902	0.21008666787197844	-0.02375332343346902	0.019848917315930123	-0.15144227213605493	
-0.1448535163438698	0.04329231307818654	-0.10545877275999771	-0.1128900348800571	-0.06690321360946674	
0.01859461615667162	0.03503736689431232	-0.023136352298929765	0.06500156682413823	-0.00978337946532311	
-0.03350707090627929	0.053195048008316044	-0.14113393839213897	-0.08935128185946604	-0.03868183845587777	
-0.013829922147109777	0.036794626584160404	-0.07727690823121375	0.010733456524846242	0.06541149659918227	
-0.0702703812586493	0.2297278237077072	-0.053222843544024616	-0.014230138829626975	-0.16634921931296412	
-0.003012789008886659	-0.18815284642488084	0.02193136853439885	0.059880076936167856	0.09115442588235796	
0.13947463048346045	-0.11428463243202674	0.14676996785022187	0.09341819767948485	0.1157666330314513	
-0.05852594049117839	0.15746151659006855	-0.09146977296202978	-0.1568228039660502	-0.1512227415203023	
0.0022508607082509444	0.04505872310813093	0.004290736216322599	0.0025503555733607675	-0.06945927699421499	
-0.11210356230841734	0.07668728860043006	-0.06263661440977637	0.07785111606167008	-0.07900294749013825	
0.024379411040134663	-0.09820959052483981	0.11307483429978836	0.040769910626986504	-0.007220937976421807	
0.02608527867173861	-0.07113382498044331	0.10447425732086546	0.10010467792201488	0.00852864956166686	
-0.10034264689087773	0.002649736896616404	0.05925234630365015	-0.10534067190562738	0.03224718242057094	
0.05533055967009705	-0.0598748457842321	0.1035080496086879	0.05672848633057935	-0.06497014717559575	
-0.027341139598426885	0.12340482917589808	0.04038206835534423	0.015819456095341744	-0.008081550737368524	
-0.04670245067202258	0.04472699234247274	-0.04916295164607175	-0.008758202060613812	-0.11407497007798607	
0.03487752721830981	-0.008234191525864293	0.010820482787763057	-0.0675449925491277	0.0012827844750754201	
0.0053743605790361046	0.03234846881799317	-0.0022556470727745854	-0.030226162395872613	0.0764206974280026	
-0.04608743546297165	0.04372978215651591	0.04403706076862769	-0.05204064234804864	-0.06219623959338933	
-0.09820902836358245	-0.00800463554422792	-0.07649383582501236	-0.1314233574511286	-0.13424307378236486	
0.06630605034685359	0.022749654961482256	-0.0474782583784572	-0.02749590242794465	-0.021668092448966617	
0.11803631858615138	0.01355920972290254	0.04113464262057337	-0.015444370045888205	0.10109063075870922	
-0.2044703801334161	0.41403728981438925	-0.16239320670030508	-0.18510090101163298	-0.317753104427924	
0.012758116998979961	0.09649395566914727	-0.13942478590670945	-0.08913512118264343	-0.11458802610529373	
-0.058904923714446375	0.018040665317482718	-0.04534700717841527	0.050247951743869194	0.06412083645995702	
0.03944988595097043	-0.08300073356317124	0.1567660096312917	0.09454394782607474	0.12807942614947626	
-0.011384579690726248	0.02804058862406312	0.12258068883920495	0.0024869376144984034	0.09460053700120717	
-0.08918230773466765	0.0987585904338457	-0.05646758467734179	-0.02790237963715382	-0.032162814042988506	
-0.1751738388023566	0.2569304100889132	-0.1463254288697068	-0.08563339003749525	-0.13191269405836256	
-0.10940203654762855	-0.028209341744009967	-0.12273745688937011	-0.008476395667372839	-0.1170531070933216	
-0.015574764040873674	-0.12449236384831373	0.07352393756668418	-0.04765794766195614	0.08226811871458557	
0.00485960117907432	-0.06771879161611154	-0.02135477343067732	0.10706626247075943	0.026067501652543505	
0.0008673238074281652	0.045227139297701335	-0.07617612950004958	0.015444585453550702	-0.09085500093178325	
0.009680151379271773	0.09357030409902323	-0.12477549634050736	0.04876409027292768	-0.16696381894146325	
0.1375862497548253	-0.062295364922606546	0.0441402438178265	0.10233738620226526	0.13033972480672365	
0.13555284002279783	-0.07077427183383034	-0.05404956733676119	0.10615058437014152	0.1234880904399361	
0.05226477562604983	0.0017434269064720862	0.05250940006427288	0.06036344103601436	-0.021931606575198218	
-0.021024454822583742	0.1482356446535337	-0.062271989249124964	-0.06569934583219512	-0.08308989207790826	
-0.17429459202738637	0.1775223591108455	-0.024754633617986337	-0.1154458392754086	-0.18829004013475922	
-0.07288469370131972	-0.03782057208714493	0.06009042979593766	0.01311516517958332	-0.08405808809262795	
-0.05890448524255351	-0.06457890985711341	0.04048570132322478	-0.017302933932873826	0.004489960681537929	
-0.0033113609350803896	0.03212440830832927	-0.0008491302916653866	-0.014938406185439587	0.050095182298419035	
-0.08949087700363731	0.044861184109336	-0.06912783952323945	0.007544638878109002	0.03224453418965249	
0.019143260269702703	0.023913692730808213	0.0319681383617	0.06416103821413843	-0.037593088548187784	
-0.05002381765331071	0.14430249435833103	-0.021684211275505728	0.029084227505555726	-0.058891248721635404	
0.014232550364389526	0.03787651377921027	-0.05773559342370089	0.035793659892021074	0.09636553678590642	
0.011146559594820535	-0.0692730768815924	0.08484980118836187	-0.038379719375303205	0.043990969727836546	
0.003252832846498813	0.10772569791149586	0.022574513055211565	0.07211957539795195	-0.11219578913560563	
0.004558434372298933	0.0466478974527123	-0.12806963211276026	0.015085695345077482	-0.20403752166556402	
0.0027244765531817088	0.15914841237825295	-0.08795531091365343	-0.09221689741103825	-0.03959229923891069	
-0.09516079574140378	0.06144208183166659	-0.020611694400402704	0.008378532493980049	-0.1402742374207824	
0.04107088206541145	0.005000375272920714	0.011810320113504346	-0.03399118494603592	-0.047147995237251036	
-0.1314328494844814	0.18923081380772358	-0.11963327743962127	-0.13042693259450408	-0.1757569954814811	
-0.13098677881454124	0.1165899084910685	-0.043573059818561716	0.01531594846671484	-0.044538052958310426	
0.14350225187010326	-0.05135033203254759	0.15927400659549934	0.05336432951276788	0.13042813649700682	
-0.003576958960810036	-0.12607162888919368	0.00682034341646903	0.032867591074888944	0.03539649073282194	
0.009932399267055138	0.05506533452428356	0.0003611711676861817	0.12264753616660097	0.06508418031894811	
-0.04404349602842784	0.10831117788408076	-0.00289282734020665	-0.060536922161962194	0.01628230973713916	
-0.02074271218983398	-0.02963850694498854	-0.04844731887224617	0.034261553492392	-0.0495749216391683	
0.03027579056247033	-0.005830046147361557	-0.031202029278225414	-0.018953840691113857	0.01720527955446709	
0.12458101849873256	-0.13254033731987186	0.06851096868147862	0.12280787827609659	0.05429890702386626	
0.16379108952795338	-0.16342734461608857	0.10724889556975134	0.1116554368622688	0.05914139822704556	
0.005286760301639901	-0.17026566261316417	0.20102857591972068	0.06383070375797714	0.20195215528705593	
0.004122266106962153	-0.13220364509767102	0.004344107102734619	0.11340786962232757	0.1388544840991292	
-0.004917587247118902	0.0218821048867207	-0.013561743366321728	-0.08001655346091624	-0.08606217724723048	
0.07294588967867204	-0.19094251089864084	0.025046565407145588	0.11626700834243621	0.19445220878540434	
0.05596690801744358	-0.02099666438718773	-0.029858701219949078	-0.030374936565614716	0.04989923579931372	
0.1616811002381888	-0.1976455016986161	0.0898441293806954	0.07023983624445745	0.12936610073070587	
0.05300763937587289	-0.21531186118500836	0.08435455905109066	0.18073162528323622	0.23428165494544512	
-0.06524785319071806	0.10385379921678245	-0.13111748541573456	-0.048930433252716	-0.123701457384701	
-0.06932661092267094	0.22655260161995025	-0.1313795940366899	-0.19053530235629434	-0.198016915355074	
0.1842771514392278	-0.04480273911592228	0.1257768753422879	0.01142940863715776	0.1569398120726964	
-0.014977183335251772	0.01003811561795092	-0.04290163250540523	-0.00263288218697166	0.03558544689020983	
-0.1669271663371336	0.3841600596040404	-0.16877434543962738	-0.2713650267507156	-0.25634339289715785	
-0.055371065994387125	-0.10168316508751292	0.021421238430709668	-0.04048795107956292	0.06473872243160328	
-0.03620314029375342	-0.12313757973358404	-0.030371828521729753	0.095585823985734	0.10923649420074852	
-0.025404365421289554	-0.06096922159714198	0.04630023884563795	-0.027663415613308755	0.056235437682810314	
-0.1523310106123382	0.26643296894656604	-0.23880684786425066	-0.10737910679506697	-0.27427283780529677	
-0.054207833175846494	0.03712264378130807	-0.032584704403083135	-0.019353782581748396	0.04937809404511293	
-0.042800944482713155	0.08830522533446888	-0.010690474450779476	0.056036609983617376	-0.06321840090542655	
0.0010082834038601515	-0.014590098140423903	-0.03316126463938861	0.11783085561289901	0.10392892976953842	
-0.8435082082945641	1.5392430150468954	-0.8828896576515286	-0.6602604432632855	-1.2612540230066906	
0.2525685643975281	
