TESTRUNID EPOCH: 79 L_PCC: 0.9057213988554452 L_ERR: 0.010923766895727185 T_PCC: 0.5749747377448997 T_ERR: 0.03509018922828569
180 LAYER: 1
5 LAYER: 2
1 LAYER: 3
79 :ILEARN
-0.02436878481172742	0.035492466065342024	-0.11272362242995561	-0.04752984496408249	-0.08167220492407887	
-0.11130352297235065	-0.011913495098034034	-0.06376849377893007	-0.03831451656453955	-0.049403581000246694	
-0.03392342637423636	0.04402872934311143	-0.08346304749060456	0.05568766238357279	-0.09177918258313014	
0.016713206897399236	0.01100525460045382	-0.00829251907044528	-0.08514540374007169	-0.08888511669197503	
0.09587525141279035	0.032982282875496594	-0.007715267543512386	0.06444184660018877	0.13014680449368507	
0.1416192905865387	-0.17033016472247828	-0.037664308231167495	-0.0325296197879498	0.18238819108111803	
-0.1004297239724806	0.024044642939741966	0.0693434525469842	-0.006297909328945216	0.0035633426055687004	
-0.021684652863738912	0.003601964289244163	0.07420118152606389	-0.08796972783689508	0.06526097434175823	
0.0762815771031281	0.08969923481764575	-0.06489759194970576	0.04601917738333682	-0.11753319852511951	
-0.04076593205630892	0.109146167173927	-0.06341689129994486	-0.05106896945386951	-0.11849170188164407	
-0.12337551074310926	0.07052978066710898	-0.07560121614075249	-0.05178598985445719	-0.05047046548588253	
-0.08903301419228561	0.0178789806784566	-0.08115810485658366	0.011732580206816872	0.03634956936011122	
-0.08850612727748673	-0.015475761228273072	0.03528779690512528	-0.015915160536087335	-0.09600390922193772	
-0.08046835874466414	0.18721437591612683	-0.06479631648461368	0.053083378898430254	-0.15424189675628758	
0.102551723019122	-0.07960880279129319	-0.0446094899301491	0.07737177345712443	-0.020172735263094953	
-0.043155646383392615	0.04331293654911769	-0.013726079613806773	0.055956576521220935	0.07864117569804453	
0.05952141163500887	0.04072171042675716	0.0344502458964573	-0.04280459438294138	-0.06913354757196186	
0.03339158544148797	0.06696953189866967	0.057111597806438125	0.01859983223349197	-0.07279288056316888	
-0.13431994713226872	0.18927645186492598	-0.05592498387553513	-0.008779961953031469	-0.1272373009000625	
-0.07963400379179751	0.09928793320991872	-0.006238864992182371	-0.10768548602290971	-0.014775233030572075	
-0.022074817534074802	-0.0164445848619696	0.08992097004257081	-0.015927198093265118	0.09489639180182179	
0.01877888502388505	-0.09559929020817623	0.08084628598447366	0.03813139152920182	0.08774715533890384	
-0.04363788598537694	-0.11467624220286393	0.10724956169355089	0.057784329173025145	-0.055422145499424896	
0.06819926582517169	0.015152326577951056	0.10196625939457366	0.061319475893510764	-0.057272346014992565	
-0.052363567256547706	-0.15136591741322133	-0.04989038707075285	-0.017616052529396162	0.1224114686391409	
0.02532871068868729	-0.03261278572791712	0.08492405600846817	-0.06321014091340961	-0.011571203081394182	
0.03503059837112148	0.05988005340735975	0.0295466893520942	-0.08033863648098796	0.08093935530409413	
-0.06455372969612681	0.07346394719208388	-0.031040053281470845	0.07488970279621279	0.01842045951625385	
-0.011437717315882	-0.04915639933209007	-0.1108552580964048	-0.09251072095782426	-0.11449399913425264	
-0.10800865838443803	0.0013338592328309721	0.015737791545096202	-0.003404460784635745	-0.1625364389132888	
-0.10490181435780026	0.13565684802595562	-0.0041745495551305765	-0.06928159593032887	-0.09963605700477082	
0.062042804180764057	-0.0910560509259385	0.02945226575517069	0.10727600253844502	0.08641527253535997	
-0.08974916932175438	0.06393780270900544	-0.012217331760338557	0.04070678158589034	-0.13960971266509684	
-0.15247781703050306	0.021626849619840058	-0.054267359485781014	-0.0190295052151866	-0.07587826720350171	
-0.030849081254897038	0.08437143843654554	0.0223892236838121	-0.012165207382844247	0.005437530520685482	
0.11444064315531349	-0.0718407762243006	0.01488855091199831	-0.04254985838036694	0.07974018395516849	
0.09692867989381965	-0.16904074125073604	0.11517742149074206	-0.04085465201073247	0.06113674970104338	
-0.0952790178129984	0.17038722968459385	-0.11899303664463766	-0.09175259609356583	-0.15098501536296188	
-0.1775750781118181	0.10991938099409586	-0.07475749220181464	-0.038785122762063105	-0.08935570265411273	
0.06606898170785185	-0.05919495654356554	-0.07154857652909004	0.013568814391474265	0.044625818195881954	
0.1042923171384316	-0.008052517736280866	0.09779432416309863	0.041336323650750906	-0.011258210540141355	
-0.055467331819104265	0.09746837140820894	-0.03882858446134247	0.06008221879166589	-0.013472387337373949	
-0.06286699622906235	0.1560680247196657	-0.11434180620221067	-0.0972079030306263	-0.15437694689139744	
0.04619116515450517	-0.16170517450119642	0.1286643478122453	0.10043614381989899	-0.03724175591266506	
-0.11663001713809548	0.0546739309959435	-0.12123300245857051	0.03756265374234894	-0.1364308089985153	
0.10526287042231967	-0.01345289054195969	0.09201607653347468	0.08324715931334677	0.09578759829544257	
-0.0012766526124039067	-0.0002583380208905206	0.06410291949008139	-0.03474198239813793	-0.0009183812024222552	
0.009297999664639232	-0.07807796431024051	0.008133766895747133	-0.012404128355099724	0.023943505783737568	
-0.07779527776767371	0.13439937653419234	-0.028870411193817246	-0.08640725444538747	-0.018780957262535734	
0.030122472192510543	-0.11272156935125809	-0.005909299159740235	0.041167808779155074	0.10576742569368948	
-0.10138708165538325	0.09589701334667859	-0.0202180056004985	0.09660394175764217	0.02989941130501863	
0.03962514163591727	0.05322493313626721	0.0016950953475510688	-0.05274025446844436	-0.03517415347543046	
0.019231852901047397	0.10760305780465426	0.025958738142687898	0.01984096234629919	0.0414734904939029	
-0.16815465598200846	0.22646216809536657	-0.13368276245306782	-0.10796299266070128	-0.22209829213596533	
0.0761726155483159	-0.14327222441041548	0.12255487352724707	0.04879438579939337	0.20611657392929733	
0.04276748853798009	-0.0639809650664698	-0.00871964606460872	-0.022286659819090913	0.054748876848115795	
0.08718943091318886	0.06993209788365859	0.04364276162466998	-0.03543919254415974	-0.04184356442968144	
-0.06869460002524369	0.1952623580684736	-0.0678602807611874	-0.06326561174427661	-0.17737797793069837	
-0.10607311977796816	0.20208497924293486	-0.08951038089680978	-0.07609135447804834	-0.2016626045023536	
-0.07127727796056393	-0.056759078362214416	-0.06702470028088499	0.10774783107402568	-0.03600846259661046	
0.062098242883761756	0.07647963028337897	0.03646883665088391	0.016321303224898758	-0.07739256394878981	
-0.040278912048513006	0.02223989094987219	-0.08305771691882335	-0.0010529167634433434	-0.10767907228518822	
0.08582445722438983	0.06879034144199357	-0.05134303842524168	-0.07530697387475073	-0.06627138078476767	
-0.011894420399200165	0.04291330622805929	-0.07559938499958661	-0.05918337830688083	0.0445833201266194	
-0.013252804148535285	0.023169890713749346	-0.04757973719100387	-0.06897803650408389	-0.008744176160957868	
0.013083285460108476	-0.08372272415814917	0.04505547165560292	0.01696404645377667	0.02845532841056165	
-0.08672535438103988	0.07027852850268133	-0.0685194282771528	-0.004785338486398104	0.017386165704984878	
-0.09431502175217521	-0.034132928164120294	0.07473331782402191	0.07470318425006227	-0.011486169000922376	
0.04654268759117498	0.13482369965258298	0.03998110510137036	0.05695413851057118	-0.14355323599574918	
0.026864082657860413	0.05685482451696442	0.01887638915828802	0.06133774271803091	-0.1007975628945111	
0.07318957601964898	0.02917121654993831	-0.026378899650972593	-0.033266622645488915	0.04687270371618055	
-0.10098168681842706	0.16342386288379962	-0.07199073274560473	0.013275189821792056	-0.02044491518667348	
-0.034302014585880954	-0.06338992737237985	0.08641593336237412	0.011264308586336048	0.08822157290623245	
0.024276563755215665	0.11929225030379703	0.013576773346476478	0.013322424151910078	-0.0849200057008443	
-0.11526989570749502	0.018294075158765997	-0.150069460542994	0.005068101367809693	-0.22200317343516976	
-0.008621544898643321	0.039553085676041495	0.053786594121418056	0.04958692380665287	-0.040007180898398484	
0.017595712491250734	-0.0296988190335232	0.1231081905468106	-0.040923692622080156	-0.004399521076680893	
-0.06697945072095962	0.09797132685014226	-0.02243425029228194	-0.0921005854523081	-0.05989014666045566	
-0.08686125356808894	0.11824199381748203	-0.07022222923256503	-0.1100703507547259	-0.04418534737448703	
0.07712775057182775	-0.027342562872073695	0.05604772257349426	0.010219884868302075	0.017772694478248478	
0.07358511941775864	0.09467892640687989	-0.10897734295122856	0.03365853528508107	-0.047839670205313926	
0.06438532722131801	-0.009063559503744108	-0.06759674842453536	-0.09630205847680602	-0.06986311929318322	
-0.13778264678743735	0.09747344718869054	-0.004559223680039635	-0.008559826461440788	-0.04487197500311511	
-0.07295045695030884	0.11506590060894156	-0.05229172979583826	0.03625943019662209	-0.0541346313365251	
-0.11818589542864194	-0.00807620803880672	-0.14228509819668145	-0.1082548210204481	-0.09716412623160398	
-0.04954389870510679	-0.12906496020338948	0.08212963724751952	-0.00614331153155099	0.07571812204988154	
-0.012597673764936949	-0.010231945511134816	-0.005565310292271114	-0.007197603450163294	0.042464135546608106	
-0.029091631692233885	0.0964670725561008	-0.10377000103883414	0.050084499086332925	-0.11007579287334221	
-0.029427700428852923	-0.018782170598702897	-0.04458616945958294	-0.13598160131621767	0.006866532494982287	
0.04010429465047477	0.12343977410473621	0.04903485156196779	-0.08634424131318495	-0.1261536551049027	
-0.06196284636117941	0.033782439030445414	0.08613499617664852	0.11057484135435498	0.043997476889462955	
0.02902672442079478	0.11271681757774425	-0.030701805870487504	-0.05966751351675907	-0.10827786359977087	
-0.07640473514662083	0.07063094347440771	-0.0675880004981229	-0.04094568690141596	0.06539227777300888	
-0.049921369654937826	0.12062554568977163	-0.06928899092613804	0.006377132508862925	-0.05272768634909506	
0.15045589871318987	-0.13235486583933156	0.06125328304230719	0.05074610460631505	0.1650834003021348	
-0.1263852637853939	0.10209931723029596	0.04374626918957027	-0.11781706211110296	-0.06445031268458307	
-0.10434077584650327	0.18348562353246153	-0.05715018739527834	-0.004145552631202266	-0.12730720272793616	
0.027546921036823407	-0.0367279511090287	-0.09898744846698405	0.025417234974620454	-0.0526768506394942	
-0.006091388201173199	0.10298013804052394	-0.02963918433394364	-0.054711155992435805	-0.03873572648719842	
0.038945222234657836	0.16397708867052854	0.028764564260163647	0.0642670267968018	-0.12459144881334369	
-0.10565752682413544	-0.013565208131675159	-0.05841205399655312	-0.07613918191313175	-0.02791037408893108	
-0.052268919048915355	0.14257215317149974	-0.09936683109745378	0.014783877379721653	-0.15487927644220587	
0.005553886459819443	-0.0014654491397301087	-0.09359307754066384	-0.0575371876437431	-0.00733802345616778	
0.043009178559258295	-0.038386157357118686	-0.02084776458607429	0.044750203693818734	0.13409674268973806	
0.040769845884162874	0.05215419644284964	0.07733270214766085	0.075935070502695	-0.02619267024192038	
0.002152975647030541	-0.1917287776685598	0.008473337178116968	0.044944721016052715	0.07887850285970768	
0.14040273688387137	-0.11032748229171709	0.14029540018668415	0.08198444494864351	0.10170198933932822	
-0.023713963602320344	0.10751303924341911	-0.045253940115013415	-0.12177227160649891	-0.12923927996794654	
0.0024124750849876253	0.0469574852553144	-0.0015708151200468478	-0.004362608165309429	-0.08178789246037432	
-0.11623250720133285	0.06003506790569725	-0.05795799386760395	0.09050752895330796	-0.06141993868360433	
-0.026142963261911983	-0.017142215720754677	0.060537823538564246	0.00453445124259629	-0.0442997401394968	
-0.004486339242042505	-0.02290508778533931	0.06274057206411643	0.06952972570786571	-0.06572557534720232	
-0.11548431314975632	0.023174891384169484	0.04669811304018518	-0.10758080020141286	0.023054467763240282	
-0.029219684577157744	0.0513225141681676	0.022079359021028738	-0.003861344657745502	-0.15754452286349385	
0.001613711265887322	0.07544893554859856	0.07196545323755972	0.03823801124991542	0.013990350074632717	
0.018873436875461225	-0.03567919250678164	0.018723129012672063	0.03825265875198971	-0.04713651692357822	
0.06970919831634972	-0.05256557872625766	0.04957567358344106	-0.040091738304803615	0.04152570653811686	
-0.052167778529774354	0.10155879265900604	-0.05980211583738454	-0.07274340365499643	-0.005969954731874932	
-0.0981843640458419	0.10218277999561196	-0.008375523626993826	-0.08976694097212076	-0.1248159246443232	
-0.0856804679766625	-0.04763241820956752	-0.05366670954252074	-0.10595289238291149	-0.10366283299923715	
0.03431783680411456	0.05857407474579112	-0.08050083508514456	-0.04776926293232549	-0.07319124358740078	
0.05678667395643858	0.07950999711011858	-0.015378295523592732	-0.04964092926110699	0.007513153549785699	
-0.16986184279195016	0.2852670210739464	-0.1032861508962491	-0.101628356998626	-0.30264615159207775	
0.048998073286691285	-0.015488507199903703	-0.09675465330066887	-0.03582902419551148	-0.09026914499787939	
-0.09135406326797701	0.049839802957679036	-0.07880718891433587	0.02822988434501089	0.02181199261070534	
-0.030049782653555557	-0.020022991005889276	0.07778300871285422	0.04730361486518829	0.03773994252113149	
-0.07001416346527133	0.08498638343505277	0.06412902970858968	-0.027835461190988873	-0.0007356493587252519	
-0.11934211168764018	0.10734634993015234	-0.08784202399801005	-0.03428772739136597	-0.09824942331358978	
-0.18307098796273588	0.2295843598244316	-0.1318618337960716	-0.05921256690771277	-0.16833341905999064	
-0.07431694044915266	-0.05103412650012423	-0.08280726813333865	0.0065422102421966765	-0.057653239064284094	
-0.020412972530635832	-0.07519394090938152	0.06543657482261012	-0.07009878907525353	0.0972262357999174	
-0.0695623111193048	0.014622179792673523	-0.09533491294970461	0.06037198182670717	-0.08589004176322218	
-0.001576615944966197	0.06812776084467428	-0.07684961035046008	0.007493946368085804	-0.08045157526601095	
0.019504901621332876	0.11737813377562031	-0.10491968815827207	0.04692242377846617	-0.14237686763052712	
0.16124869535609074	-0.09644799418543569	0.07304178193454702	0.11244381513612006	0.1443170746781922	
0.08044469926241321	-0.026783494819622812	-0.11182151471675494	0.07950303271243181	0.03729844294875499	
0.029788066400784977	0.02341877191266988	0.030236247575518533	0.050043321536633725	-0.05671334721963004	
0.047655484162831406	0.07791978288482168	0.015157306631881837	-0.01920342258216381	0.008618773929995202	
-0.12158886001631382	0.10410256737453773	0.05151161571101369	-0.06829607616748015	-0.11320574626477664	
-0.05352904095460533	-0.04094336644205241	0.08300086013059912	0.017680538317320638	-0.04918587114299391	
-0.0765746548350535	-0.0357719236632038	0.023815278611977617	-0.03223663317477921	-0.023753236934060007	
-0.010047800455032037	0.0440786795238706	-0.017988560636176525	-0.03452294598584515	0.029964521936074507	
-0.07788565326888848	0.018450861302952655	-0.05225899928221154	0.010702715119628227	0.034529259354751964	
0.006342220622840281	0.02689101381267736	0.01595860851903162	0.04201173100169036	-0.057983318346560266	
-0.052493429577166205	0.14153681878521895	-0.014451905186314345	0.039123622299205074	-0.07529384804326625	
0.017795655289419218	0.045255048042147465	-0.0606895535123663	0.022868743357088786	0.09296869513739212	
0.008081409897039076	-0.07212839494617163	0.0764778287183857	-0.048945379852356814	0.03266574208386822	
-0.018260023251973984	0.12691157359073643	0.004642164304680797	0.05667453065563187	-0.15721544024121592	
0.006700911533038454	0.03414733671797842	-0.11630911433700729	0.02682237364637632	-0.22395591864336428	
0.04643720287725103	0.11549314110176588	-0.025192547028324082	-0.04408977025826301	0.02244793640885067	
-0.0633547141937331	0.029549547197434453	0.02928767016318608	0.05465346884678753	-0.10388105592399507	
0.04623809450173656	0.007538150305480447	0.013247861867210288	-0.040251833505548514	-0.05183003190198156	
-0.10386734150733602	0.16724900865982548	-0.07764401931095476	-0.09640895117630656	-0.14517764136859646	
-0.14643182216937609	0.11746173281113287	-0.05150449522151611	0.030901905945825228	-0.0732588729529407	
0.12204393727958635	-0.038374104999697324	0.12476760318099045	0.021845814677977284	0.11161117981683814	
-0.062481321235170556	-0.04866170474199535	-0.06019311192315898	-0.018638915297523297	-0.05007363296786707	
-0.00361836483760522	0.06839323571628629	-0.018533885297546678	0.10778010884345421	0.05718119453500938	
-0.057386941595695184	0.12359594317632408	-0.013187338405161099	-0.06388541376598009	-0.013405655194927753	
-0.061631435778013284	0.03358956251226027	-0.08888160395794553	0.007705046608453155	-0.11071282291589228	
0.057397241289780715	-0.024816797951665023	0.008936762221530366	0.009891939299254365	0.05909369461848827	
0.12825234313875453	-0.15041569084423848	0.06659284784898449	0.11934839773118228	0.07417798746196144	
0.17268399230467946	-0.18419541517111804	0.10569637092945844	0.09947440541044984	0.08114362970687247	
0.012801159518015855	-0.19980408487993578	0.1932213040877745	0.048458848889063454	0.23475105253588455	
0.041020209067237016	-0.2117025660692556	0.031042625037127094	0.1252007030978225	0.21487946230507737	
0.010563702746676945	-0.005964682006867475	0.012142669812321299	-0.060074903915418934	-0.07867647446996484	
0.07580568061689699	-0.19663071705777627	0.012465648804841134	0.09677188000368508	0.21945875517413185	
0.10024951348876528	-0.10138275538767089	0.0069358015050322	-0.011600370733727996	0.12882424613790866	
0.1453629808685025	-0.1896629620808551	0.06120448556474881	0.041966028278792304	0.11837168872228254	
0.06389020059809697	-0.22827945664070176	0.07617947590216136	0.1551840771722966	0.2529760388687459	
-0.09128973586893271	0.1513242131711722	-0.14363734071029485	-0.04525030541792785	-0.17625716259970833	
-0.06227668326970625	0.2578893437250736	-0.09791696386571576	-0.15542148211410073	-0.22903053551735733	
0.19286471436992667	-0.07094351403536167	0.12154259350917875	0.00012742193801050934	0.18886037944682546	
-0.043724866723575284	0.09633172230616215	-0.06417066647533934	-0.016248551238957396	-0.027424786758446718	
-0.13702444946104012	0.35437784613092693	-0.10283737300795515	-0.21775469254274085	-0.27962174476022245	
-0.04608619000150521	-0.13486562982968087	0.027304266087808483	-0.03953329594273739	0.08522528480783066	
-0.004438651453819643	-0.18856722515671565	-0.005973558973117727	0.10559895238496751	0.17561413543440793	
-0.006502250120260574	-0.09607262032608957	0.06703043596279952	-0.012768433131278716	0.08909065457638832	
-0.20518653938373652	0.342744998787049	-0.27241305634544477	-0.11951349552937815	-0.3840494464495164	
-0.02182248077618262	-0.012406075339016874	0.0036848860808045493	-0.0032291113174395267	0.08353636653013613	
-0.058991887216841496	0.11087770100875516	-0.019351539375979453	0.05953424693140567	-0.0882387324978453	
-0.0010574650353965187	0.0029683551299109342	-0.04825066275691614	0.10468295879841705	0.1250691083869743	
-0.7675066072913249	1.4379856297207865	-0.6748620231082472	-0.43966268606641135	-1.361218996403716	
0.08517942930560694	
