TESTRUNID EPOCH: 99 L_PCC: 0.8521251532070938 L_ERR: 0.0038296266187112945 T_PCC: 0.754551756498054 T_ERR: 0.005285892163057512
180 LAYER: 1
5 LAYER: 2
1 LAYER: 3
99 :ILEARN
0.05956015772538841	0.08537398225903539	-0.0017621349742043334	0.03060244448799277	0.012745085106472397	
0.01711259337470155	-0.042140790193984645	0.08742775658541513	0.0529544291979597	0.10766696702021089	
-0.14891196437761306	0.032277534316965936	-0.19088194439255102	0.03399887014222006	-0.21796371883933127	
-0.2690589479541312	-0.0393551842795394	-0.3208959006636747	-0.19660966693872708	-0.3749265461224005	
-0.05698259641463962	0.10686710626870667	-0.16584309886969809	0.004075148244006482	-0.04089986869283186	
0.001807838726160944	-0.08465659047401354	-0.16312645447960517	-0.07919592200385019	-0.0034041371644155426	
-0.4253999480017597	-0.05958429859618724	-0.29325356602480845	-0.15297472330326412	-0.3259598885703624	
0.04575515530469981	0.08238626278819493	0.1714834599734156	-0.019259183764039234	0.1384406105175227	
-0.002334198219729543	0.007064567550105399	-0.13479310146341278	0.004472224111017421	-0.15858325487699548	
0.10582560226603105	0.1208934125954767	0.06359575255581489	0.01645902292471231	0.04317866570785634	
-0.14402808200687073	0.03961592331034124	-0.1391830113765303	-0.08283925372907042	-0.0568377274848643	
0.021685157113430883	0.047217894321895534	0.06666055116231318	0.10821155195018996	0.15111433610753736	
-0.05647432599344235	-0.00614617896191459	0.04940258325268161	-0.009999508112207752	-0.0656373011260669	
-0.3095990122561941	-0.05712519462680985	-0.36570470287468065	-0.12509033012355847	-0.30338197095581365	
0.12545928741829568	-0.04152582458565919	-0.012980455862246453	0.12722446201347223	0.014900453872129432	
-0.26318069115090414	0.07685209128897226	-0.20665087416161845	-0.014653160169772575	-0.14373271487203412	
-0.10005484602672099	0.016207161390642672	-0.12394041562209122	-0.09609923614542489	-0.21102050662168031	
-0.02249036889241364	-0.03484064501312111	-0.024798170878189255	-0.02122729774491214	-0.06943727504819334	
-0.2812572014883499	0.003848823427269452	-0.22442444056269586	-0.1275740059891751	-0.19543788886665994	
0.04875495575423045	0.1209364710001123	0.11339324898473534	-0.03944002221173285	0.13014393344469935	
-0.18534999513404107	-0.016262648299090344	-0.07966184307701053	-0.09879133517652382	-0.06682336284389254	
0.08555098465738498	-0.0533990755937836	0.1563954937705186	0.09763286316431953	0.1740063275701822	
-0.12146802013617822	-0.05315827169228743	0.030998486255085337	0.038398711564734414	-0.13779724674004878	
0.003365309262046594	0.08396424266333583	0.03578024402356905	0.05188673452357678	-0.11488653915492425	
-0.2738491293525987	-0.11631102789073951	-0.2932996385192587	-0.12867686503449144	-0.11011994524609799	
0.1404515239749275	0.06941709388417336	0.2200899401698162	0.028694350059483013	0.11685656695304572	
0.03270854202659014	0.1341709581133595	0.0362021893095135	-0.058493175920131715	0.09331007000827928	
-0.03599633335018881	0.10215544386938874	-0.0025318990205651054	0.12240992415986349	0.06620009516477118	
0.25707697466867097	0.012475545215256224	0.18015375936772235	0.08892482034570563	0.15742743909271872	
-0.3056503893750966	-0.1387550833542749	-0.22017993358793514	-0.14537119861462236	-0.3442700734434655	
-0.15114694771961396	0.06487288098327788	-0.07328476804642757	-0.10421354807006926	-0.10948299473842371	
0.10686220291090343	-0.01925776890259202	0.08539935219305081	0.15078128602305876	0.1405250948273198	
0.06865573303277263	0.002083371675157133	0.14742473538522938	0.12700068359629715	0.06187211595926128	
-0.11472775180255788	-0.0764588131908069	-0.04213203637109799	0.031714375552449645	-0.031191540645205098	
0.029778933289815977	0.13933082525340337	0.09165929813970485	0.03201376899464019	0.07501339406292401	
-0.1268980138687742	0.023715619040144454	-0.22917176631270486	-0.15477439932251216	-0.19236371619840045	
-0.3641213971448577	-0.1306191652169523	-0.3756582539078044	-0.29030429491900694	-0.42592474154988935	
0.09069761031272668	-0.021411966926005683	0.04918066395293317	0.0623633601769334	0.10847715541618029	
0.11139110701440447	-0.043984953874458776	0.21260675721329964	0.16123923106312252	0.2194837854243829	
-0.2374304081774823	-0.20290077255792166	-0.4142146928384658	-0.19172635264522545	-0.24921285700801016	
-0.08359602031360579	-0.01018261620774331	-0.1151560272012179	-0.04874360997827582	-0.1964813568204362	
-0.09468310738713354	0.02174532593983759	-0.09519510318671139	0.05587218285114984	-0.013311613487405023	
-0.0468836285160648	0.10867956376648892	-0.10312567070500855	-0.06493676856220558	-0.09640886502443363	
0.24402014273554315	-0.03213483317309981	0.34472500846411147	0.22129922126875937	0.15053067101718792	
-0.14821632672712656	-0.023055895995981766	-0.17160266823284687	0.040632161432585974	-0.1185982229822498	
0.09947822383159581	0.03486745896849118	0.08987896924970472	0.09661536045576039	0.08970182712116598	
0.04310286429509292	0.039607667190152004	0.11005360529147845	0.010928477714683875	0.043791017264783176	
0.08643278597771403	-0.05591352428192058	0.08104363945690332	0.044722496831206444	0.11825389919855092	
-0.010748617181657524	0.10985456293309369	0.03530882657545765	-0.023609614071419618	0.07233495291225807	
-0.2511590455299468	-0.1517343202887983	-0.3039877954376519	-0.12895397946606055	-0.17167294192457022	
-0.028551494395841596	0.10508706972133215	0.06832283437001546	0.1271318170688149	0.10091914395977361	
-0.19338969822989904	-0.014094307492930214	-0.25494286362573476	-0.15426486943841763	-0.24280146095469698	
0.03354657854859281	0.061459678843646864	0.050828914028693196	0.027652141172106882	0.061643012659453086	
-0.11794817735526977	0.03189879004535347	-0.11310747283626921	-0.0778277141847012	-0.12536102578632188	
-0.12426683302419164	-0.03395638441216734	-0.09824886597823135	-0.020103083779842358	-0.02731576154062822	
0.06410345010699176	-0.03851183889555012	0.009551348459336112	0.003212289113657665	0.0805821558948988	
0.1351131790138503	0.09547303709396593	0.09633244894233739	-0.009389126734019768	0.009693549276310566	
0.051973467752792206	0.035514460604335635	0.029501681540234397	0.025926261537831247	0.013187928943136975	
0.02093127786101916	0.07093600106554966	0.020907393447865675	0.003943409659263237	-0.02774642064622106	
-0.31688209621087027	-0.076428529299866	-0.3281912704283493	-0.040749653928123006	-0.2764578629255633	
0.13283008398589236	0.1001662749643782	0.11778149627969221	0.06035757696289239	0.008604426768236478	
0.008583168998040534	-0.03435216733782133	-0.008465272976200675	0.019772478285862226	-0.010731406934939488	
-0.06309537219784013	0.051760449495076	-0.2124431988753177	-0.1548682187173222	-0.24334418546890282	
-0.16757718791510798	0.012239133735741974	-0.2571314661412913	-0.12362607123131548	-0.16632396572444372	
-0.03882607745107792	0.0513128729294615	-0.07673870546759645	-0.06146023308429427	-0.008999586285702748	
0.13486589111515285	-0.05083460331654196	0.2136108851288701	0.07548147808753468	0.1586667305504141	
-0.1632428233032326	0.029814157286348182	-0.12972489684351374	-0.03883354646642838	-0.05962035990537142	
-0.13023214311236322	-0.04032799517110501	-0.009248721619586554	0.042223835929181684	-0.04219444189882439	
-0.038689826251225516	0.07655359453106779	-0.06091076687709995	0.018480217737389653	-0.20410248393379096	
-0.01836906692799668	0.06775044696227596	-0.02698495518890006	0.06822669110748673	-0.11805010533565988	
-0.015337173474452659	0.06896648922283244	-0.12204147303397982	-0.04813725242430968	-0.016648895770041725	
-0.1628377775041956	0.018101567088253914	-0.1068019333785532	-0.032533457220947616	-0.015164764542900807	
-0.025409997761777867	-0.04280961363857649	0.10593282024425378	0.039705894346242325	0.13085814541401922	
-0.080528835560148	0.11663216596324458	-0.13454450882334426	-0.018402031196288856	-0.161713003847847	
0.09097788572247122	-0.06791046108694655	0.06797412332958849	0.12271466600350232	0.015165435842918962	
0.04383230891554911	0.08820398727820992	0.11662398898124587	0.07952934492347394	0.00021210932045323067	
0.051951342827675266	0.038793748330072035	0.1715385289214909	-0.012196094349076052	0.013900046517038094	
0.006137017278159957	0.09320052038276787	0.04331055918430712	-0.05162022083478616	0.05612080542599649	
-0.04280835637993599	0.08387836830504221	-0.035726451373725425	-0.07054429967119683	0.03941297273806795	
0.09498341519733423	0.014626206236953298	0.08732633102800219	0.04751151305065684	0.056634824473826194	
0.15727648690906118	0.07902209442127715	-0.020738405947436082	0.07481868993430822	0.06190355543210081	
0.09824653433966553	-0.025778443047545424	-0.011508903679150886	-0.044928345157990254	-0.00773465727297048	
-0.3015712419263174	0.0012694777384003614	-0.219562806247182	-0.058872483814505806	-0.21777392742908602	
-0.10537627386259464	0.08957563852008715	-0.11497113814439813	0.05872138343573072	-0.07576659733405462	
0.01660756749160922	-0.059872824912785685	-0.016131296764967343	-0.03450582701856852	0.07901669767905191	
0.0015792630774700098	-0.059310612282660456	0.14215439405335986	0.04561387256085163	0.1302907906546939	
-0.004076950449850399	0.022213870696443476	0.0044851921657217495	0.03050391100730423	0.059621233428845614	
-0.06018644461432059	0.09928224914252073	-0.16652479965519706	0.03847336778709198	-0.14330761433583433	
0.0720061096066768	-0.06839306653860457	0.04790716131905789	-0.051123352432308554	0.11151522761129563	
-0.06453311849616199	0.018922769644036955	-0.07944403632379296	-0.15836145783209113	-0.19079271673536552	
-0.17198442112169926	0.007610371364846672	-0.05035811206511775	0.05467796210116875	-0.047456918291615226	
0.09967193012406884	0.11724758514130301	0.04832274072563185	0.004805836545324703	-0.016878890428682677	
-0.14837876770552344	0.04702582823559694	-0.15750555068758132	-0.07696362935246287	0.0065764974129807145	
-0.05223753302051131	0.09627376885646874	-0.07005113250899916	0.005116837423065567	-0.05460273894345055	
0.23778174387123732	0.031184242792972102	0.1548831747922212	0.10975157885455039	0.2259160685565147	
-0.05395352011688863	0.06422664315680601	0.11513723529572804	-0.05935559410693091	0.028096084484257378	
-0.11566310778304556	0.06473053095897728	-0.08676571289016854	0.009526163955138492	-0.09072155055377408	
-0.15751449808366846	-0.06028094195188154	-0.2852409469512544	-0.06763858308975465	-0.19587312379638588	
0.043951298536396295	0.08450516504570467	0.029106100222184003	-0.034913027176367	0.01282797121276413	
-0.05299113789873652	0.04551041298254974	-0.07496351632464897	-0.004487475519059809	-0.16348558829021698	
-0.04055916739712076	-0.04039841545123499	0.01763161150039412	-0.03940817879178732	0.06619474588707827	
0.04055521920050931	0.09190746808745799	0.002279766368630267	0.08502415610923136	0.008046865398090906	
-0.10887012482793583	-0.045146166352781035	-0.186252140758225	-0.10953417413818485	-0.08928203241124484	
-0.16270728273467477	-0.014159270015684466	-0.2073023455173218	-0.0553494269508577	-0.08372213344254875	
0.14579503507841937	0.05167388236625384	0.1834843672881094	0.14196909556691584	0.11268116598058198	
-0.10292057283024039	-0.08214659511799899	-0.09133715818505188	-0.017720161271580118	-0.03392704884014198	
0.11734923458953808	-0.055507362847953115	0.1304889321892998	0.07253861238547477	0.0835342408891756	
-0.1087653496134642	0.040144306025512284	-0.08989718795312095	-0.1370999001864107	-0.16289188061902818	
-0.029658942309006717	0.05319271755376139	-0.03458386440070242	0.0038480283120442722	-0.09355031780686134	
-0.2150919324917054	0.03126079845009873	-0.22674066562643522	0.027211573587941348	-0.19089086977735373	
-0.13059671412193816	-0.012932236073119602	-0.11326751863485944	-0.06407643329887094	-0.17594712362378484	
-0.03948540146624325	0.010717837652202545	0.04968202308985517	0.054499716517746925	-0.08350087114128062	
-0.2618662407745296	-0.03212463720029977	-0.18180587332865494	-0.20059115247149037	-0.1327307757299924	
-0.013823687681392534	-0.00776578650501727	-0.027867351369290586	0.02794138463824527	-0.1425285999448431	
0.004774865580317107	0.09514532849733259	0.08328098315256355	0.044838721710238255	0.03888828841429595	
-0.0013880808428391248	-0.05005144218045469	0.015141865668036603	0.01813125240499037	-0.04360393963912989	
0.09242116919000543	-0.05682101329708043	0.06208342765990191	-0.03908454424379388	0.07610123209364632	
-0.10998016750561061	0.076872252853533	-0.1656920106890448	-0.07134533306073396	-0.039099807525959325	
-0.18713240005896395	0.029203317190045146	-0.1581907466026969	-0.10270215347542382	-0.20428904326953942	
-0.11164436639822131	-0.0796451286634707	-0.13839423479525828	-0.12893734945460858	-0.14314172155019242	
-0.0445589303268485	0.04095750528097601	-0.1442026988885025	-0.10430672171577891	-0.12083036916202669	
0.10714647261469817	0.04637485759168818	0.019419179204092005	-0.036935353466397224	0.08783523088360227	
0.02509558851128808	0.09933186020085973	0.09723126425886502	0.0250323303281253	-0.010905878519024574	
0.10387952646337438	-0.05198557847608419	-0.039677319919285324	0.006433249220913269	0.0009954852483437873	
-0.06426342972771222	0.06853753355152434	-0.06085960431449922	0.04777964105917137	0.05499343088230625	
-0.06976963921681015	0.021227269298016577	0.03682316204884576	0.02047751853277353	0.013783874663423774	
-0.08233465285927995	0.04828560280113951	0.047070208164665145	-0.030660928349916038	0.015054263490511085	
-0.13018866288687436	0.07734479349220034	-0.08330872891637803	-0.017528012765734746	-0.044319809006170933	
-0.05955413380245051	0.09886054660664365	-0.010823897735416116	0.031561610370809456	0.020707195284295325	
-0.007142105440237968	-0.035553767676633534	-0.0244059688366589	0.0380730765332303	0.0030953885814657646	
-0.11565740629512547	-0.07737459800078318	-0.06479480362207903	-0.11892114778911125	-0.014963477163760478	
-0.029357027634409786	0.016072302943158305	-0.05306630216382414	0.06802577813038882	-0.027287381143424293	
0.0377155661294659	0.06155043275594369	-0.04975284054229953	0.02964386052832671	-0.036201708164625306	
0.0958556638204158	0.07291883408417414	-0.04465245530047973	0.10413399434260502	-0.07206802635986148	
-0.1728547952519896	-0.021113714720418838	-0.26882768211598274	-0.03378480003890768	-0.21376941893082285	
0.08025636119553181	-0.05023191409329702	-0.10739436344339474	0.07688471579521897	0.0719817278987097	
0.04267268188640284	-0.0028547872805827043	0.029091127796233792	0.04290221328171823	-0.023364672471609935	
-0.05792362042590453	0.06612654501182677	-0.11754298092323749	-0.051508210233213746	-0.0801873888399855	
-0.0033263905637449364	0.08693988023739543	0.16660453629711497	0.003428241728368034	0.0131155090632771	
0.011112062575230989	-0.0197093763457041	0.14057268231474304	0.04091754229517897	0.013689401618664873	
-0.19409342112689715	-0.045870797077340396	-0.09890664609971475	-0.08266003702559047	-0.1302013809234332	
-0.1445960549081643	0.030572369732808722	-0.1155866100386505	-0.09981425826910123	-0.08677087259008676	
0.004520709743556899	0.02105034014179738	0.03473107185932561	0.07020728712106877	0.13144902967818128	
0.1950158226797758	0.11401988528548063	0.2236762506180858	0.1597043623645173	0.13597707836076814	
-0.014300051785221805	0.11509417464217292	0.012214855623312197	0.08594132262025393	0.00045511078515899045	
0.11815193468305785	0.09403844836177665	0.07175839994953624	0.09787194685700154	0.2049888584101029	
0.1667021259478155	-0.02174066277881602	0.2723069943167419	0.06334062157056654	0.21129752810755456	
-0.16577095070191744	0.07361219508934526	-0.1906354515702118	-0.04414521737510251	-0.26317389177464434	
0.12274461516454845	-0.0682345055543539	-0.0015205916496467374	0.12077032426300185	-0.07400071805644497	
0.0467012327128898	0.09361741212199687	-0.04692341878376894	-0.03968110648189775	0.024815783136425726	
-0.05194881174014541	-0.06275038656496806	0.02763988254423327	0.07432236424750845	-0.050144694267412096	
-0.04151419648026409	-0.03465086384425307	-0.05189543810718081	-0.06051667158043134	-0.11228921214626884	
-0.02820575034557663	0.11009040599938745	-0.002676712259762882	-0.04823622136398466	-0.04468622301831874	
-0.2093282434901744	0.03352440675477307	-0.14800529020306533	0.018375146950766905	-0.11752903194217727	
-0.0026740371792022674	0.05593632974740114	-0.024425224662228993	-0.020656759525004755	-0.05470329413393997	
-0.07305796784235656	-0.023388276219247193	-0.06563149590619562	-0.006009028220835092	-0.055664309682888255	
0.044336106108414555	0.11891919053832618	0.037602670725561234	0.14794849999107715	0.08802126354864483	
-0.0508979889680435	0.07472387462778166	-0.024629856305292862	-0.03727222250497343	0.014734090227945763	
0.0203135813208259	-0.020090203676162467	-0.01170787709856473	0.06962023718222556	-0.01919596000743548	
0.07909169966150703	-0.015830261655046605	0.022397742495335996	0.024128844324497963	0.07666888203123168	
0.11088595437906637	-0.04962349400380155	0.04834040107288785	0.10367244768243862	0.0201256872670892	
0.08578065136339176	-0.014645564416739384	0.02697392093301085	0.05637680017451042	-0.06423533945848106	
-0.09341721016622564	0.014953846061127426	0.09168541396367466	-0.0024564381233093675	0.0507711559093856	
-0.09449155287057504	0.004829968739195432	-0.10894548971807848	0.06306704495035562	0.0005684135617426328	
0.025794547973777702	-0.03565998491660838	0.015067882190395879	-0.04638270562107594	-0.025598516952124582	
0.02087756221366441	0.008791056950977365	-0.03908715034023399	0.0731921217939875	0.07809697466087467	
0.015154869447626035	0.05912152384618932	-0.07570145336605145	-0.051373518511831265	-0.011645765281123923	
0.09916147775727979	-0.02169608256808195	0.01524761545967215	0.03552821751845656	0.015759603798548103	
-0.23357320244928328	-0.042026388044747065	-0.21741720849959398	0.0031441230026501947	-0.1318505771600799	
-0.16466204444973448	-0.02989617325726641	-0.24673867656991122	-0.10341318358363334	-0.18207298811745848	
0.021954180223928716	0.019553753201540503	-0.0471903606796162	-0.11001014574383085	-0.048417069637353274	
0.1905457119737205	0.14250381881503735	0.1331283445550868	0.002858158265116902	0.11646455465947103	
-0.024910621895426373	-0.021570936518536823	-0.06777317890382974	-0.011317483439176506	0.03152827659805279	
-0.23012355403775342	-0.05708817158543238	-0.20815228193202806	-0.23911137122809328	-0.19362656022105512	
-0.11607868767370808	-0.032246940075286765	-0.049444988523690565	-0.06470465399031049	-0.008740152790632467	
-0.036506354080967605	-0.0106906196195331	-0.030762826351629347	0.08803765909694337	0.08291836053083448	
0.037928019454106295	-0.04274393781952055	0.10983173619201281	0.005175032690662598	0.12451107147687691	
0.02661918495212694	0.019589534447714243	-0.05348206155395084	0.07301049597127386	-0.008091592012878925	
-0.4541164268484267	-0.11529531267163594	-0.43382191050447166	-0.22589549487713062	-0.34091817140290664	
-0.1856237383455934	-0.0026132113920548502	-0.1724569498826488	-0.03861509235036224	-0.17924270283752386	
0.07954994394384955	0.05447504445375679	0.06487742583658233	0.11128577335577906	0.15110147433601706	
-1.281199520403555	-0.052300980465758345	-1.4303202658286955	-0.5990036455967447	-1.246297598692827	
1.1209089713682412	
