TESTRUNID EPOCH: 97 L_PCC: 0.8493826134695766 L_ERR: 0.0037823354907919595 T_PCC: 0.7036872976011133 T_ERR: 0.006841028324124014
180 LAYER: 1
5 LAYER: 2
1 LAYER: 3
97 :ILEARN
0.026416553516350506	0.08012506877743905	-0.04641164497573983	0.010975556648222825	-0.02367073277745195	
0.035198520154973316	-0.03443892323298619	0.10575015199585756	0.05018311223537213	0.10990929295880435	
-0.15116254817101013	0.02452389203649504	-0.19856388220356652	0.022812960526769024	-0.19588191810859767	
-0.26014437640640276	-0.06215532165229883	-0.29972149307905255	-0.23005049707808337	-0.3214646524908002	
-0.048400771259512115	0.11026021051453169	-0.16396046257474178	0.02229348275915778	-0.007130620441069842	
0.08211479136454347	-0.08375900639990104	-0.06776487678517892	-0.07134900985028117	0.06636728798870628	
-0.5182919085545161	-0.09771408304073925	-0.36865886532566927	-0.23856348340984732	-0.3596426962859026	
0.04080220606908159	0.08388513601361579	0.1589300332988413	-0.024572956162275863	0.1300624770862185	
-0.03541425398175304	0.004811044767955777	-0.16569387063365673	-0.005321153609604325	-0.17187580927444762	
0.09959227509632049	0.12531516092403375	0.04404541889298533	0.03463429726726203	0.03005393651719317	
-0.13609225695077906	0.04507771318729294	-0.13035062527985877	-0.05707975738830662	-0.03604608229863414	
0.051637841839632374	0.04782591079051662	0.09816038991740951	0.09722115065108775	0.16020463586150924	
-0.07676715440790073	-0.007185558407389965	0.024578456567117962	-0.005774173308873756	-0.083366942726124	
-0.3042389103324371	-0.0391204032592947	-0.358995253258035	-0.06797709333108472	-0.2507520831888502	
0.15976971767467132	-0.04101406010451311	0.03141667377005498	0.12851661383091353	0.051107853308959554	
-0.19835894505324886	0.08500095088503873	-0.1504517108981097	0.017883949527193504	-0.0623552195260731	
-0.020096050844952643	0.029999035623600172	-0.05327723157535841	-0.05304165468620557	-0.1236363720310633	
0.04847143482179258	-0.014757969128559813	0.050708285312754994	0.026555016400742076	0.0012378259707889739	
-0.24090658354115324	0.025518057117956443	-0.18671094475961159	-0.07472225593490178	-0.14701782682190895	
0.03212321854234426	0.12250945329058653	0.08057915921852278	-0.03249100893757654	0.10564457160397152	
-0.11446946959156043	-0.004755100518348349	-0.0003249181858252841	-0.0670032135025662	0.016557990800824336	
0.11343831718348402	-0.057366969435947504	0.18515096045833926	0.11417295361659426	0.19474146380665833	
-0.11157978744270992	-0.061149888981272583	0.0364838481783282	0.031136042317460092	-0.12211334457609785	
0.03135420038746871	0.07943163157701878	0.06178976992430887	0.053879898258187946	-0.08145662665576861	
-0.3114200057952502	-0.12175414900777717	-0.32616023278133766	-0.14505030820178322	-0.1104013197600744	
0.14636508053392683	0.06287539296370782	0.20528357433143318	0.033812043941253166	0.10434484269213855	
0.09760259633901892	0.1370534080792473	0.10072716392000852	-0.02667492260992613	0.15138067805358632	
-0.11765400303189887	0.07548253947267375	-0.09227260963213024	0.04705601602482069	-0.0072370975068095705	
0.15798568358891912	-0.012135572898108508	0.06144531029451083	0.03872113386097392	0.047871399016419756	
-0.2292689312760454	-0.10300304156697292	-0.13063386484711098	-0.07403688767855465	-0.23516944275434915	
-0.150623327835364	0.07333117204015202	-0.08271327671322892	-0.08822906570631076	-0.09764921927579175	
0.12413502012125022	-0.02369289387793174	0.09613430970490108	0.15738400811175873	0.14959192957887157	
0.04164962914674832	0.003902979228347386	0.09928801120958194	0.12602700794023558	0.022024855562969275	
-0.17544690290374	-0.08695968146428179	-0.10175248760289893	0.009025747567168436	-0.06804981263393863	
0.05620290036020408	0.1413729546534664	0.11912614339711677	0.036443725606499125	0.09331182338662215	
-0.13429312416336497	0.010096431786753136	-0.23229398891276185	-0.17616234119549867	-0.18427018616796784	
-0.27086297658218994	-0.12220377236268375	-0.2557317152038675	-0.25233211338526645	-0.30286501620061324	
0.07963957320952665	-0.026251320052568354	0.03433173264609765	0.061517023473671446	0.11135112482304621	
0.07327867811935448	-0.04921717538957502	0.17323516535216996	0.15286516911745376	0.1820856044838903	
-0.11484758605583079	-0.15839918251209584	-0.2632636797672226	-0.09373638134584276	-0.08652366278290935	
-0.12164330874383816	-0.02727911548787293	-0.1627338688288141	-0.0648048983239254	-0.2041933596058909	
-0.01942665868630893	0.04635957397462957	-0.014481346288478887	0.10612218687668439	0.07780391003018498	
-0.140426531564108	0.09431382540405318	-0.2083355907193505	-0.10386538305826938	-0.1554073351502354	
0.18972173793356364	-0.03117172966150419	0.29143272194546055	0.19443180071357713	0.08533915187655046	
-0.15732661968350048	-0.038928387387714015	-0.1964016000235987	0.021271340601751055	-0.1166900414270875	
0.0962587722459917	0.043150445671454596	0.08350833559199537	0.10446191364638976	0.09810388966995055	
0.0026507433140971768	0.042209458105047816	0.05673981885296	-0.0005786872763565443	0.018198815762451442	
0.119204508832743	-0.05464647470449365	0.1080453822876805	0.0666322705469389	0.1513819394928336	
-0.03868905622497756	0.11260251543582055	-0.005452108686862851	-0.02828945910112453	0.06238927724406292	
-0.2848845255113337	-0.1671918022156946	-0.3189851753108208	-0.152341114353659	-0.17382613099723918	
-0.026760844909226488	0.10601236578337718	0.07102677955372358	0.1193595922214505	0.08378798669035255	
-0.16769036961209402	-0.004042275204225607	-0.23146012546764091	-0.13124001473592353	-0.1676441770680973	
-0.015072111611475708	0.05683284491282692	-0.001277672579038964	-0.0004364943186043433	0.02132910931695894	
-0.063505007624211	0.04218273026430223	-0.05972695848345908	-0.048598126570811445	-0.06695159813283827	
-0.14056788053674368	-0.035309708559368165	-0.1255287699986483	-0.014051681071224948	-0.001297933131296354	
0.0818728945779998	-0.038534307603680915	0.018569774831496237	0.011593499339109106	0.09483316687497352	
0.11593246980101547	0.09168553331763056	0.06986249073182119	-0.01809067855888649	-0.017103549819920842	
0.021235571091711182	0.034043738671886835	1.1205887998664091e-05	0.017142117290592486	0.0021976726454434243	
0.05491759966075879	0.07941881451473823	0.058866557449031964	0.022331139149972448	0.003262769300067491	
-0.3464629619117683	-0.09355048836853494	-0.34146609992179733	-0.0633048056050976	-0.2823075990955697	
0.12741164736793723	0.10401155370718677	0.11530967975924664	0.06086493662135291	-0.0010464136392038506	
-0.03498453851071543	-0.04384597146747208	-0.0753323350308951	-0.014408669984267042	-0.04614926867834513	
-0.049696347940845494	0.049420336902243685	-0.1754441756553802	-0.15077523060395392	-0.17284273111675683	
-0.18662276861248717	-0.006307823517868524	-0.280979119155213	-0.14808154147718813	-0.11297933460898855	
0.012605723786503292	0.054962566631717974	-0.011279883268158847	-0.04982360495570235	0.035250475081452785	
0.10231731437317168	-0.06320625924890645	0.14950539701612447	0.054874469364414445	0.12036762946201036	
-0.3030840462002816	-0.008257519802470496	-0.3015586096825907	-0.138211170399078	-0.15371355205280882	
-0.13418902075146946	-0.013725086793294716	0.03311722597053794	0.09414347700279214	-0.0014285174817835833	
-0.0768397666638862	0.06562151795616072	-0.10213690238445954	-0.002584272455823606	-0.2034039375719473	
0.02843857233764738	0.07057765816517632	0.018906039019581846	0.08458060843021696	-0.09261577711378172	
0.015345021112388103	0.06840188073354175	-0.10211264499697603	-0.036650130447806344	-0.007704971449618579	
-0.19438730019548164	0.008942679815833951	-0.16008002989701312	-0.05701294733217474	-0.014985945379527766	
-0.023792979508911145	-0.046186872793966216	0.0967581277623672	0.038731947329609356	0.11081995810944636	
-0.04365874781918168	0.12182244088081669	-0.07611121405572162	0.0009187693872498165	-0.13296030384049226	
0.16475541086649562	-0.0498802898235583	0.12431754220833019	0.14965476764253108	0.06140462248140989	
0.11326313580173034	0.10207374766901552	0.1977890760063212	0.11537815260234416	0.0661291406982193	
0.10572293860402786	0.04462550185958613	0.22937063391052487	0.002058177138525359	0.047723653839740664	
-0.09308171949288475	0.07945742397278568	-0.06319814171805059	-0.06609921846427422	-0.019637178506047022	
-0.0776376239011414	0.07546265373549003	-0.06308088617857716	-0.08733925159734231	0.0018156795149396044	
0.11284680079280573	0.012496971347042533	0.09972134863876382	0.043529257262681385	0.04656142853366626	
0.20156239077995092	0.09084950215846738	0.0257419748418926	0.10071866146965613	0.08641307502706294	
0.06255930156245536	-0.03080727959230564	-0.05250373252141899	-0.062059469087712746	-0.03774298426087189	
-0.37953081292981394	-0.0026824965218466045	-0.3010764843370958	-0.08273007090461518	-0.2226132784746401	
-0.19402631205015755	0.07680383947686616	-0.21307499869905736	0.03395986637900317	-0.11643115496852541	
0.008879920285472737	-0.05458196825464711	-0.02385500488248527	-0.03340009013781044	0.07343983427264367	
-0.010997578230636938	-0.059808677472206896	0.12947841001565935	0.04486464331317996	0.11085089466225517	
0.03197624317488205	0.026024157515051917	0.042242927059510514	0.05305685956120429	0.10382550210996958	
-0.03838306255168248	0.09981167843003223	-0.13770179569247593	0.06506776638784344	-0.13702661087353202	
0.06534428309596038	-0.06655517442734069	0.047669466384215986	-0.05556785058695239	0.11535791769434964	
-0.041358370549968056	0.028709834287822148	-0.05856817185429018	-0.1507532110220099	-0.1375079453858404	
-0.09716317298059576	0.01504329714431317	0.03223483257593607	0.07847070363419112	0.04027966894109811	
0.09809471840265484	0.12038184083477593	0.042928605331684334	0.007216244691344066	-0.019629395445863545	
-0.11207813143699182	0.05055017807170056	-0.10993604527343756	-0.0702997636029822	0.05468588639936884	
-0.03035566719990675	0.09389918456442659	-0.03369543439199599	-0.003936297913187129	-0.02037706147317454	
0.23776336036658752	0.03347405726103086	0.1553987436125666	0.11337853022081233	0.2156855827535982	
-0.025699701318556686	0.07343313557940107	0.1494715467044788	-0.03518005216955358	0.05315339494349357	
-0.01797031613127145	0.08374962598648389	0.026943419386165006	0.05986281033707148	0.010877971614161246	
-0.14175141221961432	-0.06734446333130902	-0.2564426731626037	-0.06697367031744646	-0.1665988536882995	
-0.0020392879137489826	0.08184195234962374	-0.006395190469526686	-0.06089027796357171	-0.024892647187708363	
-0.007118221324321427	0.06130654101741482	-0.030822598475144576	0.01839574938054432	-0.09740602345700315	
0.03134652905791384	-0.027241723732922867	0.10035207391935051	0.001293113164487696	0.1266381372731098	
-0.008432742293588215	0.07285252667023888	-0.06417169957546155	0.052635367672237185	-0.0601155877866798	
-0.04824397546487827	-0.03554864719261765	-0.13525427834253514	-0.06738005687519638	-0.029286454048677725	
-0.14259486252053824	-0.011111926621258032	-0.18432149922873348	-0.031314347787905934	-0.035853812985963615	
0.15999273824799456	0.06004849516331601	0.19728383377972092	0.14887901395583805	0.12026499266711413	
-0.07816053679438484	-0.08150368160797437	-0.065266096407512	0.011821866203493925	-0.015312067207749327	
0.15029969086236708	-0.0536122057526343	0.16477070276362657	0.09878173244796477	0.10674610227575064	
-0.06514467275259728	0.05076944550840451	-0.05561293194133904	-0.09336474092929667	-0.09725551603235283	
0.03872441074502872	0.06020015442046576	0.03165323182172977	0.0343999445162814	-0.04186816367861228	
-0.18826882595450614	0.038664206128562986	-0.1774934824043286	0.03483853243661962	-0.13148082679770676	
-0.12290247986001672	-0.005458987159068675	-0.09453388269935326	-0.0581300369424091	-0.14054330911149437	
-0.046287122998949236	0.003341773647742289	0.0285174975401779	0.056554318978796925	-0.09411146678595694	
-0.23480613781555718	-0.02281087738790129	-0.14485580813929722	-0.17340150085327488	-0.07911628177545588	
-0.007775573569173106	-0.006039840158437612	-0.016005811165895615	0.018317326502747592	-0.1152198866520854	
0.05137366755017047	0.10530184346345668	0.13309809559676705	0.07159456867524697	0.07958299839056482	
0.006779794738237231	-0.044539390182642746	0.02729634517088539	0.035038276392875795	-0.027379915739890574	
0.0957772655865504	-0.05212655941859319	0.0764335123551057	-0.032337721700151936	0.0849314971896793	
-0.21841273934311756	0.05350609172254544	-0.2815447660270379	-0.11747402607944248	-0.09270810564165405	
-0.13889933715857328	0.03167907541438681	-0.1012738352768702	-0.09162646791067916	-0.13647324666878116	
-0.09245925551861524	-0.07494426346020645	-0.09343596139874617	-0.1284684480611374	-0.10307017446492468	
-0.07942883055183564	0.032879826815000276	-0.19360624031788737	-0.12049044427448356	-0.13823090958019352	
-0.008939608964918772	0.033865221436182764	-0.0979239823001764	-0.06215059779620612	-0.0092586973538131	
-0.00440378564401013	0.09234789470170575	0.05105092985516898	0.016238079600658324	-0.043328762521533136	
0.22241945652464853	-0.03633274955408959	0.08374438696319121	0.07085782745162185	0.09828530480341663	
-0.0813368167294104	0.06938588212245207	-0.08678084405180017	0.04201144390119102	0.05193986783942077	
-0.07957560643511476	0.015635121984755425	0.026733501951828945	0.023913612469555236	0.006314638352164342	
-0.0119843027371221	0.0558242139901157	0.12415466538507026	0.013004148220337432	0.08599740496589973	
-0.08955277039828079	0.08681211531270594	-0.06062856596704157	0.014756900998520835	-0.011188006614145901	
-0.08663141056004957	0.09695660084915951	-0.039664481880712615	0.032185079552737965	0.010371814143800869	
-0.026313357838882744	-0.03589563112936035	-0.05344895352483075	0.0076962070276174275	-0.018374261891459253	
-0.04501970135466159	-0.061703912993078334	0.01470719273280539	-0.08881510038332668	0.06763621625969514	
-0.15544012285188438	-0.005998561709738367	-0.19337078180941844	0.022901276862709603	-0.14011550765268554	
0.06628783105164415	0.0707902827080189	-0.019168876907775988	0.03704799713603574	-0.008712860987223073	
0.07155865826999576	0.07993141909706623	-0.06168354067175256	0.0867871593315955	-0.08622031545754835	
-0.17021871410174738	-0.03728946258758484	-0.25317844552758395	-0.03350525244965707	-0.1484555733513919	
0.015018746487096642	-0.05676077588078047	-0.1836412887689779	0.05964637724134406	0.021276073539831717	
0.01785024503845875	0.001538496134215972	0.004954422132855625	0.049539822715886805	-0.03916370047812188	
-0.10113440077926379	0.054831333160453494	-0.14276177164423717	-0.08405734594121163	-0.09874127516036539	
-0.05465471181144486	0.08477807991838317	0.11651722779124853	-0.023138149193458333	-0.03632087051952801	
-0.010893873186827899	-0.019985381115613456	0.1095685086400318	0.015714378168006807	-0.010275268696585248	
-0.20308088214255562	-0.048236159010993374	-0.09481077491443198	-0.09111395797461638	-0.12581925050056403	
-0.23724873996509444	0.006949453026470812	-0.24175345332960235	-0.15698226909263707	-0.13523493748105891	
-0.03709854269002758	0.014509018557610486	-0.008208500476712179	0.05203055312920431	0.10336998504494149	
0.18981004397786855	0.11791535883645667	0.22148962374784925	0.16857109394759234	0.11286160977639406	
-0.023298395006541205	0.10942337511276322	0.006888122022217881	0.07487156185668892	-0.0053254137003317485	
0.12633441997549172	0.09135101666604181	0.06890322363291201	0.09365741146100769	0.20633687605617956	
0.14490484623350253	-0.031946209342222816	0.23966296536657114	0.046060219363986965	0.17774335771742103	
-0.005758911437410562	0.12813377549764893	0.006110356589011106	0.09058422063003449	-0.09922609384827481	
0.09673825914563623	-0.076830576215501	-0.032676581950625866	0.10902895486314511	-0.08418468033670684	
0.03634213674193246	0.0826749562186139	-0.06254070172617919	-0.057539278946512847	0.016962600738240956	
-0.06196573852038332	-0.07410168732292388	0.0038376774575473354	0.05538933115076039	-0.06043945661511462	
-0.09939382071479402	-0.04951841831424036	-0.13439787998087907	-0.09590129423311529	-0.13076270657790798	
-0.027195816445062002	0.10318695184324116	-0.013327246259198693	-0.0626882525760568	-0.051172693101524475	
-0.24488830280874188	0.013557336421647442	-0.1909836209987541	-0.009548113486958543	-0.13421250693657458	
-0.028261726342837055	0.05872649580574247	-0.02876666965774038	-0.023883398456955324	-0.03767743019527846	
-0.11831723500303994	-0.02702563870588136	-0.11301446252446709	-0.024071739289245192	-0.08500464244590894	
-0.015030657494445465	0.11009640699478805	-0.029473913641435267	0.11586985116202037	0.03515195978634361	
-0.02199609573806955	0.0804538453840228	0.0034092321041959235	-0.036963485327181154	0.054602338108688316	
-0.027647054549995363	-0.03728959349241297	-0.06666250459377496	0.03914792527046627	-0.06014764684996504	
0.050593194387336324	-0.029011734843621448	-0.012145232564626556	-0.003567642131545592	0.047393673502969996	
0.09614791905021523	-0.04917709459272009	0.03304831184720718	0.1053009356679396	0.002625288208994261	
0.05637956769214519	-0.025555815190529026	-0.0021998910201663554	0.036800230465167345	-0.08167209698981358	
-0.13316470986314854	0.002806773466425692	0.0474455871278598	-0.024762128215475767	0.022848074189931476	
-0.08285669988841676	0.0003281140145358929	-0.09366540876960458	0.06910887260191252	0.025166411653840884	
0.016591830154596053	-0.03398180144050465	0.002446714715954527	-0.04237172803954785	-0.02428045552900543	
0.007241559374338139	0.0009126975146434192	-0.04682100032541868	0.06197111930295688	0.06446298152264084	
0.06403030237857306	0.059779532944125496	-0.01884200575817294	-0.02825935542655	0.03886420660560795	
0.06884892759345464	-0.028848863215512426	-0.020198032131793144	0.019164126281763096	-0.0013416989057245265	
-0.2657327203652628	-0.0633037882262521	-0.2477399792426975	-0.033439332810751406	-0.12899828412002112	
-0.19006654596586955	-0.021463182641145086	-0.27639845192115575	-0.09410944335322437	-0.18874182682478086	
0.06250061445807445	0.03411574178865858	0.004356007880589055	-0.07936875101303772	-0.007377940918650798	
0.1533515381815497	0.13287184234377133	0.09383597477737039	-0.017065838790655662	0.07822393014495925	
-0.046744963269812194	-0.020242132579595555	-0.08480879460702101	-0.015319341000891247	0.01534031982332193	
-0.19754789073160126	-0.06088281445463134	-0.17701749484142895	-0.24652513887952726	-0.11888691257571671	
-0.12888661755599115	-0.036231451096953304	-0.06358538197516882	-0.06850532268330183	-0.005847368065349023	
-0.06445545443750163	-0.018283443999639926	-0.06232829674653784	0.07374773447613257	0.05566742202269589	
0.032073038178480805	-0.04156234346301114	0.10259554341487379	0.008860161342278032	0.11050230372747628	
0.038528081724988096	0.016322662033560406	-0.03711368736889608	0.05794106252317504	0.01016975871474708	
-0.510837093715389	-0.14545097293859863	-0.48995964850962054	-0.2887968849865129	-0.33601880328554895	
-0.21197052474085118	0.005341434622096545	-0.203050715711681	-0.02609443931174168	-0.1887122667758925	
0.07970048665640647	0.054819954195241175	0.06464088461598852	0.10555563181605813	0.11047919274551478	
-1.3629142958223792	-0.07160177791535888	-1.4951577159333502	-0.6076643466279401	-1.0599612930574005	
1.062299059952285	
