TESTRUNID EPOCH: 94 L_PCC: 0.8450213993347738 L_ERR: 0.00399607151519591 T_PCC: 0.7358004164579528 T_ERR: 0.005921686624658249
180 LAYER: 1
5 LAYER: 2
1 LAYER: 3
94 :ILEARN
0.05780158101844286	0.08512085293772419	-0.004280446642210706	0.029646823498117723	0.010634736456808463	
0.013630433268575451	-0.04226799684389378	0.0836632982559148	0.051016946565503055	0.10454894057568057	
-0.14605212445947952	0.03217873526921624	-0.18775466572640628	0.034272710294208794	-0.21560460393728842	
-0.26008896820237215	-0.039507464726576444	-0.3104205924356647	-0.19458519821093606	-0.36608243391308615	
-0.05104140897849229	0.1067209351448358	-0.1595724683792677	0.0060113815377990125	-0.035439676531663994	
0.006235800999526868	-0.08458385927127222	-0.15833600850939805	-0.078273693948544	0.0007475846771212878	
-0.41105723795873106	-0.05934035570726497	-0.27726822993383443	-0.14864829520985265	-0.31208343853992865	
0.04006697731481781	0.08184080176745824	0.16527740734757226	-0.022280476768418548	0.1325108557824351	
-0.005363302877787981	0.007015647592007105	-0.13846764261712902	0.0014832189122691648	-0.16288077577299417	
0.10280344317763353	0.12061548495069427	0.060646184599437915	0.01627287102870362	0.04066601638955866	
-0.13933919761539384	0.03965095878520107	-0.13360746834008014	-0.07983107583168488	-0.05200684218379496	
0.01816370340325538	0.047034077218777705	0.0627182023550349	0.10596821520341561	0.14789570540768035	
-0.055064953195099665	-0.00612688708931546	0.05120761021484369	-0.008624714822167928	-0.0641559146121409	
-0.29990571368582636	-0.056785599001360404	-0.3550171788691315	-0.12171331754953951	-0.2942760414286548	
0.12160508909300213	-0.042002517168145785	-0.017950247379859046	0.12351412511336764	0.010774992665729273	
-0.2535985675044601	0.07703776008060839	-0.1970229100709309	-0.011566392397638393	-0.1346708601365567	
-0.09164060664774341	0.01636047827638171	-0.11532156314972293	-0.09304314082371024	-0.2033792420300641	
-0.019100885137599676	-0.0349084186298905	-0.020916258375028737	-0.020722536132497128	-0.06642167886710357	
-0.2803460278005136	0.004013657855004389	-0.22356629144359136	-0.12877132089874518	-0.19547275291063937	
0.04676368752909739	0.12070121581425422	0.11130486093249667	-0.03940653427363186	0.12852965228659555	
-0.1792085512570578	-0.01616760527934207	-0.07349182060311571	-0.09711364815479094	-0.06127644449953505	
0.08533714186685021	-0.053435066476434	0.15543093772733846	0.09869055223981436	0.17323745920512	
-0.11847139555319476	-0.05317313381843331	0.033313604298862036	0.03998046631114292	-0.13542341954084114	
0.007051398758631977	0.08385418967275207	0.038828849160249236	0.053985846432253536	-0.11203973496185467	
-0.2697100815987913	-0.11647037726432576	-0.2882982502727561	-0.12868441561401098	-0.10609960686920279	
0.14170971025973184	0.06950738340222178	0.2207769190893328	0.03067676474657825	0.11716980437393447	
0.03698203681686009	0.1342575061124138	0.04000836302638412	-0.05537130920242963	0.09679060954683137	
-0.037807193221333794	0.1016511156049274	-0.005067679365504925	0.12090215528169565	0.06423562559993415	
0.25225088340404916	0.012222909898616824	0.1745787723166161	0.08850074173273138	0.15310170696420286	
-0.3034514704194073	-0.1387678418123438	-0.21644978560928943	-0.1469093293896593	-0.3417199988240299	
-0.14721359645415819	0.06494748319548409	-0.0668155996761814	-0.10390033049797852	-0.10490039714313235	
0.10651538432574535	-0.019308724111827477	0.08410383919338657	0.1517207397629534	0.13946662907818813	
0.0664244309536251	0.002120973085898739	0.14681604854142336	0.1252518190818254	0.06052471036681261	
-0.1089083367956691	-0.07659768889444891	-0.03374107725336467	0.03235834227707	-0.024109185497345774	
0.02549445099430758	0.13894973650528997	0.08557935719476731	0.03110130903466236	0.07007325854947515	
-0.11893145535148804	0.023944609026873478	-0.2211792037512805	-0.15157551915657475	-0.18528338987580578	
-0.35000369934292497	-0.1300441496164853	-0.3601834541889928	-0.2849400845230285	-0.4132214337107116	
0.094805167091909	-0.021660409959509554	0.05458210883322938	0.06291162988847723	0.11288085014254923	
0.11005217895509725	-0.04419762722966796	0.21195664593872576	0.1598874206002113	0.21922412142099404	
-0.2330492415782063	-0.20277767580973602	-0.40876066824493296	-0.1922244067908044	-0.24495575188287663	
-0.07481658285924883	-0.009959291371873069	-0.10502277319707577	-0.045620247472911386	-0.18759565980538184	
-0.09473364149358726	0.02153364650871761	-0.09623403722194648	0.055758935696715105	-0.013244870246822337	
-0.04356963579068727	0.10877626699203168	-0.10035869384203137	-0.06299279763006826	-0.09340889110988375	
0.2361130952757119	-0.032423048041074334	0.3348860820590958	0.2187752991885671	0.14222823981190955	
-0.1444986531352657	-0.02333378692026205	-0.16694224181648432	0.04098133751452566	-0.1147498381838188	
0.09908216756350469	0.03486461196174998	0.0886552198726057	0.0971823775602355	0.08979641637988468	
0.04261642104021759	0.03952806441096843	0.10844220285923176	0.011199189978994252	0.04338918603287287	
0.08474927454719992	-0.05611557379309795	0.07933193299171368	0.04509377821153897	0.11704428495957907	
-0.011660164778546181	0.10964636309002712	0.033689383222681356	-0.023591022207287548	0.07167415932433326	
-0.24354282191758791	-0.15168638036709542	-0.29475812424133685	-0.12765843532876972	-0.16470628650991992	
-0.03390479196517489	0.10465087998835498	0.06364500582519442	0.1234275998606126	0.09637600883969534	
-0.1830115225544819	-0.013833907022330644	-0.24476271487657558	-0.150239096959518	-0.23278156272106174	
0.031585982618398255	0.06134596602583361	0.049346396989514076	0.025775404271654503	0.06078670514727624	
-0.11467637280097781	0.03154080370604175	-0.10827394608660304	-0.07759140511780865	-0.12230457103595054	
-0.11778782711013669	-0.03382450458498198	-0.09119672295079394	-0.018865741945593605	-0.02099694211554754	
0.06357457072763821	-0.03860213291131596	0.008677990206606695	0.0032237415777479563	0.08036263116599715	
0.13061788733121282	0.09524930526839039	0.09148945691665443	-0.011356334140439708	0.005540111769096341	
0.05325213369524662	0.035155081185062866	0.031559397794234854	0.02625556037615109	0.01474675948674151	
0.019275982041258685	0.07057223337278228	0.019461412356013785	0.002765293136932998	-0.02945434702782666	
-0.3113270173503234	-0.07644445058089994	-0.3214157974008031	-0.0400920832638235	-0.2714093773649664	
0.1309517400674177	0.09995445615583477	0.1156845976723226	0.05942060177820907	0.006710176431569377	
0.00288769573335395	-0.03481369149069686	-0.01413795157988002	0.016775188840677493	-0.015651578415015556	
-0.05998830491945981	0.051719676850212316	-0.20894511676017824	-0.1547931129730637	-0.2387586554758102	
-0.16207838165863495	0.012173791779829949	-0.2510835915639964	-0.12421809203149407	-0.15937258894370318	
-0.03918438239459151	0.05090676444074611	-0.07768006204777102	-0.06231873777125154	-0.009936258063997479	
0.12859838699941922	-0.051145491328890846	0.20672196553174427	0.07287433142273218	0.15374201931668172	
-0.15938058439399722	0.029769066054486655	-0.12560994990807894	-0.038664981316198645	-0.054429034465272044	
-0.12950317100270475	-0.04047374878268263	-0.007112077052139857	0.04152441822755394	-0.04101350257810919	
-0.033796395466515985	0.07654328356824257	-0.05514619016660419	0.01976276823912471	-0.19850399334780086	
-0.015784436700939243	0.06758824198366065	-0.024842181192532398	0.06956786515935387	-0.11664771807095983	
-0.011226570631184981	0.06888278906458657	-0.11788000477214529	-0.04626459106633316	-0.013765288360016061	
-0.16083261861254086	0.01799829045984034	-0.1045927996425752	-0.032568881209663655	-0.013046869845927749	
-0.024591918338056646	-0.04292184930978182	0.10651771497672904	0.04068999183143196	0.1311324010562472	
-0.0763546247997625	0.11654510850449554	-0.12994161721217784	-0.01649452755592576	-0.1586525924210555	
0.08821061948521765	-0.06807482108565907	0.06477959006380615	0.12075303187938605	0.01199267615401573	
0.040194180773745446	0.08794785444215826	0.11273858818494822	0.07732704232577708	-0.003005114524783732	
0.04907351776691757	0.038565589420167364	0.16815645911119906	-0.01370048239361208	0.010859286845049932	
0.005077512266493396	0.09295977783064537	0.04240433174218957	-0.050064401241978716	0.05486663849717268	
-0.0446057179451461	0.08363344891918548	-0.03769861089313174	-0.07103137514760963	0.0373688498457893	
0.09414099211775052	0.01434445037981662	0.08574451907686527	0.047519116451836166	0.05493889782690199	
0.15155999385876234	0.07866898373559206	-0.026367629359252614	0.07260520828641198	0.056988508320347804	
0.09737790745300624	-0.02593541645973864	-0.013750129314240453	-0.045182813882019196	-0.008489336165377195	
-0.29486692576461393	0.0013926459814452975	-0.21179211090882694	-0.05696219478613406	-0.21031737682637036	
-0.10201855757786413	0.08946380457830341	-0.11099212167584777	0.05985375193733804	-0.07163758534989738	
0.011823343170222827	-0.0603853501780346	-0.020491720420765275	-0.03768820821457579	0.07491301808400606	
0.0003047896546229606	-0.059355445155055434	0.14060947606929236	0.04563080285905822	0.12911779051313335	
-0.003099876478181291	0.022087658226137296	0.0052788379685131115	0.03097326402067368	0.06070685978478789	
-0.05647558579122189	0.09905231381052813	-0.16223314692376123	0.03977748666485941	-0.13876214367391726	
0.06998009459339449	-0.06861986253233289	0.04547069236697225	-0.05231228294267545	0.11007352048150726	
-0.06467489285504965	0.018681276304154226	-0.07860794066031847	-0.15973490305212237	-0.19216374497670163	
-0.1674451923958723	0.007526477012003215	-0.04450623903190512	0.05506964913564227	-0.04390404775839775	
0.09774910503570267	0.11708143833853465	0.045780985273859105	0.004436530952436196	-0.01839813367851261	
-0.1461246835960855	0.046981330765635376	-0.15436322279153983	-0.07705625485345598	0.008003572086309627	
-0.05221577291816714	0.09601220412721653	-0.06983534024353488	0.003704799701217399	-0.055148231968836364	
0.23276054011209005	0.030866098564250186	0.14988104573472147	0.10834819212721492	0.2219848239964692	
-0.05714962529123993	0.06403835017494125	0.11226925267924587	-0.06071894183733487	0.02644278806269984	
-0.11344598818834727	0.06475392648074806	-0.08366031157112823	0.009910052316074391	-0.08814203780216452	
-0.14660658018504807	-0.059989880590128074	-0.27452695185493464	-0.06325892509122238	-0.18687682493476915	
0.04014819450955562	0.08430379933944064	0.024475636161325712	-0.03706350833851271	0.008499254846514396	
-0.05472083393292214	0.04524988664212605	-0.07624172507993338	-0.006318843431656015	-0.16644666483968362	
-0.04248117376729526	-0.040583718686455744	0.015523596230455603	-0.04016896613715152	0.064321839987632	
0.03852957343283673	0.0917216981901548	3.9466856565591776e-07	0.08435712285602734	0.005967342370095668	
-0.10496624305898652	-0.04500397922326702	-0.1820056394244619	-0.10773518094212924	-0.08497424598620955	
-0.15834231524245168	-0.01401653905995422	-0.20305775351161823	-0.05363994461209127	-0.0781574698038138	
0.1425931042243042	0.05123351042985107	0.1810314173988955	0.1398940499806474	0.10973287372053293	
-0.10260526072966311	-0.08207688060753501	-0.09102390430052612	-0.017128718389822873	-0.03397588843011626	
0.11333954236169763	-0.055675237575940534	0.12592977827170776	0.07094712575179843	0.07978440126913139	
-0.10002460154231642	0.0400817331192334	-0.08234671475131611	-0.13413231058271385	-0.1547165946774704	
-0.030435814866329774	0.0529441429483506	-0.0345292707991363	0.0019305888712935974	-0.09458473316773248	
-0.21313390640770769	0.031143846318887877	-0.22364435261739776	0.027523074853000692	-0.1889568993332292	
-0.1271634796821249	-0.013074282824463747	-0.10858387799258952	-0.06387301748719004	-0.17303935176628737	
-0.03994423775007045	0.010711384929585822	0.0486978882527167	0.05515382928943048	-0.08364965616940206	
-0.25399382311020285	-0.03196848924647801	-0.17210649410629228	-0.19803302805635922	-0.12555797776495548	
-0.013169196148344033	-0.008177080938804931	-0.025757707127273034	0.025620187349371003	-0.1429595095559066	
0.004961156127465171	0.09500793902706195	0.0833307986954214	0.04567546854586328	0.03930261858488314	
0.00032381382740183216	-0.05003064282539242	0.016966825039085025	0.019009008258986652	-0.041946418141693774	
0.09176911162766233	-0.0569409211306656	0.06186231660358955	-0.039265283800156654	0.07530529044886498	
-0.1039855650607047	0.0766713736684275	-0.15851960879365568	-0.07017231745633029	-0.03427437231908597	
-0.1823246983427789	0.029114948429226552	-0.15150147101721192	-0.10304790489868983	-0.20038169891038055	
-0.11240330886934057	-0.07983531974166397	-0.1382531799049615	-0.129552850366921	-0.14392536024707805	
-0.0430638195065053	0.040890045027430454	-0.14271667308003827	-0.10399057883069866	-0.11908450945452843	
0.10468966120242515	0.046219217005665024	0.016491667856125075	-0.03771877263799892	0.08542298234515878	
0.024819006659962086	0.09913406945514014	0.0957614553718537	0.02421019175049509	-0.012179017584691795	
0.10285062787848574	-0.052280942781657846	-0.042053060149787415	0.005371989992052977	-0.001026543583117887	
-0.06452395604481881	0.06817501300160253	-0.06069304391761595	0.046904104463084496	0.055204169653318244	
-0.06966398123564936	0.021170165577938157	0.03654423365703095	0.020669450995939084	0.013445097549753673	
-0.0805371101818207	0.048176843573277624	0.04851964551541519	-0.030130825493895258	0.016700700621867022	
-0.1288253669207821	0.07712603341995734	-0.08235333867462631	-0.01796918131152423	-0.04410677356651052	
-0.05634380917910849	0.0988569373399981	-0.007184937648058879	0.0328033717048361	0.023870397018083734	
-0.011097434941626922	-0.03580641633258761	-0.027693126586957304	0.03679448364659298	9.085445597058611e-05	
-0.11044816350234904	-0.07727144399814874	-0.057801610798637985	-0.11624303667452968	-0.009004234018995026	
-0.03367488192989509	0.015864647579533268	-0.05860289591395343	0.06600879403397081	-0.03174516617004115	
0.03643328761833562	0.06148228962036372	-0.0499839274352853	0.029580703957209298	-0.03670509785749087	
0.09437663703530279	0.07269204806101598	-0.044942704610929404	0.10412961829821264	-0.07304633139030695	
-0.16741089928026204	-0.02129518912016737	-0.26386265994820685	-0.0348102792136746	-0.20894602567816373	
0.07933538783237402	-0.050379725907781205	-0.10938609046470169	0.07572775920492879	0.07049937418994996	
0.040741684025210674	-0.0029809573813309592	0.026265205624501593	0.04174276897990588	-0.02546507462568242	
-0.053880060961350194	0.06587485118675833	-0.11247393124549433	-0.05001150505378009	-0.07633566720148345	
-0.005706497822408716	0.08675649960275963	0.16469353114629107	0.003150892064052057	0.011014737950420673	
0.007349535289473978	-0.019949302384813922	0.13731809482788948	0.0396885208919898	0.010953586947262792	
-0.1873154175451297	-0.045670430511213916	-0.09226523685549605	-0.0798472588220983	-0.12344173274441415	
-0.1453525665307126	0.03034179219171158	-0.11686433694222592	-0.10205027889088808	-0.08763088240426402	
0.00410464598825777	0.020826147776690503	0.03442256352353699	0.06966518816315724	0.13137144263332837	
0.18804003127517976	0.1136060470023418	0.21597872122668832	0.15676834529985162	0.12948486127575196	
-0.013044731015620958	0.1147824534130279	0.013248519376505358	0.08575767609363477	0.0010954630175598397	
0.11292426816536166	0.09379752057879213	0.06585708958556274	0.09485665004954047	0.20075680452149638	
0.1610255747340042	-0.021977367755223867	0.2659522330936958	0.060534141068011235	0.20647823904260468	
-0.15950445187742696	0.07347213901946203	-0.1833255879199562	-0.04129591139734764	-0.2583028273876658	
0.12216748413299268	-0.06839542265475086	-0.0017171849229763265	0.12006888265909152	-0.07411185351701531	
0.0478943491212346	0.09348882833196026	-0.04643087370972804	-0.038950697079308254	0.026006740218867706	
-0.04935884164288502	-0.06278093310413627	0.02934504434415458	0.07550403180653688	-0.047905165299180937	
-0.039111700276431634	-0.03470498370555898	-0.04985041047907782	-0.06124056752818362	-0.10973649998070331	
-0.02971508614753038	0.1099904235326957	-0.004989939527874166	-0.04864399273855302	-0.045747762312490885	
-0.20460173078300056	0.03356839873618472	-0.14181014679412524	0.019835736583562295	-0.11316058359948515	
0.0014316491277373018	0.05582437421052685	-0.019823034245401692	-0.019478370013856404	-0.05009915024549875	
-0.0710353783731481	-0.02347164314326593	-0.06382820400851044	-0.005987544922342988	-0.05386840355558376	
0.0423817187200613	0.11871701794040124	0.034781481828798325	0.1464537648783578	0.08604987027362544	
-0.051988950552433945	0.07443728428166786	-0.022895536117562357	-0.03934659346088224	0.015176998355169544	
0.018143582676369754	-0.020217377489807245	-0.012865349505842904	0.06837485890896083	-0.020979873511310938	
0.07843735522556776	-0.016011274109857303	0.020833204912653825	0.02402561828700762	0.07606102826554637	
0.10745413588807982	-0.049846084992128066	0.04447419428540903	0.10211106194234348	0.016948718517648693	
0.08730792112242516	-0.014734605219004373	0.028046703329075377	0.05747541483262733	-0.0625413778427399	
-0.09303366925703692	0.01470038004633531	0.0916345584792373	-0.0024819487374516005	0.051285461962727374	
-0.09240294908901342	0.004546887997440358	-0.1069636215958803	0.06375508340685405	0.002907526070118548	
0.02537952987305883	-0.0359976625497303	0.015078835719209087	-0.04744667192556011	-0.02609314610737074	
0.021951733917143838	0.008740308587686029	-0.03872983284434595	0.0742932995377477	0.07938934652573572	
0.016409391274627316	0.0589498219660956	-0.07456084704250031	-0.05058120523349879	-0.010009284955648418	
0.09813545956449572	-0.02212411639964063	0.013988962049171733	0.03438978835121712	0.014874570978651367	
-0.22844099565949286	-0.041990102947805315	-0.21263714364410463	0.004619255429598186	-0.12638930511529417	
-0.16269405019656988	-0.029830747681728022	-0.244136070284996	-0.10295147929511224	-0.1806189801619298	
0.024690872238280707	0.01963988042499104	-0.04362251643304807	-0.10882667943037726	-0.046019699233533336	
0.19069697148004067	0.14241031035429966	0.13250400171720833	0.0040062306168795175	0.11670218729301049	
-0.02357237775678528	-0.021489876434050217	-0.06638638817805496	-0.010583484981896554	0.03262136753170395	
-0.2246605341956694	-0.05702789871994744	-0.2012532274371285	-0.23924736703948193	-0.18823653852876848	
-0.11556041927782071	-0.032585812013254674	-0.049015368283119996	-0.06493147328753052	-0.00814733577262813	
-0.0385244731504004	-0.010956015617757851	-0.033113557622387164	0.08711661111498152	0.08118211965930473	
0.035228590934745715	-0.04297009501557789	0.10709555983823452	0.003977471699812125	0.12188516469578876	
0.026753653371731582	0.019367409122791744	-0.053420498215184894	0.0712276810079925	-0.008054929083049287	
-0.44560674667134387	-0.11488285608795518	-0.4253103368235808	-0.2244753526332743	-0.3320088133832258	
-0.18466776012928116	-0.002553001744709038	-0.1710386420882252	-0.03847116110974046	-0.17861022654699105	
0.07567701652708085	0.055065518681451785	0.06032212619375695	0.11131838666834981	0.14739065526241268	
-1.2610104489121547	-0.06462454486736005	-1.4074103471030914	-0.6013189613744622	-1.230925612674678	
1.0453621584795179	
