TESTRUNID EPOCH: 99 L_PCC: 0.8704095346685108 L_ERR: 0.0033709950364568687 T_PCC: 0.5433292169057612 T_ERR: 0.009385954264946369
180 LAYER: 1
5 LAYER: 2
1 LAYER: 3
99 :ILEARN
0.055836898211079296	0.07711272467758055	-0.012916585470253449	0.02014378925413968	-0.0017824078510650003	
0.009318047643131173	-0.05137879387774515	0.07179004397084889	0.03674715286629006	0.08201824595565828	
-0.17357082650032674	0.01964348406913886	-0.24441663062015634	0.03184572880575508	-0.24754878012697523	
-0.2616640228149882	-0.05666964364989128	-0.3248206227141845	-0.18416355011282562	-0.3620505787313442	
-0.03474871399893314	0.11131164209090406	-0.15142549013431475	0.03879825290962961	-0.012457517854544603	
-0.003884894170824861	-0.10231777734125397	-0.18054699413124972	-0.09133962263396052	-0.029644755835635375	
-0.5348788284372735	-0.08715992352932447	-0.4210958762915813	-0.18371975160000903	-0.4151273453840749	
0.05759318068340697	0.07482123179537177	0.1698017839975794	-0.024543892684712295	0.13761347167179197	
-0.053498230288948796	0.0009289452195935405	-0.22978896801629117	-0.01542987262801218	-0.22084317107537974	
0.08301429307733736	0.12141272470226991	0.0546773555338254	0.020470458857682512	0.02493718017226176	
-0.10433339312002798	0.05512696987008617	-0.07462306888488258	-0.034501364235023375	-0.003973586982581441	
-0.0237200359496256	0.027573763449822784	0.010151924326940103	0.0687753985070814	0.08935942249530231	
-0.09995379878689183	-0.008370224048287822	0.006635535411248674	-0.01118512530407658	-0.10755491391783488	
-0.21168357707540486	-0.010398287697730688	-0.26760882447303425	-0.03016674715299189	-0.1735686843811205	
0.09458755358013421	-0.05657224656106591	-0.05215251888917059	0.10112957817860288	-0.02037376387891679	
-0.16707620750081162	0.08522564138603222	-0.13319374573677456	0.0376578198764571	-0.05997938977437761	
-0.016065065885394872	0.02738101703196762	-0.041563245018490146	-0.043702453377937364	-0.1319522220481388	
0.03655161235560814	-0.01951728544648281	0.026130142998088413	0.01651367253809342	-0.011281175232456427	
-0.24753712219448248	0.022827096197671398	-0.22035416063319324	-0.10385263481169009	-0.16957186340262104	
0.017973799927190833	0.11591573392223678	0.09066374067137313	-0.045586056729209505	0.09959230684811222	
-0.18240781428369737	-0.018241743570601245	-0.0877456632741115	-0.0914210132560939	-0.05959630512655833	
0.12473405140571608	-0.05283452931788295	0.19322613904597746	0.11311819106259766	0.20865672080610173	
-0.10571429424425567	-0.05544794939284307	0.03376697082255787	0.048613696523566924	-0.11811426414667262	
0.06418823811519021	0.08710399843821422	0.0959257897969734	0.08665993181533932	-0.04925038660767639	
-0.33536361426974126	-0.1239860898324947	-0.38329196731876974	-0.1263291187512613	-0.16383811789572658	
0.14237197574980864	0.06534087567467282	0.21608971805900934	0.02041644158294537	0.12201938912263222	
0.10766852849387284	0.13919102990186943	0.11037423514024187	-0.02266940448763231	0.16720570714962238	
-0.22464664346851376	0.06198544644949296	-0.21536614554076494	0.025208334817394668	-0.13212084844409275	
0.26273179325636054	-7.458820822866903e-05	0.1858608258634506	0.0653569374290188	0.14731537258190333	
-0.22654388373293569	-0.11109901742688252	-0.13730489093625833	-0.07939555513079881	-0.24364135673807827	
-0.1347663382708646	0.07709114839009161	-0.05198526173649987	-0.07669158538422008	-0.08588952815307585	
0.13251184438318583	-0.020233832489571727	0.1101260587745771	0.16018393757759689	0.16708272739716573	
-0.05988525608171193	-0.00820329843495903	-0.0006210750448033171	0.06617587194773261	-0.06509270671784385	
-0.07883002978898923	-0.07385602714707593	0.006737411188390385	0.05933181361746572	-0.004950127573111123	
0.03201268037186269	0.13380430968416215	0.09544387513777577	0.030865317592844416	0.08369579218442241	
-0.15573153410519167	0.017639995820006884	-0.2816631364423858	-0.1525348478659458	-0.21812487418257182	
-0.2020417924367312	-0.0989682583734351	-0.2189229074489792	-0.1855232811515098	-0.24678373240083679	
0.08101130051708336	-0.02783209049627443	0.03496864910573734	0.06243331413757875	0.0950378895690324	
0.11405682914130386	-0.048862963896248314	0.2189398980482571	0.14907761433146655	0.21085121980948401	
-0.13353240652136053	-0.17106415143303222	-0.31736621734371034	-0.10918259769598032	-0.12413823833437698	
-0.16802944740050302	-0.018977530846363215	-0.22139925665884352	-0.05746706519380752	-0.27284636246000865	
-0.1124170883632648	0.028346010185955155	-0.13399194610486528	0.07542617022861661	-0.028097589003941274	
-0.15181112338987712	0.09745968567616159	-0.20822904374795081	-0.09098639000624036	-0.1761209854621175	
0.2582203991185313	-0.03817280876733689	0.3947160754319214	0.1961432917724531	0.1646142931200201	
-0.17770833573666062	-0.0412926351326854	-0.22566185726308233	0.030816458661499617	-0.14836661097779624	
0.12482866153303665	0.043378639510136784	0.12496992964371775	0.11388504133417497	0.11479400600140355	
0.035559118062253446	0.04191422654965276	0.10873920417241525	0.012294358998930383	0.04228260701352871	
0.08366125142558842	-0.05833121001702806	0.08696381917320446	0.05465277385618879	0.12550980894975733	
-0.03764468312404938	0.11154903639913888	0.006717971402742896	-0.014938472673863	0.05970328699717443	
-0.2849614484258624	-0.16014838929134204	-0.36249806411423025	-0.12723338161425707	-0.20923886722195326	
-0.0014549830105761588	0.0958308517163139	0.0955047911679439	0.1195683157735569	0.1119219959722011	
-0.09944428775031605	0.012062971226936336	-0.17022081238725129	-0.07947786238651337	-0.13596725160227555	
0.005372164524528789	0.054281454462827304	0.013733231993503521	0.01343805831268678	0.02877969362590044	
-0.12846536041195353	0.029101534345306865	-0.14680231041852687	-0.048753250477333476	-0.1250782432744968	
-0.06145425674862025	-0.008116990199826183	-0.020265169767763144	0.022506811592909317	0.046951309710374985	
0.07009402888235021	-0.043912490818770945	0.02665673294316981	0.0029312126858529945	0.08389447504027812	
0.07849842001624924	0.08218950949049501	0.03847324780509713	-0.04049835152047534	-0.05375519731522729	
0.09512114581374553	0.038729843158924665	0.07048237047894278	0.06990891528191835	0.06040940663422266	
0.003788017018738253	0.06756065118711227	-0.004108058527823821	0.014523351023488984	-0.039311337103423286	
-0.3870177856068234	-0.09220231928588131	-0.42427886047526	-0.05964868505946359	-0.3539868592205975	
0.13206657341413647	0.09342798562086257	0.11448847728651394	0.053671522585336064	-0.0021229000480119404	
-0.0071791897948936525	-0.040217702206345574	-0.04611001593247045	0.011083249989341992	-0.04593669841592475	
-0.06963127686936375	0.05274956398680211	-0.2188796744526771	-0.14842566329953885	-0.23800945647587804	
-0.0549234702747721	0.04037936166134325	-0.1351599265367145	-0.0644751992460193	-0.02190087161539451	
-0.022384472516270466	0.046902228756709644	-0.06507690903782816	-0.049865235688688184	-0.002501684619937589	
0.06509140076715318	-0.06546749039975366	0.12130734539305929	0.032607000650764516	0.08165517210840714	
-0.1776435677919812	0.0299188613145222	-0.17222441571595729	-0.048451763294005044	-0.07053526590874555	
-0.1381468296614059	-0.04417210256316368	-0.02623047581467325	0.056887545177098646	-0.05689332489406447	
-0.05589774207799954	0.07060375930496772	-0.08531999128155628	0.019606379704501593	-0.22648261635580696	
0.04899942507372749	0.07248362239584231	0.05228703642237652	0.10226988650412001	-0.05786753636489709	
0.08860652367286866	0.08031337266774115	-0.01374257733875769	0.0031653337205078025	0.07054703638662843	
-0.19703961503585068	0.012153059613219424	-0.17814938922843612	-0.035443307904277195	-0.05961653300394256	
0.0023622756886574822	-0.04557550613184729	0.13420216600517407	0.04923165823716708	0.142949015561563	
-0.07416247373578447	0.10782631939449557	-0.1276235605570658	-0.008374332174609998	-0.16192132275287674	
0.057745076998203845	-0.07151207711104351	0.04738409666527365	0.1052972950591119	-0.0038361570596552653	
0.06555035478904635	0.08629816607422704	0.1445932155624585	0.07775081634789546	0.015153542552325427	
0.0697782464188768	0.037909857247582675	0.20824710421954537	-0.017458106467716023	0.02579385764635904	
-0.24576718152184335	0.04880519004296119	-0.22863373913662188	-0.13456796049479633	-0.15773879960438073	
-0.06104608510394522	0.06600053382793968	-0.04444627239033977	-0.09143877670841241	0.012120414771052525	
0.1435399728057714	0.015015709218120312	0.14875526545577974	0.06346059640958013	0.09469569718054055	
0.13719497061698857	0.07782607690107242	-0.04988535813822344	0.07585035989848615	0.03342570899191598	
0.11859502700334587	-0.028317962730774627	-0.010745558531986839	-0.0350847708787425	0.003750293649499784	
-0.1693959683205351	0.03553533399883736	-0.057267647278271626	0.031232674070539736	-0.05373311151677473	
-0.08256078305361937	0.09641467017486989	-0.0810586430791827	0.09664376851396587	-0.024934364552322636	
-0.021490759728021384	-0.06552697117045528	-0.05245971304417309	-0.04571744230892717	0.03882483299396018	
-0.007665159049115982	-0.06378077636611419	0.1258833650237013	0.042327494445040095	0.10284029815493928	
0.030659732839434503	0.022266945374621514	0.04457981411317009	0.053303413425160054	0.09442166083916388	
-0.13306781934740336	0.09038998318299278	-0.2580442080087842	0.029612503438144647	-0.22227698606445934	
0.14984642571922524	-0.06081684480769379	0.14330487610250556	-0.02027415857915738	0.18591262725091312	
-0.025419016732646366	0.030402210740421803	-0.047834650242575896	-0.12344052178777462	-0.13420076427124755	
-0.09213969650890025	0.017514325401580773	0.03684472612429866	0.09336847517291882	0.03382575852398613	
0.12844784186629943	0.11727267929661764	0.07379473805205293	0.020666143081457318	0.001508555245981248	
-0.0761899408550868	0.055931165143047315	-0.07957863578284186	-0.0461579613448887	0.0732830947838072	
-0.031429810951696086	0.09083710081472991	-0.03787619113918332	-0.0010993066920998878	-0.027825580318831998	
0.25255815178322405	0.025549996562621836	0.17097778052214718	0.11886689952132924	0.23023024737472164	
-0.08264987960079363	0.06236305337125888	0.08075935784585257	-0.0616599232087458	-0.006555908460700952	
-0.10112744704574683	0.07107462797282815	-0.07943241016217546	0.03133608177059171	-0.07170118438670685	
-0.2938390708054739	-0.08853410199962346	-0.44433037202832876	-0.12847461813604286	-0.34858869955994964	
-0.03504917631314259	0.06878918205009536	-0.05967889487785935	-0.07844069712969289	-0.06946050483484123	
-0.06186167782779047	0.05063381726325221	-0.1041174464299076	0.012009436764722695	-0.15921609746690765	
-0.019125336247842066	-0.03992965409920214	0.036526648274773775	-0.029987528312077797	0.08239621707261911	
0.06570975454797197	0.08274513279257426	0.03116765003849071	0.08418408364688486	0.00264593599814575	
-0.18449249900869016	-0.05151301297489577	-0.2806714773709743	-0.1121841369916339	-0.1700612900566542	
-0.18283378210277848	-0.0066431511005367655	-0.23397607661053502	-0.027347016321140685	-0.1014393258750954	
0.09081889507249431	0.03935692722914003	0.1258655767139789	0.11874232518232955	0.05627268561062603	
-0.0959627053974193	-0.07396404786042708	-0.09909355954651373	0.010107306670180526	-0.04046534134181641	
0.11731083740024262	-0.051577714881930414	0.12516385727978716	0.08982334053382858	0.0696289988790448	
0.007353792368239204	0.05764161499621282	-0.0020978755311678874	-0.07343190157076254	-0.04738278342142263	
0.036024117998098536	0.06388401322277046	0.022244229801526388	0.029954580977750264	-0.05159638716514322	
-0.2217318781126845	0.02825968309497929	-0.21861155879330477	0.037816035938748147	-0.1767502626208013	
-0.14990210798117445	-0.015470099805370768	-0.13326108612993953	-0.059185996696998595	-0.19132558622605828	
0.03550078107390957	0.01961211280477147	0.12935636755013674	0.09835099108076209	-0.01879149554925067	
-0.25685251727187314	-0.02637592318739817	-0.17518614665909205	-0.1761680164754808	-0.12645155661494384	
0.03290348264726874	-0.0045629554905966645	0.020907316507883855	0.0388773325616797	-0.09248406474963966	
0.10627552479732076	0.10987227485652504	0.19383190102498882	0.09965319569261448	0.1379069400934234	
0.021011783767058707	-0.045653371520494576	0.04715835156991095	0.041903332616696695	-0.02390051162352061	
0.10902277066820203	-0.06008700953424449	0.10012522727023448	-0.02654568584148467	0.08915111050562072	
-0.17679180891122512	0.06750574768867643	-0.2543368383799807	-0.07730003975528958	-0.06762528972531641	
-0.052613553843457	0.046295899273873016	-0.02185853417496056	-0.053323949151825145	-0.07423181732937921	
-0.12580470598555932	-0.08811780015649491	-0.13359436576098613	-0.13086771980357503	-0.14207216577641688	
-0.08529036059734764	0.03411329424547362	-0.192385218156227	-0.11507796861452492	-0.15988132387712117	
-0.06006169921312107	0.024846703066091203	-0.17888453808225907	-0.08679925646910498	-0.0912562430809324	
0.04455959936784239	0.10134849247683354	0.12753332620154434	0.03881241493456974	0.019086671160413654	
0.12912400785272685	-0.046183275541793314	0.00056317874661749	0.03035102316909418	0.03315854210042973	
-0.06513016956222294	0.06539167235008493	-0.06792123072418248	0.05420309656153245	0.06227748783613982	
-0.06457428954188758	0.02565020435007035	0.03199862447744676	0.04170933728340954	0.0077904147751520275	
-0.08326108670259344	0.05058980528384542	0.04776333143902182	-0.01135216271828759	0.015215934627500934	
-0.2127396464331004	0.06612212658061589	-0.1881649676502587	-0.03327207126154333	-0.12204224893273531	
-0.04595088921725026	0.10292863751565604	0.010992788790341466	0.05178293445650027	0.047777602397064065	
-0.0046162975126914215	-0.04305269765925487	-0.026950803816911367	0.025611222544084114	0.0034391882689369514	
-0.10215405752611924	-0.07399000632987204	-0.08238254249378041	-0.09353648870447115	0.00595172309716892	
-0.12464239056462098	0.005801867544611383	-0.15296170928121863	0.03896814999150963	-0.12307641636364107	
0.010855144836013485	0.056383458507943345	-0.10309367067223849	0.020708227592298303	-0.06784229938498466	
0.08380962439161152	0.06796886384938913	-0.07121106214589967	0.10346618115761354	-0.07901964394524728	
0.05297434682558536	0.01475554698625466	0.01500755259432967	0.06386450953910382	0.032950350094800254	
0.1290943713590602	-0.04174536310647222	-0.048075214857654	0.0962372817806525	0.12084551985815489	
0.061971504465955556	0.0028253348664639463	0.05306222187202197	0.052722904875856395	-0.004619603418419682	
-0.03559838434064963	0.05965344320420323	-0.10918157232404077	-0.031011887507864246	-0.08158501285925977	
-0.02328044340801141	0.07877774646682256	0.14325649745039104	-0.00738416707301667	-0.011619857872984684	
0.014331151071867533	-0.028487520378157386	0.14261134216480154	0.02551813183157751	0.00898657211922704	
-0.21276482912834677	-0.05552965736468472	-0.15248239173891456	-0.08899515749698006	-0.1555936294128941	
-0.20170620845981785	0.021722264737433623	-0.18963665889517767	-0.11697992762651975	-0.12109628828714888	
-0.08498260836731387	-0.0005723017392984222	-0.07465107304073162	0.02654575665853305	0.04146336993486181	
0.13559121561139054	0.09328906906807197	0.14803143853076822	0.11179244513649847	0.056361805146605604	
-0.00531083537777433	0.1086232750171045	0.01637957400419704	0.09447795901352785	7.702603597727479e-05	
0.09923764868822377	0.08913854140586792	0.042745395310285816	0.07213902926969377	0.18374881205881569	
0.09252119482967096	-0.03692080807059669	0.1756821611289203	0.00842169046332367	0.12418571760714232	
-0.15725982556384185	0.07248411340783233	-0.2197245967565173	0.005390345203955325	-0.2544122255440818	
0.05843573048955398	-0.07657424917050168	-0.07722966139003358	0.10093445730856271	-0.1322044753849449	
0.06587909923754975	0.09140861077828184	-0.011908434106175314	-0.029530434884294684	0.04492677697783052	
-0.028418676993466185	-0.06366373960530855	0.07001891243663429	0.08590724528676694	-0.0324538016693123	
0.03345904393632985	-0.022184579255067127	0.013312199014097408	-0.02746777130674432	-0.024350217371281624	
-0.030260978116531067	0.10580171807865181	0.006710204087191465	-0.054308849993685064	-0.046967198308731466	
-0.17912930223327003	0.04657021452359147	-0.08661879227822529	0.0576936616946741	-0.07790305421465044	
0.0028929339580584623	0.057001053828610496	-0.04206972610473273	0.00018007964178206888	-0.04768194300688556	
-0.07971748480340335	-0.03223591350652591	-0.08817744727057084	-0.00954870360603318	-0.07108773222372776	
-0.01556332686578342	0.10407419900023442	-0.024202752670950525	0.11220309377285313	0.022247303788314295	
0.05190786690246465	0.10865525959814128	0.11389913818105343	0.015582267002802736	0.1428546209976752	
-0.05268258226773774	-0.021673340112520322	-0.07472227431698215	0.051109786766106086	-0.07912294027691713	
0.05106521265591023	-0.02645852441550427	-0.001203984316557612	0.007522025442827363	0.046731025624779744	
0.04282235548951955	-0.058293592536247024	-0.02732422705637007	0.08003181242300177	-0.04362850019533286	
0.04318634169737286	-0.02812973072593143	-0.023284352307316347	0.04807878571892097	-0.10420125626893442	
-0.11590318801698904	0.004536911367084532	0.06398228591296255	-0.0015786700579557785	0.03031135050051624	
-0.12101319339038334	-0.006325164672489762	-0.14250251948251108	0.0699538052301241	-0.02254598077651051	
0.0208520079280215	-0.03630823470515359	0.0028372738332895415	-0.036026646996690906	-0.027404074358285947	
-0.045633819985557794	-0.007788415437571911	-0.10917289434007069	0.05075488104073655	0.013225720774334032	
0.002219299091327256	0.05107640194577352	-0.092482981082765	-0.04511736631547902	-0.023504524585019167	
0.05246378553221579	-0.03522009745786638	-0.04272891219387448	0.022860379710436474	-0.029971860956277296	
-0.2651197646004443	-0.05435869699355014	-0.26410931420338934	-0.0004900309701746051	-0.15453854362565422	
-0.11892584325789078	-0.00962907404487886	-0.19768150217643074	-0.06103663616855929	-0.1273526343465975	
0.01973982543199792	0.028084414415540066	-0.046198134548593076	-0.0968009580957887	-0.04384531535260056	
0.18357148235337556	0.13312685396738155	0.12835963857116764	0.005953233095514309	0.10510394312940444	
-0.06120541148853896	-0.019706624310186653	-0.10388933657506336	-0.01483800409301128	0.00354399268021264	
-0.0801226932703431	-0.03275113750455438	-0.06362791908394126	-0.17799596335168555	-0.04012664847092281	
-0.12598643707577306	-0.03817686077639564	-0.06618157480927686	-0.05363612249161185	-0.016560972791327195	
-0.07808906695551585	-0.02273642166876219	-0.0801705913571281	0.07396201168311012	0.0404766179234775	
-0.005434633246259275	-0.05058218696996108	0.06253994285595864	-0.010199240937128692	0.08034026460130655	
0.008262189948560563	0.005688081016779297	-0.07195572304707472	0.034869882355112396	-0.03380849136185489	
-0.46746847891361964	-0.11923141286385094	-0.4687655274668493	-0.23046298330048678	-0.3379125046011749	
-0.18346839536378173	0.010887748822078209	-0.17221374890906668	-0.013584621414197574	-0.16617181436492987	
0.06976419255163506	0.05800161166255011	0.06726341908801027	0.07725279066785198	0.13379574580210457	
-1.292701623067202	0.021169394038164556	-1.5724813638905295	-0.40825252695209474	-1.1757779679766662	
1.1804476611193466	
