TESTRUNID EPOCH: 76 L_PCC: 0.8370941003862914 L_ERR: 0.004163176102760687 T_PCC: 0.6765525938154424 T_ERR: 0.00784841475326848
180 LAYER: 1
5 LAYER: 2
1 LAYER: 3
76 :ILEARN
0.07228887067207955	0.08713075291138316	0.011390975801409832	0.03160392085726004	0.020195576167155345	
-0.02262751927231114	-0.04495183662036623	0.03395787518876228	0.0305684603550679	0.05875046631893289	
-0.07809800139053415	0.03810864760443503	-0.11131024279400722	0.06035254884841129	-0.144535988875065	
-0.23400837203679986	-0.06016594737598991	-0.27440216270405593	-0.21051860296420657	-0.3054064002315848	
-0.01429564857583734	0.10577787833140379	-0.11576132416488741	0.020150347581363814	0.01428892431101748	
0.0324217409822941	-0.08910346523901504	-0.12767406366399922	-0.0791661800973232	0.020776350132722835	
-0.43835512520384956	-0.0955786444015823	-0.28893220105704354	-0.20055744212336793	-0.3061422316513777	
0.02661830250378407	0.08410751424378475	0.14343531636911497	-0.027788545994684295	0.12063271369036861	
0.05917041478440166	0.030414137983815627	-0.08291732075342595	0.0407859329147961	-0.12113132299662165	
0.09195496113976119	0.12473721861481875	0.05784287183499592	0.027364956958519218	0.029175399314009313	
-0.14106127356185166	0.03737641242317413	-0.12506203129586696	-0.07006138285201705	-0.04244032640205345	
-0.006158078439827638	0.04119666930108457	0.025642429117042776	0.0838283343020099	0.11111998789892291	
-0.07118629563571617	-0.008152391167790244	0.04113488709908271	-0.006838704716544147	-0.08278745933391139	
-0.2566755446036184	-0.04514237285254962	-0.3086346262640054	-0.08768012880045072	-0.23033381588300528	
0.11083388962611836	-0.045479786182819094	-0.030894210658899666	0.10646349057098964	0.00828841039516682	
-0.14527673916229178	0.0867326978608857	-0.08973002498838274	0.03266056694889303	-0.017997970528441577	
0.0046139989899419455	0.024528154918152006	-0.011593725697085866	-0.05147395120945244	-0.09827378574886425	
0.05743761447496988	-0.015738805602381625	0.061281631691553894	0.015029181142801093	0.006032370782992693	
-0.2076977788539557	0.03316221956043119	-0.15997847840321755	-0.07822117838484771	-0.13499443130897232	
0.04505559131810682	0.12407754764104544	0.11707956252505371	-0.029536685520208904	0.12504797612609858	
-0.16280428046636555	-0.02023601351543843	-0.05557086282374651	-0.09728752713176135	-0.036113307746017766	
0.07970326545035017	-0.06118345931060852	0.14512423123105042	0.09867635325190635	0.17048832798792313	
-0.09493059566044042	-0.058912962716288125	0.05625545591842031	0.045884360213991573	-0.10521455651675075	
0.017579615410460867	0.07661940113727739	0.046988029637102684	0.05449200679340714	-0.09311761716431347	
-0.2662332432516956	-0.12296656733274734	-0.2768593598585645	-0.13149013324542247	-0.08211261565448057	
0.1157201676483196	0.05955928356509406	0.1823284518688527	0.01897072698648498	0.08291088955188809	
0.049331465937092256	0.12985994693472755	0.04596310589816816	-0.047648107411729895	0.11105096347926398	
-0.1230545256326669	0.07527695164310204	-0.09051216192413594	0.049590058535988545	-0.021940205219970747	
0.2278441677601499	0.0068886506825332995	0.14550937528881053	0.0797264679611481	0.12096851352758478	
-0.24216223116812075	-0.11897480650513535	-0.14522104788014112	-0.10778295637483026	-0.26146053519728396	
-0.10038491367424555	0.08307838476013467	-0.01760886172800559	-0.06788205057891047	-0.061201268900737855	
0.10438102762200854	-0.025233748256133524	0.07557718216616054	0.15214258822094648	0.13740249136901037	
0.07033886311470529	0.012745873102411999	0.1454675738401854	0.13498256714957219	0.04832393644650008	
-0.03696578882383928	-0.06051615846379875	0.05285145219965083	0.06816490610673878	0.051437197381204385	
0.0043516515432151315	0.13351030848318832	0.06364250677709032	0.015514722068159386	0.0568173406448704	
-0.09958934889291234	0.012941761366252068	-0.19842114590102863	-0.14993399314667177	-0.15312356209712907	
-0.264633812746531	-0.12947718569795647	-0.2546524373464733	-0.24454966394277997	-0.3004536490264318	
0.10837902087710657	-0.021441959348299938	0.07286338863528459	0.06197691570151886	0.13211338417987065	
0.12366047092337011	-0.03726242354758682	0.22799358093133212	0.16645936481694887	0.2331563790998947	
-0.18400005351455806	-0.1896598255482797	-0.3493998055028302	-0.16090313393149194	-0.16586352265556412	
-0.047077655701764407	-0.009699318733551104	-0.0587142664592862	-0.032170217203691516	-0.1559788607513275	
-0.09704967417925181	0.02707008049921556	-0.10722930773688058	0.0629409010907509	0.0025498041396573596	
-0.030139233827105517	0.11413225786386769	-0.07282723078599224	-0.05023785478444776	-0.07279311307445349	
0.2236919434566481	-0.017831959030505943	0.3201724111265536	0.22362245868999883	0.10915841818452691	
-0.12936353268827225	-0.0339390538174706	-0.1497802426332836	0.032577655670937324	-0.09146794869849074	
0.1245467430059543	0.04908254315883072	0.11176484836819094	0.11878504405972902	0.1138723996201316	
0.053594842796482044	0.05083918050702651	0.11515223650276205	0.026246265109019087	0.052078244719380724	
0.10017230185410432	-0.045897471530622645	0.10499267951497487	0.06936498197656842	0.13409653008292674	
0.0014335472064470074	0.117905946078855	0.0471412249982777	-0.005501411955170169	0.09601303923161426	
-0.2411921194094661	-0.17289644825437447	-0.27848414350865497	-0.1564410350370839	-0.1476093295015133	
-0.011871946069357518	0.10244778720159824	0.07880623876867526	0.11944001380166942	0.10714553234889751	
-0.0992799815367717	0.0052693030225335145	-0.15944047512822573	-0.0999541660101342	-0.13010793411410754	
0.10123669333530678	0.07008607636263126	0.12040918403858832	0.04793260486027545	0.12778173061960066	
-0.07687839028853355	0.025093229021680808	-0.0690862837519776	-0.06035708266635414	-0.06260451526393292	
-0.10180142251702141	-0.022625558202748083	-0.0702405768948792	-0.008767298475167745	0.01353730151700693	
0.09099179559536562	-0.02844184917253846	0.04346323532567021	0.027043353884961232	0.10141686703046324	
0.09905680594471192	0.09279101906986102	0.060113951101861324	-0.024936883669472044	-0.0290703585232778	
0.06440128518319566	0.032867867790492306	0.0430191111413107	0.0354736616221968	0.04476859511274843	
0.0106610137491948	0.06586013302439446	0.011878446100106063	0.0009664204969090941	-0.02361427787052304	
-0.3438885050827977	-0.10291153067143714	-0.3410155724301447	-0.08536705981427704	-0.29129173537863984	
0.12165834512793296	0.09935249922467135	0.09883507948438988	0.05451934224640332	-0.006921507868289668	
0.000716799639447665	-0.022261825085045282	-0.022751971533135674	0.025323464560583007	-0.02449825160978754	
0.009783716541657024	0.05673682445205764	-0.13172620066542265	-0.13322891542376739	-0.13668478495194306	
-0.12100030615842454	0.0056216281198208096	-0.20825420589019242	-0.12649417117180917	-0.07147089797647677	
0.015299157986571405	0.0601641706681733	-0.017866295361819714	-0.037389884516675895	0.04187634776168908	
0.06319812346470216	-0.053699617369540785	0.11565806398367966	0.04520690503802739	0.07927987882738445	
-0.22955645196079005	0.013402419622699143	-0.20731949396191304	-0.08765987939288804	-0.11237405198603964	
-0.15175879802746528	-0.0515525288119266	-0.028954698058688534	0.02612739175480921	-0.02863678954935086	
0.042309696054529874	0.08981340006973174	0.03877707769007467	0.05229779311302076	-0.11581002110968801	
0.033221681670983695	0.07510464446157968	0.0269227555932869	0.09731046008398524	-0.0807939760063207	
0.02312898066850076	0.07527676423254132	-0.07921474547692597	-0.026114148473467557	0.006353845221679004	
-0.0930512288951992	0.03897178798759912	-0.04549653148675483	0.009617364293715276	0.050019042216422574	
-0.02212830065417419	-0.039740320119121646	0.10743985723104192	0.046385397907945	0.11716569258402967	
-0.09276665417775053	0.10702761107562796	-0.12233407465836281	-0.03116428707768445	-0.17675804810975254	
0.08587335907371758	-0.0689522633280206	0.04962596793574614	0.1127163460340831	0.0013611156514369929	
0.06925739432472588	0.09465181892097793	0.139499770907913	0.08713381659482992	0.027041106573445287	
0.08158084768409804	0.04708043108179349	0.20112433135407393	0.0007972286803246078	0.0334348699936997	
-0.13931053363561935	0.06465911699125482	-0.0969392334602258	-0.11346285145313638	-0.07252220711731631	
-0.0859882711921757	0.07536599582060843	-0.06319852013013824	-0.09586966592777332	-0.00986797060550106	
0.10703470692030413	0.017939755392349023	0.09715845859483183	0.0576721586320089	0.05096868360268624	
0.13170545876172182	0.0782130598311927	-0.053056416848177045	0.0660692471528908	0.03822330817261646	
0.011277297872905582	-0.04314192374027751	-0.11441174845406842	-0.08013356207192908	-0.0744006856932359	
-0.2044706252071273	0.009895600535991528	-0.11321543808406037	-0.010401698689983686	-0.08479575637812274	
-0.10474082600008139	0.08148196400985401	-0.11560656520689058	0.060773122795911495	-0.044562461810801306	
-0.009703991492841632	-0.06081257882751785	-0.04516483045511687	-0.04643609343707834	0.06187574287245823	
-0.03357270265071796	-0.06272438149023381	0.09633698765095984	0.03894895181261519	0.09007414178440958	
-0.005217110815709865	0.017610684465046638	0.0006637076504522484	0.035739971775741806	0.06842464136507148	
-0.039731376817547626	0.09222112529520474	-0.1391462119464419	0.026413238219299997	-0.11718018717457293	
0.036497001619367385	-0.07928629719125728	0.00869841415806062	-0.07126205389870854	0.09092632256848232	
-0.03854642486738549	0.025514000915251144	-0.04674569893933474	-0.14581996153781018	-0.15353873967582485	
-0.06759982884704087	0.023212178699398345	0.07634473927682636	0.09852427401245695	0.051794992337761955	
0.07689324928699581	0.11584796300563044	0.014202650195060304	0.005908447439611285	-0.03127780702747083	
-0.09287792094073435	0.054991580538235364	-0.08985958316403343	-0.054315676101925066	0.05636744185327077	
-0.06802025754507564	0.085274782897427	-0.06622825795975844	-0.02270675413905702	-0.06786233862953737	
0.1581819493276743	0.02046494131807852	0.061105383281315276	0.07355959564775225	0.155217555215603	
-0.055708358025831045	0.06333093476887548	0.10473436214008555	-0.05813177442982494	0.03815111993923725	
-0.06080885661222487	0.07021072090236746	-0.030525404465507635	0.038011608018272684	-0.022887403187594108	
-0.04786904292890421	-0.04347956077330164	-0.1590279100019524	-0.01671935658895451	-0.12317365853643249	
-0.07774276840289815	0.059560429049076	-0.09610804609700867	-0.10039803059983139	-0.10310222016294261	
-0.05870820376929085	0.04770479464424104	-0.08215521682071873	-0.0032971989565728434	-0.15508561195535797	
-0.04721276351824297	-0.041786887299688685	0.010836708999599026	-0.03992507914361448	0.06364747638330477	
0.021482384221046938	0.08485495190257765	-0.01362016338104043	0.07022276713167022	-0.029867467442474156	
-0.14303511518113404	-0.05992106716251041	-0.21589722941323108	-0.12229957712664043	-0.1051077047259199	
-0.11386973396440911	-0.005164620933922035	-0.1571748271590355	-0.026205765573772074	-0.011483392663383026	
0.07424262104751227	0.03837612116814302	0.09958023910526101	0.10345426961093117	0.04133688553614024	
-0.07646073469199081	-0.06905113310776664	-0.05928426087757898	0.010918111904830706	-0.013317852985893351	
0.12261289004713165	-0.04678851867382771	0.1355339769846803	0.08572748625941086	0.0862232452811045	
-0.039198167167016726	0.04948707157474878	-0.034413788697891676	-0.09380828352995697	-0.07164592936086675	
0.014232224835814792	0.06498068379254494	0.017849242669682557	0.023926318845579123	-0.059206924218794595	
-0.19804012040140181	0.023228525862540476	-0.18872674359621983	0.020927404971370127	-0.15386391628521387	
-0.09823131146848285	-0.01018520587007968	-0.06859177750309095	-0.055399345118695154	-0.13807984477069082	
-0.03662830435593501	0.009935444577749794	0.054395342778062065	0.06100204804760793	-0.08330820754639394	
-0.22419008016871841	-0.032287030317963754	-0.12318419940378116	-0.18796962260930827	-0.08344211486368303	
0.02030978318029573	-0.000647095938006454	0.018888540043748663	0.03189261975544661	-0.11387121792014802	
0.1012475106961478	0.11880176703263028	0.18637101169871748	0.09859420986518573	0.1349787469522769	
-0.0018885768103954414	-0.048147745409778106	0.020875291311727807	0.030116420248069736	-0.03250439335357428	
0.07091773114556912	-0.06030026221846692	0.05191396421006947	-0.04352343703520891	0.06404183340922641	
-0.19481404227025773	0.05231024053060207	-0.2457222670867798	-0.12260968796429889	-0.09541780992568122	
-0.1041675223799541	0.04004283830102566	-0.055464985325084905	-0.07780484007598476	-0.12510867674840098	
-0.12253845469685878	-0.09235032403499098	-0.12983006314845963	-0.14819988335221074	-0.13729056182812102	
0.0534387358594007	0.06262547151482427	-0.04486722362362762	-0.05075497166588657	-0.02811274425284362	
0.00867998502068798	0.024571613335195534	-0.09303053569635258	-0.07462722910327772	-0.01080699116647735	
0.07161851916007599	0.11749249386028442	0.13972434563905273	0.062032672825371594	0.014027347410016952	
0.13649979811882226	-0.039644498068245354	-0.0037037798924472814	0.03403291029451328	0.02108558873252064	
-0.008612704602687397	0.08289960594290323	-0.003590679375882887	0.07572645764291161	0.1160974947978607	
-0.049318180015936665	0.029855764207363324	0.05263381878045666	0.04832756213068701	0.016798043796684876	
-0.04190686018010333	0.05519062669210751	0.09071456529511732	-0.0014053149267363038	0.04723130068313217	
-0.08867711203819696	0.09182107922516503	-0.03952549935804443	0.011685371134165581	-0.007877023775303334	
-0.06920079457571372	0.09672626541403062	-0.021266367837865834	0.0341014348483562	0.0132923470655845	
-0.04333334783098629	-0.04153829587211933	-0.07111307899026065	0.00815485555831358	-0.026888002747718978	
-0.0585281187441563	-0.077108813752361	-0.006557772932099564	-0.1004947888697319	0.06055862658201036	
-0.10693522556436318	0.0038300775996588984	-0.14529910201342425	0.040292321149654135	-0.11308595596021986	
0.009889370297318888	0.054000144420837726	-0.08956890577074007	0.01071907720397019	-0.06232371735357698	
0.07243155662536696	0.06542141304277471	-0.062321582783383116	0.08324390052037467	-0.0765372640363648	
-0.1442747770379062	-0.031002376394715217	-0.22067682302678235	-0.04149613092105662	-0.14317248437361413	
0.11067012973469317	-0.03511353597969337	-0.07785467926478326	0.10381615976453157	0.09964082407426397	
0.055389912517836676	0.00626895030405723	0.04432811215849632	0.05460968535140949	-0.007754755330606718	
-0.05403405917010666	0.0595560001829633	-0.09479052587909363	-0.06208290246304298	-0.07293230974179264	
-0.038165464548195444	0.0821498894793015	0.131927451268061	-0.013484789352798947	-0.021432491194059655	
-0.005153746381367801	-0.020604303526882816	0.11596136274574573	0.02400314166513347	-0.00045135260526311076	
-0.16505224789492173	-0.04975536201182201	-0.07399955115899433	-0.08180682647426657	-0.09555700682826469	
-0.22812808275444202	0.011308161276550148	-0.2117974578546083	-0.1422418349847725	-0.14309353118457308	
-0.04421355975051062	0.006369504613656174	-0.010733001805059997	0.04020219948804268	0.09622578306321734	
0.1835382450956384	0.11619141604845616	0.2048802026679721	0.16084011966124537	0.11587902153730492	
0.03736347257756153	0.12268817332094985	0.06802272774153086	0.10477084226649926	0.047591327301889176	
0.10788217872467572	0.09504578639406645	0.047889416798156344	0.0899037416448511	0.19702421189047623	
0.1702965160097478	-0.01820123019011415	0.2652585738387334	0.06554485724928474	0.20396039585386838	
-0.16700632712790836	0.06402058127201443	-0.18847016502294028	-0.03767507358533336	-0.23609715361019268	
0.08021585172166075	-0.07828323133169601	-0.04461363278095696	0.09963526689497466	-0.10522219261397915	
0.058856866362057364	0.09547071971859523	-0.03119707610858034	-0.03963191366682234	0.03759015771310439	
0.001109729394024308	-0.05205252261447879	0.08429286588031334	0.09403412116394087	-0.0057467876268913745	
-0.06172938111073141	-0.04435959961423395	-0.0811916996889534	-0.07624825437244052	-0.10641176715098849	
-0.03439647420709746	0.11245044834510072	-0.013806562943004714	-0.058075018320497655	-0.05376282951997342	
-0.13989917404713167	0.04560896770456341	-0.05511656179121148	0.05111458044083838	-0.05601744182688549	
-0.005070650968392712	0.04812981174479989	-0.025296611508892442	-0.023136236599635387	-0.034727106204355374	
-0.007630130855768104	-0.012030229395077127	0.0009138446318810367	0.025194061388564334	0.00538660783497344	
0.08306384260480545	0.12869745899929383	0.07857556505874656	0.16337404755564666	0.11800110325578111	
-0.03238347198831693	0.07884997671869798	0.00917754796001151	-0.05295661158734127	0.04067061995807812	
-0.03384236888071983	-0.026908594109648916	-0.05953800394359081	0.04177121558841439	-0.07452517016649933	
0.08055299516803423	-0.014644078234586735	0.02348354283430609	0.019344536021237126	0.07445503629040078	
0.0625262304093086	-0.05893075796263376	-0.005029067789070957	0.07991260624429418	-0.022396805930907735	
0.0970438542467841	-0.019830286310097225	0.04035914663605145	0.0614641083902744	-0.047299667404755524	
-0.13050029996539267	0.00045293749629583515	0.05247989825015468	-0.02663750007034915	0.02373745954408865	
-0.09550422574953948	-0.00676115961078768	-0.10869250008423989	0.057291452570443824	0.011887831585827926	
-0.02646922703338631	-0.046147645033290226	-0.03807276349069378	-0.07642811339778934	-0.06688461557528247	
-0.008826001780761424	-0.004797741940195223	-0.07074562684766722	0.0568565043124162	0.054864607834243836	
0.07610030213208395	0.06304887706657344	-0.010494142360508978	-0.018818779277954098	0.050759646199293906	
0.07782515503437892	-0.02941131913459567	-0.008263456852641763	0.01928108608226578	0.0036928769730662455	
-0.2209206554344617	-0.053844017659558194	-0.1930798021118178	-0.005808660559566439	-0.10295189205941592	
-0.21668442940659507	-0.03820523765812962	-0.3014841848195478	-0.12847702173630482	-0.21612574428874493	
0.04940282671112465	0.02654707179877679	-0.01428708793568503	-0.08933643875751052	-0.014353480261049632	
0.19301740187855151	0.1375755987359822	0.13088121559769192	0.008756003952745336	0.11753674017126582	
-0.06660212288800439	-0.02864875358167616	-0.10883782182042012	-0.028791379439571003	0.0019001221507325057	
-0.06000429892124141	-0.022829714264666554	-0.011491120377990514	-0.16582311285141613	-0.022234127527969945	
-0.1221512808234184	-0.0390417812489767	-0.05515178957319872	-0.07143765866440274	-0.003318335558518667	
-0.06592655117772182	-0.019292186655905572	-0.06142649991770835	0.07240782667838122	0.0577396929059311	
-0.003352832054064166	-0.05009573739848239	0.06534343192728993	-0.013246814826644467	0.08569027246323678	
0.025488113751279812	0.02241694797336825	-0.049663054449848684	0.05459449696508041	-0.01270428004258381	
-0.47116125801206343	-0.13492322782137772	-0.42962962482202893	-0.26817212657999806	-0.3309412944290794	
-0.26840914980440406	-0.0184495175799636	-0.25964528079123805	-0.0799981898432	-0.2414129466532618	
0.05867287489926637	0.05875879765123297	0.03657361702330169	0.11044368955161428	0.10552196344784852	
-1.2256641802562718	-0.16140407065340925	-1.3439898903072067	-0.6358153834368081	-1.0525689257814195	
0.7925416765631966	
