TESTRUNID EPOCH: 48 L_PCC: 0.8390483244245537 L_ERR: 0.004772927377551938 T_PCC: 0.7413055292942817 T_ERR: 0.0071946582890020875
180 LAYER: 1
5 LAYER: 2
1 LAYER: 3
48 :ILEARN
0.0001624794300961534	0.056248598830632136	-0.07485038419837949	-0.023171779723139954	-0.05270343051403982	
-0.2162487671189933	-0.057556939020699374	-0.16332025484905902	-0.15754515968080368	-0.098376014121096	
0.03893679796036346	0.035576905657158465	-0.0022039279270295972	0.11783690152123338	-0.044417344659213626	
0.21091861704209872	-0.03393880446512473	0.1858843796983402	0.07601884833691143	0.08032737213547135	
0.15515356487824913	0.07743080373663262	0.04940749108011269	0.1151058970128587	0.14485786099302903	
0.018834390101694902	-0.07818747888632696	-0.14380309633879923	-0.128375483988653	0.030851390129034578	
0.00047039897649151337	-0.02378470346522017	0.17592208768050346	0.06541126554938094	0.09846356334420177	
-0.09832462071954617	0.04903886604603636	-0.00427069855645619	-0.1369102300992163	0.027588163725667813	
0.05334029619601106	0.04420400385556373	-0.09892335581724535	0.0057465411100667465	-0.10640306310213075	
-0.021789908448550253	0.07001407002144773	-0.06451612450818868	-0.05283867805005374	-0.09982016717203276	
-0.15578147825434724	0.023283311429490774	-0.13250834040118956	-0.10251633838822673	-0.057985164685012504	
-0.16985928586139862	0.021277482414014517	-0.13947507541286588	-0.06918915899957843	-0.021931473469186172	
-0.16855496980711168	-0.020051665585410626	-0.057641960229968627	-0.10006347077964212	-0.16267726064255375	
0.00287088092783921	0.005607930268276565	-0.02072169060904266	0.08241165780389648	0.0013939547908771316	
0.21727644410912098	-0.08975943122030697	0.05372975501394585	0.16795307986405603	0.07906830960699661	
-0.06517596919551022	0.09742756310522868	-0.027398067172938884	0.04370957844865384	0.04974427334178073	
0.1232229085465455	0.025373355991967945	0.08839570042367675	0.0013277271329269966	-0.01851230018840093	
-0.06085340476682649	-0.0208954692516688	-0.027554981762269656	-0.07950082994763848	-0.08993509027719895	
-0.09205114369992201	0.06909324172416346	-0.03188584520911083	-0.004635074431622286	-0.04681542020483575	
-0.04864490928528218	0.07324368799598623	0.0104848482877531	-0.09659607948391317	0.00602183085907753	
-0.1490476696678961	0.016358715703941734	-0.0587408118928261	-0.1258055126215488	-0.007580957354835178	
0.10965672931875758	-0.11709851410331173	0.1769752458162696	0.11566531559024978	0.17628014509557263	
-0.07325763585087404	-0.07528334129466077	0.07059905018021873	0.030958259019902474	-0.09003871955385004	
-0.026536398841694436	0.05603755744461624	-0.0007398547980320856	-0.019456724937740727	-0.11751144739773307	
-0.1482311636346919	-0.10360483915606233	-0.16103792150656213	-0.10713009957005713	0.020747819565329246	
-0.5498431998319898	0.05489568993564964	-0.5064202505864618	-0.536890010016137	-0.44073206969993123	
-0.18371061624276852	0.10968591061487303	-0.20020368289357823	-0.2556350184337949	-0.06844706855013744	
-0.1113808640799941	0.06736465639885525	-0.0996685505688751	0.00963735615837492	0.009267742493201614	
0.15546929477414256	-0.08275385395654976	0.05387201747847058	0.06291617585812395	0.028736921986525717	
-0.189192553017566	-0.06982832106214686	-0.07174766313940195	-0.08950166598786853	-0.21181925397336662	
-0.30989267194478015	0.08833138076926099	-0.21423209174432686	-0.26667162515080306	-0.2440485925351335	
0.018056367957329553	-0.06929175804724064	-0.014777803794599644	0.08104462008818628	0.06494555701005574	
-0.4561417936739807	0.015092332720198498	-0.3954577062987984	-0.2928452468931669	-0.39032039704360744	
0.020010016865084218	-0.0970609850563993	0.11863234102738081	0.10173193876993192	0.08275375872924787	
0.1575937291206783	0.09974354518025651	0.20915769409272694	0.15550627162233185	0.1895812873183336	
-0.14474267741319505	0.0661915547290393	-0.2502440858233952	-0.26056953118178233	-0.1598552491956096	
-0.06628439271606061	-0.04414568240715898	-0.03998381794989394	-0.17312115097521202	-0.11230214201117579	
-0.10479477929159327	-0.05671806391455232	-0.15067776866814825	-0.14822320782634973	-0.043224606276079304	
0.029318891356187097	-0.08790347306128189	0.13033152024753938	0.1174721814276193	0.13596111535032507	
-0.022319395455929675	-0.10553130707278192	-0.1660236767951811	-0.07552378659132415	-0.018581884442332715	
-0.007842752665660127	0.021108858866989745	-0.01657413927695886	-0.0567133643058706	-0.08696810739724314	
-0.2470867756699577	0.029825726642740136	-0.2635138341703807	-0.12910241019368307	-0.1021905648743381	
-0.006526011462151325	0.09634862850191642	-0.061398863516317424	-0.05620443880021338	-0.05251103367165929	
0.2791573814434295	-0.11042196560087385	0.3607309167866319	0.3122660036464161	0.11281722010955526	
-0.10336024060492506	-0.049349569152720624	-0.117997341860131	0.025217474730411304	-0.054629238877682375	
0.029065250979969273	0.01680139237242708	0.007982553539324685	0.03168044055402848	0.04002417925555361	
0.10433044991905345	-0.004115465493171846	0.16340665584833075	0.06308050150192303	0.08391688673175535	
0.00036862889100712536	-0.09921023802859735	0.003308986923712537	-0.028829904650974104	0.0421045320014371	
-0.046658610968720655	0.07596828867519952	-0.0009423620839529854	-0.059872791557148905	0.048676567521850206	
-0.004316279271706266	-0.09690216976163103	-0.05034640146095357	0.0018747510615150812	0.05883527395670556	
-0.11244177744120101	0.07287651580188968	-0.03425461126442268	0.0741045103718543	-0.00218704113603313	
-0.09007027237884899	0.012569605402936338	-0.14237140947056467	-0.16024383304162942	-0.09869398089528685	
-0.011474941115314104	0.06484660521687484	-0.008878971747491717	-0.021033515255204187	0.02215747005950783	
-0.11416286771115199	0.030583326482882974	-0.08377088732992861	-0.10751889499358859	-0.09066078376056101	
0.0896449246877949	-0.03920595352307909	0.1321279383826902	0.08834259092691163	0.18184095566971975	
0.002820830551760553	-0.05795699845324386	-0.04895789225309089	-0.053029562874938416	0.039557962025901595	
0.07950148321774182	0.07465831406252196	0.030469881454349996	-0.045602065588075405	-0.045768231833476856	
0.055898083431383756	-0.010016490129404315	0.053336435917376544	-0.017345136846629285	0.04097912521341001	
-0.0004337624812079294	0.053000814666656036	0.005508388622358277	-0.02038523377449928	-0.04128955386336764	
-0.09958153389321042	-0.031976125704380215	-0.11132464766491895	0.07187875244534027	-0.07589695429916508	
-0.028335546775626715	0.08004494802709422	-0.06457314715627152	-0.06446680359811337	-0.13248544670515391	
0.03833176015733783	-0.03987412895294023	-0.010832472406709048	0.04948229069080333	-0.01174939497966851	
0.1121395747602028	0.07124353813059778	-0.0453434614155638	-0.07369603362141029	-0.05421601204324723	
-0.09880202347436762	0.04922531986535023	-0.17773462860610545	-0.16320648012946642	-0.019434732494474312	
0.018451796821403445	0.005733943089872513	-0.01805278456421459	-0.02774008862850703	0.03612998752820369	
0.02063069583609584	-0.07537598617817393	0.05736643324530948	0.020268080872396173	0.03836917746380699	
-0.11053121509814709	0.044741006675085626	-0.09471883261789232	-0.03590576133315835	0.017511465696747244	
-0.15562005954268338	-0.04136403799989622	-0.025455311918374187	-0.008179292455617299	-0.042827196752369304	
0.0939859000781588	0.08284481267322172	0.07756574786412479	0.07641584007298172	-0.0763625723330539	
-0.009081959836312709	0.03602161673234881	-0.0012421102614013381	0.047532674877889404	-0.10864884213388451	
0.013284660427633915	0.039371259769229665	-0.05967565617134247	-0.05287246580423376	0.010900960772677295	
0.023296439792234874	0.05053579976963806	0.036374405874195694	0.09325114006941768	0.12854084743356464	
-0.02852527253028532	-0.08167063163960821	0.11713169702199447	0.038411932317683625	0.11507853968193563	
0.09006261306815269	0.07999708092110627	0.09176135013111575	0.08899256945261136	-0.007433452632886398	
0.03702051578676147	-0.10206431839599346	-0.04385424672614658	0.039730288859657716	-0.07487378699319397	
0.018235304742874707	0.06170896099387528	0.06271788293941613	0.06880812886112363	-0.03546025528420353	
0.011008141492150942	0.009801553706450541	0.11009233101349354	-0.03911518365359062	-0.034356644201456316	
-0.0002002743624880469	0.04224356684122518	0.048562411144575525	-0.03340047281323569	0.05170601019522836	
-0.06429035981665213	0.06002077660415856	-0.04080091575455686	-0.0915898092385743	0.027418110814334658	
0.014878754749029575	-0.025560250459426396	0.007481845657589448	-0.023153028464001177	-0.018333107489019555	
0.0347413251675545	0.05972974069045583	-0.1542848155797223	-0.015379135548684529	-0.04587501659165011	
0.043907600944313584	-0.05312851287785696	-0.1002477128510347	-0.10959884673109464	-0.06036245810615502	
-0.03847287854287663	0.021573340324688484	0.07844473587038948	0.06533056100655776	0.06150874385886265	
0.010030459306320098	0.06824608860238626	0.00467460467910538	0.09192729226321165	0.039573507444645	
-0.037417419367077556	-0.11329220205412027	-0.0688561019410929	-0.06220010812170549	0.005114415613014913	
0.019436775714548684	-0.10334002694021038	0.14092306326856582	0.07162952970342425	0.10878191400920266	
0.046125226912832065	-0.01534240521433178	0.04193046014270773	0.051117840780321444	0.08357916007709289	
-0.061590855728054485	0.08088164484898554	-0.15858251445721966	-0.013835974129273064	-0.10278483686547929	
0.01106199147123382	-0.09965156383222504	-0.024561964161449987	-0.0935895877559682	0.06184584123994941	
0.06494375517157966	0.0435235921050473	0.08159713410565897	-0.09285295841918668	-0.07063387200310646	
-0.06431344965715607	0.010170391013783763	0.08434412887692207	0.08955913731302578	0.04438840749221643	
0.050325782806719	0.08093985538227544	-0.024339390783592266	-0.03782599980154405	-0.07682695211258184	
-0.045281844659846145	0.04647930534247528	-0.03061388993362017	-0.022531964134805633	0.08838149169582248	
-0.07672917853860499	0.08472023055742697	-0.08257735574603874	-0.020860526258492072	-0.06675813090127188	
0.08695546739987481	-0.0266638315411986	0.010004730829927904	0.008238786557645802	0.10350599595496089	
-0.15802556117711394	0.048990647639106884	-0.002479165118562786	-0.1626735850680192	-0.058511658001670325	
-0.08084218623286453	0.07186405674377687	-0.04070745373801876	-0.012349541364620643	-0.052314974204621875	
0.09605023722269707	-0.060114409954363596	-0.04441046810575654	0.08524526752324008	0.021793541248432295	
-0.026919833209303856	0.07451041699204564	-0.048144203503647634	-0.05839234510766212	-0.05548796672638332	
0.052566210981286395	0.07399074870152404	0.04652094194762234	0.0484481428509561	-0.07200574679895926	
-0.13156686735519452	-0.061946856211467005	-0.09249432683232695	-0.12238300838985602	-0.017051880440590785	
0.048229484659820306	0.05051516849173992	-0.0032108850508215606	0.0982352693300208	0.0025901597181415353	
-0.01859613711945807	-0.03399801988381978	-0.1242481755150178	-0.08101662413046633	-0.0074116010968555655	
-0.12132380252483108	0.009026993517106481	-0.18134345357784878	-0.09240559110464133	-0.010591651489253626	
0.013018355024286719	0.004976387998330055	0.04285316589670096	0.036338318507015785	-0.016034829247570086	
-0.05796445833867908	-0.08108329962032462	-0.05046404684705727	0.022445085598619158	0.01472467077538947	
0.12124856939414054	-0.06921428576814542	0.11842367453449361	0.07144252154650435	0.08909100645239562	
-0.0945074923796798	0.027797020680837378	-0.10503005627594951	-0.19794166896078966	-0.15107902798477946	
0.02899706629405794	0.04476573845232311	0.025360516267160328	0.01923887612257429	-0.04151473843892464	
-0.08833986373159843	0.04257080140529697	-0.0562299290980564	0.08760648540077735	-0.04337863684861229	
0.0029533868884677144	-0.007746437976347873	0.06595493387120993	0.013448446750082365	-0.0402194909478341	
0.0496838207217522	-0.014032026983742413	0.11460439962706499	0.1331672612163209	-0.0036527339965041943	
-0.057753210744397786	-0.002758852834572149	0.0799488666257137	-0.0749826562668312	0.07420552105806637	
0.04588690422533722	-0.014127038642868588	0.07701877290423714	0.031200270526127304	-0.07884264888700343	
0.0938895909331186	0.06628041527579344	0.1629642990923402	0.10740509848553285	0.1118338907599346	
-0.10942624036500087	-0.038197221699598695	-0.11415212198033357	-0.0709054169745404	-0.12696393552729907	
-0.0712856412094533	-0.04736210937297367	-0.10528829933822319	-0.17094810174085884	-0.05338824223186512	
-0.06416346252637121	0.06388868174007802	-0.0902240747858389	-0.10022628362903632	0.02443349541098166	
-0.12033488210627492	0.059776462856725984	-0.040964130364987555	-0.13110908351345357	-0.10555404102147038	
-0.08976955701038432	-0.07588466788214024	-0.08261771518855013	-0.13967817520586007	-0.09483108261169422	
-0.10505520395273557	0.06828892730709653	-0.2345729730773555	-0.17708203801700031	-0.1642074159787688	
-0.04683362200094827	0.04102810034361034	-0.1317520190783238	-0.17127350489801516	-0.04709633467998359	
0.014361420228567531	0.07949412269855391	0.06021999011169057	0.012080833302972119	-0.05694119272658436	
0.23009719702431683	-0.09041758153401984	0.058722885364525176	0.09480908788778879	0.06851098825936028	
-0.11930605022917586	0.039225330913300244	-0.11456628341582642	-0.015097161056192613	0.015343932328569988	
-0.16507861047690006	0.02548733520092687	-0.06226613944874871	-0.08319435226503051	-0.0666953593509466	
-0.06127888551232152	0.03851902673045605	0.051324745861902187	-0.04384701687695149	0.02835253274566132	
-0.06628108607106421	0.06715187465920588	-0.04339772005487701	-0.011790299624430244	-0.018078962136937434	
-0.057838727654093376	0.07468032695729308	-0.01773877601321807	0.024769053213318393	0.013677369014474767	
-0.05209810160143677	-0.0745731529091944	-0.054586477657267124	0.024306523872009964	-0.028718986160315603	
-0.018835776106454764	-0.0825160710640593	0.07370516466668561	-0.07680644615524852	0.11293236643489706	
-0.13295124887107237	0.007395051828769141	-0.17052063205953794	-0.0211881291882137	-0.12598167812231162	
0.007373491354643263	0.045775287790693585	-0.057695365744470734	0.0023413317834479037	-0.04587945699956837	
0.052196452468337845	0.03393067168773065	-0.06899149337114249	0.09263547453789645	-0.08280563674492669	
0.017626606964230317	0.01406402967663119	-0.0716649305051271	0.007643653554084411	0.009090412365754415	
-0.01975094809817714	-0.03829308568081676	-0.21627554047622047	-0.01896601521879433	-0.011147023488381513	
-0.08857628261540262	0.01353981943280889	-0.09097690367437301	-0.06209525414819933	-0.12028386526735507	
0.012290886207737418	0.04368543223636858	-0.035839560253842856	-0.051016411217381506	0.013586082634828054	
-0.11875974708494365	0.04200186315318553	0.048819804597981284	-0.05040124893236475	-0.07867695172373983	
-0.08693844997181673	-0.05213293757755086	0.05110289842706963	-0.012760738927275906	-0.0666844818071849	
-0.20350636726135904	-0.04665045266165417	-0.11763095654959835	-0.14924570377616359	-0.11664116200404226	
0.008598906645599006	0.06578039735916472	0.003774695104813675	-0.023168513790898505	0.03954807204382147	
0.06598112964733671	-0.03207759574718252	0.08335608747323495	0.12399782563393623	0.1615723546201095	
0.04618777410401874	0.041870911452050026	0.03469380628660974	0.06526952052099665	-0.0344953596322325	
-0.08636131324746532	0.06739652942311673	-0.060570646648153995	-0.009132886150552248	-0.06067008481566368	
0.08902971938520833	0.06183842044869255	0.0009228189154176193	0.07905609598353276	0.14921382736114217	
-0.06458188459597355	-0.051817766218235015	-0.009124229618313719	-0.11667462051801103	-0.01368395419248605	
0.03959893332577005	0.07846638100017378	0.051219861975179595	0.07057769694177424	-0.05644004255355402	
0.20367835138258839	-0.09095391816727791	0.07196755504210184	0.17795237940028294	-0.012658021949931474	
0.08216968208835967	0.05103171862677573	-0.003416655782778085	-0.024320507275540578	0.05232939801823928	
0.056565458863907875	-0.08991477794946437	0.13788428646118653	0.14127037463272457	0.031172098593710968	
0.09893703901641483	-0.015915508719298803	0.06599935566787561	-0.0026571210942034117	0.019620254957745036	
0.03236095600175183	0.07651203177582937	0.051224237836340676	0.010042104074797107	-0.011676029571551451	
-0.05973438518970463	0.03845353837108656	0.047483007017126905	0.1011654850169733	0.03764469261029115	
-0.07144354404969337	0.04851710967871153	-0.08578460001086706	-0.13736520552764983	-0.05983318039633756	
-0.10514181755432825	-0.04584578800688425	-0.11785458619420375	-0.060650310483274086	-0.0873221639299896	
-0.10060505253985003	0.08208850315174421	-0.1234647289242582	0.026748300686671323	-0.05164844909735131	
-0.0164333268650427	0.06392147976628935	0.057075374049992626	-0.03141376301109106	0.07603188006712923	
0.08741233422605593	-0.03831507820887863	0.0793064678407483	0.13917870888026956	0.03462851669767541	
-0.005307435122097264	-0.05632214894505697	-0.06755716893833966	-0.050058072048514424	-0.005251531015703595	
0.036006527705571154	-0.0475788450776554	-0.035145458668395746	0.029631096961411845	-0.03066027130725537	
0.12263110989755353	-0.04577941538286003	0.0640055464512345	0.06521347279454179	-0.021967435156252827	
-0.09085942915831949	-0.018967186188383767	0.08788852429604116	-0.03842376877712623	0.059778050402101546	
-0.05137294602418781	-0.03484742142716449	-0.06199646746851621	0.04330422400549059	0.05482173392130555	
0.0670773561796475	-0.06026530579275474	0.052285603128844525	-0.03524025894452659	0.00935178021943708	
-0.01051141186098356	-0.019039458519443855	-0.07209735947261206	0.03314645116450011	0.06098266066887985	
0.047637525136646694	0.029344468963052716	-0.04312847931582379	-0.055137565727533394	0.024953728744113047	
0.056130136591146115	-0.06376872968384674	-0.03637965984119147	-0.04205935260667432	-0.012314855959192971	
-0.2770649985558683	-0.044412784447927636	-0.24533845350403738	-0.10981494927143588	-0.13184464226265946	
-0.03570388228366063	0.021174710315743618	-0.09708107390640759	-0.019252030590232158	-0.04592109630663644	
-0.04855419158441466	0.046754841755391734	-0.08778965943770199	-0.16541272823580222	-0.07931412059012327	
0.2473308892571483	0.09530403687965468	0.18050546315029792	0.05249017396864389	0.15849121063488572	
-0.15464907532978656	0.01315783018831205	-0.1810336347888304	-0.12076539287454581	-0.04837357207558705	
-0.3014230699080541	-0.02007212005260335	-0.25564038479585593	-0.36852650052131175	-0.2293792096757907	
-0.07597075622504908	-0.06347554003122473	-0.011454230125745018	-0.07878949382450737	0.03752924426142322	
-0.12226784607106594	-0.03571421976759466	-0.1278117220226119	0.002125751277837969	0.012738029703640281	
-0.03212997912604424	-0.054687497732735665	0.03243563299779036	-0.04670320203678989	0.061601102807535134	
0.0064903853998386505	-0.029643718900529838	-0.10135496901446457	0.03700361599968191	-0.06721221274888856	
-0.5301122248634961	-0.04301138703975868	-0.4768178663380717	-0.40505625280174523	-0.34296262843309294	
-0.016116900248308558	0.05434552636325696	0.013020402066923372	0.07865010435638277	-0.009857228823237718	
-0.040339912160449944	0.10689326786912434	-0.0632556940273641	0.11029705401533393	0.02443163426295081	
-1.208126945027998	0.37035508470599926	-1.2188032313897361	-1.0935591260870041	-0.8146921770528504	
0.6393088428067	
