TESTRUNID EPOCH: 87 L_PCC: 0.8681757176905741 L_ERR: 0.0038548974277036402 T_PCC: 0.7450722273533102 T_ERR: 0.007663787668448697
180 LAYER: 1
5 LAYER: 2
1 LAYER: 3
87 :ILEARN
0.05657291325589604	0.05079832154727277	-0.009612215725766643	0.021277881497475407	-0.014333724787610573	
-0.21944170281268055	-0.07921854990953406	-0.20082943138477924	-0.1380381066255716	-0.09882312102624771	
0.07786855642833088	0.033809316024218695	0.0403632664032356	0.14818996842346321	-0.02246965904086633	
0.2706781943900609	-0.032473746306115214	0.26511116326001966	0.10633123544423066	0.11127414138694282	
0.1365156491674708	0.08566107477277429	0.04246764585318424	0.10371725209491134	0.12951813440756435	
0.051156652968197096	-0.09581584292493776	-0.12852176101585344	-0.09306035315602093	0.05631449025905693	
0.030221632803855418	-0.02694332539754445	0.19521730548226585	0.07222142444965159	0.11271478661564857	
-0.17061642530914942	0.06721626381415839	-0.07175365242383086	-0.17201043093018614	-0.017994928185154184	
-0.0067472712650079045	0.052744809145794366	-0.17327705631600918	-0.03503547329885714	-0.13981739576156996	
-0.022148450673468295	0.06635424112088743	-0.05008881770491071	-0.026144503286250693	-0.0905905669299506	
-0.15305781631107862	0.02025244969148975	-0.12152965002848987	-0.08242007736676339	-0.04903839822168937	
-0.20296208765508955	-0.00043472158393817093	-0.2007127920894739	-0.07322657988024177	-0.030775931583401722	
-0.1583533501042354	-0.031037538210813	-0.046875214961320494	-0.08031925815750085	-0.14966293327943542	
-0.058664540082616436	0.02584933513731881	-0.10371554998192645	0.00857925269665495	-0.05166849381224353	
0.16230415754146327	-0.07965560076966982	0.00875375003394151	0.1240872945714961	0.03938219018609989	
-0.09261747192256836	0.10013860847511524	-0.047576154763295596	0.03700321008627825	0.030988152615135923	
0.10563292898212889	0.027957543247566545	0.08152439373346074	-0.0022605364751411648	-0.03268482918062312	
0.03690236577381894	-0.0331754231144756	0.039853309829454425	-0.02540917548783745	-0.03959188716262061	
-0.08884787461693362	0.06926388324797442	-0.054113437631362754	-0.022960373238441238	-0.06285155104247063	
-0.030454132131374163	0.06622249174938367	0.04532171350460399	-0.05449113899640403	0.02410881980844666	
-0.18627071703668496	0.02097338514030571	-0.07858097197632526	-0.13525569024073075	-0.02992053571375923	
0.22866419038493316	-0.11559539007262733	0.2824277988585725	0.1638320878788198	0.22814218660412866	
-0.05770993824195418	-0.07097866270778465	0.08673264254031995	0.031161794845748218	-0.09895234518532764	
-0.048129050484427255	0.0607380243844597	-0.026683264899777494	-0.019605613853124225	-0.1445817798355577	
-0.18857890958006435	-0.10122756502628698	-0.19587314175461978	-0.11295510829934353	0.006212237054520028	
-0.6317475461699441	0.04353779037112385	-0.615207411207384	-0.5218147785504365	-0.48261835532429964	
-0.242116744665671	0.11685367751788264	-0.26489998973794504	-0.2628188186007971	-0.10315499885660498	
-0.20182292172934121	0.0808299235623692	-0.1741365824737782	-0.05651944730525383	-0.0682916942890171	
0.29475491442806667	-0.078871872224764	0.18695925564031524	0.1197258659363145	0.09112341288145978	
-0.1746383282396122	-0.09075164433920822	-0.05839996416399312	-0.0415390137870664	-0.17519947122092805	
-0.4134541482864886	0.0595201478868495	-0.3224998534030956	-0.2735886435964951	-0.2638019354868373	
0.11581457125156863	-0.07675741712601487	0.0786842029745852	0.1333720836555358	0.10877806233451158	
-0.5015125467741449	-0.019638996316757654	-0.43971641758371693	-0.25334648177734403	-0.38219469048575627	
0.021547893673112467	-0.09343002980449996	0.12635729707796287	0.1206580419216443	0.11147464576926377	
0.197106837077168	0.11884882535059903	0.24711769659230307	0.14582460690556356	0.18169776738091306	
-0.2322268913296503	0.07466042604037888	-0.329361632198878	-0.286147661388031	-0.2140283794366439	
-0.1175496253551569	-0.044528591485179285	-0.0927182065756695	-0.1912708774316855	-0.1448011975070951	
-0.18449512937853846	-0.0507607116446868	-0.234438302366381	-0.1636928624639573	-0.07662483243280098	
0.09822323610255868	-0.08090346659425315	0.19727948892585162	0.16375827258757716	0.19028794023247486	
-0.03429415544893468	-0.11414878854044253	-0.18035454510960444	-0.048577146748964545	-0.0012899348863368298	
-0.04804624773377419	0.028330449899098473	-0.0466255239957933	-0.06192673261982872	-0.09970154037826849	
-0.3077512425545916	0.026529109554697127	-0.3408229617403018	-0.108158500674543	-0.12051053038979918	
-0.05549522828995111	0.1278097324410468	-0.1178695042051587	-0.0837564402460579	-0.08227097302625429	
0.35095235103366	-0.07680417395975565	0.43191339306113	0.3056038654741001	0.1395234949546044	
-0.16737305637081876	-0.049467046204602697	-0.17828097443140922	-0.00031173185694945393	-0.08667860501283732	
0.08670147412018324	0.012076252370190008	0.05900857908586526	0.07329936250335033	0.07339158248102913	
0.08212706617479537	0.01262065628517914	0.1364230103524547	0.02958766759783272	0.0659898955985135	
0.04002936513551383	-0.09832925962958837	0.041893626597089284	0.008251985883126296	0.06693050231297885	
-0.07882106391015972	0.08113955871786492	-0.053789134776429166	-0.055167180158983205	0.025981969158740077	
-0.01832075686999335	-0.101283167926247	-0.054832062409637984	-0.007371801029203661	0.0461118001262011	
-0.07532582049128578	0.05315547124081636	0.0019367335050236238	0.10158655954130828	0.012179105017307994	
-0.15162947495391468	0.021053095179524597	-0.21631966185678186	-0.17438982185888405	-0.12765719259423092	
-0.04928015075566028	0.05720942490644974	-0.043475830408809125	-0.03929672095797235	-0.008250571043313492	
-0.08583240427988637	0.0007038607591561484	-0.07508751799920782	-0.0515180791323097	-0.06336398921695582	
0.06328693006837112	-0.014052781554010851	0.1359857510229467	0.05092667870883019	0.1653559196799851	
0.08035742651700864	-0.056864767613198426	0.037156503254688195	0.006617896290337782	0.09574976626384123	
0.18490786018702413	0.0627494744007591	0.1663342848581871	0.0290230922834242	0.026840958239160388	
0.06597093773689944	-0.03343282338989569	0.06555505956174797	-0.006040030952442402	0.03192491744965061	
-0.0064534491939964595	0.03511569834121829	-0.017225207886874674	-0.004721923736301614	-0.05394297692489542	
-0.10654764332190864	-0.0374171188966136	-0.10074963680983305	0.06841624413077568	-0.08201915841731865	
-0.07580871034767703	0.08550294453311964	-0.11199201014301739	-0.08211337221766687	-0.15159443933186323	
0.09581945863679539	-0.035170535514038016	0.013903568764828312	0.08460619317808346	0.0166688382762711	
0.10285235155679236	0.07810786903624768	-0.05130548864177052	-0.07123393009947664	-0.05129371618309419	
-0.03680787540288934	0.04476940524795008	-0.10942481518710648	-0.0817229150594233	0.03613337714852973	
0.0294929839249797	0.010984359144922566	0.002371789817651084	-0.013029307473762193	0.038394785010197	
0.06259491041420981	-0.07539092086916081	0.06005229357735094	0.03892116381960803	0.06591060892818701	
-0.24562275110374368	0.06174189485924029	-0.2316413558554294	-0.10591125858414359	-0.05949932057035338	
-0.18888908007524502	-0.043846846579181906	-0.0681380540042075	-0.0023301059256077053	-0.03708483894933151	
0.11885035696785733	0.08676652863628825	0.09232694444501688	0.09380833403876324	-0.05040567370462133	
-0.02666263762063721	0.03582470292798417	-0.007119348267405949	0.025577371007079058	-0.12772000371850248	
0.03823147253373133	0.03553420836132285	-0.03311397884961597	-0.048810005828679746	0.009520644960856462	
0.037512407250707286	0.05707157037703804	0.022106852461047002	0.09177467376252178	0.1333834814495491	
-0.0904974445455393	-0.07213092579421004	0.055607374714812925	-0.03474152823509691	0.07113351845089018	
0.11950624233750255	0.06974838369493784	0.1345024667334687	0.1003318169595653	-0.015414157055050011	
-0.011679234125046676	-0.09738445224431079	-0.06951353173070306	-0.002814299075583819	-0.08926629993192131	
0.04346750977303901	0.06289620352149305	0.08358749649810289	0.08996546975392426	-0.015255985000597213	
-0.0026129364267681613	0.01526311482054873	0.10142161349323614	-0.04420619184456925	-0.04589684399653632	
-0.11775689732821716	0.05662170081379295	-0.09788603982491444	-0.11320687540912881	-0.04774137777672592	
-0.055987388944125284	0.058167978141490086	-0.046031809837272814	-0.08964218881188836	0.020879632553624756	
-0.06086455184340159	-0.01808296621375698	-0.05770647463720397	-0.07489812491905183	-0.07023593549125585	
0.0391172692696632	0.06564540939787367	-0.17910635967407348	0.005962671845005677	-0.05819735070525077	
0.061449346848835115	-0.04289002574129795	-0.09804454868918427	-0.07659690606186152	-0.04624449410432943	
0.15006119306943141	0.006732504269870869	0.2967359712198713	0.20376983387150482	0.17976405391383968	
-0.1549796502269036	0.09135246295866666	-0.1550357749149129	6.620078692474737e-05	-0.07674315931101561	
-0.035288229842994685	-0.10071270650703106	-0.08502416523403361	-0.06835159796459767	-0.01099091509012349	
0.0037692891546241875	-0.08981036443924723	0.12708153755555493	0.03604153688267134	0.083283999172337	
0.05357058027472293	-0.011122153866396433	0.05742224675917988	0.0587688102590665	0.09112473388428662	
-0.05221074653108373	0.07058775672268423	-0.1777570630944046	0.015911573905806425	-0.11287008945944192	
-0.02394954015907161	-0.08501614525361227	-0.04122316897750477	-0.08722575279235131	0.052447709969247996	
0.14021461253100898	0.03768649423453305	0.15016336658978593	-0.04231877819591588	-0.0274242418795324	
-0.08754942397661762	0.0023393523398385907	0.05869886936315004	0.07189314419913208	0.03204160264494847	
0.14375977044433105	0.08895110544292256	0.05528626809277804	0.02566938320096312	-0.03207807944333674	
-0.008183986527798849	0.04042906423469249	0.012964917718427268	-0.01774835552374004	0.11174871287925349	
-0.010179438487605516	0.057494939106741944	0.006790144044111102	0.048409117692146134	0.020812142701461693	
0.19379453413892803	-0.019141284993958535	0.10808084786094885	0.09117879962958676	0.16186008774534635	
-0.1717001305045682	0.06077471999646686	-0.03528018910614075	-0.15318602446802718	-0.08516615081006489	
-0.08801035176703488	0.08072467902441177	-0.055861545749685645	-0.002354757586488121	-0.06670679098378952	
-0.0810135648002772	-0.0551809044549316	-0.157755635388981	-0.09064849903662338	-0.06254533834679016	
-0.07061164131628711	0.08229016776700353	-0.07068330501514052	-0.07208330467200119	-0.045410409610575006	
0.10812796187043314	0.0751975792993216	0.08994567886729339	0.09045524854831008	-0.04253185652646119	
-0.03319667526494852	-0.07643443388135114	0.016254705619748944	-0.05267237876064951	0.045900967397063015	
0.0008174266884401722	0.07516217822113924	-0.08517757775960721	0.03059934572837198	-0.06173445824927253	
0.013757989398465374	-0.052934550401710724	-0.10459709900192943	-0.06529127141306534	-0.004224747442208601	
-0.09457250457598622	-0.015526830773924388	-0.15595273084390343	-0.0570358447678153	-0.0024388511612159756	
0.02664317095486242	0.021441716566675935	0.024107524063775636	0.03136098153696531	-0.009773239639164754	
-0.05214197262603387	-0.07609343592944699	-0.06413603900626053	0.013406615070791944	-0.00815576277888851	
0.139475622951025	-0.06538682001441856	0.11471078717292907	0.06772234294395774	0.07612323986842086	
-0.1030250939159885	-0.009175625652235763	-0.07173057417304515	-0.1480109414949505	-0.10858761877683733	
0.09337523960169146	0.04226273696254431	0.0596189953145336	0.04833923739983626	-0.012394294231775405	
-0.1450316345710877	0.05740046122845335	-0.09764516881089007	0.05588593279516077	-0.07299556748561442	
0.05958987285487085	-0.008622461886397174	0.14282848655450903	0.061828161809728735	0.008976582337245086	
0.08691733560166273	-0.008768428346010554	0.1281910887254437	0.1255885712785023	-0.019053182156673044	
-0.0249615901111694	0.0012289425305248647	0.10997310628997171	-0.05853399182034753	0.09599750777215839	
0.05426816114766484	0.0004473767550296994	0.07744968888690719	0.04818710179691048	-0.05551212150223454	
0.09654987029184585	0.06853560174238044	0.18070450270294494	0.09862691607732794	0.09725610332495731	
-0.03774689910735589	-0.05805226134287542	-0.03407693229407187	-0.0213234836151952	-0.09296973645072894	
-0.097068900953363	-0.043728965545359905	-0.12055720622535356	-0.18039239659884154	-0.07504650331944715	
-0.04859704183505861	0.07129575186533446	-0.09425070067225898	-0.03747314417104458	0.03635175039803869	
-0.025969128067457742	0.060140272056774316	0.02945104168723712	-0.04510481433191494	-0.029175853001068338	
-0.1406063620132799	-0.058711129545727526	-0.12331148026667293	-0.1691218694751169	-0.12414289800401994	
-0.0559297495254364	0.042780656518238355	-0.14735559063841827	-0.10420606596562217	-0.10144304653644935	
0.06711843629968202	0.025320431284529057	-0.011318097848761638	-0.04315489003030751	0.04897063472867189	
0.022867634362520473	0.08065095436737073	0.07641462931064028	0.02365444779941488	-0.05439282575330712	
0.1760116434114059	-0.08811269644017326	0.015463962513028482	0.0437906981580579	0.022518357052408625	
-0.11599290458157407	0.012249492917750333	-0.075545787884304	0.02138471421295145	0.03864710794707792	
-0.23195300352562098	0.005534625454453363	-0.0954770838936421	-0.07745738056489403	-0.08598790545815926	
-0.018066200663855555	0.016263593199940914	0.11767650297426155	0.01771403525491526	0.07208001924205387	
-0.08879597525683976	0.07637491960492032	-0.03949256380461824	-0.025035276793725116	-0.032900598175462675	
-0.06467591221859396	0.07171886302975017	-0.03245572282372549	0.03211818143555241	0.010276154790694658	
-0.056236911044145764	-0.06281133445917983	-0.07165224604925402	0.0021676348718741956	-0.03979234201159024	
-0.17113362796294856	-0.05774720271394271	-0.10086341675275765	-0.19310358338864117	0.010335726578093871	
-0.10664767106875875	-0.006371701442948977	-0.12110895876818699	0.034050673290701786	-0.09292195782450967	
-0.04551910024995165	0.054565230999743995	-0.1275206936822614	-0.046013861786443906	-0.07984545391326532	
0.16835785798320468	0.0372666142655346	0.0124654360424748	0.16096896388666024	-0.0204134869489584	
-0.0041591566135341426	0.006852682743704897	-0.0959252729586049	0.015859250098417477	-0.012092201213268339	
-0.032996952956273966	-0.05121451136365466	-0.21001003912284924	0.011583477243604883	-0.008639382172921595	
-0.06361542537182004	0.003710607369644991	-0.07299692116692996	-0.003957103128038177	-0.09988492219584395	
-0.010789763615869493	0.060361391229696075	-0.10380592657782596	-0.07079518242422886	-0.015056968480247996	
-0.02402095108138679	0.0417076913271738	0.11238836508188824	0.00619368887961747	-0.027008106211050584	
-0.04701157908586484	-0.05226820996701933	0.08620431538473323	0.014441595123984645	-0.04040544085582984	
-0.3289922881958509	-0.055470310449912984	-0.24443680575847332	-0.22218525626216298	-0.19858086138393632	
-0.0017263098575823065	0.07645271605658728	-0.003092703519765114	-0.0352039101833764	0.04105233571374981	
0.10499430173011383	-0.033205380979788236	0.13600638153656452	0.12813546921074406	0.1869726133410219	
0.11261090481463154	0.04236073045865486	0.10132204304612209	0.09062484192442573	0.0076912593781147945	
-0.042175749819418344	0.05676306135976037	-0.03357630290562076	0.048039452535379085	-0.03139441404856913	
0.11070512546339903	0.045484380781164034	0.04110712612590692	0.08001674569813481	0.17157122168850422	
-0.02761672528146491	-0.05748487401828731	0.02586524891972586	-0.07794366061754827	0.021080065383618674	
0.05322082044790131	0.06925650707266678	0.07030886925549763	0.07972487895402666	-0.055269093175842755	
0.021441141202292763	-0.07551449923440132	-0.08974869143562537	0.051899953097000656	-0.12206041046338785	
0.08318023453738406	0.05603080975504599	-0.009600740306240719	-0.02197291771596376	0.053055411526751604	
0.11090803341868631	-0.0891257794468968	0.17649641361960963	0.1759888287236104	0.06252025541510547	
0.19336829797845057	-0.02952480452129619	0.16982778972498738	0.04786926087123533	0.0887023092251805	
0.04201737163463716	0.07691164692343834	0.06198023375806336	0.008603092859626845	-0.007296485630630223	
-0.012668245765728663	0.03258210856747304	0.11151979875803446	0.15757034995579433	0.0672490540514342	
-0.0772012226959579	0.04263647194306129	-0.09346653579201236	-0.11510954716640863	-0.07240336354671566	
-0.11445344240381364	-0.050620803100583284	-0.11753063196762593	-0.0710942164530347	-0.08977163868784738	
-0.07522451908902943	0.08547937613299773	-0.10543282198429463	0.053655574313730275	-0.026955037126745063	
-0.16879400878063686	0.06879231608495685	-0.06478668540219125	-0.11846041104428055	-0.022030192250870443	
-0.03042307808402523	-0.03737359528632087	-0.0002103899679933261	0.06689329119701565	-0.042032579560915335	
-0.07571374486840342	-0.04433859341653012	-0.14948878942467703	-0.08640935939494623	-0.0458140227186985	
-0.07177687627285428	-0.028704259720023752	-0.1563246395102953	-0.036167196910471516	-0.10320479745779662	
0.19301674262985236	-0.04178705944510548	0.1352922146807043	0.10231844346284394	0.005018862698240847	
-0.08914567842441744	-0.010858459708879909	0.07932151516228887	-0.04116250833943686	0.04375245603854257	
-0.0661337122729254	-0.02209304992407234	-0.08363467222634885	0.03319916296207421	0.028029767249346277	
0.07297693245755574	-0.05845504844523911	0.028836848798752198	-0.02638520960408995	0.01109418602458163	
-0.005904511632202841	-0.006213953474124924	-0.051936578410831255	0.03225953407276917	0.051736031501898226	
0.06742093925580625	0.041120978394914194	-0.02910727786494256	-0.0500284022799052	0.022434844380222075	
0.048399181348361756	-0.05435983244127788	-0.04534333172343744	-0.039535966386029686	-0.025396350262523158	
-0.3729805138775116	-0.043532603211914274	-0.35420483999265073	-0.15801287386698673	-0.19748923109346772	
-0.07611619636337001	0.01568096658592193	-0.14773290959303523	-0.026161105227207656	-0.05890896743392531	
-0.09827999394566815	0.045484151646957974	-0.13911370767926123	-0.16137637036375393	-0.08613835296309469	
0.3079321847818064	0.11376813504002786	0.23909732603861253	0.058234295217368726	0.16581892367486534	
-0.17166328386369925	0.006124797282806756	-0.19077022808889318	-0.08977742314097273	-0.03444728535035156	
-0.2943469880432912	-0.05993355385472867	-0.2630331006063694	-0.3028214559860039	-0.1713314696774503	
-0.07536456823308153	-0.05372864239329412	-0.019886158547697468	-0.08003739456058354	0.025758124148661077	
-0.11693494192102348	-0.030897964594258698	-0.13875984667805627	0.010334290670895316	0.007269013037638558	
-0.010254894184045358	-0.053768714372636604	0.04043060444203164	-0.025835494040224963	0.07272300110537583	
-0.02866968832853421	-0.03971338535199099	-0.04287181556971881	0.030939530267265758	-0.0555714172864242	
-0.629258294568142	-0.07815465911352905	-0.5517346486479824	-0.38957416481143387	-0.34819953484435795	
-0.05635363233327237	0.04943798626101058	-0.035995483030503365	0.06707239889206895	-0.028228158946141373	
-0.017605853297964224	0.10080747022661912	-0.03858131835061491	0.10532588455881069	0.040247028391577684	
-1.4351215791202199	0.3424537292555741	-1.4689393475074912	-0.9605259510112487	-0.8071681115491871	
0.8871637334228156	
