TESTRUNID EPOCH: 99 L_PCC: 0.8692301118257467 L_ERR: 0.003935890761556783 T_PCC: 0.7377058958664804 T_ERR: 0.0071419000319234835
180 LAYER: 1
5 LAYER: 2
1 LAYER: 3
99 :ILEARN
-0.05244894468027157	0.0738431078705779	-0.1328825065032049	-0.07052856597862558	-0.09110169844594684	
-0.2715581720559103	-0.0698122156740308	-0.20021410887697236	-0.1247478739091098	-0.1068624336508408	
0.15765189737336047	0.04583955850379581	0.11633517029183775	0.16267674020821882	0.0257400062614027	
0.3124004885695144	-0.0006722467598056685	0.2545342135299165	0.05743767639713568	0.11222764270886777	
0.21578682662234971	0.08848075550347173	0.10305924675352292	0.14992425503292575	0.17794271666917846	
0.053146013405514406	-0.07352808480726974	-0.10893695647852349	-0.1046520491381509	0.064981343867875	
0.048860038591431454	-0.002460385893112238	0.1933541179199004	0.05201917844075879	0.11110658374982468	
-0.18233045842428092	0.06597268704525173	-0.08523664201874245	-0.2306901444584743	-0.037686139159447254	
0.06431527775323118	0.04713657557436239	-0.0718529130879056	0.01743988195828353	-0.08213760595056074	
-0.0067883519871196965	0.06349968587190638	-0.055091544145873264	-0.003549461861937978	-0.08059500834677988	
-0.15509465287786817	0.010871330052652214	-0.14357339017255388	-0.056027592965516314	-0.04852409870792428	
-0.2129916520094075	0.012729202952246747	-0.13373108579940665	-0.043333790234319394	-0.010128115857481034	
-0.13744488581167655	-0.03504436279679027	-0.03215261227428626	-0.037803767137940834	-0.1321013616856072	
-0.030570303933001676	-0.0035341534908612136	-0.07222585290667598	0.08264051293721056	-0.024535933370316832	
0.3055708905113873	-0.07153229295933508	0.13329136738854025	0.18988808630355133	0.12165779295052778	
-0.09117806535460637	0.11196525530146868	-0.05262668076915803	0.017422531884430877	0.028945796406665798	
0.1666993601979814	0.03126968312885572	0.11922803369532217	0.03583375728210195	0.003592231051212277	
-0.07670785798877497	-0.03223050155131079	-0.09847102199215273	-0.123570263343574	-0.12384538458288856	
-0.14316575759160344	0.05772194140225035	-0.09175644071240484	-0.038982920578625256	-0.07467560125407699	
-0.049633728130126294	0.06995774067275608	-0.0048105435596038585	-0.06530415401622494	0.008422528119327718	
-0.09273442418813063	0.020651065166929636	-0.04386017382930775	-0.0932496941890333	0.010641081173351828	
0.24075270210640112	-0.1142082929714187	0.29249500088625874	0.16963997317266336	0.21194690295606491	
-0.04299597962559862	-0.0668961953267487	0.07381315603410227	0.0214514477417035	-0.11290375505860972	
-0.021418933809371203	0.066005406038182	-0.034974185543639014	-0.03993485582298689	-0.1496119531086454	
-0.03557504529424037	-0.10269722250894942	-0.06102649409960897	-0.018242956627177127	0.10061756413253733	
-0.7597086933072749	0.023580727881374455	-0.7341886536719872	-0.6247417703431738	-0.5730966457848159	
-0.19159118635304107	0.1036051195119157	-0.23759052532442293	-0.2511743271792416	-0.0920665094852443	
-0.21124015356291298	0.0941602236191706	-0.24046570573619658	-0.11319980488564052	-0.09849408699081906	
0.21336002142068486	-0.07930964325556096	0.1196341725890168	0.0707486469113177	0.03691603285279007	
-0.2800305303545798	-0.08389064952420615	-0.1591004395524871	-0.08904083163502152	-0.21396507432359949	
-0.3579413563034742	0.03955287671902661	-0.16936641923560436	-0.1770949368475509	-0.17575085673868182	
0.031311465127566156	-0.06328275300411326	-0.02948082341955378	0.06387516834556871	0.031108980303982844	
-0.533694968165875	-0.05304540913341409	-0.3654358568591958	-0.20025157963438556	-0.3448504523337614	
-0.02295208520688227	-0.08788963784415998	0.10260974483631867	0.09274831181858144	0.09047455184867997	
0.24381712778332382	0.1299600268952357	0.254915745827928	0.15016198751875673	0.20200502981122861	
-0.15401286488234744	0.07792545976875115	-0.27057302646858683	-0.2721840711940207	-0.1874288171920886	
-0.01741404356577687	-0.03973808283131205	0.010197966680080443	-0.13417440106719633	-0.07270892769189868	
-0.23172298433268254	-0.05582267871963636	-0.2869467978685257	-0.21093473363349197	-0.10998091864089025	
-0.04315102509555097	-0.07542675366275815	0.050768463831144264	0.06431995049870962	0.09385848480950856	
-0.07432997044903304	-0.1091273025424949	-0.24155007283642774	-0.06761857855545722	-0.013204651428454617	
-0.06599752233363607	0.030411166546031106	-0.10604087551323368	-0.11648284608676819	-0.13734093835922856	
-0.23437962394650896	0.011498843133744533	-0.3102909808587785	-0.12025693292915249	-0.08911622460399475	
0.023177536987629633	0.11332992665066882	-0.051364589424379825	-0.06234442512940396	-0.03005188947607186	
0.2938623224578687	-0.07642153235726955	0.37039236092211353	0.2398620031548408	0.11023112869531439	
0.03452162782913259	-0.059656650768531244	0.030680737533818513	0.13152694669554307	0.034604493715938156	
0.06093794655861523	0.012450783861646044	-0.0019550719631264086	0.02239517908418932	0.04214303710189696	
0.1063929584446015	0.003099248450167231	0.14184781542164346	0.016236013483436437	0.0812648204853457	
0.08263954101405828	-0.0933051595812166	0.03214480854508753	0.00013078218201725944	0.06438084497106962	
0.01322648420697436	0.07649656118330903	0.030563056139027513	-0.025922359074496235	0.09088044576340745	
-0.12220810075930036	-0.08222931365447556	-0.12583911328084718	-0.04439841144451644	-0.003321856194416019	
-0.13026087989636864	0.06754059514792872	0.003136760216210592	0.09591676244058067	0.004191011873845538	
-0.14107891001853248	-0.00219741298674722	-0.24666860602295687	-0.20352793112098683	-0.12813343330717944	
-0.09725235510662629	0.07167177306779514	-0.07083458095237224	-0.061820569054782865	-0.029153784632581562	
-0.16359685677220387	0.016942740598046884	-0.10397083362275115	-0.05904780775472036	-0.07682303964704176	
0.0022662074169593222	-0.015506680914708545	0.0411525389997565	-0.03683520337770506	0.09778807876101855	
0.03466369120391933	-0.05651503837044836	-0.03322494450293019	-0.0598649288021277	0.0594209600063078	
0.17822359189021472	0.06187165461086306	0.16108266913048241	0.017523981248387728	0.02789120161989942	
0.13009777607777123	-0.013866890203086266	0.05155670661948747	0.06991924909739554	0.044942564400708464	
-0.038915976434043056	0.05068220876061705	-0.04288673936688737	-0.01727457851511359	-0.062386104477612205	
-0.14722429543868937	-0.022219286046334507	-0.12958357857760902	0.05827406505565212	-0.1028534338158752	
-0.03127001695715131	0.0875676376049506	-0.12234577081467807	-0.08585124648660485	-0.16553895780035496	
0.09874206038550894	-0.034621113432352725	0.06497921383197107	0.05598962998191654	0.016027714153968937	
0.22461237474826948	0.0799472331110233	0.03223986285900912	-0.028197448113347814	0.0003690238034954471	
-0.11863551258420958	0.06390754102340751	-0.2572570945617987	-0.16399946244014815	-0.04776814384084318	
-0.03587772888881254	0.025180997328880114	-0.1003732681619573	-0.0743121872824561	-0.02046334487765445	
0.13902309471661564	-0.07543308838013066	0.23287245637831494	0.12605409550752558	0.13571840092125728	
-0.19171262911235604	0.06114883181582546	-0.19663419603149027	-0.10570055989480244	-0.06997869260508428	
-0.10224236309686434	-0.038209681016054535	-0.008214634643708498	0.04323181825394608	0.012682088230096459	
0.015596969191154893	0.10455625574641558	0.0011197752704206244	0.01110641493001974	-0.11890489954629138	
0.0026549968376433698	0.027724378105592914	0.026523972568997876	0.0743143936799532	-0.09875081135630939	
-0.025238185118454614	0.03099572607237743	-0.005832228945368453	-0.013565759868382477	0.01236577103736307	
0.021587927116080343	0.06343561385670411	0.04188249930097397	0.0577963845904969	0.11936288979498247	
-0.10308678644545055	-0.07373685130061322	0.10813057840943498	0.013160713368434326	0.08660085622201323	
0.02505925603839519	0.08754195387165929	0.05787238298057604	0.05123181590236302	-0.05215406228578027	
0.11077135304707185	-0.09984702223705025	-0.049882792192394304	0.025693459483865613	-0.04723109588958678	
0.10289534988401727	0.07387665360395344	0.11213915299551391	0.1006477347723178	0.001636218621424027	
0.03820849194372091	0.016354055417628577	0.11767949506635597	-0.04035098083633448	-0.033389144184282946	
-0.004751491885540479	0.05494353107780132	0.041496857891516546	-0.04871263601497225	0.04918359812770278	
-0.08382001557329663	0.06378952835690828	-0.053826569977824194	-0.10658601967069142	0.013508550513971594	
0.015810157611287533	-0.03168693325893788	-0.003984590905996697	-0.021518580085552016	-0.03286144411967048	
0.007064161826215933	0.06526763641457148	-0.17400668052608803	-0.010333238823281642	-0.06440050169149608	
0.15358492540587235	-0.046305425422053216	-0.06058304547191512	-0.06745807569555604	0.003859655458689874	
0.05926573002886284	0.023341207293010997	0.1827202244227347	0.09733944958170805	0.11682613715132832	
-0.048318384474428884	0.07622574688617897	-0.10567983363810493	-0.019687897122880868	-0.030006030007695125	
-0.06093288708188845	-0.10408574290720281	0.016168996006733095	-0.0015856349940980535	0.0038107189399288104	
0.06073485193654222	-0.09161105380524316	0.1467051295824506	0.04710154970095303	0.11495183563887687	
0.010292137902102429	-0.004933585799283214	-0.022519310259196085	-0.013626462673246699	0.050840120964284266	
0.09112178620294877	0.06401378094914109	-0.04503622440525762	0.06430713557366853	-0.0412897292568015	
0.05225488377880001	-0.09012886444172365	-0.009576653731183575	-0.058023695375398976	0.0886274359767443	
0.09059924196199472	0.04901021506950984	0.1640997536463968	0.0035154204125157785	-0.024211683892358945	
-0.11233169380379072	0.020871960701959846	0.04678891727956231	0.10234788680888705	0.032815573302406906	
0.2111961006494974	0.08673070405086739	0.0902758839244819	0.03908583887337278	0.008885862074209794	
-0.03160529011592209	0.05312073593338723	0.003028083571420427	0.022178452160092073	0.11102679950459715	
-0.007949917806470554	0.06595310576344036	0.007022043936205458	0.10608812052790471	0.03277494200109393	
0.06399597113534579	-0.010113294065534632	-0.07010119435288008	-0.05554693329786909	0.05011646422130772	
-0.1495520504712598	0.05489745620557587	-0.02785043408957934	-0.18571755672143922	-0.07728920372163854	
-0.09426157619051347	0.08616316568745672	-0.07427290709826131	-0.03433588810832341	-0.06715441117795988	
-0.0019716430094247153	-0.04890123991854926	-0.21301554914525414	-0.0776626179069842	-0.05320018118042773	
0.04240579096844655	0.06361286889829766	0.005251768205067138	0.03121674210517097	0.029430433103562373	
0.029174343179470923	0.08589577759744302	0.0709471604073535	0.10139054191165543	-0.06180838163857687	
-0.1426694316844852	-0.07235242678573346	-0.08938786226542844	-0.10886326798438883	-0.016953416210047804	
-0.003260664331727224	0.06970247898680071	-0.11771337118679881	0.05972746922076447	-0.0619056880453887	
0.01583877048302757	-0.04412018781801083	-0.09897100752296902	-0.06124192019806319	-0.00040099903405706124	
-0.1242610077640253	0.011928048619412561	-0.20963506078238175	-0.12344380610012569	-0.05445659371115974	
-0.06269507461111977	0.003944308979671822	0.049411891530935066	0.04128143775564377	-0.01910611317251627	
-0.034358722758171666	-0.06734706243021359	-0.0336621422005091	0.052864997848283704	0.023188767546735527	
0.1917343535432823	-0.06190085130853778	0.17788596483406027	0.11390592102858968	0.10891204989456296	
-0.049597851621914484	-0.0036710993654765446	-0.09423817538862074	-0.16912592912478272	-0.10399433682109499	
0.034072089064882044	0.06302600537617643	-0.003910329063317682	0.016771323579300453	-0.05264530399640856	
-0.11399965097826195	0.05182595765650626	-0.06664936448345042	0.07973212311304946	-0.047517494016140784	
0.06547848354402126	0.0011645932879487894	0.14825838696326546	0.05321783367891513	0.011160019118111804	
0.1254685940836559	-0.011583619173727902	0.1690551869908612	0.1907216246093242	0.027008510533110226	
-0.004165216786335808	0.0005906263473632148	0.15417326135059423	-0.012622528877228232	0.13317744692832836	
0.03991158522924636	-0.0006651263823183628	0.07704538136997527	0.020247948822531	-0.08312892952872167	
0.15963504834316827	0.07848774917194695	0.20842528570642258	0.10447341950016173	0.13316336685474425	
-0.14424215248246008	-0.05359135249935972	-0.11146811961003793	-0.08613449434720588	-0.15793595581693842	
-0.1353413321979413	-0.04777498465485311	-0.15859881551818528	-0.23072022368590456	-0.11177424874439398	
0.019432461861264565	0.07768948347906256	-0.058740906882323744	-0.03397131492706874	0.06641128500713965	
-0.13884872865300862	0.07457114707990746	-0.0800081855557666	-0.12947904197215182	-0.12418316800663746	
-0.13139754624573724	-0.0704961214400215	-0.10498826591102094	-0.1490843378752297	-0.11135874107644236	
0.011340505291636514	0.04092001247348968	-0.1169123154345161	-0.06994571024160937	-0.09073979836154443	
-0.06232541747924645	0.0520724359049022	-0.18376794835064286	-0.1597169657122781	-0.03774611355105609	
0.05319359490379532	0.09149320867531922	0.08576209303698386	0.008395088131046126	-0.054080563139230556	
0.21808414127479406	-0.06555652054950341	-0.0080832767789955	0.02580801662497444	0.024693667990211457	
-0.06509048469665948	0.013485619205328057	-0.018355923861131752	0.06629352067843357	0.05758906101174005	
-0.0699688515262954	0.015461170308803977	0.023165753562462657	0.006405112216460355	0.0029618789803508116	
0.06480212387173562	0.03887422775933262	0.14215908473567881	0.030171050563238194	0.10432842494749546	
-0.05795187964033466	0.08154493902982643	-0.0449069328863176	-0.04407066518033081	-0.03901384591023055	
-0.09483837684990364	0.0878962926540602	-0.12189050512703757	-0.023107864638085538	-0.024782452931492834	
-0.09808830527290903	-0.0782372189931714	-0.03977978370834713	0.04676762796692315	-0.042987452303488376	
-0.12751630656271795	-0.07844344644909036	-0.01886022173858934	-0.13392649933311024	0.05398505641709536	
-0.027622985841161317	0.004974459207352735	-0.0813776611320232	0.06299761286283441	-0.05222259228609107	
-0.08112922578445542	0.04337919944622474	-0.09791621439544447	-0.014185474348476463	-0.08167994918522782	
0.05668742897071194	0.02319214818713446	-0.07597159401590015	0.11700111103220283	-0.061997285664698025	
0.10454502266696458	0.015010244453638476	-0.025025125435174263	0.030369536070529522	0.03557851581113944	
0.0028147141410582973	-0.05981583169634507	-0.20112459503816854	0.015900915949141465	-0.00896211576403465	
-0.18450414396299689	0.010297560727501496	-0.18423914453082862	-0.10225685742355951	-0.18659944190037758	
0.086836781126911	0.05171819574069095	0.00602712439521226	-0.010502667338148202	0.06843304298149222	
-0.08848121286434442	0.028521589999981722	0.06203509694771449	0.005498191948853421	-0.037688082188949944	
-0.10683810297509633	-0.0630287512475386	0.09510271433666083	0.04292821253942807	-0.06129872449348789	
-0.2087878096272725	-0.05188736995749857	-0.19935366771106755	-0.18045256288188055	-0.15000600271061998	
0.17436871304133938	0.08127863963794876	0.12007842294994803	0.03615321816123276	0.1331128877841156	
0.06360093131219295	-0.010623433544594326	0.0042018223139996475	0.061639616195910706	0.12625498285497944	
0.11459262781371886	0.055169972752877286	0.004002131521705705	0.04830005548551292	-0.023548352309151255	
-0.04281035125181107	0.0608620237957356	-0.035927834565896107	0.04002275741238248	-0.028520788963101392	
0.009308170655829675	0.07259890899802693	-0.08954269471315279	0.008357685902827844	0.09587390563626629	
-0.009354068959508648	-0.051906105935782224	-0.0014986604772163497	-0.09357328210804691	0.010627051009023144	
0.08082179756230658	0.09210244198655868	0.0018050153782322536	0.05326121245945817	-0.061276170847775736	
0.09248615926554365	-0.05811431550446715	-0.09084915517892786	0.04148078152663755	-0.11640282519375503	
-0.008498857102971847	0.050040580380375746	-0.07874194860997202	-0.06680101318987124	-0.01469011012084391	
0.051537642986387425	-0.09042303826348319	0.19513110278076434	0.1795944657617096	0.039282503094336854	
0.1542507124106244	0.0049840664004282284	0.06107442238382803	-0.006633674681191797	0.034957240876074706	
-0.05300248026666682	0.08252181157287104	0.012164885898796426	-0.026029962749762957	-0.059892004804444884	
-0.05228965501211674	0.03587049779127853	0.16669062350437053	0.1542179753805101	0.08073146606753126	
-0.1403934962802962	0.048207497789887206	-0.25565086987836527	-0.20248325252897406	-0.14133045883889114	
-0.045741942604819764	-0.04283037927668477	-0.14012938638357714	-0.05233401947263033	-0.07058933537092606	
0.0020471031626424266	0.06807008098528632	-0.055972336788305765	0.12120406954694636	0.013581718373131695	
-0.21711438706221356	0.06767052358596165	0.08224167384243009	-0.05712472689012022	0.04476007810813563	
-0.1259687137262752	-0.014395709637403048	-0.06826251005739192	-0.022080834207569597	-0.07846228869931782	
-0.08546613953661368	-0.063844360458659	-0.15332774937605786	-0.08865324661109243	-0.06640395206420494	
-0.0351536514431501	-0.032482623172135225	-0.12743309676831144	-0.03422607622187612	-0.08229390932841824	
0.1716080738589247	-0.041946933989846356	0.10920102914615744	0.08525405430507645	-0.0049543591977977055	
-0.0842300154186149	-0.009874837204025983	0.06232922400589372	-0.06231655775246328	0.04023226738744085	
-0.04097241922786574	-0.017941891251863712	-0.08543944122502731	0.022417955033441784	0.03682736046260037	
0.04043446424220468	-0.04420722834027621	0.006824893713901692	-0.050737130600461	-0.016691607334813847	
0.002920434434202886	-0.007926128047677066	-0.08861070882045209	0.0010107930231885354	0.045841873854522486	
0.08679526549232278	0.04349392242530312	-0.016797800477037675	-0.047211270365083095	0.03357468595813087	
0.05848933113998592	-0.05097347677549522	-0.06883900766713345	-0.0651278162743517	-0.02937217537335947	
-0.36733119738289516	-0.06543918780088309	-0.3775421088257006	-0.17347719881438947	-0.21211017378459815	
-0.07638372752185832	0.021553969434114435	-0.13850935378186757	-0.023692582597372742	-0.06280702184082318	
-0.054450982798973355	0.04827114448299452	-0.1006477898250613	-0.12706960831541483	-0.07582305829076726	
0.30582179986447017	0.11857813619869324	0.2320311639136671	0.05116274035495964	0.17087715615754856	
-0.15335697495312264	0.0017810588404593049	-0.20194786564867415	-0.09481102417478739	-0.047626673100279224	
-0.2889311902569934	-0.07660122770605163	-0.20211904402937517	-0.23917255704210377	-0.16856826449691092	
-0.034847133761450245	-0.05026579136859989	0.006903787043734604	-0.06998906178084587	0.04966764700411816	
-0.09521252042063202	-0.02890879609020138	-0.11875045525237587	0.015395010692627702	0.021189199437925965	
-0.0053896142572478515	-0.04520136601451683	0.0511960688803266	-0.02607758142366816	0.07728331287363835	
0.019947070937316385	-0.04822256036706555	-0.08366990979180454	0.00456791513354862	-0.03374714668636982	
-0.6745363797810461	-0.12198896473862332	-0.6167731435719149	-0.4267140488658541	-0.39482653634008497	
-0.06504400211662927	0.055097176789587365	-0.034271825199250615	0.05764463118351411	-0.03169280048405262	
-0.0635894459348701	0.09042381648709316	-0.04987984362245845	0.10550218824169103	0.02444390616335897	
-1.4372134348472725	0.29520877582629246	-1.4837081794921825	-1.0213583659324825	-0.8102220398954522	
0.8322548455575869	
