TESTRUNID EPOCH: 63 L_PCC: 0.8527347199328419 L_ERR: 0.004383206192677842 T_PCC: 0.7723946183846722 T_ERR: 0.006349352359898645
180 LAYER: 1
5 LAYER: 2
1 LAYER: 3
63 :ILEARN
-0.05769218902277294	0.07170523095268161	-0.13522650749983614	-0.05630608309385437	-0.08219583411137331	
-0.23327233022030913	-0.058003663896819914	-0.18379691760981268	-0.14931838430153008	-0.08845732918257732	
0.06593713965402676	0.035381593733109284	0.0179775552136626	0.1355523785242634	-0.03539080154733911	
0.3109253970319837	-0.040000145229239635	0.2884497514435319	0.12447949894930531	0.12628886030555458	
0.08956069404806276	0.09128584999159439	-0.02146292232185696	0.06036822417947316	0.0959451375406357	
0.008073821057751797	-0.07934212544667432	-0.16026650294517938	-0.1252518343191386	0.0322474310068858	
0.05991580510850842	-0.02923388454320981	0.23233175332917136	0.09684995962513018	0.130505410772852	
-0.2281590084787371	0.05969639479387363	-0.13383814531959942	-0.1982789235929803	-0.057929808472614724	
0.09049879684581452	0.03851956781970637	-0.077909983001736	0.035905306124372226	-0.09845373801619293	
-0.019043651152474528	0.0772129420208485	-0.06107920320383212	-0.046883580233557494	-0.08060699376327302	
-0.13120894645992132	0.022091832575384208	-0.11072384216980755	-0.08086019594579837	-0.030497005854972777	
-0.2510505923386139	0.023594525391751577	-0.21146086811721884	-0.10490999993862235	-0.05091792952706096	
-0.16932526288197974	-0.020373867093467887	-0.06796324917319531	-0.09481637448700335	-0.15464528809066974	
0.018859087015584714	0.0006531166226166606	-0.019048877385833385	0.08491931845346444	-0.012188635736222607	
0.26306241869633706	-0.09278540753395136	0.09460756297445339	0.1813876493827383	0.09522726553352415	
-0.06866399408749047	0.10032192137087476	-0.030067882612185123	0.04886612452104128	0.0492283488809244	
0.1699832066028278	0.023686188065514598	0.12627666879835656	0.028587811527625517	0.01041017635703593	
-0.07237480298885263	-0.030410507556860724	-0.05318208122107796	-0.09520696766785211	-0.11574812743079214	
-0.13708492085337984	0.06957691268281908	-0.09857583295404523	-0.04566799823822055	-0.10173924188526286	
-0.041104857469848884	0.08172654071755898	0.01891193550897882	-0.0904630452724629	0.029115000777842872	
-0.159758161453377	0.020134266201629544	-0.08367320328720232	-0.1273991644028385	-0.014868027794667633	
0.19377023163407128	-0.11474133471120972	0.2416360492750757	0.14576977126314392	0.20081630782440754	
-0.09747292891682245	-0.06289437574195555	0.03325165140526873	0.004115633978345776	-0.11862069942932794	
-0.02273628177882631	0.0651775880135488	-0.011009486451376995	-0.01413252640064029	-0.12353546410886095	
-0.096977742236731	-0.10636106835179486	-0.11199279038441343	-0.06263957880636317	0.06169847592274998	
-0.6344223539764162	0.07029556976275766	-0.6061645359278137	-0.5259248748186217	-0.4688564299876165	
-0.12369404371348598	0.1081349225271226	-0.1535147014754821	-0.19480333843481926	-0.03045038884440301	
-0.16357787613566152	0.08124196350809047	-0.1602376157837747	-0.0335731372989566	-0.03642716381567533	
0.19942503143948448	-0.07963383585378747	0.08983070060335868	0.05603419870167337	0.02314861171718155	
-0.28703526906495447	-0.07635218116344646	-0.15165045093875407	-0.1134275699625124	-0.23407360873708802	
-0.33288370442813936	0.06529603729590247	-0.2045609276936722	-0.21505451677205442	-0.19950714318167975	
0.07396084772973362	-0.06953908385311745	0.021181299652709335	0.11415645587999051	0.08079437165975513	
-0.5126311949742062	-0.0049396577786368565	-0.4144389184750312	-0.24789156306905896	-0.36540667066811894	
0.021336228495972987	-0.10378440218876227	0.13219269054456118	0.10550133036635141	0.09645504361677915	
0.1799607271860576	0.10870055451953671	0.21464838328911803	0.1295553993204026	0.16391364016676482	
-0.21458533401637786	0.08429312527921418	-0.32838031005699864	-0.28673175643258764	-0.19939944726350922	
-0.14357172320226175	-0.03177471117225914	-0.1182233345707581	-0.20570078687169588	-0.14644833733184326	
-0.15912424564583022	-0.048588342959269726	-0.20754189948318394	-0.1585928580260213	-0.06229032895596754	
-0.012097056115240827	-0.07946115983267266	0.08541145348588339	0.07791611377628128	0.10271711559840753	
-0.11651847743559836	-0.10531314997973336	-0.24943081999169311	-0.10515550945690058	-0.04545391852242682	
-0.037259581202129397	0.02822836505193235	-0.05093413115302741	-0.06971994346665326	-0.09823434654708693	
-0.18911831449710356	0.029361421450994664	-0.2038789833083146	-0.05455034865537895	-0.050489236127884064	
-0.06568575910977842	0.11864879448133003	-0.1260672497442227	-0.10512068831333178	-0.08520078716774357	
0.2537469977143801	-0.09057762763069442	0.32745851088672656	0.23639361047046475	0.0745966451259496	
-0.1510004780995848	-0.0486439519946266	-0.1607618590543406	0.0035090966247742017	-0.07812283060422467	
0.004258040941019171	0.025107256089339	-0.021475470955606916	0.005850598299124016	0.01993464217321305	
0.08662492777972955	0.0004954517852384345	0.14340968171461954	0.025968390255135004	0.05893630723436371	
0.0390337116977996	-0.09765636467129941	0.017781477970449	-0.012035048622195482	0.07356335495223225	
-0.04365475451688042	0.07616578752694188	-0.00643235204522295	-0.06882611474106407	0.046282960695209166	
-0.07158950520845635	-0.08992530689754703	-0.11891546220285357	-0.029809605774721453	0.010193033984638028	
-0.08984836611160753	0.06150487453941899	-0.002256259397984972	0.10095219410895565	0.003106351580480573	
-0.11008860641952624	0.02300130715479479	-0.16109374692315612	-0.15921239981399035	-0.09397644739709227	
-0.08487481484739474	0.0689345377126558	-0.07807604491422537	-0.05889166985453843	-0.031097200710873636	
-0.06912709977125511	-0.0030131814135316006	-0.03466177688063627	-0.029359250381005	-0.05433517369315314	
0.06868341411006627	-0.02695261227262717	0.12818161727863575	0.044650679793833865	0.17257684659338124	
0.05868705403669662	-0.057601029113924306	0.012071843170059295	-0.026108854391177768	0.08380005661687823	
0.15237854020867161	0.06779260679771609	0.1265176467378254	-0.005219915791183737	0.003513930405255027	
0.041536531567671134	-0.019895749798051574	0.027897957540622135	-0.01320289903238796	0.02141048342202483	
-0.06746757755188769	0.045063489730431186	-0.0740313772559231	-0.058876830192838736	-0.09991718580815856	
-0.14416195717166155	-0.02629542830861803	-0.1590312696668615	0.048001244886779856	-0.11497118663646987	
-0.01681235753818005	0.0823090301224047	-0.05608572473575766	-0.05155718455954186	-0.11931687017639739	
0.08152668575366909	-0.04676497594844023	0.02605454402016253	0.08310247159651409	0.008681807137262838	
0.13525268151172437	0.0764880239243485	-0.03231207492536686	-0.06987807142698461	-0.05102991425004119	
-0.10447714951043838	0.057142183907947695	-0.19806115854788028	-0.13423661703875378	-0.010868024232399657	
0.11203015668083359	-0.00021441124519972973	0.0721564405629775	0.010418274434940583	0.0905807363330094	
-0.008769169893358884	-0.07013464314136993	0.021208372238857406	0.010676413186928729	0.027882602082559348	
-0.14297909557092922	0.05316368187686164	-0.13633772948946138	-0.03144222103334584	0.0043620358186226066	
-0.1442265462558153	-0.04895824484484779	-0.017581599491182383	0.0037683361141430476	-0.03648462150693271	
0.14850322389583095	0.08398745946984944	0.12051732143854431	0.11474857381515703	-0.046516958907223994	
-0.01277450830393305	0.04035912383535525	0.008091858293379888	0.03914262004970939	-0.10084306229555774	
-0.00952845706443169	0.04126072959555185	-0.061232945710007404	-0.0613016436097089	0.007223268235447064	
0.038322785114346676	0.04765268078871477	0.04335954688195251	0.1050415489522484	0.1355067272312384	
-0.07674457292917844	-0.07316059097515379	0.08267303348938826	-0.0057175035395871515	0.0917009836258518	
0.10584623280282916	0.07419220878301011	0.11116859503390142	0.09180990519139441	-0.01617994691191219	
-0.013813922301585624	-0.08684498722288285	-0.09764113321123906	-0.0013700110251872247	-0.09726019642758056	
0.0344389953638334	0.06510911548143453	0.07051186922175444	0.06374685907462783	-0.03247048652052621	
0.020417630819216014	0.014572153874797924	0.1156761934820324	-0.04629084026565823	-0.031092199185438985	
-0.10411412448955278	0.04672896707593581	-0.0828516091950714	-0.11154357495535792	-0.04324333640393624	
-0.056609364840060516	0.05873926407589302	-0.04495864054317627	-0.08899164750944806	0.01547464120051068	
0.010467277470473808	-0.019496116277688928	0.011222165538766189	-0.03244077362910197	-0.012303375261156472	
0.07498704226761604	0.060472211334612794	-0.1211082735606818	0.04018384403653196	-0.021667771822209365	
0.05234731972039073	-0.03987870395063047	-0.07694345613120945	-0.1060542522865403	-0.038978650728087455	
-0.06044369043671379	0.027777042115886122	0.08367803109833709	0.05323097070403297	0.04978554745701199	
-0.09067392730492119	0.08011110527598708	-0.1006656975038178	0.0039795005962987556	-0.047651683227054493	
0.058285883831781585	-0.10806834454486106	0.03160197010004745	0.0023391276901590817	0.05995737747036226	
0.0405211705240585	-0.09393563816022499	0.1748020250500138	0.05263667647306395	0.11359505881156202	
0.05510436335554587	-0.004897920922540185	0.057843469764955295	0.026889088917366816	0.0825265874992785	
0.01237808484555264	0.05974714406592608	-0.09507387838087915	0.0640159858409998	-0.07642091258369096	
0.0724678887502604	-0.10373876503119706	0.06198014201754569	-0.04662538125665005	0.11372633043202932	
0.0819093712401473	0.04627786059918021	0.09178696320179229	-0.05471636491543644	-0.04138251797888112	
-0.06109698717712712	0.008719524465230591	0.08095264726123769	0.0992861098887353	0.056819988138181586	
0.12349896159325059	0.09160917411199432	0.06660675037024175	-0.0004507796383144217	-0.022612195708210717	
-0.031380889574129836	0.04625953403317801	-0.012884613213403746	-0.010345841725465163	0.10769154388975406	
-0.012240786933672728	0.05773784214564657	-0.029848013358469042	0.045714990942438305	-0.006082547972369214	
0.11681042825370437	-0.02595162672573067	0.031692450937188525	0.028922424387456645	0.10885122448642504	
-0.16620239943519946	0.055438910068409786	-0.010095604886392799	-0.16285772105159896	-0.07394268310800652	
-0.11299292683106747	0.08267676535601869	-0.07289048044787112	-0.031178582096803433	-0.07313527419580512	
-0.03360590350748814	-0.06001865891946689	-0.19012728211237187	-0.051569686744294234	-0.06874184072046247	
0.023174752839844052	0.05755057204531852	-0.0008706477314743234	-0.0069136704037793505	-0.006667977258056407	
0.05728316336726181	0.08388002578015775	0.04315247053402822	0.07456826482792764	-0.05390286438388293	
-0.10198294775084737	-0.07066827075264072	-0.04327225184264078	-0.09075322686893428	0.013215615518720998	
0.02316363217330457	0.06061375776933136	-0.0534472786343069	0.06617609980598463	-0.03942959004841551	
-0.05325430382772434	-0.03443719960449127	-0.17753772617819658	-0.10321326802937762	-0.038012256176845526	
-0.11070885160380002	0.0018030668213832644	-0.18289517854636073	-0.06778747758733414	-0.011458817392314798	
0.06123837715041277	0.0033822383867673504	0.122576701397406	0.09165647161543636	0.044416137768391074	
-0.10031601402472992	-0.07544387376842317	-0.10021133676249017	-0.005941092049568595	-0.0254862405000413	
0.15142843014155916	-0.0692207641117616	0.1361846861835331	0.08882308194638118	0.09009868492682764	
-0.044960219977698224	-0.000547074431726085	-0.03597589342108728	-0.12900971935405167	-0.08932557468126665	
0.06843293477769047	0.04406471589657624	0.04270661916727603	0.037623047960441885	-0.03327068816622953	
-0.11039664342102994	0.05198430236377773	-0.07412994263856887	0.06055335133271469	-0.04699766968530046	
0.03380395937993514	-0.004397926604730004	0.10693414533277504	0.02326533042771098	-0.013569349636930026	
0.04841441558084454	-0.01338871991608768	0.09660990458173616	0.12081695246805053	-0.02601353211780382	
-0.025775781206563854	-0.004087351311677475	0.11929809126234948	-0.060569264454382675	0.09688175772401482	
0.052165853378285	-0.0022074140708130694	0.08632527677447555	0.03356108746024176	-0.07232673800125443	
0.06626597355178142	0.06661255971368829	0.11886909588811251	0.06578401103796043	0.06766622956044498	
-0.13267835281937326	-0.04204778334096952	-0.11164405631709307	-0.06218848495425216	-0.12896012996739542	
-0.07917907703688098	-0.04337401413331033	-0.09509221704517291	-0.1541808825243376	-0.040837335525838014	
-0.06607192740119379	0.07479177572885565	-0.10589872528991215	-0.07241115244717317	0.0194787066958716	
-0.08658577814762891	0.06626271916808989	-0.016286055607628684	-0.09402455505873589	-0.0849135440270753	
-0.1071307668098344	-0.06545425993175384	-0.09121995882495876	-0.1558989098023216	-0.0919010232667672	
-0.049066818192461864	0.05340113783010243	-0.1628228279614997	-0.11287248368896699	-0.10851141462754632	
0.027545903103548312	0.043610045309121964	-0.05433228398585131	-0.09831084351605222	0.014037311854466541	
-0.019177811645933053	0.09058672599631903	0.023182249857665663	-0.03471885852480581	-0.09365437813126913	
0.17997031899064747	-0.07868067324884712	0.007647221981041556	0.009364607145192957	0.019855235025657267	
-0.10640068661447141	0.02461859965149567	-0.09428650232997624	0.010257455736614011	0.021600248632335218	
-0.13897392075388632	0.02750034810026686	-0.030669483085752812	-0.05526866458431858	-0.03794613493834035	
-0.01829267419848302	0.03683688376123452	0.09553555376330258	-0.026132039440345797	0.05646269601873327	
-0.0403327805823445	0.06173949217362079	-0.01805972480172501	-0.017690387796315713	-0.02011771308269525	
-0.04598696072166214	0.06992273876525568	-0.021817655706655628	0.02920390881357754	0.018862401121079776	
-0.030973420162209442	-0.07639809841452494	-0.018167935419882545	0.06235412824021422	0.0016526393659874973	
-0.053579934174628974	-0.07881683918715633	0.03940640742301603	-0.08400673389162577	0.09919951576559081	
-0.027334583766524496	0.0033897869493716096	-0.05653138830072299	0.05581529598325869	-0.05590979784440361	
0.042308254200707586	0.03959824725876546	-0.016509340013376908	0.04173573401943487	-0.015412916010504069	
0.024091663905147432	0.022396257799515307	-0.11432634244080289	0.11667627751696924	-0.09594439523879729	
0.019049194367870895	0.01087803401639388	-0.08482068379218566	0.010019645843075738	-0.0031030468953246373	
-0.017575307917291012	-0.04346462236040194	-0.19995875372250715	0.0017450845033832691	-0.0034972411168937784	
-0.08168188163752839	0.013396049643064597	-0.06504535201951699	-0.0302510541092665	-0.10537746271688261	
0.02873856149654449	0.050509217892737095	-0.04184935200363489	-0.027433703364504486	0.025207327043928394	
-0.06842174463315778	0.02110665299164722	0.08316939551367096	0.029314791286344878	-0.041399370051305104	
-0.04258909024366374	-0.056659588618593895	0.11693054438652993	0.04946690309716631	-0.014938760056387924	
-0.24789071413264696	-0.03866427978835363	-0.17879335623165193	-0.16887115290463683	-0.13958478151486653	
0.057551982614658846	0.060213768417460484	0.03827922536355769	-0.009759785423843639	0.062495492903807376	
0.07565603343728217	-0.031962929296580254	0.07429610036917161	0.10244296855305533	0.14562786051628343	
0.10323152350079738	0.038785508898428335	0.07494091442487656	0.08132588101247941	-0.018685301203044458	
-0.09759656070133557	0.0715528170674703	-0.08422650583475408	0.004664065957561001	-0.05235335259233248	
-0.04490004873121661	0.06841578720992675	-0.13054688511080198	-0.026334584831424472	0.061364930007861	
-0.08158759792167489	-0.04969772399613124	-0.030064124790588793	-0.12886020877594973	-0.022578960487382664	
0.08760908578461184	0.07813689690275724	0.07207818276399139	0.10086287026739695	-0.05661673625245021	
0.07526362834588166	-0.08233587922056157	-0.056913445039252004	0.07302143820551377	-0.10906189308445555	
0.09470009031474723	0.053132462272858325	0.0153110575999476	-0.017172160138249667	0.07741019620611907	
0.037713801735775015	-0.08384798937984858	0.12226135904411685	0.11693326140075085	0.03042942748547254	
0.13081176083440077	-0.019670109155097128	0.08434322292409589	-0.0009793182436377845	0.026587191525405184	
-0.02929722282602856	0.08331808260823458	-0.004491626485237599	-0.044761986383572205	-0.04395701347848495	
-0.08008749297479971	0.03335728319999792	0.06713389454914577	0.10441665648292968	0.04108165243177946	
-0.12083221500366637	0.051254355986044664	-0.14432845974777242	-0.14380079836106274	-0.09402511065384943	
-0.12621217710172905	-0.045435788850925356	-0.16737038700870366	-0.06598015289390927	-0.10663706835149284	
-0.10481110066095597	0.07871858444421904	-0.14148106413226139	0.045729361988721705	-0.03596295214094407	
-0.12451185662748249	0.06330411926210856	0.015729648180921096	-0.06970965682986023	0.03409961039039424	
-0.007336496429410214	-0.04282633799887861	0.04155112603697997	0.0859512676485891	-0.01045318138152157	
0.006682822221946782	-0.05483212723990738	-0.052032548510269436	-0.028926417228665936	0.028965613624165745	
0.014394813662772423	-0.04092088510514258	-0.05741385966476297	0.023547031102995237	-0.04501135501574416	
0.14754570448367935	-0.04563295405583594	0.0826901390574914	0.07838259806060424	-0.02136936520241325	
-0.11293544465371852	-0.01305394951924855	0.05280433314961063	-0.05665223867560311	0.02959418004021995	
-0.0760588773771447	-0.02648403067335849	-0.09878192908784879	0.025172368884505216	0.025119982394651463	
0.10918970019253828	-0.06252961120142177	0.08770105786560026	-0.0077620739588434825	0.03191583279239427	
-0.03457896935652875	-0.010798777072524239	-0.10620717029042387	0.010491372989409938	0.03001248844032123	
0.04751596465514433	0.036451047334870264	-0.05163933578411584	-0.06046730656799477	0.014772477317747114	
0.06130571117761681	-0.058865498841628915	-0.04023019891392151	-0.035788894492530025	-0.015313554452755089	
-0.3932365149972845	-0.03872926267599351	-0.38385626163989256	-0.1724401180131341	-0.2114826574180722	
-0.05126113040655721	0.016736693881321665	-0.09993500716271934	-0.014555996411528004	-0.04572165045143456	
-0.11897314728868429	0.052909586868765034	-0.1563372122224116	-0.18898428821981642	-0.10033551799894744	
0.2521145270518295	0.10396105768076146	0.17716860150143468	0.032813996273720565	0.13741540856265005	
-0.2166826786781196	0.01614113516788841	-0.24398804845411076	-0.1331474051968255	-0.07103993576758527	
-0.32848576359300985	-0.03387547446507434	-0.2802603008830274	-0.32886761823779204	-0.18940151917959677	
-0.06902493803097601	-0.05809407191486523	-0.013300809785306383	-0.07704745445422254	0.03292047179451378	
-0.11665306106984034	-0.03258531878299496	-0.13102515647891386	0.012846618108958811	0.011425796810309176	
-0.015206292779545522	-0.05267400290640713	0.04439557157487592	-0.03069022012778141	0.07014507902720774	
0.05430678696834045	-0.037251033465940324	-0.04400308581178444	0.05799426357041621	-0.02594452826524559	
-0.6417251031287692	-0.05801895087192938	-0.5854156038261041	-0.4024642119601209	-0.37162449536064274	
-0.0028076663461495664	0.04622268331827818	0.04316386357011117	0.09960970612297454	0.0013178471442214191	
-0.05146426118657207	0.10428137728464668	-0.06619885355810229	0.09834275825785067	0.019389455752627002	
-1.411602266060996	0.3595171727712508	-1.4136180224776296	-0.9666995499813731	-0.7670924670847641	
0.7130029491048936	
