TESTRUNID EPOCH: 71 L_PCC: 0.8554310794650062 L_ERR: 0.004316912753632981 T_PCC: 0.789378819135782 T_ERR: 0.005801907011488407
180 LAYER: 1
5 LAYER: 2
1 LAYER: 3
71 :ILEARN
-0.04288620972352727	0.06240483556522487	-0.12008753495994857	-0.0554846873960769	-0.07943579099650878	
-0.25354012416398825	-0.06478724244631301	-0.18182975452329336	-0.1289137849731633	-0.09993628075404894	
0.12928584666734924	0.045992952517910836	0.09209913236870042	0.15952884184386498	0.011968341547583987	
0.27323548903290673	-0.0010335010930640255	0.2355479691489707	0.06314367674687706	0.10347029353636995	
0.1897274936894118	0.09241120837713176	0.07992320654383568	0.12913100309708708	0.1638144572120604	
0.055978497861829755	-0.07434010681281396	-0.10089229292251366	-0.09330220734591527	0.07014435064917122	
0.03846832042677344	-0.004290727806826887	0.2049249801960523	0.0668639183921206	0.11876167411109746	
-0.17280609708025357	0.054634472980126886	-0.07876476843320121	-0.20489504279083307	-0.028679620970133962	
0.07696449920434048	0.046765663352248146	-0.06340498870408331	0.02882637368741637	-0.08045443080128835	
0.005235793093164115	0.06902223154399696	-0.04490827736301691	-0.01222923220769279	-0.07863092627099687	
-0.14582335458850373	0.02025975815673047	-0.13532678197811304	-0.06856629949868208	-0.048293752980030365	
-0.19610793867699988	0.016894146143715774	-0.12942677503907452	-0.04747298119103825	-0.010206840367783155	
-0.13249470756313692	-0.02849977148938618	-0.028631578736102677	-0.045188103261809345	-0.13330294115623076	
-0.017443006874049965	0.003552339421074366	-0.06652296750942828	0.06968238901745527	-0.02548122457462938	
0.2669863547042811	-0.06837466792996591	0.10229542786709934	0.17587189109577114	0.10541642762334212	
-0.08296596172885354	0.1031578810329304	-0.03968896566190984	0.032051601589060535	0.039186822649386256	
0.15390965375937282	0.031033300906957634	0.11590840082518969	0.02741818466379096	0.0008980278632178377	
-0.09230806518897425	-0.032802265668731484	-0.11247210442760107	-0.12346444319290262	-0.1270406952457327	
-0.14097876915644048	0.06312569663492251	-0.098065206153759	-0.04470765264663689	-0.08080576814316325	
-0.043658892195885944	0.07303282963696317	0.006254764485031682	-0.07330228245485963	0.012335349710535104	
-0.09670268738679991	0.014434524383110872	-0.022648293116173588	-0.08143982120866182	0.020491491459579982	
0.18189712423385745	-0.10763439345864609	0.23417108814783877	0.13697182371529382	0.1866513356977116	
-0.07697811516178812	-0.06771137557134098	0.05356760264788254	0.015386116297512012	-0.11707648074638045	
-0.029296907150246947	0.05997038579235649	-0.026830725526876025	-0.028539278627224107	-0.14143526562561287	
-0.04952608519924639	-0.10032171235211906	-0.06727109717317649	-0.02452230448775514	0.09509017717176634	
-0.6806153809712784	0.007813793154071848	-0.6565309272155296	-0.5766532042168546	-0.5289768108052393	
-0.17894800548134304	0.09714067944924937	-0.2156040973589812	-0.23802813800712627	-0.07827173135257026	
-0.19340143226955253	0.08113882653370275	-0.2006256969045523	-0.06871748552327718	-0.0709144585735031	
0.1753811861076166	-0.07306371717804147	0.07681821439323375	0.04634310162689733	0.020100028297141	
-0.2506241772036559	-0.07572525635820013	-0.13290091849720845	-0.0960817185786632	-0.211756225732023	
-0.33323937539408716	0.056074599717334805	-0.194009433781351	-0.21192837325802635	-0.19989863941943528	
0.005746691638702097	-0.06358023070074446	-0.04899799687248284	0.05349752269406828	0.024015478361354595	
-0.5002742077881653	-0.0377721825201002	-0.38376410692687296	-0.22939339204755604	-0.3591975880759818	
0.017993513084788106	-0.08588234717985263	0.13180967417424996	0.11148734979344983	0.1063459747876439	
0.21838309396890143	0.1265955708147616	0.24820239836203892	0.154843251729595	0.20260923890659774	
-0.11033956820756445	0.057805473917084446	-0.21559177664464815	-0.21553291278980538	-0.14783226383541148	
-0.001990184867550621	-0.04749949321602746	0.027574276586116504	-0.11122225425140383	-0.06144955579831292	
-0.18175680271059205	-0.06020194634785949	-0.23673148866668747	-0.1795596384132757	-0.08229101124270852	
-0.00529576369493729	-0.07837905137698362	0.09268203382980282	0.09106357938169375	0.1194141750416685	
-0.040606435829767126	-0.1081010371499762	-0.19572702781553067	-0.057592208041841376	0.0015932128707325242	
-0.02958184168413516	0.022674904366649477	-0.05023812318599515	-0.07113353299581772	-0.10451385488867151	
-0.23126527483030013	0.012525698558691772	-0.2811219440180438	-0.10240392453104398	-0.08097039504374692	
0.03397928494349782	0.10920403093202886	-0.023336727289736552	-0.03276243660435362	-0.012475471109586685	
0.27390851050071974	-0.07666923542319949	0.35662418589729145	0.25343973022122523	0.11244405057330899	
-0.0006196134373541754	-0.048229900363280856	-0.010587154495783723	0.10117832899983034	0.007649026233200901	
0.037780720635418825	0.016488723954636783	-0.00476702240246852	0.024917842179595206	0.04040314968775239	
0.07708733512441433	0.008942517033347397	0.12336206265646901	0.012456869713443314	0.06963060359949355	
0.0599673302519784	-0.08921289310518139	0.038904823628213896	0.007729230315198516	0.07260021072338517	
-0.0035562377124836305	0.08010146770061387	0.027199834874452187	-0.031109524466734335	0.08457311387208985	
-0.07255318317371157	-0.0908441422740166	-0.0991536914233477	-0.03287270281771804	0.011182089229552444	
-0.13567896653997186	0.07325353962166593	-0.03870013779986932	0.05976528049183399	-0.020759622400581063	
-0.13897773134445515	0.004956241778067776	-0.22344085000459282	-0.19549211160423668	-0.12397130719618095	
-0.06529053938127313	0.06596975808993223	-0.05166824364849289	-0.05236773321226451	-0.019742759557561967	
-0.12382570192199607	0.015657235395251143	-0.09178988189700703	-0.07556502665014264	-0.08161705830397682	
-0.009310411300971056	-0.01752925677617364	0.03736090798314315	-0.015331124881142919	0.10929851110815249	
0.03387688688551344	-0.05487548875428066	-0.020492795783045185	-0.04175323443536175	0.06834569373299215	
0.13675406906336451	0.07255585704359925	0.10986406600263532	-0.009191893285510958	0.0029916102215260254	
0.10297196566825746	-0.008212248193196445	0.052252893944345694	0.040225148384083836	0.0381892872678776	
-0.021755744086431227	0.04801033944996733	-0.02577745176516882	-0.020537650485258557	-0.06061205290210502	
-0.1256085215793849	-0.026815050077736984	-0.12103226737730353	0.06141133536728131	-0.09876240067207406	
-0.0201462638667048	0.07970386130551248	-0.08377027924404945	-0.059041288899870384	-0.14195214925399396	
0.08583741584700792	-0.033021332259629985	0.04552893922090287	0.05918828359660583	0.012224265124826545	
0.17793948151939448	0.08039877677655839	0.009231859662742838	-0.04289679918385298	-0.014738092698049278	
-0.11979124010245153	0.05257498300046526	-0.2230735086188579	-0.1537323190908165	-0.031800938700972094	
-0.03270948350558031	0.024406599917373043	-0.08947656791794548	-0.06940522105365078	-0.012499994531406303	
0.12222769680180802	-0.07125339149908189	0.19286176221303378	0.10512424904299861	0.1198316984642578	
-0.19565589680063147	0.054423994036819724	-0.18433835039597532	-0.09414690678774225	-0.05597741943777147	
-0.10031006896436409	-0.03870380505242415	0.0026158460135194263	0.03309021506904411	0.005300563737052465	
0.04593856320852254	0.09764091381930075	0.029951957668214124	0.036419726226099	-0.09985115777973437	
0.004260352635611681	0.034814523762984946	0.011587860380655313	0.06829438288371553	-0.10332773771082972	
0.0068483727317817	0.038617375277275885	-0.03314500753728745	-0.02685926364115822	0.010072265075609618	
0.018491717660941185	0.061377101244898716	0.039987180184585434	0.06860456461113514	0.1225968925311378	
-0.0629236118915619	-0.07253692625956634	0.10780479784905189	0.023946190657219237	0.09658396655787749	
0.03395494340696022	0.0960960260015836	0.03717780673526434	0.03748290955300713	-0.05905455155454342	
0.07556680125145163	-0.10047216036227626	-0.02887416768874444	0.040175292813639005	-0.04802930350599309	
0.07975934136623503	0.07219121369181827	0.1103712215666396	0.09739200494284943	-0.0012337776760088259	
0.030131869923604	0.014410109309561074	0.12244668306414355	-0.03452183696469274	-0.03009293107709979	
0.002913977852979525	0.05799972633545251	0.05134290256595818	-0.04405105288118032	0.05339711558214449	
-0.06473023039199272	0.06524594520273636	-0.04368031484124708	-0.09697544364690153	0.020787688001157725	
0.014646873093403895	-0.027638952435875882	-0.004289059275647169	-0.017096946856237808	-0.029931715836126884	
0.024982210884617755	0.06456996957876776	-0.16257349156203033	-0.005668672411743339	-0.05283588209522967	
0.14161219217995255	-0.04797505583407396	-0.04445767076433053	-0.05221307071743405	0.009729955277956767	
0.017617964664834215	0.023578342933640348	0.1393186649593761	0.08424366700075754	0.09759080210436641	
-0.06459849410013799	0.07204517321705341	-0.10003318764448658	-0.007267776339069263	-0.029481354343346623	
-0.04255843993313163	-0.09984656791526657	-0.03054834359174713	-0.029638389656643945	-0.0040992736259753354	
0.024204769592836784	-0.09011155103501609	0.12931920834607824	0.0410865731653782	0.10600806019545801	
0.0008167037239039859	-0.006436416593310695	-0.02261510550115252	-0.010748236259835611	0.04972912574662081	
0.03909851167047091	0.07325422291622374	-0.058945936574962256	0.05564456988126288	-0.050364039043230925	
0.06143555375683749	-0.09278369243757806	0.013157659072837176	-0.05072101203530561	0.09998982101175845	
0.10350465988644951	0.05398718988203802	0.13591021134402423	-0.024250691045445274	-0.0352041102402828	
-0.08967211730998824	0.02282448522390727	0.05410533113385571	0.09587712386544268	0.033531089628210664	
0.17156858874710557	0.08743616321688787	0.07434206361376577	0.03473537184438529	0.002483107016550275	
-0.037632943061991116	0.05856509316172804	-0.02047634683265938	0.0003605540331209876	0.09857823124991387	
-0.00786626819220375	0.08014868450823286	-0.014046572512007364	0.06187798251115917	0.004577829690024255	
0.05221895512434943	-0.015165968215159085	-0.054192299414642806	-0.04030510157537425	0.061054015410490485	
-0.15005780033619093	0.048920978806417416	-0.01286827692465168	-0.16780426052997363	-0.06477391210065116	
-0.08688492100105259	0.07937016797779509	-0.06535814288046773	-0.02135141421190007	-0.05959291647642165	
-0.02382037125122445	-0.0465091511488369	-0.18609281357406904	-0.06170618449102928	-0.05402489478810344	
0.03882286867392824	0.07359930785033227	0.004732879229874072	0.0023960859665039668	0.012850526778836925	
0.05904133397147746	0.0864482192313601	0.06269245453384124	0.0896758130844467	-0.05997246105045143	
-0.1481577005687854	-0.06678447556729389	-0.10134237575759072	-0.11460299007006722	-0.02552102509883439	
-0.008943593644735992	0.06674720128315424	-0.09392187147404063	0.049809119079966366	-0.05280761163252861	
-0.005487919175890158	-0.040298688166657264	-0.11642568928896364	-0.07221530705702887	-0.011603717257412913	
-0.13202296638559693	0.007282338062859795	-0.20284566996455713	-0.10624368369528697	-0.042757147169061906	
-0.03401236294357047	0.00810433471378566	0.04344160749190768	0.03989824800131354	-0.024619180352532823	
-0.027379444495202448	-0.07298443066775606	-0.017502528436411067	0.05814746341148637	0.03278817355052831	
0.162299588141914	-0.061033269458566214	0.15588783205303477	0.1004391438717056	0.10156883335727063	
-0.045559664146221306	0.00567656156588773	-0.07662468786444152	-0.1621445747424195	-0.10826236184099915	
0.035585362286234726	0.0560775573668953	0.013660095830115132	0.024559345055066215	-0.0434119454645171	
-0.094440261041934	0.05263494981764369	-0.061623150810322574	0.0850780878545221	-0.041285198161500086	
0.05664067096734867	0.004986071219039171	0.12262324175778064	0.04078468222308621	0.0013335778293759924	
0.08093247625677727	-0.004559622167484252	0.14014786875027999	0.1527637014380775	0.006990051128173653	
0.00021884707019056027	0.00394577132934154	0.14201967123001394	-0.026395191537605403	0.12623382644452735	
0.0329274944152447	-0.0021126074376364387	0.053485625720792414	0.01407080615150332	-0.088179877517362	
0.13214788400980929	0.07831828894872606	0.19680610306366192	0.11156234000931285	0.12815838937773558	
-0.14901487509424552	-0.052907282553107546	-0.12734823974597548	-0.08321874445890493	-0.15861710619243932	
-0.11941968176575969	-0.05579969129141345	-0.14294925108630085	-0.1995939345165546	-0.09204115137093201	
0.0039270059290005	0.07417271465415484	-0.05712317989571434	-0.03885945749065439	0.0683512632852371	
-0.122547632475859	0.06287414210529606	-0.06686700263141093	-0.11763169463533352	-0.10938616292393132	
-0.1092318228793077	-0.07052367083057268	-0.09731558116519572	-0.14125860832733422	-0.10218750841064005	
-0.009568203000515713	0.047651409679787794	-0.13256763283631204	-0.08576719867427185	-0.1023401579465191	
-0.03338226946412862	0.046766591249430806	-0.13819790113710087	-0.13385656705142265	-0.018940760422470383	
0.027476555665198688	0.08632329570879686	0.07077107426408212	0.007903621155292908	-0.06079483568860476	
0.18668406491953055	-0.06718515268072517	-0.010579213580957907	0.02588018122026385	0.023359946012888995	
-0.08588722739164659	0.026118342030509095	-0.06030035058041857	0.029463794016278706	0.03412393230288836	
-0.08081120412039844	0.019022400506867706	0.018427868047113237	0.000259561236223763	-0.0005017186299326659	
0.02805131969308584	0.043367884014403835	0.12563464609320768	0.016165595279383785	0.09163055226135673	
-0.06351814691630114	0.0734267835064407	-0.037323475946808536	-0.02102517620625352	-0.03069998560820675	
-0.10619407568233047	0.08494274289328073	-0.09433967936783191	-0.01820420261686547	-0.02151339295018611	
-0.08169155552382588	-0.0687780293401455	-0.062399777603973944	0.02424674461369628	-0.0468839296885634	
-0.09339223440962775	-0.07675927401002622	-0.00017866628990880677	-0.12317952685684537	0.0658169393391001	
-0.04982085160045806	0.01008682272776149	-0.09258098764656159	0.05211401731410479	-0.062286477468789805	
-0.05211297141754621	0.0468532882408044	-0.0971189385354578	-0.0172768534148806	-0.07919149537664591	
0.04210496947762732	0.03495309218447726	-0.09760380890286978	0.08325954992988893	-0.08674542359949011	
0.08392396798838507	0.014871775048819882	-0.025072243196175865	0.03607643702189102	0.03878301549135975	
-0.015661380158107686	-0.05507758736486066	-0.21258024058729558	0.004873324083546488	-0.01840920976353827	
-0.16041371588789993	0.0049231595270201245	-0.160634080111889	-0.0841453970309224	-0.16963447820462196	
0.07363312710243779	0.05214001182895565	-0.0009284656421211397	-0.017183644248609926	0.0577716906925038	
-0.10687569179534774	0.04117316013392567	0.04277192017863993	-0.03436835685902112	-0.06520231165684959	
-0.09156009118880287	-0.05314573034831425	0.07176012266873141	0.01823985768158048	-0.06541339789630599	
-0.22444298856728884	-0.05049526081306235	-0.18474087134947603	-0.18248794118015732	-0.14874108613830667	
0.14489452096195943	0.07469388085358201	0.1118355179455035	0.04110816154843198	0.12845770238229715	
0.03522328171315895	-0.011689619082678786	0.005653766954362438	0.056177056925131044	0.12049103962512059	
0.07039790715323992	0.053983768616475095	0.0015187731999191593	0.040686915219107424	-0.03422744194845312	
-0.03788244868301294	0.06715358836079441	-0.024527560513698005	0.03225096866377509	-0.02852380700354484	
0.003629026257620795	0.07142759124944349	-0.09109286889017829	0.0028672336376842312	0.09023841648573182	
-0.016700263369569646	-0.05662221059480863	0.015821987348911746	-0.08548739689806106	0.01531173969105533	
0.05811318401675511	0.08941451622862122	0.015722138245618737	0.054651571204508385	-0.062185009841121505	
0.11307782072939632	-0.0683905505827825	-0.045861521996561155	0.07798611685816687	-0.0914961899469672	
0.005015984243348077	0.05893812094923972	-0.08068277961065784	-0.07168483107167156	-0.009229231734771966	
0.057250183390035625	-0.08062680277884486	0.16616979221382114	0.15988082617602148	0.03272368215272753	
0.14183196511850657	-0.004702702530262154	0.07118317086979466	0.0027674965802613055	0.038489095389965255	
-0.038143641603407004	0.0891090866863634	0.0023727548418845863	-0.03234035659991299	-0.058651489978423586	
-0.03957458768269159	0.04582230884884799	0.1307988590530535	0.1402258475528173	0.06959243854099326	
-0.1601299092668299	0.04562960545354296	-0.228261397659825	-0.19369702227855623	-0.135907417256249	
-0.06788094957171038	-0.04330232392374671	-0.129060441195817	-0.057788750400734445	-0.07574288805784601	
-0.018917952363838413	0.07581720185099292	-0.06400438513297928	0.09669759257488621	0.002293737792494881	
-0.14739444389845294	0.0721515955206468	0.06133471947582513	-0.05737798937024607	0.04630957141824475	
-0.07621283784554223	-0.01717206297816897	-0.042453645657112016	0.0102769814575892	-0.058298839634313926	
-0.06407992122860642	-0.05714177427469893	-0.13559910951410897	-0.08291632683313174	-0.05273892115867632	
-0.0037544252682669304	-0.04125804459601211	-0.08299041489276353	0.00520048480782057	-0.05502508021925357	
0.15034587711781233	-0.037671467058763064	0.08141341860838308	0.06997717093238984	-0.013792722692424408	
-0.09419338579033577	-0.008368545068983818	0.06247235182303509	-0.0575926220999717	0.04410274667131309	
-0.043580030234636156	-0.018051833551945763	-0.07879204223094416	0.032928616183300015	0.045772328248596415	
0.03995615873609764	-0.0448905952472283	0.012506482577147144	-0.05165124457322301	-0.01521223048084475	
0.002048843812400967	-0.009640887709005475	-0.07677626461106568	0.019537856446820753	0.05787479313278779	
0.08341478687320097	0.04256070293293525	-0.018608442479621436	-0.042326761375222295	0.03864628227920676	
0.06646436818054238	-0.05312449194623954	-0.04606194271496007	-0.04440887522480837	-0.01492620038313716	
-0.34411796962675734	-0.06208666765949261	-0.35288871121907633	-0.16765990359970492	-0.19923181208767105	
-0.08218500733320937	0.021198167350864508	-0.14426421761035152	-0.030858132706118164	-0.06777012450531533	
-0.022235946949615157	0.039577487987008206	-0.0699865134777294	-0.11201966660762262	-0.05795369788875406	
0.2803998726907068	0.1187683668179306	0.2062230637943785	0.047327978836947976	0.1672686144369953	
-0.13679793764306672	-0.003287680815333598	-0.1770149509386682	-0.08147662652642526	-0.03364515775106576	
-0.2660086462539835	-0.0670268336719694	-0.21402060332937362	-0.28307245133030456	-0.18737939491233524	
-0.04337036806650396	-0.049651787360956205	0.006279862348676224	-0.06478221049897648	0.05314483917631526	
-0.0922861792310308	-0.030497512567171797	-0.11047665516428952	0.02476459830438079	0.029184274227105046	
-0.0010786598235666528	-0.04830185208135336	0.05951743288109376	-0.016671709366015083	0.08468471225130206	
0.00362374174853785	-0.03534602404694928	-0.07817110476323842	0.005725874541645319	-0.04836208675285556	
-0.6418978810621606	-0.10591280689748533	-0.6046797919051883	-0.4502460485858264	-0.4036749842062767	
-0.07941997411814539	0.05720949445157474	-0.047300836749883376	0.04804296652232395	-0.04155513039663146	
-0.052922690936721806	0.08668545907692299	-0.05071259190566312	0.10753507684680234	0.024624652489999694	
-1.3520539208731024	0.2316818563715025	-1.3973298812788766	-0.9625975582025158	-0.8163063740827027	
0.7771487967801529	
