TESTRUNID EPOCH: 97 L_PCC: 0.9015516421613369 L_ERR: 0.010978307090195118 T_PCC: 0.8289730198240207 T_ERR: 0.01702508917445513
180 LAYER: 1
5 LAYER: 2
1 LAYER: 3
97 :ILEARN
0.05792425134639648	-0.028400593733852668	-0.03743221643231263	-0.003572443630523059	-0.008692066583858517	
-0.050380938168402466	-0.07151721331516218	-0.038227433714237286	0.1001648046556673	0.06329441522989342	
-0.23952922476262667	0.30520525741717236	-0.27435081306303577	0.0031277959316692535	-0.2326493239802511	
0.022430383319867752	0.011084257276115854	-0.0030884760000362025	0.0283903990828165	-0.012788207318601948	
-0.07216709595888102	0.23355609635942856	-0.14027732753804228	-0.03562544864075354	-0.06554734286909811	
0.1219399330092884	-0.10837473694810942	-0.10343190416677044	0.04509593192846536	0.11100677329421169	
-0.20461001865197911	0.16890905944244328	-0.04916434964159703	0.012786195004919374	-0.06168506241456425	
-0.03553105427873574	0.034429630857649815	0.06542393623556818	-0.032900829672085845	0.10905266750496201	
0.16215730406876755	0.04380659907533531	-0.04833801333658119	0.21624855611755786	0.03332509686098625	
0.05360597303892959	-0.030044683971177717	0.04436199015205857	-0.18763622894603443	-0.10207453196321528	
-0.2707587560844114	0.18571475347161398	-0.1811046962733735	-0.2554231543302464	-0.2097346112611488	
0.002268652120350556	-0.08372384724766785	-0.028680275563927212	0.16814475739122553	0.15432820815687784	
-0.39454927190782463	0.33516947965417865	-0.2637529115294822	-0.3221876641021339	-0.42292024942253237	
-0.25943103225678316	0.3090609892565607	-0.2153132783942335	-0.09514800430193139	-0.21058453450199127	
0.038628344920716165	0.006731009372070471	-0.12522568881360469	0.07266288629573463	-0.045286441019489226	
-0.05870972057018614	0.08871795483306574	-0.04323142928401782	0.11639453190864213	0.08958069281077646	
0.08035089788825499	0.0015662944891129383	0.054593076061490095	-0.02454935295268087	-0.03707253002626747	
-0.052720904379898494	0.1312251943420527	-0.020887944619652803	-0.050162032449843436	-0.1140548261017956	
-0.11865204610398998	0.15156458955470858	-0.06933931114351151	0.0018457619917866667	-0.05821033000211551	
0.11291014317610369	-0.12449225369021294	0.1883997061029718	-0.17728663567919636	0.06734674696395472	
-0.14063007349707343	0.14143536327704906	-0.030835682562833203	-0.10935265440453334	-0.02534432838527008	
0.04773711011909969	-0.13289448078294516	0.11632444656778668	0.09842291390943528	0.14035579459227424	
-0.02935504384618349	-0.13070904021434987	0.12578432214286672	0.10270773265278592	-0.03380232796599593	
0.045449580669193336	0.023285219840038857	0.0873252108588941	0.0568341010999384	-0.0707641057237221	
-0.11696427586269845	-0.053759482737412816	-0.10587850334233478	-0.02388273510153048	0.06869851276948856	
0.023063502392321394	-0.022601442888138205	0.08581988516762747	-0.043748276613617326	-0.02002230522327163	
-0.013127118472860525	0.11187363957874773	-0.012151867419251386	-0.10586884624777283	0.036480359126161016	
-0.09068907683361047	0.08649320721977793	-0.05403829360454265	0.06545945671059884	0.020201976546786456	
0.001839616183781364	-0.07271944505452774	-0.09061212020154992	-0.057885788239001444	-0.08969871645154445	
-0.02596077186992754	-0.07960618845292709	0.09150529900538924	0.08085494589180336	-0.03747978284143937	
0.04623216687104341	-0.032909621850779794	0.1435163402565408	0.09235291971738852	0.09774777431237723	
0.03283917430575804	-0.05809366648108849	0.00601169224219819	0.0978896233052436	0.06111167211863214	
0.06628198281786842	-0.1116756102646766	0.13195474545885721	0.19746533338746378	0.06146085966003237	
-0.04631157762459381	-0.11920484823840452	0.054514067514464075	0.10131319291289856	0.07827480033663876	
-0.4824438184760267	0.5862743192905018	-0.4156801924483719	-0.5339328923973727	-0.5004573728470979	
0.04063083244777602	0.03600483938242109	-0.0502802431509515	-0.07101219620984785	-0.02145147161021344	
0.06621788673501967	-0.09990850197324136	0.09118955342556555	-0.032257463565789686	0.003663872620379669	
0.0506208738476836	-0.04144124589512983	0.026456261847852155	0.036329123716772674	0.08809029835856161	
-0.02136608156268139	-0.10502193206549332	0.07778273718936611	0.10781383387395098	0.12011822266933585	
0.12160600878161784	-0.10198128928237325	-0.02077426768434558	0.08094592000918466	0.1347091286972247	
0.16484582546862372	-0.03035801163592619	0.16738317996918664	0.014289384295715387	-0.0004544573019993281	
0.12411496005753941	-0.13036900760396186	0.1067338263093984	0.24215336627492715	0.22467727258503245	
-0.32828898562997627	0.38645961080024094	-0.3281811931046177	-0.19272164942173375	-0.28018792648268404	
-0.20613405217391528	0.13575242502725285	-0.07660996842857054	-0.009781837696982857	-0.2108926150772103	
-0.029281896331355743	-0.03661458965851279	-0.02536408090223039	0.05721792350983692	-0.07244165913996072	
0.17563802091140318	-0.10222583097570317	0.15687293461992174	0.18853194280894375	0.20679013118588785	
-0.019264233449109665	0.0754353633462028	0.05079798487263258	-0.031683088889310665	0.009877129087329534	
-0.007118743346104386	-0.10050001672476529	0.01499301399921904	-0.045304327767434156	0.035998742512858825	
-0.06370882765611562	0.040249009528290004	-0.02781031578212378	-0.023926749459284958	0.09138100131896536	
-0.12216098719412849	0.1106241475820597	-0.1383438245628994	-0.08050085142539627	-0.07607010544279448	
-0.06709865501002792	0.082204671954942	-0.010749652777134045	0.10670347353126242	0.03148101031836905	
0.11168602085853617	-0.011887786207239038	0.054589048665521465	0.033897429242810743	0.0778267542409909	
-0.020304593779996553	0.13447271386046256	-0.021571985156052405	0.010331679224549712	0.0221256970793833	
-0.01717393078489241	-0.01561062301161484	-0.028377686956664695	-0.002739663020407919	-0.028483100514265215	
0.11309919017606766	-0.22347741189420392	0.18670535307854128	0.04026338074179391	0.22658407201302008	
-0.020282500384018902	-0.0061392700624937025	-0.04254423446094379	-0.04149901758642633	0.03217331464777476	
0.0916140099164148	0.07726452289725214	0.08376927996552853	-0.03899788663827134	-0.0547253375502926	
-0.10950720161937465	0.18044662140037257	-0.11626918610531224	-0.09389476087622975	-0.12115626518829518	
-0.05975825538613854	0.05611734121062362	-0.06327697960305581	-0.028338740527652017	-0.08415016327758533	
-0.20759858760145533	0.16886949625028813	-0.17499467617413664	-0.021227000950604025	-0.21562229387868062	
0.11606273271899456	0.02365208131116955	0.09516772611656608	-0.007567649284726378	-0.06330682795817394	
-0.08237293315714922	0.07411155883893804	-0.0812879341758688	0.0050218334042832855	-0.057982047886866145	
-0.1613412212470489	0.29191889724619113	-0.27416482815877524	-0.20007900161674286	-0.20279654960297266	
0.010745250645113785	0.04172576631026257	-0.09508965010609965	-0.023885761107227253	0.1300184500342354	
0.009902102465317692	-0.0537541491930324	-0.03425555298458833	-0.11443195587896864	-0.016552550332774633	
-0.11205745991928784	0.06333720963099333	-0.06710492605578862	-0.059270498105450944	-0.045324240047723806	
-0.1460467145428825	0.18993328222125194	-0.15610686292265036	-0.05832914661264531	-0.005655030761512634	
-0.08379026022485506	-0.08131860235573526	0.09253020673818417	0.08507581559158657	0.04293612024143841	
0.036429076828048364	0.07415933351057098	0.03200455343043745	0.1146957185113679	-0.016881498121896515	
-0.13948118337803647	0.23764902529961407	-0.11475810433885908	-0.0770019920149058	-0.31813502254321124	
0.1135330099297193	0.02512880197883161	0.01797422545820303	-0.08528045365528236	-0.024071796910013158	
-0.22984507491837242	0.3114141042483118	-0.1679609756338277	-0.04720613693570276	-0.04805559823172434	
-0.10441817113732198	0.013602037761988511	0.03721309258701565	-0.07175890091325389	-0.019277557101452344	
0.11274889194753941	-0.013927444531669884	0.0880045369302645	0.03204179081543959	-0.02843335334764259	
-0.008629549396141228	-0.07088974759564783	-0.054442875466741474	0.14464866605330393	-0.02798349328082468	
-0.03666939476667239	0.04462566328843446	0.04592808845897711	-0.03550252151229581	-0.06386413319092088	
0.02253180227631069	0.01076692815976329	0.14167256475330237	-0.1374319328063668	-0.08086385457250146	
-0.16957337080497412	0.19327824655050188	-0.11615743717646863	-0.146524814875273	-0.10456191552016814	
-0.11456099468135113	0.07101106590008789	-0.09358106221841929	-0.11864396805294787	0.014925423938701275	
-0.10160839687467528	0.1776814091683741	-0.08469361390875937	-0.15492343456340868	-0.2171041659194611	
0.22890736870895392	-0.10449693727131087	0.019897073037561126	0.17314288800229588	0.13139320433055643	
0.2355918066945334	-0.2675315156265628	0.07888249576496267	-0.03712095012499404	0.11718832395980443	
-0.12843930049473337	0.028401140621827296	0.009004154737405672	0.060295652030238116	0.05202899354389897	
-0.2469795122961437	0.30181445977671245	-0.23890738067438277	-0.04379532779691852	-0.16084951783182402	
-0.26095717298567067	0.16411436242988728	-0.2624130970541747	-0.14940062106594496	-0.15726510008208386	
-0.06264683907091156	-0.14145755171000196	0.0635392685434962	0.02590516058069375	0.06888525200736723	
-0.15588067866123642	0.17153670008259309	-0.1345615963301567	-0.0781631505984525	-0.05095943016231905	
-0.09015987265192409	0.08687202381360967	-0.1493794606447783	0.06725708055358529	-0.11035250969867745	
0.0925869666797744	-0.220559773316863	0.09185179312368472	-0.017964379354087016	0.18997396145812892	
0.12856173670185844	0.04814065855037885	0.12438629328550853	-0.05654323313850806	-0.06726875094685447	
-0.09542502489270939	0.09260124401364411	0.05087872618193812	0.04838408548810173	-0.05272288936750643	
0.14360669875674603	-0.04735260971895116	0.06796835742361507	0.02414341651932048	0.0302408018890342	
-0.13386854433422482	0.13713672220733422	-0.11564562150520015	-0.08013754987409778	-0.018279782748475085	
-0.130356266188366	0.18837048641842746	-0.09314107326357192	-0.06337693774264849	-0.08183364528002766	
0.14799705362304238	-0.0074467130086419905	0.049761910979838134	0.06679601270201789	0.1546885348431407	
-0.07500613156309205	-0.0028764394227529084	0.07813846037053548	-0.05041645713918247	0.054977281742039114	
-0.10246338315843354	0.1774891505708043	-0.07288771199675785	-0.028453270542050012	-0.0654210751748101	
-0.13526627286373313	0.10873014488239523	-0.2060580168645437	-0.07088407712536875	-0.15043957980388686	
0.036291474463071634	0.013501571959783661	0.0513643158867607	-0.0027855395536385023	0.056786937290624444	
0.1711220766031879	0.043120429877828825	0.1386690578784697	0.11519787736345619	-0.013146124763895352	
-0.08631661491971832	-0.08516258399230744	-0.049994153992239006	-0.015426886345697086	0.04505279306583469	
0.019977423697670277	-0.013386478209650238	-0.013475122368834481	0.15719560984337594	0.049891556327927924	
0.16505978057305035	-0.1648408762806388	0.04030600268864411	-0.002254938229763588	0.14706417931096513	
-0.16941417230837763	0.25197035901325976	-0.211118904547636	-0.09536407159129241	-0.054861244491857655	
0.1679524911274591	-0.13826849076853087	0.20652704314809536	0.18513932875604147	0.1458289228507604	
-0.050097480618620446	-0.1235092081568665	-0.03599209654916724	0.07585294356845639	0.02768893856897269	
0.042836768805416356	0.014206436000081632	0.053844820327235976	0.04255715346028698	0.02032434494198593	
-0.089314193095547	0.13658223232992994	-0.12526184757239545	-0.051884907621002535	-0.05555446063624273	
0.24358601405158162	-0.17079415943123702	0.19842789562893817	0.11227872440167512	0.074971923817848	
-0.15669037538771477	0.10378371144872253	-0.07792794357410267	-0.015707001910865367	-0.14668793204402925	
-0.032329329785761925	-0.030687231207685062	0.06121564089388298	-0.07178879114449666	-0.10049642218750347	
-0.2085143475730387	0.16273800016000184	-0.1045549919112272	0.04830080215052977	-0.13622118431197472	
0.04713352981648807	-0.15262796332689624	0.19632873055386194	-0.09949456463364326	0.0728545388881282	
-0.08537825905052521	0.2125003950397579	-0.04394009526721276	-0.16683467272049238	-0.30577428256970796	
-0.12976734796753253	0.22129349365342849	-0.05182304775394689	0.006328665108883926	-0.08277171434461689	
-0.03176847586993585	0.013385998712864756	-0.026455719251066028	0.04748003545587281	-0.03755457351748703	
0.0584380484208626	-0.06722256300047308	0.05860514672358634	-0.032326383547553	0.07593412824313334	
0.03621340887856877	0.052452473483028665	0.01654936737528525	-0.0828491848328412	0.005337890202752273	
0.08473397206968188	-0.03077310272984559	0.13747356917213288	-0.051969935988137816	-0.06327957099983987	
-0.027565473114443354	-0.14725047321945797	0.01807741650126493	-0.1191783584415371	-0.07193269137073566	
-0.06974643745788651	0.14762617291688634	-0.16079207906926393	-0.0439013502440509	-0.10975096121963401	
0.2112823077315964	-0.07206607427014072	0.14324968614279207	-0.03663782157501196	0.12484338983018681	
-0.01931757926636644	0.029670644888713387	0.04508274771588775	0.005316340352017545	-0.04729589472397354	
-0.011738386243933818	-0.011918039410055184	-0.13957340288508882	-0.04491903838295824	-0.04574906276787742	
-0.13355855728992824	0.08643285987313555	-0.12694534691543408	0.05921124572350607	0.0395856421120162	
0.08325959312784074	-0.10888199873731333	0.18737235174908753	0.015317919510965932	0.07726766065070827	
-0.21337987635559763	0.21312131605364726	-0.05977204519187686	-0.12737251365978758	-0.08621334220319646	
0.06760625153685225	-0.15652267791093616	0.06736922483843419	0.08701747326103784	0.10955839639262205	
-0.12373792118569504	0.15599478685947912	-0.0700131852506693	-0.132350976376509	-0.143416967366435	
-0.023056456511777172	-0.10010803017461721	-0.025657955759844298	0.07818526675683449	0.01584538776967453	
-0.16886127664975853	0.13588932707886509	-0.06536481443913969	-0.16587851286086228	-0.046325699490780727	
0.03132451041172638	-0.0990727804951583	0.009955905694758072	0.0915417393490411	0.00942945970736921	
-0.027367260835890715	0.15468261904426892	-0.08614164432568855	-0.08396076988749006	-0.1638791030538617	
-0.017515559955175418	0.1750647151450006	-0.14450830698058556	-0.018237246892745616	-0.23573113158831835	
-0.05822221012030596	0.16654301205245017	-0.11751595026710095	0.02650274105419514	-0.03468445322265011	
0.0163822819376122	0.005530010743193983	-0.14326442553023083	0.08464100767049412	0.06586073701088682	
-0.15721890273350522	0.21060611621134484	-0.10739134121306096	0.005691364517774553	-0.10464600735159062	
-0.1259206865867314	0.3349060460941656	-0.14689461517602137	-0.23910878307777295	-0.22707291750676226	
0.0010540037445714045	0.020784158640583795	0.15674683616868523	-0.15042106563600127	-0.1442847868910972	
-0.05136598185724136	-0.03750432721881253	0.10068070694642374	0.07167702813758065	0.0004708968887580568	
0.0008642552833179769	-0.14904467653544362	0.11092620723364754	-0.024930514329824738	0.04057471407070529	
-0.14381883619608388	0.13012539236466716	-0.1302245599779046	-0.02761317099562088	0.025168044589717938	
-0.25489851131965463	0.14661741709761153	-0.2311152593603788	-0.007757917908577672	0.003784330175586594	
-0.0033855736143713175	-0.007882423326433205	-0.005823096518604226	0.10078912323828321	0.007969899034632737	
-0.12152996175192438	0.21085999289654572	-0.074483483139267	-0.026355874534371593	-0.09869203893048097	
-0.04557845048118967	0.0650253536232596	-0.10934614639528371	0.03947886620494517	0.09808874984041493	
-0.09630839150649663	0.024828445476600822	-0.0035190756271289074	-0.060884172613381644	0.002500740479162914	
0.060038506785117844	-0.03179757670759873	0.08119726185204729	0.17003242713163155	0.0002447650611791402	
0.1225232709132557	-0.21269196305607008	-0.020739583891605257	0.20159950806761404	-0.054397445627267574	
0.09247413942769836	0.15822278279906674	-0.006912871325570642	-0.17620142163002744	-0.033484441398905225	
-0.0556183151617239	0.06140728783373965	0.02692223564195518	-0.036976002410455906	-0.12265610151014247	
-0.016691422935422914	-0.012712691679336799	-0.031875929663077944	-0.0023264007016598294	0.014169147535264479	
-0.06803730253535292	0.17154018612631936	-0.05578268680231014	-0.17932042184883387	-0.16139862248407294	
-0.17168137376750078	0.17792328980194358	-0.05633071659759313	-0.005818572043097119	-0.1174823264071019	
0.06822415684464295	0.08124318048503008	0.09906320727789973	-0.010682215255154486	-0.022383129621072455	
-0.229578518296999	0.09663238292398026	-0.20075325668888536	-0.08198055111389858	-0.13191314082494957	
-0.13719179717677452	0.24561356494057182	-0.15698997265951703	-0.0115044256964365	-0.07402355400574392	
-0.05783867074656582	0.10616788724289274	0.016594429435023525	-0.055615451987511604	0.026391985253878907	
-0.05729665034653208	0.0309295623117404	-0.0673001261897144	0.02427469439114437	-0.10190565581671575	
0.06618067503536901	0.062429078677819355	-0.0015424286308574414	-0.13568767265853543	-0.021849606686422666	
0.20914509456092334	-0.2661030508245079	0.14309757535727405	0.22732358215032164	0.12557564008948882	
0.253678552377933	-0.20536668343844383	0.20823271940231153	0.17014004597209037	0.10100455518298336	
-0.12537873175390693	0.024763618629310175	0.08037918330323104	-0.00794553771633378	0.037115641724241255	
-0.0698066023321289	-0.007597381528327267	-0.05853913033317315	0.07795761531115664	0.03350295909150581	
0.09982083746166424	-0.13999102926057855	0.08957113096728705	0.006653332285825686	0.0457213546216345	
0.03452260099374968	-0.08196567098344898	0.006676533365489872	0.08642275980319128	0.09924904112037322	
0.15302043444325542	-0.1027384545089422	0.07676098116609911	0.03253413915787523	0.12075847514087956	
0.05466008170506535	-0.03587248002029364	-0.007389804034466987	0.003684885079905477	-0.0169253877070015	
-0.03727487768951117	0.011250817508388768	0.012865818271798383	0.054748979846153414	0.05033373505541967	
-0.2148932558366966	0.17174087020723758	-0.286236451279625	-0.08891032105738632	-0.19299125944869977	
0.0708570220580499	0.030314023489253224	0.01652316872766964	-0.11853076449990316	-0.015846972294470584	
0.16692698264915404	0.02513549077117298	0.12138187563954496	0.02861368092360217	0.10841837195619891	
-0.04856213210129523	0.0353258164044379	-0.05115024734484518	-0.03761577868724579	0.027119189967184525	
-0.1385952829607835	0.3280908730902232	-0.11794091590807136	-0.3384815541970189	-0.13092825485456772	
-0.13937431220497126	-0.006100910570056126	-0.051176587086003124	-0.06686885261388044	-0.011309054595054595	
0.030250987659481483	-0.17477825830222818	0.03281328028245491	0.15239326931943892	0.1443049301970579	
0.07410463829812614	-0.1782121404402754	0.13191924092000898	0.055723974814045577	0.1524773348797006	
-0.2035231506418731	0.27089360263193574	-0.2466656136018006	-0.18082057439978164	-0.2328331139745558	
-0.10650569109056471	0.1523474310810287	-0.05618002299053164	-0.14317161611139165	-0.027246067048303235	
-0.030664414902113617	-0.039195179199069376	-0.020151930504822852	0.13093591465065596	-0.0015270128258246163	
0.06130380739593109	-0.04758378609162545	-0.00046392928121234857	0.1376486346224878	0.10962327749304152	
-1.4401282115616711	2.1327977387657273	-1.315643826458124	-1.144587055639802	-1.2995707966251049	
0.44261405127807035	
