TESTRUNID EPOCH: 32 L_PCC: 0.8058283706949233 L_ERR: 0.021160006497615756 T_PCC: 0.5987518953248833 T_ERR: 0.03488630114596482
180 LAYER: 1
5 LAYER: 2
1 LAYER: 3
32 :ILEARN
0.05499336617491376	-0.026428376413044213	-0.026010729816598833	0.029205251644252854	0.0017429734570372749	
-0.048467616377186336	-0.09921256237292767	0.0014399081312689807	0.029519991859478862	0.05225675238904957	
-0.04185979397265045	0.08539168834704051	-0.09914738702959834	0.05106338764330954	-0.11826631740492728	
0.06625432865693263	-0.03976209703464559	0.04121793654586833	-0.02779718104039101	-0.022324114316053793	
0.0426880274753423	0.12446753234019484	-0.06519143073510608	0.012070500763904856	0.03878046685533448	
0.11255819100504731	-0.12249619402493958	-0.0640298573469656	-0.017423700216790038	0.1224345258715831	
-0.09365484113828453	0.013032909426215739	0.07014323875808777	0.002515599752625073	0.02744254560806813	
-0.0019388490234447061	0.0025040844809910037	0.09729777471740274	-0.053682960748464854	0.08637110397698458	
0.07045902675834077	0.08716806098914204	-0.08008864934184783	0.047845237425359434	-0.09154986054736197	
0.0010294895079408107	0.07393334943718162	-0.03556428615727183	-0.06582145727277916	-0.09462670587794317	
-0.18567640259433246	0.13196832928001667	-0.1633088789674862	-0.1592669459577965	-0.12896058610314373	
-0.030255308310455174	-0.05140965101261647	-0.008409554379173645	0.09264345893289214	0.11570244424264525	
-0.16549131492963162	0.08666008402098853	-0.0752500232882102	-0.13104734538794033	-0.2128386690031887	
-0.16396132611362263	0.2238138833494056	-0.18583109946918575	-0.09247735619056249	-0.17907123076859344	
0.10529735154654526	-0.08962953583767683	-0.052213297198618544	0.08951381684635311	0.0006230877273905958	
-0.017073406297809027	0.036099771122820944	0.021287707014933245	0.10962456629412683	0.10589501251750535	
0.0847813030826723	0.020965243348327185	0.054040344287992766	-0.023982417885950985	-0.04044491733570687	
-0.0654720274188796	0.14092818391990847	-0.0721128208463433	-0.09325683240861123	-0.13410527978241998	
-0.1653496476053168	0.18794942738118797	-0.1104901927800303	-0.07088777588949112	-0.11007970199724608	
-0.005167609045216967	0.0346371207790498	0.06259330661187683	-0.08168163455039473	0.04535527816194322	
-0.04342261473823605	0.01826206409317179	0.06513011533141398	-0.03497575094476553	0.06856757476142074	
0.022318559858676833	-0.08848852849175703	0.07664451241261053	0.040146674307515076	0.0858589118057365	
-0.08936850070597159	-0.04551020262096235	0.05475208302542437	0.018798487467471113	-0.12210534653956853	
-0.01653359180888144	0.12367645202037993	0.0017382135241301765	-0.028272538359832455	-0.16139098276461747	
-0.056613789208803826	-0.12641923447831646	-0.055320171748099695	-0.0026649371416135816	0.10635004576756933	
-0.015022092404302773	0.03300341319390098	0.03897248568594164	-0.09681087972067555	-0.07508207564436209	
-0.030474553097963018	0.14721884942802924	-0.0474926130400622	-0.14653028275011815	-0.002327887252298495	
-0.08768099390419543	0.09840641479577333	-0.06710245889657465	0.03936488484170947	0.0008535419562803925	
-0.019125339511777573	-0.03592640161166162	-0.1283870846302288	-0.10689969037647697	-0.13562485183407577	
0.017832348205581373	-0.14561922234722133	0.1503171909027852	0.11742609078420367	0.009036268634938952	
0.049250243283514614	-0.0404642669356923	0.1646779915125598	0.08892430536661498	0.10096483377161376	
0.004036910138910231	-0.012255604596291643	-0.03920906157646224	0.048030347883434354	0.011350645499193283	
0.049652112737057316	-0.10308542775886456	0.13757199688665459	0.17774350238727685	0.04512000648693736	
-0.015441882545869059	-0.15746851766204453	0.08624245338638398	0.10868715530858965	0.09745081364953102	
-0.35479893523751493	0.422133423420878	-0.34717561175507705	-0.3853729010376277	-0.34795782318081064	
0.04054510974130964	0.03905982215447899	-0.05601894787491953	-0.08801157502434935	-0.03662534268501641	
0.05875410147998819	-0.09411786762531174	0.08779628671904925	-0.04547669742024938	-0.01055259440222667	
0.08048257759153477	-0.06954195429630056	0.041799413026965326	0.027127882909989343	0.09295021435780318	
-0.009352631900351401	-0.11702999294305653	0.08679585601805749	0.09650304188884451	0.11677635392611836	
0.18268207710563195	-0.18855997171654942	0.054961542958999035	0.13081391372862225	0.19666060380077224	
0.07171136655982391	0.041501340934677264	0.0676920775745365	0.006681127937627178	-0.0532215720998159	
0.0572720606199886	-0.0600872080448039	0.07150360718449576	0.15500519278348576	0.14210068285090177	
-0.13164730283743215	0.209217180222629	-0.18910564580383282	-0.15743499758294863	-0.183977383902199	
-0.028193854157234795	-0.06377819411756668	0.05875294739850952	0.06056472738523021	-0.12176880340757097	
-0.10993053210823892	0.03150107585425981	-0.13746897841940203	0.007468980560087083	-0.09832721320444404	
0.11169355559820443	-0.013560892690514805	0.10126535700412381	0.10312858096077523	0.10407606563813261	
0.005051772068165356	0.005675204535175	0.06850361075474953	-0.023027000117152814	0.0024325257824567028	
-0.11559560788928636	0.04499758155836689	-0.12325633677777029	-0.12447160528839203	-0.07841031078561518	
-0.061438332355279734	0.09568967887794565	-0.01781707095871704	-0.08142339284293677	0.030059907155446142	
0.026268258832887977	-0.07195351955105105	-0.01833203085048673	0.01585529633143668	0.07176279354685185	
-0.06365570792172826	0.07174500843721579	0.00011542103762742652	0.10763980676355846	0.044834930228926886	
0.10263460880434835	-0.03494546126305044	0.06889954758800297	0.011018511525880318	0.05816060341939151	
0.046138999026280346	0.08468236619665996	0.03628126855328622	0.019628661371640342	0.0575688016785285	
-0.019823298484390895	0.02462256082147837	-0.01017593769874359	-0.0323195018003917	-0.015381805277701966	
0.0013968607586207665	-0.06219240932808694	0.0578084359937393	0.01569787999813412	0.11186861378527205	
-0.009986305251625145	-0.010124200362397277	-0.06511719387439953	-0.06756571087953792	0.006455820624611779	
0.06064067749869414	0.10768269569315086	0.012152094957467175	-0.0649549982589352	-0.07826502373468945	
0.043189073912153264	0.04972683584008861	0.017495001321626836	-0.026761148291587614	-0.002872794251792131	
0.005035677148032499	0.054317678925844194	0.009520813673582028	-0.024277453785760246	-0.04135261816468367	
-0.08034589320213696	-0.005799394453357263	-0.08284309883436045	0.07629087596968546	-0.07843112371563526	
0.073092572346549	0.06559639583996263	0.0475133495569168	0.024918939519565336	-0.06308752239955505	
0.04060130669992564	-0.060854444054492675	0.005518502878627921	0.06756306263260722	0.015933592969388073	
0.006169554330920873	0.15759054928192598	-0.12874003772854836	-0.13625364822713903	-0.1252666458438912	
-0.04211793802914706	0.09215406644227073	-0.11062105464388478	-0.08292407822000095	0.02699966952299255	
-0.11501460923583665	0.12273632112385421	-0.17812116060872193	-0.18122468490796795	-0.11965801232180533	
0.0039490901477337225	-0.06648916775608066	0.029776844320292893	0.01536410793868578	0.03973362184933707	
-0.05909165215922462	0.052137502858855454	-0.052094782474773116	0.009211236568823658	0.05914401181658989	
-0.10957928003044923	-0.021350883028737944	0.06331658536900382	0.06520192217102051	0.00010604577422049229	
0.0743875514762945	0.09445793726614285	0.06316727110694023	0.07892312647776965	-0.06802521770889303	
-0.031170720615367232	0.11307046934605462	-0.052440062590565766	-0.010891385147712977	-0.18264106844401637	
0.060654298538728516	0.050629858282747395	-0.048372687015191165	-0.05993205646138697	0.006940593108587326	
-0.02206361384123499	0.0647862123300301	0.0028721680706565293	0.06905371629774344	0.11233898968887435	
-0.05077854123453227	-0.04857590096704093	0.06310737167783918	-0.013295868147753817	0.06830307415379193	
0.03748370527314803	0.09804906373057606	0.006887037393183249	0.0033462252631805043	-0.07910226190333564	
-0.0004753959640331918	-0.1374171614048057	-0.04458033096156148	0.0937982476858715	-0.06526454227172977	
-0.03212455145428349	0.07399842420559953	0.03405893955875062	0.03999041353009291	-0.06335866923768943	
0.012419592539881246	-0.014906889954340427	0.1280932876262592	-0.030389041237662583	-0.028855200311435316	
-0.018401347146495026	0.034937365859206704	0.011551913840316888	-0.06822165633697382	0.022632342893617385	
-0.06699281312210618	0.08007138042308944	-0.06324168630748625	-0.11099181958843056	0.009355666333111247	
0.0163081780578837	0.03894238430846489	-0.013434523911960802	-0.06054734772537928	-0.0720130986446267	
0.10400668277560296	0.04500505068818168	-0.08312397502948758	0.05964844544847807	0.005599444669049043	
0.14437817817393264	-0.10809398556513007	0.0076299904740787785	-0.044317967311632046	0.041535166166827175	
-0.10353453132132572	0.06109511481310294	0.022802421385908093	0.013690877932007812	0.026086114903901468	
-0.0735349997300361	0.12626634613406082	-0.08040805842455025	0.022259944717990438	-0.02952967609745734	
-0.15741026589857154	0.017209939295248198	-0.19583271531078994	-0.14902180891800643	-0.10223225103191383	
-0.11960192036595749	-0.049728383081304305	-0.0010410442450368505	-0.05828367594870968	-0.00180594278697214	
-0.04344620283223862	0.039717077736890836	-0.04957507955015965	-0.03911590395676382	0.022263302063647523	
-0.08331559768930603	0.1569528653515598	-0.17187554288891027	-0.008387355259781142	-0.15267048085112442	
0.02243134690490918	-0.09729173873349073	0.0004953596815073062	-0.09706874445855222	0.08676239472639004	
0.103729670584686	0.026059706507665287	0.10630228710394247	-0.04712902457016587	-0.05578159676908915	
-0.07881618934762748	0.03961122705428276	0.05528855260846256	0.07958236522640157	0.006854192545564564	
0.06912058333150535	0.05885368056082491	0.009127671404760306	-0.030668223112333082	-0.038290280469572474	
-0.12495951397435871	0.11225543895046168	-0.1333060093215652	-0.09640326999308615	-0.0024251624738988236	
-0.015494909700826003	0.07095459448064148	-0.01566574864764546	0.029503469192938267	-0.02196478565122431	
0.06387971835219715	0.013204473369862984	-0.03578847387156773	-0.01735764383873621	0.06192267862398762	
-0.1275944053192297	0.08379067999229385	0.030044283161209596	-0.1266598718466962	-0.03042824452645139	
-0.09088936865652596	0.1447600839701756	-0.0679998118889109	-0.02809864979829848	-0.07336912316429084	
-0.03471000400853295	0.028022084747058997	-0.16099106722905746	-0.05143122336695627	-0.11730993295976186	
0.030580660153165403	0.04795981970925121	0.023193059767294157	-0.018974283068298552	0.002357954744542086	
0.1147474824836091	0.05058108498234106	0.09654372646394488	0.11322961488995847	-0.030894193550577986	
-0.09510221112411078	-0.04555489972071219	-0.05885271938530039	-0.08134079210728132	-0.0015558827828994653	
0.027250433742386875	0.01724893614541869	-0.016165708682205446	0.08160761969509218	-0.01403241192176437	
0.04860892879886078	-0.048093416112660436	-0.053093982376263685	-0.04162708327892234	0.056476578143880594	
-0.054166966155674914	0.0811119424868585	-0.12106784029519951	-0.05371599325593557	0.02229521694568788	
0.09097684168120887	-0.01844591378544973	0.13350408702007505	0.12094048719154339	0.057068994109209854	
-0.0326121769443685	-0.1345190676228165	-0.024052726199423398	0.04298060545694792	0.020422816552801867	
0.10304253437391146	-0.060922471879711275	0.10058665015329571	0.04910738070983644	0.052575347915214524	
-0.016956518544541697	0.07275018599297987	-0.05380849069350981	-0.12550517568508657	-0.08129286188094752	
0.08321751283339145	-0.03756636791763774	0.08586339407194347	0.06310537709169828	-0.0017723089866856687	
-0.1129574250640821	0.07557659837353596	-0.06294714508744434	0.07790833202116725	-0.06703663312666136	
-0.03713519798816006	0.01497608439190006	0.03450729768272662	-0.011484318660251817	-0.07733293691531112	
-0.010962101307976363	-0.02146574127752483	0.059899459101014255	0.07541773889673342	-0.05789248696118608	
-0.02821315970269196	-0.06363366428990919	0.12920381270433465	-0.03298543195011222	0.10582396115931468	
0.007333551960581541	0.03243124840215454	0.04096504292905246	-0.003209123002850484	-0.13529497425644682	
-0.06685316709396362	0.14927156175863598	-0.01823649288660955	-0.034795936932403675	-0.06546026331377258	
-0.0007311613310878241	-0.021344637993710322	-0.004617158136380077	0.010156833340606578	-0.059167187685974634	
0.03597968473840458	-0.015104806609561238	0.012261026998862095	-0.0863242716417644	0.010876553989041096	
-0.02595395194340612	0.08661943916174535	-0.05486426722895461	-0.06964712598597361	0.022227889011366294	
-0.018134432348377756	0.03375025065705831	0.06622822575850155	-0.04153268147830445	-0.04667057211062169	
-0.07397801841856039	-0.053189253619947835	-0.046752526968483664	-0.11190987467066314	-0.08786089682383519	
0.019152744857769983	0.08036969205729876	-0.09794568591951355	-0.06571052166221275	-0.07007184034720729	
0.08287903730864495	0.047045739731829544	0.0043610867004962835	-0.04183324241562233	0.050989810990127296	
-0.005553194563113555	0.06727528679785567	0.057541447383569165	0.004468424156035877	-0.06051557041736459	
0.13895981306288852	-0.13190101194666215	0.0010719688728512632	0.045195044453825245	0.038876423098191296	
-0.07529457778843669	0.05577262194647729	-0.0751970543037282	0.027710207851909013	0.03971975470541834	
-0.026731427028897272	-0.018376997280289322	0.08724672932346991	0.06701125362247146	0.042578872358876085	
-0.05550471485592779	0.05729289753044594	0.07311624673351974	-0.02200594055598328	0.03746879315271202	
-0.046480929413324344	0.019673572252491892	-0.019872595020035643	0.01602965740107755	0.0020056302681750278	
-0.13829822852525175	0.15173363381229846	-0.10624636072697957	-0.07150093504145887	-0.0896804541188793	
-0.05908106597694411	-0.06336742428051134	-0.06811588904578696	0.015003133333856375	-0.03871306606742659	
-0.043991146138916346	-0.045140063276728086	0.03155077256329038	-0.096033622552724	0.06475810018106291	
-0.054346990707516724	-0.0011805157706085176	-0.08059383851484563	0.07354631354255124	-0.05738409654992324	
-0.021368777097656184	0.09790498725544622	-0.104447758144001	-0.024057616463604884	-0.10504133654015566	
-0.004879830148633114	0.12225925086710855	-0.1490666718947823	-0.0030232880969679548	-0.1803594276642698	
0.031425937089041345	0.062216396859451455	-0.06707973954503828	0.009177474553133502	-0.004741968511672504	
0.09626214783150494	-0.04933437354756335	-0.08953768176834423	0.09267882949147309	0.07787779348743201	
0.02913637120793092	0.02341423599200364	0.034011545930188944	0.04438011243470436	-0.03797563447767515	
-0.08767206901977623	0.22752025854255314	-0.15008039127731887	-0.16293379122908314	-0.13558158812922744	
-0.14976261141778047	0.12948777812601778	0.000985223444114579	-0.130527803649871	-0.15692622317623714	
-0.054559552071934005	-0.028675763010348115	0.08058262363762228	0.00965325943467806	-0.044463799536912686	
-0.10265397213850923	-0.008577055782549118	-0.0126230908992343	-0.07033074363208404	-0.047702251498069524	
0.02302945174714051	0.029471731394022514	0.02938216378187704	0.01864822050899249	0.08224542200178268	
-0.06168877433580648	-0.011300873258941916	-0.04723813146139264	0.028964779036929976	0.08277163278908053	
0.006612039134658985	0.03697410424957483	0.007751230124610038	0.05809411592426465	-0.045976758041407946	
-0.05842315333758383	0.1361208903235574	-0.03900742762094924	-0.004439672804190612	-0.06085485988173957	
0.028635367493766165	0.0316547271463109	-0.044988349502321535	0.05942146182419184	0.12837389235365684	
0.02421926432113578	-0.07996693505664616	0.09836922510701541	-0.017491694312975713	0.07315006805431533	
0.036556561089794146	0.05140397787887009	0.05304076225601537	0.1054944290012496	-0.07369332438255931	
0.0979711829021764	-0.07290130477119242	-0.030258118371165516	0.09567881160577749	-0.09712552065014711	
-0.0008074489227496751	0.16133942452046557	-0.10793780704527497	-0.13768202716363429	-0.03359810644562325	
-0.053797779680857846	-0.0005327637222683689	0.010712395173331928	0.008744526164517964	-0.07465727568010719	
0.09725818651305682	-0.052901129761262634	0.07295927246768347	0.02788369488625731	0.041211355039012104	
-0.08507483016270763	0.1322298099670164	-0.08014802473917468	-0.1225167116856855	-0.1122511835403974	
-0.16338262482219998	0.14086904678755335	-0.06375164562509539	-0.024211301655789618	-0.09241748977139813	
0.05523173625241352	0.03957854706099333	0.05444683964122083	-0.0027788200202340132	0.01100712677582106	
-0.1180162410681913	0.013799039818631065	-0.12188967419283721	-0.06795531918408838	-0.10539632008326395	
-0.07563958292148053	0.1549658033710211	-0.10525282005844268	0.035230565467472046	-0.03252457502462911	
-0.03637298634433893	0.08194222635156057	0.02490081051107226	-0.057834068245070674	0.034616107398812254	
-0.05032369022913309	0.03055660129366213	-0.06125084771950369	0.0009348061332942172	-0.0947322238576235	
-0.003077529355651218	0.04458893711758534	-0.08212986624636552	-0.08885560473710077	-0.01686038263389157	
0.14527420081462555	-0.14251509642415167	0.09379206195017788	0.15317221848506937	0.06390626439625723	
0.16786569289299463	-0.13009564384840436	0.11829276021151969	0.12819936845531202	0.03198731733461583	
-0.08198764197536106	-0.02225448588024573	0.10027393081341654	-0.014024299375140187	0.06132473796187754	
-0.04109323493560109	-0.045616391394151405	-0.051103608246696505	0.07021079073484715	0.052163116954082336	
0.046928272966545906	-0.05771070708042146	0.03969724696823361	-0.04559268152061741	-0.014529982835726027	
0.028800318530090695	-0.08340453574740458	-0.018090929767047004	0.08578211263137189	0.09855204387820145	
0.07515767376638895	-0.02162126234929843	-0.007348617800565674	-0.013173604114917694	0.05176489495836146	
0.07838051757267964	-0.05677435729057021	-0.009498100870341088	-0.008820270988127182	-0.011922761366986665	
-0.08990796605971667	0.0037795764872870143	-0.07850827408156863	0.041911946167516916	0.019018887817361056	
-0.06461822295592318	0.06932338257757198	-0.13318739838012178	-0.05247791682545587	-0.08811643518425923	
0.06186601793266094	0.034483144939910663	0.020431892428058457	-0.0885839030586577	-0.008305155185752654	
0.1831093233135076	0.005766402166576417	0.12959657347991946	0.026495899388822075	0.12125677154708266	
-0.008167653177149917	0.007556482283539847	-0.025883880139610748	-0.005774860782064829	0.05416011231984808	
-0.1388095127707851	0.23205245961676702	-0.1508468899992488	-0.29494757135209243	-0.12898662526806337	
-0.08567229302117695	-0.05290119535724854	-0.019013834095255006	-0.07286623499569972	0.015882007189750448	
-0.03675264684881496	-0.09709022401028317	-0.03001666959022664	0.09809761932471403	0.085501571864938	
0.022054237069906096	-0.11241655199997855	0.10096808506662902	0.01644834194215683	0.10911253498983138	
-0.1308501962754956	0.1579524447009997	-0.23105990292686532	-0.10770184897572008	-0.18683831344764598	
-0.17370491535732213	0.12482788567645567	-0.16937828491802928	-0.14282303368800006	-0.052586199277875605	
-0.015796086810302316	0.03020359453956316	0.02003083139152047	0.08796934168889209	-0.007889417040137053	
-0.008684430936433962	0.02029255691733214	-0.028600830239067974	0.1336170367564067	0.08278807545242155	
-0.7690906726593675	1.2193304588721192	-0.9005035671198754	-0.8593907350681887	-0.8827824856007292	
0.12395446668495681	
