TESTRUNID EPOCH: 74 L_PCC: 0.8660564310384031 L_ERR: 0.014462845846604587 T_PCC: 0.8310615118835909 T_ERR: 0.016778818590220682
180 LAYER: 1
5 LAYER: 2
1 LAYER: 3
74 :ILEARN
0.05213102968552733	-0.01283159107572048	-0.04105390784306393	-0.003002106042733026	-0.013973710120015295	
-0.05223435097370916	-0.07999571645897836	-0.03279749464948097	0.07382443393656017	0.052912352346507985	
-0.18335167803924685	0.23783435467130695	-0.22763619737602284	0.00860099084908691	-0.20613774812930782	
0.04096243058246135	-0.016663306225711386	0.010573177139765395	0.016232858484203496	-0.009866137660226112	
-0.04125919002237124	0.20045411231066249	-0.11407541310540824	-0.02333676506500668	-0.038174511858415715	
0.10721895444888534	-0.10847890175685257	-0.10697715731196226	0.013556420455952732	0.10755650155236134	
-0.1673318981722756	0.10714162481756771	-0.013555491409586475	0.010047334538917777	-0.0361285172006354	
-0.04518265300302742	0.04695249804301929	0.05393673600798242	-0.05438359455243646	0.08325946194201865	
0.11334804718448763	0.05281066037259064	-0.07545582341390299	0.15796591036626306	-0.016452506825213042	
0.042573803638431905	0.018606324213431127	0.028881964050937767	-0.14662594632275647	-0.09658902292258888	
-0.26816438140459287	0.18838747805502848	-0.18865670276716565	-0.22725264960406466	-0.1980203376104727	
-0.015391335882479798	-0.06307685742300123	-0.0335984482886157	0.13208726607930565	0.1316839736811492	
-0.35086750959661095	0.2781186917209481	-0.2260665776569442	-0.28202762323773967	-0.3822465140347707	
-0.22624585650134968	0.2593838876141615	-0.19711455272057568	-0.07879919669348194	-0.19876827875436656	
0.06171973292731281	-0.030282659989752492	-0.09956815163029022	0.07663224851268623	-0.030964052662249268	
-0.05289387641720157	0.07804128895145845	-0.03098086196056569	0.10282476746539453	0.08592767681634567	
0.08280844904664948	0.01524241927897777	0.056380489325355276	-0.02639453921697564	-0.041898810854555164	
-0.06546071158175823	0.14285317016826696	-0.04668147584679501	-0.06179935729143215	-0.13085685321171847	
-0.1381509366037594	0.15676247397424936	-0.08549112508950332	-0.017185038939073426	-0.07733039119625865	
0.08694546815915122	-0.05654735748303355	0.16258800236886808	-0.14302323604309813	0.06554782306691741	
-0.10273966879208123	0.09160506063781147	0.005463090987989522	-0.08632211179198558	0.0031574451439132707	
0.04577284541490786	-0.12682184108280742	0.10802928923084769	0.08954874720828375	0.12773272896165663	
-0.03597859398939116	-0.11817021499477957	0.11467094786800539	0.08960569215515259	-0.0498801129760822	
0.03250302231095398	0.047226169039035426	0.07021011475636431	0.04035614522924615	-0.09045655893195075	
-0.10085237372579244	-0.07520648098608287	-0.09580591219051604	-0.01698262043699156	0.07340899283815804	
0.01759362654178908	-0.012005341428183826	0.0772970547489244	-0.05275757594729477	-0.030874918683991552	
-0.013961204193959336	0.11724346124319053	-0.01678545244742478	-0.1121303327651875	0.028876448746380155	
-0.0878072660509098	0.08820374530609111	-0.05577476841813253	0.06000836407330325	0.013341502175493108	
-0.0006805190219492952	-0.06627370971855075	-0.09785008876473669	-0.06531292809286754	-0.1000039546140275	
-0.015530956259374755	-0.10095365669550582	0.10134712423046661	0.09217260552112433	-0.028541950336573377	
0.04584905992088595	-0.03538405627424172	0.14046712855171237	0.09495559485290259	0.09530057635170797	
0.030426379069476987	-0.05169308948723074	-0.00018790781409789892	0.09056461091097548	0.0522554013782078	
0.0673650736368923	-0.11760640536468785	0.13193379799567095	0.1994817484413466	0.06007693205885925	
-0.042596486913349496	-0.12698844881593366	0.053856911664162656	0.10452334825761093	0.07684257339820091	
-0.47590179925041237	0.5749665869403952	-0.3990176047257363	-0.5166847273877088	-0.4727028715393044	
0.047408146815773794	0.029807825285679664	-0.04658220718198515	-0.0727364987636438	-0.022518139904531033	
0.06644593357097348	-0.10063789372897285	0.08987399552336742	-0.035598804681414006	-0.00015517167297251686	
0.0561067806891087	-0.048380918986662774	0.02576232467503814	0.036550519049188934	0.08399908043093632	
-0.01807659278751283	-0.11039457982167974	0.0770315009334477	0.10794215166295697	0.11696856183532384	
0.13810033994853868	-0.13047222186761517	-0.005528134831345655	0.09454957979108097	0.147171803564466	
0.1183512500798053	0.014684634724248061	0.12939062099144263	0.0084595525101383	-0.02356279800235575	
0.10982619625446126	-0.12006248906855639	0.0951943491324588	0.22105387013540914	0.2061119086440538	
-0.2811600860754345	0.33872089406645306	-0.29239972678359744	-0.1819938703335801	-0.25828896963809594	
-0.153503484680427	0.06565068078923046	-0.03830247188504052	0.01528989006035286	-0.18437080321528654	
-0.08815476819056293	0.014985328132339656	-0.08115870305340185	0.03839057458305815	-0.09199359582052898	
0.1601924089227802	-0.08517483247194849	0.14352832333389526	0.16778733857723419	0.1820480808815052	
-0.011542903985462353	0.0393993518202761	0.05902628587434168	-0.019867774187053745	0.01579816135862401	
-0.022021677932004224	-0.065058188304839	-0.0020554222032946167	-0.04500294656753743	0.019640898124355648	
-0.06593672554610702	0.06116539112256646	-0.03205312635726284	-0.044189407892754294	0.0692575586424461	
-0.09611534010146042	0.08087087289213757	-0.1223967066357499	-0.07203432575629394	-0.0603861087209465	
-0.07274167224418283	0.09661771766579241	-0.020460363396302746	0.09151740106488615	0.014134216515749663	
0.11240109936475813	-0.03413881471168054	0.06404293826613733	0.031790603635197985	0.07937993047173723	
-0.007797475026792933	0.1350633452703433	-0.013040745846535992	-0.0018572544572040125	0.01301878199098703	
-0.00836064258116912	-0.006363108147751999	-0.022634324796350126	-0.013219290751898377	-0.0222254413883944	
0.07756090930881372	-0.18461272592738923	0.16076170926006697	0.04220911465990471	0.19827730386270564	
-0.009458161484305169	-0.029876455163974143	-0.032866618862957865	-0.03467215717379319	0.04178284881465965	
0.08114485035666576	0.07303006719576222	0.07049646275050371	-0.032471752813466426	-0.05167140394564263	
-0.05639158331513656	0.13269347529093165	-0.06902836948330646	-0.07002644697704097	-0.0820759213618152	
-0.03385101522660668	0.05740387172621432	-0.04660965352493046	-0.0318308882075174	-0.07005241773097473	
-0.190968553882815	0.14056453375913275	-0.16796506389249247	-0.008758398804497296	-0.19942846228978697	
0.09375144426676031	0.05402002881702162	0.08172526151842409	0.001589294511212858	-0.06749453602618613	
-0.07185492014781505	0.06496774870900678	-0.0850198959033031	0.002741209642767785	-0.06761416612303882	
-0.13091138467986638	0.26701492862383785	-0.24703657225449596	-0.19548500452696357	-0.20157203327496015	
-0.014533611998285826	0.0634427101689051	-0.1041182878490483	-0.04723042275173279	0.08692514557598773	
0.0053278079029838625	-0.04763664383536817	-0.03773113287266008	-0.10296477587234255	-0.015376434795428705	
-0.10154443811890917	0.05536940435529568	-0.06456832072733118	-0.06000045077312705	-0.050719020248577766	
-0.1448668357595653	0.17709794798071132	-0.15393379349421135	-0.06851399049039189	-0.02389312052105817	
-0.08215271312548118	-0.07513760766368041	0.09847115895672137	0.09696229797305587	0.04242626248736487	
0.0439384628809996	0.08680146983634604	0.028950101503007662	0.0955705170106971	-0.04560822970080438	
-0.12478161359715617	0.21791110745637657	-0.10527811167528953	-0.06241478282550443	-0.28348439003997294	
0.08680052263007818	0.04747596791682514	-0.010717027131011444	-0.07654931043295922	-0.013054052094777176	
-0.1899087263055598	0.26567166353752925	-0.14231424423168046	-0.037721366105763154	-0.03377859408869637	
-0.10397392498428473	0.015436297344241156	0.02989096190389113	-0.062006357535676127	-0.0019428859664813334	
0.09112252645810055	0.01997271055700642	0.06357013825281986	0.033181498789625063	-0.035880068248100895	
0.012904543580934067	-0.11146494642877605	-0.03599792193162877	0.1347871956815274	-0.02890348859117487	
-0.05066286794841241	0.07178749871183142	0.04339295213839866	-0.014766504374425643	-0.07016835323710813	
-0.011673437789991463	0.03137017544398844	0.12650096929193638	-0.11623909273420063	-0.07690535281254558	
-0.14092456936491984	0.16391779641586499	-0.09938888743592975	-0.13212540590459315	-0.08668816864681621	
-0.09801906993130777	0.0720397871331688	-0.0863114695812508	-0.11209850763738921	0.013194130830748897	
-0.08900818175102623	0.15779838574229368	-0.07429991250755308	-0.1351913886806339	-0.18425334626676568	
0.19283388156275574	-0.06099598553800635	-0.00945568261607474	0.14427010838850934	0.09715537162191598	
0.22194573473305546	-0.2131399117450337	0.05468475618881126	-0.030028917968156765	0.10530762689208974	
-0.1280630993497085	0.05020937137906726	-0.000492341889548216	0.03605025261023671	0.02454312725358761	
-0.21497121812011755	0.28220437222622463	-0.22158759106797712	-0.04591656353298558	-0.16389221522027766	
-0.24196423306916576	0.13152308274433205	-0.24664661889673858	-0.15798261215994416	-0.1562601612936584	
-0.05999775956988045	-0.13197667778923172	0.05641091662858546	0.018078151527370374	0.06655434664807507	
-0.11041846614298868	0.12127406282469266	-0.1076170828635464	-0.06038164387223067	-0.02734634241216672	
-0.08307870199063609	0.0965490938554615	-0.1456455917532339	0.05141894360364549	-0.1256188097524818	
0.09531996328440233	-0.20645923835989258	0.0823306482661357	-0.026285420000057368	0.1783923586221759	
0.09748604656170501	0.057844518021486074	0.10833795334542354	-0.06066852102449653	-0.07115600458663149	
-0.12077921816651047	0.09979830300822659	0.03668444573713617	0.04835314900413301	-0.04386733325785715	
0.1434287699096092	-0.03092104806220217	0.05913502700967147	0.023643768313229806	0.02870406457289765	
-0.13647142052536093	0.1235093246063417	-0.11256306486091672	-0.07674484419667245	-0.0006279308768494744	
-0.10106576638469598	0.1442485506732358	-0.0655173143306778	-0.04192250176780929	-0.06106416503815423	
0.16076851258048183	-0.05446228478600756	0.057456868383075226	0.0787991779365473	0.16318562747395593	
-0.09091108894552506	0.024661560578922635	0.05989856204513527	-0.07136338442204812	0.02612598548766761	
-0.11329485297158652	0.17812228559414475	-0.08336478936611343	-0.03054148172650521	-0.07653179521144975	
-0.10550462370485032	0.07266850425877315	-0.18588054903305548	-0.06044194628618717	-0.1354974293661682	
0.04621370464898635	0.007931528666925173	0.05432296936726458	-0.0024837833324666725	0.054538723691901055	
0.13255494099387277	0.06346855149210275	0.11402429462194012	0.10865795863390527	-0.025754691371659175	
-0.08480366061420881	-0.06671253939288088	-0.05463491873032017	-0.03468299013220612	0.025664554934088236	
0.03103865301785203	-0.010483326115045283	-0.013672449785947435	0.13485140405171916	0.03436506463049448	
0.12909249685644564	-0.11261833319600904	-0.0009607293375215927	-0.010150610648702285	0.1166114201887407	
-0.14138871263917724	0.1986144373715358	-0.1881478174474662	-0.08177393623375681	-0.04059570483396817	
0.15094011135621843	-0.10047750723217484	0.1843931621776983	0.17117263892842224	0.1207649637637958	
-0.04692500263918384	-0.11239299762289669	-0.04462848809046134	0.05368676363214157	0.011734320274871264	
0.05724571390446532	-0.004102417193146532	0.06087039121664278	0.039840159401872965	0.022024416951814806	
-0.06862808204108292	0.10649108528909351	-0.10749783688703309	-0.07396847995188838	-0.07336522554135856	
0.19084574996914605	-0.11702060495879409	0.14971674206840638	0.08924744926204461	0.05049740361817247	
-0.1414426749149911	0.10910477550717085	-0.06507292114153658	0.014481942669075777	-0.12578657918402417	
-0.03446022125917978	-0.013207993000645832	0.05977558914849955	-0.05409837421068544	-0.09841904962853942	
-0.13523029431102215	0.09007181862496007	-0.05048251831642991	0.05320903564373657	-0.11225403818760026	
0.008459492747590537	-0.08291833482599932	0.16071850428617532	-0.09428214910906907	0.061420018473593935	
-0.07855758194436324	0.1607850114651866	-0.02474626598542565	-0.12370732661164412	-0.25309192046756473	
-0.11716628711516808	0.2011128168231799	-0.047395085971223945	-0.006276796817057499	-0.08426430618133213	
-0.016227396088928047	0.00039614194107223297	-0.021814437198490466	0.040519940377633346	-0.04406299198818693	
0.06561704810797385	-0.05942306625715289	0.052873013629502176	-0.03478382488108182	0.06521144906976041	
-0.0165835521465707	0.09522932664905606	-0.029243517361466517	-0.08663940899795247	-0.0007693580472101963	
0.037389503590357975	0.004636352164757627	0.10675118594642631	-0.05534764313519457	-0.05408763424034663	
-0.03351417824738978	-0.10507103186048007	0.010219617165616646	-0.10960491634755046	-0.07444499664498108	
-0.04327670089500491	0.12551744575472001	-0.14721089703683515	-0.055641085409514825	-0.10026031235467245	
0.19544874677087767	-0.06534258522274891	0.13330676482521692	-0.014605030941223352	0.1269612326678822	
-0.02415793567757936	0.04654808758001613	0.04490541780442062	0.0025952087733015564	-0.050986795858419344	
0.004874282691476375	-0.036224149830622776	-0.12530464774702388	-0.03937892272126737	-0.04422753969727601	
-0.12417061541208696	0.0905573897710236	-0.11931370453757859	0.04141717258867049	0.026467222961120914	
0.025974487966719223	-0.06679221286794153	0.15114757450024333	0.021639987567721737	0.053049447957539485	
-0.18495535324991053	0.17421125407883328	-0.029986567868409877	-0.1118083475481863	-0.07143560608265957	
0.02437842819938582	-0.09693709418178106	0.027709377418470064	0.06116253349628615	0.07731094266295485	
-0.14001944813627354	0.15970679273063532	-0.07912289317723638	-0.10646170382823959	-0.1280238548834243	
-0.03400380259261704	-0.06436901441917549	-0.04779326298591912	0.05458949274466147	-0.011934171789151144	
-0.13555617011980003	0.10117990910360644	-0.04221898458631948	-0.1559717453320364	-0.03244311324636484	
0.006317499979441897	-0.07525841145998127	-0.009105273501110473	0.08871337469262672	-0.00730497561684346	
-0.032323809334553935	0.16700259832589787	-0.09115115425381014	-0.0691328060953405	-0.15869376139387545	
-0.0017600444859137288	0.1504494939531295	-0.13233514471887026	0.008124260309375244	-0.20768212871227928	
-0.03903841182823774	0.1319493732697636	-0.10951119552181718	0.017695169036709302	-0.028139536879652358	
0.04038738899056789	-0.023175110071726564	-0.1277435221500602	0.08378773743802914	0.07364778094925688	
-0.09862210926028359	0.14424581339693712	-0.06574078514471257	0.010048001740774257	-0.08612726507762711	
-0.12067136642361205	0.2963282129086704	-0.13405113468082172	-0.19046402129188697	-0.18852888419471367	
-0.037228854186997375	0.051916686032705266	0.12743520103226422	-0.11186614139870237	-0.12536998719289458	
-0.046687194823953455	-0.019843317219977088	0.09025223549109203	0.05166455625177003	-0.01909710865148971	
-0.0382628270702979	-0.1027160558055012	0.07221303305000103	-0.03298576153308748	0.011984671980848417	
-0.12516721270781728	0.13281730874715503	-0.11972151633030816	-0.04650266057016847	0.004482271042554916	
-0.1921894317489985	0.08304958154538201	-0.17366554979095414	-0.006576566824671061	0.024249698785420666	
0.003500228678971871	-0.010525839135211603	-0.0010443044178280244	0.0902933727936061	-0.0021342163431200636	
-0.11066325814548414	0.198901317575737	-0.0702472973876525	-0.02220811734993293	-0.09985099121483051	
-0.03232581877407295	0.06326940708724242	-0.10277438422340611	0.03631981204687421	0.09899014973964688	
-0.06979635042712046	-0.0068403882379355335	0.015103950450884326	-0.05514408638156854	0.017012471023175896	
0.05525035440305241	-0.018190917381240932	0.07285095930494133	0.1529078330181483	-0.020394274251647103	
0.1259466057795814	-0.178679056250498	-0.016911259746484206	0.18038271458793215	-0.04963228489990374	
0.06815456982418162	0.17857216112217278	-0.028449791890687852	-0.16001909041573906	-0.0375282426652682	
-0.0444378945132941	0.050059508296248084	0.0332372948165277	-0.016822992421325154	-0.10614001802352767	
-0.009005188937511966	-0.0004720536857074698	-0.028447744553726437	-0.018534695272195315	-0.004983677007502626	
-0.0640501758877577	0.17756293136690107	-0.058239901389225184	-0.16079272339162026	-0.14843491658799926	
-0.154107179543921	0.15826823356162342	-0.047110347861181505	0.005317167038284088	-0.09859766314028537	
0.05100228793123487	0.0520852538367447	0.09222771243675779	0.008374420105111599	-0.0002656760615611695	
-0.20011232928817305	0.06362733516481639	-0.17965752698638976	-0.08071887211789618	-0.12902467375153143	
-0.12274760171241868	0.22196632306217415	-0.14142309746484208	-0.0022610131559835348	-0.07027364262662959	
-0.048325880343800885	0.09911012489829797	0.01580737361513727	-0.049621407631369914	0.029135532644568078	
-0.042515615992135304	0.023669111322312763	-0.06049575193440594	0.0311613428514676	-0.08775545907849142	
0.040727068817186324	0.08145193621540595	-0.02537073887787846	-0.12240110946299325	-0.032110127660194415	
0.2010597765206611	-0.23235656432934318	0.1316239735962275	0.21497577627999048	0.11865063895376574	
0.22166185017305687	-0.17726452920356942	0.17522197424092983	0.162986149961966	0.08147835063845936	
-0.11884423557906507	0.012429310092002857	0.07992775346156894	-0.006971894955792941	0.04122465820515466	
-0.0679563836143791	-0.016248186684273736	-0.06139752436466228	0.08087980635672026	0.03694040986892763	
0.08878807038158916	-0.11597788028045293	0.07671663393414639	-0.0020174553397436235	0.030030462596897928	
0.024740655584497624	-0.07786732120240557	-0.005530632928768384	0.08777401338801089	0.09821696505137287	
0.12749207668049495	-0.0768823875704579	0.05039993181021478	0.027723792529201638	0.10447465908467579	
0.0589580107139576	-0.04312575799534443	-0.008264425312699232	0.008271198877418022	-0.012593215661269315	
-0.06405277029036138	0.010271973452662916	-0.013598614234657804	0.06196613390944237	0.04560746700890909	
-0.1689097447964533	0.148729159457103	-0.24880893666991055	-0.0983156554881149	-0.18167133135572344	
0.0759873071066879	0.025701854707291097	0.031223498047433483	-0.11042374541229105	-0.010558878918538746	
0.16273263125669019	0.026727253423588792	0.11250208010494152	0.025176277367503164	0.10570662557794774	
-0.03450379418653643	0.024284807488826648	-0.03713264046604994	-0.03427159025960127	0.032615423780994315	
-0.1412943708576003	0.2886867186127744	-0.11307324747550834	-0.31630668856551947	-0.12527878348783025	
-0.12818580524681644	-0.017952369558454463	-0.04735295923143275	-0.06631751462539719	-0.007326234739720337	
0.014147743456721634	-0.15661149087893386	0.016073077602020338	0.14866325984591974	0.1364362408324208	
0.0659028524963058	-0.16640188990585045	0.12586133528437224	0.05275260593480246	0.14755608030705397	
-0.20280142393531753	0.24663275394395565	-0.2499848110346673	-0.163595952711915	-0.2277030706792204	
-0.1431410333027399	0.15010093175336414	-0.09014503655262447	-0.13565595439870737	-0.032753533188784045	
-0.021098488322781224	-0.007071741131567412	-0.018452970188726214	0.10386273016821863	-0.017503539767978582	
0.05072917939236474	-0.03492939322430934	-0.0019490081273225697	0.13519847595639098	0.11259602966506727	
-1.2792736460706473	1.8539767816138544	-1.1652825618529281	-1.0367281501887182	-1.19005434725242	
0.30920267382152106	
