TESTRUNID EPOCH: 99 L_PCC: 0.9021564053347797 L_ERR: 0.010501898211164392 T_PCC: 0.734912097318947 T_ERR: 0.025838796453934023
180 LAYER: 1
5 LAYER: 2
1 LAYER: 3
99 :ILEARN
0.06849883933024152	-0.04181019940128081	-0.026647019671107306	0.021795188806669977	0.016930663744875448	
-0.07954118184810392	-0.04103333705028674	-0.07495040394401285	0.057708767569542414	-0.008081438620691187	
-0.06876062615521007	0.14319500075589534	-0.17572054291682931	0.07867272989868752	-0.17816380982775792	
0.039081301866198515	0.006162544937808088	-0.020813993815263814	-0.012473322369196172	-0.09215498063679838	
-0.046940586854335845	0.22454721035508993	-0.15486537075817886	-0.03795440300830369	-0.03887980118617747	
0.11153540925999128	-0.11043773214943461	-0.10957545515461867	0.005390394384859316	0.05242966204913742	
-0.22472347544220764	0.23429001835890717	-0.12911738290307012	-0.07771673962175059	-0.16656191016544142	
0.03709004339312857	-0.06589393403471995	0.11605850205425201	0.02114208715910564	0.12057835813794118	
0.056707904254028774	0.1472929502482183	-0.18620826267614413	0.10588898562602551	-0.1427740199171388	
0.029771500514132545	0.006607192359552736	0.06591914911837711	-0.14147851585428095	-0.0027375129029347345	
-0.2806473215376906	0.2292323605702774	-0.18956452272810828	-0.2567600236687094	-0.17516516086982362	
0.010456836371218792	-0.13139541400271276	0.004259960474603838	0.1722767505682214	0.12950749490662186	
-0.3364569844384861	0.3409320895543193	-0.2529976169298211	-0.29194745858691035	-0.35583776210079027	
-0.26842752362200684	0.3552640876281918	-0.28138368238744266	-0.1446874716994724	-0.230931390341817	
0.0764658978168528	-0.05446175107716718	-0.11381231673525928	0.0791418768900225	-0.03692750252501369	
-0.10134363885080837	0.1400928541471703	-0.1111727598567608	0.06843520649987235	0.0034786987870236057	
0.024999485880594415	0.0800660970299842	-0.024277941062423904	-0.0711665137480629	-0.09453967829241612	
0.016195605780682576	0.07082796803933118	0.0036761703400239724	-0.034286213733529206	-0.05403904234280425	
-0.19343255013857397	0.2496681330004471	-0.16904127465337898	-0.07528198445665842	-0.12763539067769009	
0.019425853279060587	-0.004240364144648849	0.14174610069733062	-0.17664719809003934	0.11663031362881154	
-0.08726854580171223	0.09767351967940571	-0.008471321021584143	-0.07785853510407344	0.01169815989076115	
0.05299056762451267	-0.13346633418187662	0.10758611396366159	0.08686384649280422	0.12521154138333013	
-0.0090067538481075	-0.1606164302240674	0.14256050976143925	0.11093526154203713	-0.031498835752042126	
0.06874722221440661	-0.008159868326842219	0.10710657232026587	0.06741375990298158	-0.05989538467796778	
-0.1091532955221122	-0.04417181577875599	-0.13111478977675642	-0.03923038765403796	0.05003140742951222	
-0.0027292474687747904	0.016307882607883996	0.05330201119838875	-0.0792097593910049	-0.058003454592973326	
-0.009340460271245493	0.11584355255812993	-0.021236682642336923	-0.11768975319616601	0.027069298733806455	
-0.05564891305880155	0.04995504922578462	-0.035961306652661576	0.07975550332316782	0.03655432644366831	
-0.004378656176440596	-0.058410106383649116	-0.11068299996610781	-0.0805150058715353	-0.11182206469236727	
-0.02941117759858357	-0.08239018118507412	0.0826927384474583	0.08258534372099743	-0.04533377625050649	
0.04018419017488951	-0.029497574524479684	0.14034893473217835	0.09505879147785859	0.09019543299629003	
0.0320139224197805	-0.05108109685843335	-0.0037631951638096594	0.08471399406581616	0.04814237729961391	
0.03269358988007833	-0.07542513673900159	0.10251693537260594	0.17129676531000224	0.023775867110999174	
-0.050664134468064934	-0.11414156821357717	0.03765065698338219	0.09113594507824264	0.06382255618918663	
-0.4943628987058841	0.6255618261735877	-0.45040746044160895	-0.5606919966376049	-0.4785939010256123	
0.07882812526372261	-0.006398953756494891	-0.02255280039868415	-0.0470373551983033	0.0016386055336007842	
0.10635652811135957	-0.15495717454199212	0.13083760754594106	0.004755553342857692	0.03700265287610653	
0.046935040996244216	-0.02715429940565989	-0.0026137456846466274	0.012572182936775951	0.06421932349382349	
-0.03109459109029225	-0.09121075883047294	0.0553898167573371	0.08856901299673008	0.09683977667055896	
0.13230231675314938	-0.1176381911655848	-0.021166653923634652	0.09122086132795414	0.1357008297555187	
0.045480023885634616	0.08406618760570309	0.012568665043352209	-0.032789860659478344	-0.06097046817246796	
0.13051101705580065	-0.17741979421140103	0.14728708039309363	0.2561986671127205	0.2296001185611693	
-0.20464675325746526	0.30908264994386264	-0.2532384419941225	-0.19591983047290135	-0.2558159949117954	
-0.12013404693799404	0.0853344064342786	-0.03273149120048865	-0.009763965052160293	-0.19541574638297537	
-0.13465243873041863	0.05065169327170417	-0.13769163156938138	-0.012916641514023967	-0.11791629839898092	
0.0855337418538957	0.006653046502582099	0.07064603199462076	0.11005787780359975	0.09791296581852969	
-0.10910890373336479	0.17750924222210482	-0.0611460304551051	-0.09339978481132347	-0.09949441986608924	
-0.006120461642020226	-0.12917622102778878	-0.00021304846932189867	-0.05500652324100831	0.04271995689046032	
-0.06150993973252133	0.10387559917114991	-0.03378134562426717	-0.08930028758226201	0.03172455910971623	
-0.0711072661120023	0.1012237224938113	-0.14174652329495382	-0.07208090643746339	-0.05401412550977904	
-0.1038001235004412	0.18583582340278848	-0.045344309519487064	0.06565941590545649	-0.01616755926109992	
0.05799722356193065	0.017453069376320327	0.009105632798589674	-0.002297359188250258	0.020612619668904646	
-0.032126942853908	0.21425780843568434	-0.06568420777664458	-0.02726605746892197	-0.023371831499112854	
0.009767974903134842	-0.03350846412524759	0.005724915367360817	0.011151250883504443	-0.008846811676658177	
0.042864634023856416	-0.18926831206921824	0.1345578248757939	0.029488306942670073	0.19173064136940293	
-0.07585778337040638	0.07330480160023564	-0.12805951247864583	-0.11949013235963173	-0.03177111858885811	
0.09975086267305838	0.06659926333933869	0.10616949345170842	-0.027087045028773262	-0.03590112602084929	
0.006862324026708664	0.05143134157714326	-0.03810685695000939	0.013810656966375989	-0.02113541095678896	
0.006605554703091297	0.014474572450913147	-0.01539165743624603	-0.009075827149016925	-0.04374557004457793	
-0.17421718423829902	0.16073561709718312	-0.19909770836931925	-0.009908385923721586	-0.19193405212879408	
0.050225874007784214	0.10270591409557399	0.022242217718266056	-0.0021448978808994716	-0.07000013384160608	
-0.03142710512241851	0.03619697726324665	-0.08219538650073425	0.0058499671051552215	-0.05563893001778784	
-0.06633939744988122	0.22736058968855172	-0.23799792292307417	-0.13611946552376666	-0.13295005821763053	
-0.04881854144300917	0.07594235600311361	-0.16464410937025736	-0.03360400264097449	0.05521640261502546	
0.00998821618068812	-0.06575287041016242	-0.01904954517034175	-0.11365103243824698	0.026583865994004332	
-0.04026177284994892	-0.026016473672291263	-0.0392518337164926	-0.020742295123922876	0.0020504908793198386	
-0.07521059684074775	0.0581321432254777	-0.11767784682053126	-0.0011482532410150843	0.048008974046535265	
-0.18222609240797566	0.0833937756838851	-0.025611249185743586	0.023881457343678282	-0.03674162496625255	
0.039716861024475004	0.10514414623629752	-0.013285694477019014	0.11071351845658778	-0.06152902249750414	
-0.08355609772738067	0.20212559188073234	-0.07018968289346142	-0.05430066760476045	-0.26275708191754643	
0.14943521082992087	-0.05795154540017734	0.09101520849450714	-0.03758421145213116	0.07526733668106406	
-0.1599868932563513	0.2724717170723664	-0.18551076740015374	-0.051052328677557185	-0.04526241448261877	
-0.02326351209798807	-0.08604765964619848	0.11946301825843426	-0.011281548587017739	0.08713717207261279	
0.0527944713735349	0.06547380176479133	0.057551575599645154	0.00497139645552352	-0.061071062663333266	
-0.05570053694609618	-0.02551151052915299	-0.12178304725717995	0.06884417849448755	-0.14925309575879694	
0.00879652308667718	-0.0058474717148396605	0.10294053622512833	0.0479456725447912	0.03808868249970276	
0.006920743591104895	-0.009721810827885662	0.18213972990024266	-0.07819758125916755	-0.011524131121050746	
-0.14653999455689187	0.19326049453573513	-0.12216115358766602	-0.16699791540856498	-0.11266424611015467	
-0.18790120954984077	0.2264750982847598	-0.18363997436244475	-0.1825736627802322	-0.09746275076279522	
-0.03300065812471387	0.11956201701442015	-0.02033467693908987	-0.11310212955932314	-0.13756599585243284	
0.15159503052229445	-0.055561332227016716	-0.02934905608038685	0.11838242324991274	0.07377258787511531	
0.17405438685809713	-0.15956680870020074	0.05628981925100988	-0.03890927823187578	0.07602291916402094	
-0.07824068784048992	0.02820802634887889	0.046439180681586	0.08108411351911206	0.08204219447725081	
-0.10942384952632313	0.23788838809562599	-0.12174874468380206	0.0018596603454169352	-0.07377272280031685	
-0.1736839179880907	0.10863507411612026	-0.22859524841505396	-0.15827379383200313	-0.14694287686463536	
-0.12522020754646768	-0.017876320880394363	-0.0018399306006001916	-0.05738494700333466	-0.019611293017815192	
-0.0012414389781934606	0.059346175457858974	0.009967063113837134	-0.016658599762475555	0.06655741796411055	
-0.09924703046762168	0.11228434418251483	-0.19101934801253098	0.037771076359415755	-0.14522226662475063	
0.03272235689089541	-0.11339776686326115	0.009229366705759868	-0.07516442622629711	0.10766866334002764	
8.579496031758145e-05	0.12820817746356372	-0.03225905860563318	-0.11701103984025056	-0.14814739712537295	
-0.1500438531974879	0.12387684260927351	-0.012548514038020259	0.009004920940687692	-0.11012290368098321	
0.08687453495891961	0.038794450661541115	0.04622091922508969	-0.014482397534894236	-0.016112450604297408	
-0.21533766722108635	0.21108133347352045	-0.23912943847916965	-0.1529558032690663	-0.11255797711772614	
-0.05052796255879352	0.08133686522891616	-0.05168568919172287	-0.0055952144199124774	-0.02728329974508586	
0.09834919587099529	-0.012151852335592055	0.02276631306054298	-0.008341410293013002	0.11634726896799341	
-0.13346688551245572	0.08471362617007146	0.03420955496498733	-0.11851811541051421	-0.019080787486766025	
-0.1512185363833612	0.243556501283921	-0.12217055288297206	-0.07272312226457105	-0.11991749248973571	
-0.004698667438546689	-0.039640759810773585	-0.13350970307950677	0.0060514902348612135	-0.060962369469474836	
0.08081543092229203	-0.05850748409133051	0.06252559665660037	0.03409769686199626	0.08543115742629702	
0.056928926068356395	0.10067815208370083	0.007151214414366266	0.07270361792982273	-0.07157416191432095	
0.017821013910598878	-0.22478403695680488	0.04256943139735821	0.0690264696886313	0.13163593808379875	
0.06108162209544525	-0.037695308999733924	0.010018725182955676	0.14116311291412711	0.028177603369879116	
0.026524055255364228	0.02101898085696228	-0.08757928928737668	-0.09414615622950802	0.033331207805668284	
-0.17366413975887537	0.3271013583329201	-0.2676343903837187	-0.16464577172000597	-0.08258673733816432	
0.13017970886847913	-0.1020438445539354	0.16794254665572253	0.16344945058014726	0.09710963166801828	
-0.03622728629380916	-0.1138763149789032	-0.04590590610726867	0.0864322846281289	0.01002086441685439	
0.04048033214034938	0.09412993227364368	0.017950769635019827	-0.013980228656758884	-0.008470193080924344	
-0.02254723660982818	0.05541783816403311	-0.08538411446421491	-0.039855418500760305	-0.05804157060395028	
0.1739798346032404	-0.1245285057187075	0.18069862729724315	0.1191589293123194	0.052629712443210144	
-0.15010733074471175	0.0594541218226267	-0.08401537891121894	0.03827246059275836	-0.09750087560279956	
-0.11192335967853016	0.04928592984592291	-0.037035538786127274	-0.08179976920879815	-0.14091009719564318	
-0.08569110932317654	0.06265050631880574	-0.04827094320859097	0.06589521491575412	-0.099566371650409	
-0.07874514072680294	-0.048711228235583735	0.06639620120837003	-0.08502876234544596	0.037001010430073505	
-0.12206410507003086	0.2514448392354684	-0.06174119468353845	-0.1851892191298398	-0.3223739883075019	
-0.03180488806861125	0.13612576878173854	-0.012595551437261753	0.0341732503161437	-0.02702419023264746	
0.038896421386926935	-0.07614843736914001	0.0074891529540620375	0.07755265415708533	-0.006529436740657197	
0.08433449004122048	-0.1018407251224328	0.055956665713398794	-0.024723497752422094	0.07333373397665956	
0.01688496067263217	0.035282531429809014	0.03242437443591037	-0.06036357952119853	0.025607929648768686	
0.07145056476379752	-0.07493202289769821	0.19280962555529466	-0.0054009697581978025	-0.039295087700807266	
-0.004688008422646865	-0.2162920922730639	0.045033394841008635	-0.05549737974078611	-0.012678730352725116	
-0.0722700638040148	0.19897801043988128	-0.19812527183836826	-0.10456154695377992	-0.17677389315165906	
0.17791033104476778	-0.07088426266172576	0.15104509047525658	-0.06374460739952727	0.135697011622374	
-0.03359091485935539	0.08616903981499047	0.05401685114640253	-0.009660398292998916	-0.08994163998533244	
0.006108851668615929	0.013251368670989031	-0.11506403170041243	-0.10713570669770696	-0.09130894926923372	
-0.10360184351588106	0.05156485682759424	-0.1339019006573623	0.06821667688648009	0.038239847165645206	
-0.014720361331684535	0.020152810757550356	0.1791279035316848	-0.0999152673252578	0.03581573105382564	
-0.15344639558431405	0.21108035919678467	-0.009453755446975163	-0.1958926952654644	-0.07260520116739233	
-0.10101609847363961	0.05194934775301166	-0.05503490079321054	-0.0023695557684695425	-0.0970315078842691	
-0.08620674405082782	0.1383780554707647	-0.020058622079653258	-0.0740292349868897	-0.05172747969706194	
-0.0371768052634592	-0.09360156144277319	-0.0820595682102677	0.10460914997109247	0.02552810201703625	
-0.13936026283825484	0.10099039587289295	-0.0922627183621303	-0.13280631581107	0.006042562804648442	
-0.043260615300231293	0.0022317782289163145	-0.03152131776022434	-0.004601058256870181	-0.06204838350714675	
-0.11433792721010864	0.2619838290170998	-0.21545640198357655	-0.08946865250298372	-0.17812586957124338	
-0.07322933363523945	0.23650172820382287	-0.2637960744897373	-0.01437467582061923	-0.23370395542007213	
-0.02573244366575312	0.1720819478661658	-0.13680608291905422	-0.02416520174321066	-0.07595134224334238	
-0.06045124245419013	0.14286400365442212	-0.230617982315992	-0.02244711374940334	-0.07582042297797674	
-0.12000831062685145	0.20496402008143433	-0.1287552980222804	-0.023880358725264568	-0.15466218130089318	
-0.10273545845289975	0.29373652545518486	-0.16648495118635182	-0.22419125353775624	-0.1589415005008878	
-0.17708085691992692	0.20875268674824018	-0.037227355929037774	-0.20844245033517006	-0.19455458963966607	
-0.02274871383060723	-0.07968160801295256	0.08111091011123248	0.1035126896273876	0.028080828168352726	
-0.02062718683461679	-0.173981455727805	0.11068985091044832	-0.02846922432557753	0.054467058343253695	
-0.017637944062837654	0.06006887506376179	-0.041477386834595356	0.006673932315709663	0.07741298603812397	
-0.16656185500400045	0.06853239881058058	-0.19476901932827548	0.024136636196530187	0.016692387330849084	
-0.052919324903866916	0.07162957850108224	-0.053910403943697595	0.07167698511956934	-0.11931175910917591	
-0.06734037820966023	0.13659981940491395	-0.05126115118693964	-0.016248685950800732	-0.051264374278147395	
0.03377650812043094	0.00383407608324146	-0.03909684165187667	0.07716174593220541	0.13370013492103947	
0.00265807717198546	-0.07498954999773991	0.08591039279679342	-0.009861191714889138	0.047467771286942476	
0.03413422883090948	0.008781383148528672	0.05257052292120367	0.14440196373102518	-0.05875070453406263	
0.07427160935709538	-0.07321747745679025	-0.061434800619569414	0.12739474009714197	-0.14219201360619566	
0.03622264201534165	0.1712114555648817	-0.10000300900056736	-0.17756026204744751	-0.0036770775153702998	
-0.0305925042837589	0.04096331910567766	0.005353519135692255	-0.02376750729286719	-0.056503587479333116	
0.0532489160316761	-0.023914948263028632	0.013806859921751517	0.010213359335799414	0.02597023934168662	
-0.04973531130012322	0.15428655967180316	-0.07227686775164073	-0.16410745434545737	-0.09544912665832582	
-0.13194529493188673	0.13696234508235033	-0.044891540810066466	0.019960693962905993	-0.0577826742789146	
-0.0013119461393808864	0.1083238594562695	0.10589455105489942	-0.06754209315481244	-0.07879474942666322	
-0.13016439588283024	-0.0022294500220229304	-0.130341738442269	-0.058769886715285394	-0.09659621502878221	
-0.02784779030944885	0.09904346981569205	-0.058300152290668886	0.0417692620407927	0.02255356783786307	
0.00953176399421191	0.020645871933023432	0.07169791967791038	-0.0064283200962199135	0.09186635435354247	
-0.03014021007268827	-0.003178946821919478	-0.0486928699654407	0.049612084695319816	-0.07874867274997345	
0.07072409816997473	-0.015300646304205717	-0.02367933387940602	-0.10427246063705992	0.056939943360586234	
0.2432239989091286	-0.3035619661956333	0.2024951948361211	0.2549794251432145	0.1613359255656267	
0.23711339191409803	-0.2194159870156829	0.22622579935066292	0.16967265890388883	0.10161418335177563	
-0.12028007212288712	0.05477304141362239	0.06801852772266757	-0.04099404235422667	0.013679798069345021	
-0.06121559521662395	-0.005849579930699366	-0.06594778910775533	0.06856616037203192	0.03191496045197939	
0.12422042962547998	-0.1878753512390922	0.1142223650557224	0.030765956764497508	0.07405720404819202	
0.026814859439882426	-0.0763025425047747	0.008411371893395164	0.06956317145556905	0.10171866581849186	
0.16206240706924768	-0.14839321168057568	0.1132793205122129	0.052220997312877576	0.14761699857517288	
0.0809136601992804	-0.060107390068296226	0.009250854552902036	0.005135831138844208	-0.004688216275610742	
-0.07413079298407649	0.03692945905166208	-0.00762552627664803	0.021137708524380596	0.018682793811404176	
-0.20160590489036026	0.2522486060366131	-0.35364160966633146	-0.1373761127918919	-0.2355167905815786	
0.08839308609001387	-0.052597888546193565	0.017301657468252966	-0.07130867956767455	0.054611491589371855	
0.18753183404926763	0.012201424838864315	0.14581044872953722	0.03383042902337105	0.1232745119989523	
-0.044861569493053095	0.03547609696404646	-0.07658413024072869	-0.06910575096271408	0.03623509481175822	
-0.1548453421351567	0.30828404941492343	-0.14944763297590072	-0.33799331622925416	-0.15569034995556744	
-0.11763130673208047	0.0019024213454428025	-0.05407641968904	-0.0822631425448498	-0.019319024030562546	
0.04275527030079837	-0.20809279849836623	0.07035071798802574	0.1685462262590065	0.16629398519311156	
0.07487263306602908	-0.19834537118838208	0.14903613827207574	0.06844117206513944	0.16917486230360557	
-0.2619381325023187	0.3550873851830677	-0.3031916468204541	-0.24467982082394363	-0.3115337547926713	
-0.2155599071142616	0.28770470819991634	-0.1438868418087381	-0.2298858858967543	-0.14243660147466966	
-0.0382254438069386	0.03684083579721792	-0.058676525039548316	0.09520972590037466	-0.040680597127216854	
0.039082807209056165	-0.03937668193033191	0.0247538295501411	0.15362049370236971	0.11794075693121871	
-1.2268917305401146	2.095225705411967	-1.4383691478527671	-1.1781076229872247	-1.2793349117298782	
0.34247071223046377	
