TESTRUNID EPOCH: 31 L_PCC: 0.8100837805036679 L_ERR: 0.02049200526334562 T_PCC: 0.6292750351712121 T_ERR: 0.033697221156909284
180 LAYER: 1
5 LAYER: 2
1 LAYER: 3
31 :ILEARN
0.013408788938739693	0.025387923751573768	-0.07235208504669478	-0.017692689231420988	-0.04704009158886466	
-0.04432098605039035	-0.10572976310793232	0.010274097485534667	0.023359726952856343	0.04696361012215061	
-0.025244304843638054	0.061579817994229985	-0.07183232467868342	0.06437932410073205	-0.1047514950425882	
0.09229752752439815	-0.07559626699385445	0.07825183596012443	-0.0034928118844201102	-0.0009040589693377288	
0.036980495379010825	0.1294326510656863	-0.06879102543594608	0.011766656125820178	0.03791181293776267	
0.1143842459930123	-0.12881094108168742	-0.06261106712769227	-0.02198266909936473	0.11527769899061367	
-0.10674840522137369	0.03293449770845963	0.05377548604922084	-0.02348551609588052	-0.0006891048202902861	
0.005519079043028464	-0.009637171015752979	0.1113220819268991	-0.0480098416572122	0.09268558842034337	
0.09156924263948064	0.05736208454093977	-0.051457318697627166	0.06145600555150792	-0.07993303454812759	
-0.050643328902185356	0.14301510881865268	-0.10139518209493349	-0.1086289894993606	-0.1352298571026893	
-0.20268777661655255	0.15922686241228048	-0.19516472314546277	-0.1663354130650182	-0.1299301058680991	
-0.04383855870992453	-0.03641575717934792	-0.022574163020166963	0.06940834684144158	0.09035341719298472	
-0.21274916487868561	0.1412768811689511	-0.13743817564288846	-0.17373671741266739	-0.24835371055527122	
-0.1428211572754831	0.19636163188261568	-0.15969904101547436	-0.06299967220821355	-0.14465327366755312	
0.0897860570300608	-0.07121582373756015	-0.06946763547989487	0.06898674130817582	-0.020070670892329036	
-0.03698624660467519	0.05760077031136171	0.005316692432827778	0.08157754358931012	0.0795249164058868	
0.059805630023605165	0.056341277335237645	0.02696121298467897	-0.056204229655371675	-0.07029274720687585	
-0.03782067056356597	0.10801774363590369	-0.04010042905357013	-0.06846538564652967	-0.10170573135506229	
-0.13629605335172545	0.1509196121831193	-0.07114256409925127	-0.04091785026619691	-0.07894419670454236	
-0.06259460976852282	0.11580863978468256	-0.008705093428358868	-0.13756498656725955	-0.009074505767652548	
-0.05619204919762426	0.0340728181553129	0.04742495001617769	-0.055567601846107754	0.0491205912874131	
0.035071913385482406	-0.10556818528580841	0.09179696804920846	0.05330970040954067	0.09944679682635611	
-0.07219191064611245	-0.06754477046385571	0.07450548841107228	0.036108504625988885	-0.10296313815574076	
0.0037798857423896968	0.09739382270320628	0.026195106326903257	-0.004936965622153986	-0.13501316347355885	
-0.06284617352517295	-0.11853070651942245	-0.062390533242132284	-0.012714321067101426	0.09710536003913058	
-0.0003612357337545953	0.015365467939853942	0.0556345445791891	-0.08077115863914731	-0.05821317954778416	
-0.017195368278831346	0.12997182113769545	-0.03187039003411291	-0.13157454960804071	0.014568496853848005	
-0.10673247654389288	0.12505960387804246	-0.09110991163088422	0.015382478468800767	-0.021831773063161856	
-0.008162258973865393	-0.048528002143906776	-0.11599779660404558	-0.0945994201905829	-0.12184479810161779	
0.015943153429115852	-0.14483014175674702	0.14974227792605166	0.11450986229336631	0.004927008178656486	
0.05719882248478371	-0.05034067649110381	0.17637896354683275	0.0981508111950337	0.10722712169703293	
0.022599797530048264	-0.03640971312883913	-0.017757745897540728	0.06826985864455215	0.032605250006843535	
0.061923299907614644	-0.11730039670508441	0.15190767373595696	0.19094978686783667	0.056028090906733344	
-0.022119734084162776	-0.1488789690115865	0.07935611165756606	0.10184431348959129	0.08873796052659709	
-0.38759619234599024	0.46875628861525115	-0.3857855745836909	-0.4132296325688363	-0.3659262584234716	
0.035525771616574456	0.04560804284672842	-0.06415865806190107	-0.09848269010412167	-0.046393668344434424	
0.044840787350460154	-0.07930632045642429	0.07190927333698169	-0.06343566702936873	-0.028970382320885925	
0.07415173049592656	-0.060526515766671056	0.03492539338734063	0.020293729941999825	0.08666634079689053	
-0.009371850771603536	-0.11693840550850274	0.0867589515372534	0.09623530970163173	0.11588627885198359	
0.17383455836052605	-0.17994938850324976	0.045786973977896266	0.11837709724768801	0.1832027953050854	
0.015011639023014523	0.10084545668842634	0.008447114898677483	-0.05188212811739165	-0.10153144854044045	
0.05966081947861218	-0.06996211550200025	0.07338047921734434	0.16545034610668533	0.15192291833910623	
-0.09804655572911969	0.17078949262760798	-0.14294195253090664	-0.12386422690040212	-0.14456423091375167	
0.02356638034935084	-0.12587553833615525	0.12149321172511111	0.1149488614483375	-0.07019038426818855	
-0.12361123346300464	0.04447751580208387	-0.14625922609663838	-0.004367396063397436	-0.10432524864999548	
0.11466239558794115	-0.02056955861774788	0.10782915244816911	0.11238088860211434	0.11372483057095917	
0.038369811128959395	-0.04482254011153984	0.11110874944783415	0.02048408660819534	0.046223151668767656	
-0.09409141015324571	0.02690631998550609	-0.08699116153413669	-0.11185785637126909	-0.05860911744161397	
-0.02956888095523088	0.06167277434772281	0.02419195748970717	-0.03992326773341041	0.0723076905949849	
-0.010625900007261612	-0.0195015274127963	-0.07150478548566647	-0.033128450234798	0.024601360596702773	
-0.07615104373417789	0.09933929456236643	-0.021329815484267874	0.08618128216947228	0.02423766018773805	
0.07856157548520629	-0.01003761153421515	0.03854926629402145	-0.013067205417857768	0.034695535950256914	
0.04127576882880453	0.10412559042475315	0.02603819321670714	0.00726683807491924	0.04902013612767948	
-0.012367509608850613	0.014752383038283851	-0.0034569201811015127	-0.015227373386484026	-0.001304274469306624	
-0.045640981002998834	-0.010610127430464956	0.00403490066198405	-0.028490429517242757	0.06664354341093895	
-0.028975458686876437	0.0008158730217031468	-0.07574653658154994	-0.08004811109033023	0.0022547612517918197	
0.036725670599169646	0.12059668721306357	-0.01013438006661688	-0.07896373788136536	-0.09058907672213562	
0.011973989237823921	0.07872104348763588	-0.02073185323674303	-0.04578133653726272	-0.021959547635854365	
-0.006394438529798376	0.062475134527448926	-0.007961730749065359	-0.02038031444507916	-0.03957027377095374	
-0.12436537518419369	0.046080957269801895	-0.14155700084840991	0.02532105581825652	-0.12564309550823827	
0.05961911509679676	0.08118689264918744	0.03181236125919617	0.00721169068266688	-0.07300016015220186	
0.014943835250121905	-0.03617376940843112	-0.026550967760045067	0.03579432783491149	-0.017809346629756185	
0.0115888009875387	0.1441938520890854	-0.12035748088951366	-0.13282480635462043	-0.11555630602599194	
-0.0604607208387146	0.11255466296987736	-0.12924442735642894	-0.10769963788415396	0.009720834039318199	
-0.048203991135844344	0.042192043296202054	-0.09490996696690243	-0.11261375639491214	-0.04250496612515706	
-0.040192246520776485	-0.017523256920033127	-0.019553654903459648	-0.03327298955094417	-0.010648808311099645	
-0.11144315132488679	0.11141623456366824	-0.11064900370699127	-0.053831256411283196	-0.0018457180029979295	
-0.13683258236766457	0.01886943896763979	0.026527356018939012	0.03234671571181247	-0.02881170849204179	
0.0806601920445898	0.08014278146909393	0.0700189851329304	0.08604760952889282	-0.06198702339911353	
0.010671930385166317	0.06906076999644076	-0.0028287034341614534	0.039258322952980054	-0.1258528420652324	
0.057595531866060874	0.05125939233984244	-0.04635988358352188	-0.049057850860180316	0.016610150346234774	
-0.05305892597275203	0.10117692379800547	-0.03662537713513871	0.027656397825970395	0.0691047826857473	
-0.049554013134472046	-0.05285654544761142	0.06845963682091606	-0.0024295787048925683	0.07877285274485299	
0.054674017916147566	0.07716221371025998	0.03043913689830005	0.02726610876673505	-0.05672591765627492	
-0.005928599146560648	-0.11911927223832251	-0.057466796256280185	0.07165719388525829	-0.08439996760464931	
-0.0679626917951155	0.11716442711469836	-0.01145741232450077	-0.005458061132795165	-0.09297187524759533	
-0.03502611388360578	0.04028401216457076	0.07038561481223483	-0.0861971237566528	-0.07175063765207794	
-0.08846726184697237	0.11265539545488852	-0.06542744045959117	-0.13013091585762232	-0.057391919139532364	
-0.040844288379972046	0.04928790376682704	-0.031752292889202095	-0.0824177836599103	0.03536236328093073	
0.04815729956291804	0.006733927377335242	0.022334753632333487	-0.024204370624401703	-0.025664635039854066	
0.1218374310730035	0.025170597254593814	-0.058461910830364984	0.07788980422514587	0.02063594577330569	
0.12543223670589532	-0.09475944665306049	-0.012656816790477136	-0.045513947689926455	0.027482641290704986	
-0.08415090916486243	0.043828132841500896	0.043221281032085335	0.03137937759047841	0.036697773003358164	
-0.09194148396960719	0.16367066914597866	-0.11026803725849343	-0.009849887593424813	-0.06513635143461093	
-0.16268701444853992	0.04732184225204744	-0.19540351920680815	-0.16543607099933666	-0.116904453938273	
-0.10428378839949987	-0.055152186679809756	0.011835903887630301	-0.044351664923119156	0.01303230945661484	
-0.032410924340828706	0.029801654889169714	-0.039541683120543805	-0.02799094752202356	0.03291964119710914	
-0.019926531817171203	0.0840710727039852	-0.10296803313791482	0.05677926253308132	-0.09369980284327373	
0.028406227628850537	-0.10644065594471581	0.0028039741801437422	-0.08788822390470152	0.09529151355076532	
0.07926848727767946	0.05340570944659218	0.0835836703266766	-0.07580319261976937	-0.07245927144997831	
-0.1071614124059164	0.06990906521028435	0.023293928663947132	0.04756398676066899	-0.015160596290248659	
0.07670411858454866	0.050798538827169684	0.017512526735240366	-0.013357149831522848	-0.030892062392113277	
-0.11322467818402245	0.0957175621883062	-0.11849200144867077	-0.08650009892036535	0.018100630751908965	
-0.06636381136022862	0.11607755464792886	-0.07267760700634396	-0.01766633415882796	-0.055862991841184005	
0.13526578143264906	-0.07369073489364815	0.05065257311565273	0.055695975899064394	0.1385420071028922	
-0.09934331358611385	0.05311175440288797	0.06585151782877528	-0.09724709919890964	-0.008836329510893524	
-0.03880192036556247	0.0817966023715325	0.001312949047451393	0.028470327583367868	-0.021812764477771404	
-0.03375260348406601	0.02216044206927546	-0.15992376410514633	-0.04652329548327904	-0.10460911986897928	
0.0017666603636823793	0.07306879317011412	-0.011217193326127747	-0.04370842972716934	-0.015585357778422433	
0.09759949298332564	0.0684619768128342	0.08554118186312408	0.09399636814183006	-0.04183563708777771	
-0.05980357986683099	-0.0810214441343549	-0.011784066787282789	-0.040575527816198914	0.03775842736234011	
0.013871539665574716	0.032014628633268274	-0.024464116298859976	0.07207236498883057	-0.02540133147606495	
0.022002538824885853	-0.011205707708801685	-0.08374668187859392	-0.056013871300315585	0.03417926340541838	
-0.04246782370267064	0.08165089338925202	-0.12036630141810563	-0.034932782209151775	0.04151913456707492	
0.04219255530900655	0.04656961565185442	0.07075784753660457	0.060488342583832774	-0.006694755461478255	
-0.04363405315328024	-0.11476163781822574	-0.03445285342143026	0.03256737155518591	0.006499355035974576	
0.08876103156408097	-0.03553422080159708	0.08108320293012074	0.03569138459447226	0.04140218829463929	
-0.012642487456601442	0.0759484244911669	-0.045121514635000096	-0.11226386024773075	-0.0700448187439858	
0.03521421085293952	0.0197713612744898	0.028559718567750875	0.015754677008568085	-0.04844022211511906	
-0.07211843620566402	0.020383629901905596	-0.010423371388863787	0.11563051484167632	-0.0328022057591342	
-0.054827675936409664	0.024319704932231807	0.01442517173241398	-0.035091812800893595	-0.10364725317512494	
-0.013667646633024602	-0.018584768365478118	0.06808278586169213	0.07817440586439268	-0.05385325057237552	
-0.060121861406087766	-0.029598384174493952	0.09444866355159903	-0.07412169176898467	0.05746844821404692	
-0.045185342112967805	0.07674583394296901	-0.025282845412048154	-0.0632015560348546	-0.18490848902006357	
-0.033270092704217824	0.11821517539654036	0.027348768650103494	-0.0007404906210519155	-0.016595673931694966	
-0.012687447865381635	-0.0034625956121699247	-0.01780087735720046	0.005233558644634985	-0.06453598354146918	
0.03196933082840909	-0.010678606709155011	0.008657297576270016	-0.08625885665661771	0.00988548811166598	
-0.04708828008482714	0.1057370925617289	-0.07798209907615393	-0.09517733855371302	0.0037157104034231388	
-0.04336952379194256	0.05378895610648075	0.03500146591079183	-0.0693967623518115	-0.06848135611901202	
-0.02486428925265055	-0.11408877576930532	0.01566424902757628	-0.06562097601694865	-0.04509062414293826	
0.027526611811445213	0.06216786568470241	-0.08506803813539739	-0.050052861033296765	-0.058993370769742155	
0.10535555053725519	0.01893609461701951	0.02863773539459969	-0.02365134258709525	0.07353279997427876	
-0.04432911700926083	0.10656282304400529	0.008237915012465674	-0.037727293955681744	-0.09882791263821825	
0.07913015060702168	-0.06708279667696967	-0.08301598853776423	-0.027723262092739797	-0.027063426738299992	
-0.09152120063263693	0.07660692438675026	-0.08312212209059432	0.011297909721297322	0.025154876282902257	
-0.07519483613235178	0.046477568107382336	0.014606961623131728	0.0015243923204217916	-0.00987676784655486	
-0.06289380752254609	0.07576597764339256	0.05097040661545947	-0.046188617885417824	0.020943976450541114	
-0.08188123609714316	0.05328296639042785	-0.0637627114752627	-0.01907406156426666	-0.030874701915170947	
-0.15525872774348673	0.16797912709872334	-0.12614201873845288	-0.08626353852009279	-0.10264310744443761	
-0.06320028316825865	-0.04708075141390826	-0.0660822821918463	0.01616752931737915	-0.04000034557357786	
-0.046487886759419436	-0.02922957235517476	0.036598515680128535	-0.10333294734013779	0.05976801518299311	
-0.0503690442024955	-0.00334920745555507	-0.08174306840473954	0.07069143653740972	-0.05446291019607409	
-0.04055528905251481	0.13253477434219876	-0.12199827562074182	-0.04652279211089709	-0.1240514357466302	
0.011906460971108146	0.10439442658829644	-0.11590344197981182	0.0270148837782997	-0.16096531034430148	
0.08154947604021641	-0.0007097735968651583	-0.018017346284890556	0.06913359674619463	0.05483682473248185	
0.07548337878182979	-0.03940282715472784	-0.113312258361168	0.07517293317767137	0.06605656732135509	
0.02778841325432105	0.01820688495879624	0.03095106136854836	0.04603346574239789	-0.02870830879601486	
-0.09439106528305374	0.2334169536708167	-0.15630608512253755	-0.1643142639706715	-0.13545518772560786	
-0.16824772599467394	0.14666841179955098	-0.011854201398511871	-0.1323737508466833	-0.16972826492067541	
-0.04264491804913538	-0.03526694446190426	0.10136555161343266	0.028511290699812605	-0.027610167743515563	
-0.1311076860669225	0.027110718407244	-0.04933591140008089	-0.10053096043777071	-0.08483605201290027	
-0.03419371916113981	0.07687431015726888	-0.036833596084674736	-0.03741058749870163	0.030814827082373254	
-0.058992150922537186	-0.02537867740859709	-0.03438853393590934	0.03457447583907468	0.09634657648440433	
0.01521876288861243	0.017840907650581172	0.018384267345241838	0.06286572324856475	-0.027775217559655327	
-0.0570600748469992	0.14082711383765892	-0.03535609227284298	0.0003828856782315904	-0.06191099356314926	
-0.009856149022899203	0.07154207398570923	-0.09181211539282633	0.018841951993580953	0.09075283865595564	
-0.0012041867689376695	-0.0626782751107667	0.06677657409359145	-0.0466856101488058	0.04739269979653133	
0.003891225483534516	0.08875599055836968	0.016750267420368708	0.07215092243281027	-0.10340334410747334	
0.1115961463792554	-0.10412704291059624	-0.010971868574464676	0.11705339170755898	-0.07324849867600508	
0.015877153427294444	0.15638933682252248	-0.08259644745535326	-0.12060434817598442	-0.028219815474913527	
-0.040506922235588216	-0.002717620362837213	0.029805812996243738	0.02404078075446118	-0.06964040110481798	
0.03259678247182017	0.011445261845575733	-0.0052328607883625235	-0.04089322005884849	-0.020026429681386047	
-0.10470420662264891	0.1698877043269328	-0.09753923947165834	-0.13734680664964596	-0.14250308524425087	
-0.11311891348618903	0.08482594691500915	-0.00197953697399574	0.03403800836073775	-0.037508432652325036	
0.06735593440635314	0.029519303903124353	0.06317454008619831	-0.0011192085655690855	0.03283483126718501	
-0.1035218841662117	-0.0019909101427263917	-0.11121694260353661	-0.05657838375481849	-0.08516623598527996	
-0.057263441679798126	0.14116438092515407	-0.08731345945432056	0.04495504565679377	-0.018887954042891623	
-0.057349586232370846	0.12601749462330852	-0.009665341729548551	-0.07997714939955902	0.007814624212327146	
-0.027984921557270368	0.0024012618899460925	-0.03480549825086421	0.02975997177999864	-0.06812004569931293	
0.013144559729847816	0.03737241046206965	-0.060074700909700456	-0.07349898312963303	-0.014104617643840509	
0.15515027484759417	-0.15513667845277793	0.10524427774150072	0.1732030609556206	0.07586731184502174	
0.17625195166767146	-0.1387640061283889	0.12900043902047864	0.1388207725010052	0.042926262651303414	
-0.07555227532317901	-0.026496943871213458	0.10558858840369349	-0.0037584387171971565	0.06996764820603354	
-0.03865054975401371	-0.047855260605970805	-0.04777772706813456	0.07608055786121934	0.05724639937066197	
0.051298759973338555	-0.05979864851373698	0.04295878090997181	-0.03798233040042551	-0.009846180382879061	
0.022335235128038002	-0.07458816078026966	-0.028398898921126754	0.08106006797918497	0.09254007715218744	
0.08505140185313285	-0.03274490072183332	0.004196680778825378	-0.00013017722756652285	0.06562657106660758	
0.09156116553554693	-0.07363091633830791	0.007218117139501927	0.008751773292976595	0.008317601912718624	
-0.06312253009965119	-0.02537224097293573	-0.04933079652926428	0.068491996925603	0.05252639212918935	
-0.10154233648789426	0.12153180817961422	-0.18339279088120602	-0.09099006425310703	-0.13968512675025987	
0.05107211822888619	0.04729751905448577	0.0005891969287183511	-0.10356132002294578	-0.026847417489897257	
0.18425706000033368	0.004303435356734712	0.13152260683027708	0.03031284208222764	0.1224519363389288	
-0.020153962763102194	0.0301522933034958	-0.05516520170204299	-0.020027529113625923	0.03374865404136338	
-0.08599667722738798	0.1681891155366621	-0.08671070245310367	-0.251691405047689	-0.06451977238996061	
-0.0818620027671555	-0.055643566662673005	-0.014684570150819498	-0.06543105677702801	0.022493114269384475	
-0.019013625557875977	-0.11728547742129954	-0.010430466274652536	0.12236395679999675	0.10710618064001057	
0.025376846259346025	-0.11418152411435954	0.10191862203680363	0.02421539584058823	0.11140958502839098	
-0.16218535874110296	0.18872116087511123	-0.2557741351209562	-0.14950189483127072	-0.20472169911180438	
-0.15563469370871857	0.10704065926585725	-0.14718894321596174	-0.13084876369303827	-0.02831209755169198	
-0.062318996995521965	0.09514985766981983	-0.039686519497481	0.04343051196058642	-0.06970688117123135	
-0.0016508087250122574	0.009491153296722647	-0.021914382365932412	0.14095391199269514	0.08570256203599431	
-0.7906802735318096	1.2294961857033366	-0.8939421506476692	-0.876684509173583	-0.8573694454184337	
0.06873412548515782	
