TESTRUNID EPOCH: 31 L_PCC: 0.8537207703107992 L_ERR: 0.008948995084936491 T_PCC: 0.7524199115219695 T_ERR: 0.014388889308597058
180 LAYER: 1
5 LAYER: 2
1 LAYER: 3
31 :ILEARN
0.004427976507291927	0.01561413469716704	-0.07550219541668489	-0.007319631127384886	-0.03293254108234788	
-0.3240485556694159	0.05234549948628717	-0.35694824706245437	-0.2546044345895229	-0.45755814724554056	
-0.023739263485778272	0.01843177121088931	-0.06312099148288947	0.0809434585239444	-0.09361189317413288	
0.21971192126096967	-0.1850927487734855	0.25999221456085864	0.08541703570748083	0.25395674683769903	
-0.01908434350869105	0.10930030247970356	-0.1494024216109055	-0.010843176507456084	-0.06341621809587013	
0.06159098609949322	-0.15001597713539827	-0.1107898600054603	-0.1089698915876967	0.0944290775217812	
0.09235832954411906	-0.19443949730805637	0.32485919740835606	0.13637628488136289	0.3368824360168691	
-0.11705224942993901	0.10016284195683921	-0.05399553404485745	-0.14137595681362955	-0.11630418886215066	
0.021378267789450893	0.06983436936162254	-0.13898934661560722	-0.006331839892455726	-0.17109345040242546	
-0.04716931191759289	0.09744306829127687	-0.1362300316766603	-0.049544081175870114	-0.17495543303853225	
-0.11619833188936504	0.024333960263696375	-0.12786312114345946	-0.05058782042513104	-0.05909416179566298	
-0.37684255329548816	0.17512120886624594	-0.4301984978864917	-0.2329504982306594	-0.4572200943480511	
-0.16412190763886123	0.027862178413399476	-0.11651972339078459	-0.07784235269400039	-0.2510026368655935	
0.060879014283555154	0.009893125590137448	0.040860319255209346	0.13860127789209797	0.07919869441904265	
0.15917365586999832	-0.16824539777824726	0.02782945629937169	0.13187757590447724	0.11056677391869982	
-0.1329627374985748	0.10011443200052864	-0.10225947648323365	0.004546102486376677	-0.04422302596861566	
0.024000284067091773	0.029021455181782563	-0.012735661854920081	-0.05621153809683609	-0.12905692143628322	
0.0648622177519684	-0.03246808338689925	0.03731336767034977	0.02468506147230026	-0.035419165535114865	
-0.07591149693624112	0.08955142445999295	-0.027432572687395858	0.013896218678003591	-0.02688390092003742	
-0.06545205817575314	0.06699613193504278	-0.039918533685006974	-0.08854924762578842	-0.03772037627903491	
-0.13597194622332862	0.07339666777977036	-0.05201075021844045	-0.09675263832449661	-0.08268981242461287	
0.08305673652010113	-0.18100091203293245	0.13858784010527458	0.08051690539813365	0.17694937192365	
-0.12631287904603108	-0.05451310623579273	-0.03187398780364939	-0.0032212623755219203	-0.20146652035464613	
0.040660319165744294	0.019762167204016245	0.02972236609120216	0.04323318653411628	-0.10953674519740991	
-0.0668257946295188	-0.17898506492958993	-0.07107253479231507	-0.018888006559745284	0.08665465893257014	
-0.05575786955781173	0.049101432721650205	-0.019611855079350864	-0.10950964844674022	-0.13222689985877342	
0.022913280380008998	0.07988225888145595	-0.01131800220593304	-0.08486535163608813	0.03784102388252141	
-0.15460508267056544	0.11311870019425634	-0.1880498018297489	-0.008003257708548392	-0.162468452904344	
0.07413536622045465	-0.13913722844976642	-0.04093435686524568	-0.033324036276011555	-0.010695848505159988	
-0.17318189063136893	-0.006325991392570777	-0.06163038972846666	-0.04377939400187954	-0.24781942861128517	
-0.13769851873054068	0.09074843559776581	-0.008792300180530828	-0.08759740393888628	-0.08973456348718598	
0.09179788731722324	-0.12445279969656944	0.05786606645402657	0.13589455257067204	0.15048263871807654	
-0.20728184840849503	0.1135250062622512	-0.1386600622236208	-0.03972627415677606	-0.28821531539024187	
-0.2061279073853929	0.008791987785342334	-0.18056085395291577	-0.08823307186248888	-0.26301623755024567	
0.003997972362034985	0.08641067273114181	0.03017131925404869	0.026361574547016722	0.05318416131100579	
-0.1587044544936573	0.1757603759808499	-0.35932475018562016	-0.2590776949283479	-0.3777255493011177	
-0.18312997907802472	0.07803627076629374	-0.24948093001062807	-0.24838026400749733	-0.41811164537860207	
-0.09524867301317713	0.045801786081900435	-0.22042487960522625	-0.11874797746227218	-0.26493969699734865	
-0.1463686699295736	0.008566705466124223	-0.12979656846836718	-0.04161497010442491	-0.16535592185346704	
-0.038089080576982626	-0.019054008256081594	-0.216888960256603	-0.06245370887529351	-0.13836651520925952	
0.11280828483714882	-0.016804993036269984	0.09300414771860124	0.03862994895321908	-0.02002810082325642	
-0.09440947357030373	-0.00563402337972243	-0.15930704007457272	0.04380854541004653	-0.14288338600171308	
-0.1645170195977215	0.16784437720222398	-0.26883090717344726	-0.15394964505939732	-0.28852505384495764	
0.09675122584655328	-0.18897173577314572	0.20791580105543842	0.16937443528296545	0.057125379778709004	
-0.08460327498383069	-0.06598616495221195	-0.1141079869763131	0.0499930065196467	-0.05520451713264974	
0.07331612168601628	-0.031022554226973403	0.04935012549006174	0.07790495855994635	0.0016021229902750337	
0.07072212419448895	-0.10621863260909974	0.15070702707985445	0.041080460445865746	0.10241740014218434	
-0.04495586302050089	-0.06882429870101743	-0.1085648562115127	-0.0639063209350665	-0.07028502440118925	
-0.0916867305082523	0.05735572988372388	-0.07485905431547545	-0.07314318643257878	-0.04551352732399703	
-0.01571502010367299	-0.04460635336930184	-0.07190596543215488	-0.007197029854848294	0.004783432945080963	
-0.17652573153855597	0.17474399551077974	-0.14600470671065582	0.020337828924013802	-0.1430395707807244	
-0.14582195249746896	0.11675871166224268	-0.30334408194912216	-0.17666630985109855	-0.4350818090720237	
-0.02523461771533731	0.1333657295343574	-0.06039866812988591	-0.02403702763425709	-0.07464956133432278	
-0.09306976480355066	0.07967674881498965	-0.09175118115105686	-0.09148393681291693	-0.09346367427632295	
0.048377148404838644	-0.08294017683761916	0.08905371676847929	0.04665695913591474	0.13619232717252683	
0.060353511544713856	-0.11006552454848341	0.0017259120862409736	-0.0050774647499210795	0.11010844040039416	
0.06315839188299735	0.08262649759425741	0.011328642732050554	-0.057764736850360106	-0.03906115962531754	
-0.007326024232319205	0.011855178535656128	-0.03326102956774652	-0.07067668498855999	-0.09667745997447286	
-0.04443952298410403	0.061999903205232056	-0.05946029285745739	-0.06163797646463344	-0.11432027971276126	
-0.049698598339871905	-0.058226293056390294	-0.038080325583836915	0.1099598633236415	-0.0034052907106106316	
0.060021582167779856	0.07546569273327819	-0.004714360999031621	0.0013664795741557673	-0.10125764808218492	
-0.05790257843126849	-0.01971454078448045	-0.14859452276238053	-0.013158764491651301	-0.1903921733333611	
0.029077606019240344	0.08834840228593868	-0.13815204957732283	-0.11785701000036426	-0.19200950236400863	
-0.0006615733449880885	-0.01207106477011597	-0.07838920024117961	-0.050884037926083585	0.0385175093124822	
-0.01143853320157377	-0.010985414731781063	-0.0853401146027276	-0.05886580122438016	-0.004857666147305678	
0.04744419160300422	-0.12725421833859926	0.0922294443676387	0.0579632291759448	0.0776709419586928	
-0.05086079304263911	0.016695806720848933	-0.04269646716518536	0.007724595906458732	0.02095074165989258	
-0.04459051076582245	-0.07864423596886387	0.08184192315253211	0.10448238843896383	0.021707338460480605	
0.13354808975595778	0.04112723950815556	0.13801333983824077	0.12282023570476748	-0.014827769284591466	
-0.02177473120081883	0.038133403833514046	-0.05241939250691162	0.031576019933963466	-0.14676165231225446	
0.03421020925190163	0.034781718058371956	-0.08449824290793115	-0.04520334359344678	0.0230818867155363	
-0.030101526659017497	0.03442168672071579	-0.027566188627183307	0.06113576701505753	0.04780147325357193	
-0.11320732030117629	-0.023259441961201006	-0.023602645777113084	-0.030547484267821338	-0.033350345837855774	
0.031147355488074256	0.07232598664166577	0.03780999570618843	0.027439241057894245	-0.010885466580447358	
-0.027425308137320175	-0.08055910222130798	-0.09445945559279992	0.024294596135339252	-0.13783690770726548	
-0.059124422671011936	0.08704534062872012	-0.046292766196751337	0.012066758781849247	-0.13551888316804958	
-0.014027359212056986	-0.00010210302016491399	0.06649007099887963	-0.06168060986647039	-0.05200772741405093	
-0.12743321617782594	0.05984103243802027	-0.08272453061441219	-0.12674065388870684	-0.16370880251887304	
-0.06432842434378551	0.05528309914792449	-0.02667841204296474	-0.07824034767969952	0.028689030124784996	
0.0009317354142612414	-0.0037664950429792655	-0.05627349580464624	-0.04557708480289189	-0.09223988505568317	
0.0671649008435393	0.04496141406269197	-0.12456959864282416	0.02712769931797824	-0.0631956417950546	
0.004318107349144202	-0.01986539886476948	-0.2025732747617747	-0.1190944197011358	-0.279458041192695	
-0.047788576952192935	-0.011243864026091534	0.12468912695636802	0.06613865319744239	0.08490137678047155	
0.005691185172759036	0.010647913187971675	0.02998292187315031	0.09630267089610824	0.03532867556302956	
-0.0008596922135175817	-0.1725590293273133	-0.0214955995720449	-0.03818647598590255	0.11883554449308463	
0.002309188070589471	-0.18604951928084865	0.14416804402595734	0.06470777853678986	0.1023964198161032	
0.09035966543219379	-0.11681550655095925	0.09306487649405783	0.08001999101839054	0.12080691206728944	
0.025755467048244954	-0.000814753054673718	-0.0007699740998202407	0.10259036393250584	-0.0005558465357417108	
-0.0023046206823845073	-0.06752391740473031	-0.04113069956100246	-0.09567625559903835	-0.0724218417576236	
-0.010908659137681385	0.09273220097355896	-0.05204841381744612	-0.1521999184960147	-0.1254680488283196	
-0.08063227184657407	0.018723899582888576	0.041225285473484745	0.0786319248424764	0.06515734343514697	
0.04626430332232872	0.05719805555044998	-0.06269697043208175	-0.022693384452587836	-0.18738688490840294	
-0.06761085465921074	0.03837122673377236	-0.06063211925362626	-0.03731275904877178	0.1192402345720409	
-0.07394344411324003	0.10479657399387994	-0.11238706970318116	-0.03953323065172753	-0.04317970252140637	
0.06372252217710728	-0.04510014086386671	-0.09017385980981485	0.005603490658386671	-0.049854135644642694	
-0.10568593616142842	0.02685338648602758	0.05918786335191134	-0.09981609892494729	-0.056688537456134724	
-0.08058393552696567	0.09529638983494006	-0.06972381381105018	0.0013615457466174441	-0.09992951566590137	
0.017461298868071632	-0.045255332365341655	-0.13578338308456522	0.00924240920782547	-0.09201999799663055	
-0.04076580886131282	0.10133205996451816	-0.07722228277135999	-0.08493694438194616	-0.07944731768590642	
-0.014140126296089232	0.1265660709886597	-0.08355449147337064	-0.003223854385124221	-0.14770067780242432	
0.03738961626537348	-0.19557290282100426	0.15207693069188163	0.041535046591306454	0.2472981335250112	
-0.12380534350448913	0.08596950469821957	-0.20908942356523097	-0.04597728810259714	-0.2710824230852279	
0.033546868132433745	-0.06815309795735669	-0.057240274567363025	-0.03354757434338134	-0.012362991969458004	
0.08127939253075746	-0.08362887243636963	0.042935677830496496	0.09303786229395977	0.14763197298694422	
-0.012641259214669655	0.05154603610851491	0.015222706861789732	0.0316092147662197	-0.09132045915360427	
-0.06978964456635467	-0.14650964544670092	-0.0553599899070748	0.009931769831754651	-0.014669307621170002	
0.16271064676300237	-0.1731230579234809	0.2005110448684652	0.12569297932787946	0.1728809456900895	
0.05660497037844947	0.013757860453923266	0.019733089154649584	-0.06885749429817588	-0.05172644160622561	
-0.10954121609104805	0.08621535322459754	-0.156042694447304	-0.08559921188855742	-0.270265221646756	
-0.1130567287152319	0.06435698191219352	-0.0847401772352713	0.07648253667101093	-0.07077393522398626	
-0.01483418506313326	-0.027026106378705905	0.03947401142231316	0.01247469453033684	-0.03825096701898269	
-0.09995188975876372	0.01069229821533098	-0.04404947314524049	0.004112786565546138	-0.23001335320723318	
-0.07983998706656646	-0.016918079068658828	0.050874429460100845	-0.08891189960410609	0.0724260115161127	
-0.08335233032190142	0.05816231059211997	-0.10922945145731192	-0.05404630834787021	-0.2360148402198278	
-0.01320795929245813	0.044909732837080545	0.03731941584401784	0.047881707148219974	-0.06046421313676422	
0.028591209351368156	-0.10355931056171012	0.06633969715519253	0.05548352790982074	-0.011526505339143794	
0.04968498603186809	-0.07562702209979448	0.036582158527519414	-0.05491652948407976	-0.004033823886185774	
0.042829813949781026	-0.052635102378515125	-0.04069975310661805	-0.03537983567522012	0.16666223719483442	
-0.07122209162992162	0.02054343479124153	-0.008757155554417773	-0.08614416886856957	-0.03410407035562765	
-0.0426736934581812	-0.1025845771854579	-0.007822892855543119	-0.08903529873710032	-0.009618328100706593	
-0.122655172820754	0.15049693877130654	-0.268233723434675	-0.15427683230492248	-0.3191464581140221	
0.0404591555590569	0.04708658905626365	-0.050549728853561064	-0.061063818942082355	-0.027905975737611857	
0.05466832861615999	0.047889402907910696	0.11819835514050432	0.05411843526138049	-0.03013941440499592	
0.16524850901025753	-0.11747079335459952	0.0033735439587699355	0.04145244662082236	-0.00012042455092404382	
-0.1421712692152289	0.023154788132543888	-0.13759586077327118	0.0015887494470702163	-0.035444066337752	
-0.02874197677729014	-0.017081095493864704	0.09131449821211958	0.06260301845643507	0.04258805216816778	
-0.006510090264521611	0.009999510267745414	0.13425100311273383	0.02210958275261998	0.0883739882888485	
-0.03709161369732151	-0.01452319710128936	-0.008120111668661256	0.020480788927650144	-0.008936884310329067	
-0.13396347373453057	0.10706616673231024	-0.13171186984963928	-0.03988563760268551	-0.13974989682624916	
-0.09649474466666291	-0.040058166636807536	-0.14684415625212727	-0.009588471380428683	-0.0912370212507213	
0.006695570802620076	-0.13544549067404985	0.09570277875822956	-0.0454330646889809	0.20148828150549092	
0.0012176457942092032	-0.055823561209913455	0.0016538427604473893	0.12581042969473472	0.03574976790366512	
0.05018865806581633	-0.008468041183726075	-0.0076143925802778295	0.05370805016949005	0.06189749577975685	
-0.06663902496755052	0.08750462698319227	-0.2517368331362241	-0.04807028307476503	-0.25629784611452877	
0.005531802888210378	0.03658183204248964	-0.12744007987696432	-0.0016474935045440637	-0.12303564548798411	
-0.004021591092939489	0.004211829228408438	-0.22421840104843543	0.018037757971565756	-0.132007485682414	
-0.04239480066818558	0.05409326665613194	-0.07314925985404452	0.0030451991486503613	-0.1835339210211572	
0.010827572888574223	0.010816824914083315	-0.07037296517364197	-0.05174686521478316	-0.039847006466893584	
-0.23881508378877264	0.11173147205260214	-0.15073038521062668	-0.18780746019975192	-0.3187401771832211	
-0.13497320377635416	0.01720325284239337	-0.054461223554281915	-0.038812035491178	-0.1871166952425008	
-0.07584887974456898	-0.04359393829311399	0.04186580820820001	-0.030895009551823654	-0.010443086138203357	
-0.06545399137559772	0.06977991892832223	-0.09316590939889917	-0.037556048255917844	-0.07678477414349792	
-0.029165934688969674	0.0032831903953728383	-0.025515027159247028	0.05480891054866722	0.07264637821936354	
0.1155939881809471	-0.038957888382910665	0.15126950301631806	0.16126821063237173	0.11894154283099966	
-0.03870259403487967	0.046279266104845035	-0.027781395114352375	0.03815376712001622	-0.06669882464374324	
0.03483470814647925	0.014943902527928737	-0.038917063282613	0.06461612696644235	0.13086840406977904	
0.012013804982773945	-0.08038106850839376	0.0683912200385209	-0.013378984436317201	0.020496413246649782	
0.013614550726971597	0.0795506522969527	0.016033336754361808	0.09230753969752313	-0.10931709377857161	
0.0804699370238045	-0.07835041613787234	-0.09596697015626235	0.07300449084164294	-0.1796517781202513	
0.10194094411196229	0.04137892927724305	0.024454021640277664	-0.058862024803781984	0.12353598284885972	
-0.03244515924196183	-0.059509703386856364	0.00731694592120086	0.02714720575873278	-0.08165020618089816	
0.07049050712289506	-0.04206424443491158	0.021063226300482248	0.020181243738546746	-0.027549472120498856	
-0.009333237619458644	0.04048437592431769	0.012094794734303535	-0.06652700824140394	0.023023294505032044	
-0.21938529984153615	0.11097290245562333	-0.19935570492712673	-0.07758660825793952	-0.2639260698152424	
-0.1485315174377343	0.10886409258647328	-0.20802343387651376	-0.13479858544864823	-0.3202971590046015	
-0.02054127702075062	-0.09624025106900944	0.009933875332045457	0.041757234144232734	0.007431927367632974	
-0.039813802012035306	0.09743287445388413	-0.05404086794638833	0.09612007099061912	-0.013152054900739125	
-0.0011958582458843777	-0.0037534922203907935	0.017338071854145265	-0.04521270698512544	0.05789614236213066	
-0.08786540830927513	0.015762435639619488	-0.15274677457761532	-0.04739791952580567	-0.21171842397495091	
0.07724777027178233	-0.05616591882896582	0.03273363775275806	-0.0203297530467201	0.10197855435352637	
0.19353978029452532	-0.16037101746776658	0.15365452838999166	0.18488648787702144	0.17245973470096684	
-0.6027799701185965	0.30847850927992304	-0.8833712837677312	-0.5774375177172072	-1.1810082949012977	
-0.03741908057620982	-0.13232307112430183	0.1523338877606854	0.02186177503299208	0.1661237538166738	
0.022636651493617214	-0.1781349362186684	0.02198814651287552	0.12041838187468656	0.18232152582158825	
0.13943756260159149	-0.13811705585424458	0.13475809371653746	0.04902894657020165	0.1115159215593644	
-0.009893389608883533	-0.10971492934984985	-0.06494970293073819	0.028684977656119638	0.11119373055753964	
0.0218743383067371	-0.043016133637648536	-0.07894070300803983	-0.0752721834558019	0.01663989044490737	
0.22406432915803393	-0.23240109027445705	0.16702638983399493	0.12304632352099093	0.23806525360196404	
-0.07032844345092606	-0.0628683096143079	-0.04624849515026951	0.05854468331814365	0.05488808223761149	
0.1137888108135307	-0.0049483883704801645	0.07987355408637108	0.13271503127934142	0.1330891915708851	
0.12461653992136956	0.05491469197638013	0.08436723546171254	-0.015545726896029477	0.049087221310982296	
0.03061334054429287	0.025998783167255412	-0.06133357401962289	-0.13428033185567353	0.0049041665383479215	
0.0708445635601691	0.0033052374090583106	0.058004199779852154	0.07704017407304223	0.1511730128686939	
0.061142429869329565	0.0968377745802987	0.09985553463727277	-0.0629989917317231	0.044978971849333325	
0.07665369298262976	-0.2339078397646953	0.17559510274360118	0.07234192294736119	0.29503618552139665	
-0.027935597329480186	-0.1405089165427281	-0.017954229588940655	0.09818631525600961	0.14889743857635585	
-0.009993131582310551	-0.10409807830429697	0.05896794569789505	-0.011787782882825346	0.08430762132867926	
0.15507351738988487	-0.07996296781322543	0.11028512327419819	0.1735512883943252	0.18616776712392366	
-0.015821397437657037	0.03639364008057992	0.06518671955305727	0.028261870578198706	0.13401871808337282	
-0.001194403184737169	0.08686727828483562	0.029791838298191438	0.11691746211920494	-0.030574273372339835	
0.0010124260533860398	0.13096313850862987	0.036188105340241424	0.11598602203210567	0.17541377304754072	
-0.984127405052605	1.3092223976292574	-1.4375879572985786	-0.7951477051375633	-2.0385332990126592	
1.0964008040593958	
