TESTRUNID EPOCH: 42 L_PCC: 0.8359411678183127 L_ERR: 0.009917879343823478 T_PCC: 0.8499958805036681 T_ERR: 0.009229889124267173
180 LAYER: 1
5 LAYER: 2
1 LAYER: 3
42 :ILEARN
-0.0210895665527099	0.032676740986380994	-0.10309381873870962	-0.010990831232607924	-0.05912480662018026	
-0.34063456811118614	0.009313089815825884	-0.33890922072357144	-0.20674914171092063	-0.4410320399367533	
0.0386132158570781	-0.03379469061485164	-0.019420664951283258	0.13753242011939654	-0.04812019554557067	
0.2287813330625975	-0.17862486647996378	0.21217725049843594	0.09376977242504984	0.19746460704929214	
0.010219221294734092	0.11850836165798086	-0.12894135483734645	-0.02222425810310847	-0.05500393575587025	
0.06529405308571612	-0.20790805185549854	-0.0865438648620785	-0.06274395218703133	0.1835083018575681	
0.06942308496847562	-0.19941914634618954	0.28526294897861587	0.14528727339033362	0.3132167784127608	
-0.13943111507139666	0.10236852281840743	-0.09724962681095305	-0.1458394461238189	-0.17299309677201155	
0.07828073368330893	0.03354103450063492	-0.11312442313703405	0.0367506234090768	-0.16142368449297856	
0.0009017871939903644	0.11291721309854727	-0.08442938586862385	-0.06626887661850331	-0.12186234146421288	
-0.08173453704475378	0.03072485540015479	-0.07658604601465516	-0.07568053748625564	-0.023659325186117398	
-0.4347791266170759	0.15194771003804847	-0.4641065042141187	-0.20209501625924456	-0.4327295386555447	
-0.08925420812128605	-0.006521830230916657	-0.0215187365801188	-0.06647484543785959	-0.15356934948794498	
0.11794593587140621	0.030441440789091525	0.06572395887950001	0.1232373473309267	0.025000994737803674	
0.12256760762141157	-0.19674019068797793	-0.002739925987190592	0.1398592005568744	0.17911883527492048	
-0.11831804645516776	0.09939731317417082	-0.11195441613472495	0.023790761693840784	-0.08389883727622777	
0.03922808597710109	0.02530086930985045	0.003803419799669323	-0.05453369907761815	-0.1216602888889809	
0.07526233251485874	-0.02809587360074816	0.023253392352255667	0.020969792509942936	-0.07256830378946003	
-0.022175770958063553	0.10171854853568388	-0.023768142837782488	0.03434175994272412	-0.09600479993937504	
-0.034853848151580685	0.09864596986432975	-0.007736692111113282	-0.10778097521914509	-0.021880568324681954	
-0.12860723398982854	0.10339169633597811	-0.08991845734467184	-0.11469828683728737	-0.12258682217413183	
0.07981549419706932	-0.17265221278038326	0.131414161773092	0.05520450340971211	0.11460313156696976	
-0.08450243040648928	-0.05485078094829785	-0.026463757433125873	-0.0009391628953367002	-0.2186209846774534	
0.07508212189804708	0.018310063139361225	0.04705906491171914	0.050656210031575215	-0.11800538082681163	
-0.021195921965180498	-0.1319279922981076	-0.11508645948052827	-0.03478580100550184	0.057451920390546515	
-0.14173841047065622	0.10356722539599005	-0.11666720581845567	-0.16451028795001985	-0.25513339527347867	
0.0060586660085681894	0.12539010285394528	-0.06409314429801223	-0.12032464597907858	-0.05742029497006061	
-0.07507922640000536	0.09818082035655035	-0.13896128982723988	0.0181184573789972	-0.12101808946563987	
0.07861440887040423	-0.132014581215095	-0.04092192704710847	-0.042192142961450164	-0.018089895283538982	
-0.23919024328706398	-0.025537000955442802	-0.10728723276859588	-0.04252623258583659	-0.2564191655577554	
-0.19262228241303617	0.0488413171150597	0.002913767543058981	-0.08542602858375897	-0.03061602943955534	
0.08532992088010573	-0.11684417558286277	0.05015523008981033	0.12406416433749921	0.11393014240149653	
-0.26474692741328926	0.08114906725592624	-0.16893355799098217	-0.04695562670260894	-0.2636979708437019	
-0.2606207077580513	0.05683085129213043	-0.24512143478060627	-0.14511818561902104	-0.36158967105461753	
0.05057700500900398	0.09761064457637558	0.04829078827685201	0.04330421838375641	0.06057621644395716	
-0.12033802254264178	0.2041711249533266	-0.3923052735874107	-0.28883904575035285	-0.45441794067060715	
-0.155809002051971	0.1120189350176776	-0.28374371692263967	-0.28648674070439806	-0.5110041255593096	
-0.10648650542844666	0.04264267421960792	-0.2315156067256394	-0.1310962731276843	-0.27614334312088384	
-0.21118253129157158	0.0469039612101979	-0.20672863499715072	-0.0933421973066752	-0.25624421849729495	
-0.0891021508310141	-0.014133895679995963	-0.2936681573961327	-0.07792564775438254	-0.20135526986959335	
0.18449104949927297	-0.037854986373765664	0.14788672579645246	0.0753294711616465	0.0821043454043816	
-0.06403663888439456	-0.009309955423937801	-0.2083154126163373	0.023477098049883634	-0.21412831054576345	
-0.09797700340522632	0.1967123319975684	-0.2617249288230776	-0.16382954578341463	-0.311399935820139	
0.21342091052212492	-0.18689943891056066	0.3171175622846189	0.1813415806361446	0.17040899636237225	
-0.14168527850184354	-0.006390984404448048	-0.20269668442045702	0.020384703162856083	-0.11480095707467329	
0.10455248887386698	-0.012483536289748194	0.023570693460997435	0.050867777811625846	-0.07457104059505595	
0.1225424724375271	-0.08488693564237133	0.15015995498460205	0.02344672008286456	0.08904774199700717	
0.030332207175159758	-0.0583310857183866	-0.06876894320050561	-0.04427885952819603	-0.013103589563431748	
-0.05165053877273828	0.05374293168061665	-0.0843717725077211	-0.09187333859815763	-0.08445894546406967	
-0.045849271575173295	-0.09701709698594888	-0.032473653723924384	0.028397824127204	0.02440099660241681	
-0.23611985878193972	0.154053018346769	-0.1727032928635795	0.020997497298794802	-0.201787715026074	
-0.10475826761211947	0.1209007631300597	-0.3349354896061198	-0.2074782148243463	-0.4935459795100658	
-0.041012001543210296	0.08163042137268549	-0.05500750273921112	-0.004786749779726246	-0.08972842251640419	
-0.14120365717146713	0.027848431042743017	-0.08151408560589485	-0.07396124833480947	-0.08071404751683713	
0.0829637509410132	-0.07444972547642527	0.12827534560597395	0.037279770749439924	0.17116457708256927	
0.07893587401786958	-0.060441561197921004	-0.025284146632404424	-0.03094886636968108	0.0742368997535055	
0.0315879866237865	0.1286461615689636	-0.04093110998809221	-0.09178103167996012	-0.11275590387759607	
-0.036840860632937976	-0.01676010681617292	-0.07313145327298551	-0.07217805457221377	-0.11690924156898373	
-0.03043317009659297	-0.010469747335684449	-0.0033103418663577616	-0.03897376321876762	-0.04546741054496819	
-0.07862054208549922	-0.09295823778199855	-0.014138984220169199	0.14127552840277946	0.00962899357924277	
0.052959571514946915	0.06211728465747572	-0.0004587920598586831	0.011635501885587436	-0.03750300363372907	
-0.09635462184810831	-0.014210373952998557	-0.1663219987773347	-0.021164533593363618	-0.20665020573208098	
0.057013444432093247	0.11248028492275607	-0.1491096131170931	-0.1013399455578396	-0.19118707074901956	
0.0234192712576561	0.04798324649378003	-0.11029042960342716	-0.04118621758520075	-0.041543548540698014	
-0.02334954637739245	-0.029711959306523723	-0.10813973181127642	-0.04917559091340357	0.03668805130160209	
0.10974118526261219	-0.1792219282203063	0.20113196728994068	0.13621386645420605	0.18151892650867596	
-0.020314022883549797	-0.021521514392371818	0.038313088881469906	0.07486969598428492	0.11031533840581521	
-0.002064689519854949	-0.08540905945343218	0.10029724492219785	0.1427639569332073	0.07555692779082335	
0.15269061694752137	0.05360575156954537	0.16760748641402695	0.12889141329610293	-0.03655623217687389	
0.01074024929954563	0.05380605144058979	-0.07004350900215901	-0.008314340847766201	-0.1659389724050335	
0.07470784694661568	0.00023810333923936694	-0.03326422100921668	-0.04118160212322038	0.05192879925083617	
-0.062296834309248796	0.06629416047865995	-0.0723092925153494	0.05068685390821734	-0.022044252185680905	
-0.07230918476134253	-0.05585029827347786	0.022242861572517356	-0.022276007931838163	0.005697989040262699	
-0.03291811826582276	0.09054998908989796	-0.006096492994991899	-0.025043316744040228	-0.09288082182680585	
-0.013628863110964498	-0.09749289560435066	-0.10558052866766363	0.021545062794004033	-0.15148240204822272	
-0.055458759998485894	0.08558288620769129	-0.04758767849218959	0.025557038778206313	-0.1253455906844766	
0.03492855559694725	-0.03947202687282925	0.12752285043647466	-0.03483446967505246	0.021820623444902338	
-0.08813652190507816	-0.024041398423452074	0.023561176075602024	-0.0822987725427613	-0.09455338244469892	
-0.06074954406464981	0.034676958891240915	0.0018414295253946001	-0.08864467186348314	0.032175194483774726	
0.05683787459286473	-0.026030585083823374	-0.0229622135063079	-0.057385796287984715	-0.024153663959616743	
0.10221470238566818	-0.04118889258425829	-0.007369261042834399	0.09763547839450419	0.08531250335524747	
0.07439225336752978	-0.029518132707478238	-0.1862698245631621	-0.12925449990397891	-0.2390199318062749	
-0.03183551934262137	-0.01388729447690458	0.11142713528044616	0.08424715554212028	0.10137827157909036	
0.07379336127938525	0.001882844930571682	0.05226765313813097	0.12992426698588203	0.09853757935639963	
-0.11964834866677108	-0.13510560300208857	-0.0893293161879067	-0.1180091248267501	0.03376981922380463	
-0.0008236622933822777	-0.11999929193059118	0.04631344368110173	0.01865297330416299	-0.003907967062346417	
0.2774140996003673	-0.21766468796068467	0.2666438263709998	0.1739800913353668	0.3777154880959409	
-0.026080066836142373	0.01937902328014142	-0.07822787524226489	0.1054359776440105	-0.0671640534744014	
0.004492198255186348	-0.026691740128537537	-0.11284776875505186	-0.11501227342718047	-0.17249335802759955	
-0.020711353804598476	0.09136665993747091	-0.01579363814332752	-0.1489371485380463	-0.1781970363181488	
-0.09453261146176274	0.03235692618648046	0.05078701462229525	0.06323252690746155	0.013944687391841442	
0.08472006473182254	0.09181587911061426	-0.10531492806872855	-0.06531530580349162	-0.22555139870338212	
-0.05572309100053299	0.02131450173393821	-0.018878585147172555	-0.021261474908565163	0.12523049109683784	
-0.009097615605831517	0.05378926092927887	-0.027596143786531628	-0.008583250260750176	0.030551500856418914	
0.01646422324275933	-0.01270858307713407	-0.1593611178721789	-0.0023654166421834422	-0.07720067818095216	
-0.14669320882358752	0.017455959060063093	0.05550563497855686	-0.0945524945415168	-0.016591318632294363	
-0.08457807518799162	0.032436048310957435	0.017570514518857216	0.04794865498863612	0.044092985935449004	
0.09905630091811504	-0.0961632302690845	-0.08064740879204477	0.048023852285851744	-0.016575184767912216	
0.0028400172101233044	0.11019011029948227	-0.0654466718021157	-0.08264525517721545	-0.116130083458342	
-0.0023356558650318017	0.08427238328651136	0.010642578712502798	0.02884258149949201	-0.11929502409879543	
0.03472148744408608	-0.19883455437482261	0.16170360041374976	0.051004232086179185	0.23932463707799378	
-0.09845811702998343	0.0704953650148633	-0.18150827061303898	-0.06300405595767142	-0.19097495101545922	
-0.0342587497547237	-0.010619774975166718	-0.1598699707326476	-0.10677193503519283	-0.10486256919160056	
0.06894400436496949	-0.04207462518063074	-0.005712821378891237	0.022891206645952126	0.10299814345633528	
0.007837055525478323	0.029858000147294072	0.03241072207684758	0.056449984004515015	-0.06990187206757757	
-0.04036260207315335	-0.15242790783202723	-0.0007469929448107082	-0.0019171692459171057	0.08629072616177785	
0.2048663914366918	-0.17789850988719888	0.24260897434415804	0.1143389566500911	0.24644124959081457	
0.12290675874536296	-0.027092362807433636	0.09134251492147909	-0.03272381682416763	0.01600026357657116	
-0.05608067960466447	0.0706066628242457	-0.13723865606961566	-0.06683758814726379	-0.25590282125618713	
-0.14731891786443105	0.07944882145716381	-0.11008549353355612	0.08887748313668806	-0.12292926737785122	
-0.030340625995732264	-9.537524410391587e-05	0.0406984291242989	0.019379814646802503	-0.07942671863915675	
-0.07556482991721802	0.005882700695693425	-0.024484415649750093	-0.025228459837931823	-0.15819831422397562	
-0.05278152049896918	-0.03958308730307717	0.11664539280499797	-0.041492065189233734	0.12684633843578455	
-0.09586648428070559	0.05135751937149605	-0.1578668261580585	-0.01259187500802005	-0.30961544580339867	
-0.01499538429975521	0.03298081694341268	0.042612505612910655	0.041331765730050735	-0.05612797228297954	
0.01187167357852398	-0.12976959597785465	0.08260308844967544	0.05213021884509513	0.028455923077461098	
-0.015071958569449132	-0.056985408312171595	-0.0025658398078717694	-0.08607612456845648	-0.05022825706624601	
0.0722019529280222	-0.07820564918281003	-0.03522104719704754	-0.006608673908567091	0.16160747940237238	
-0.028821855779064754	-0.04613048463325053	0.0338510119013728	-0.01175610461916262	0.02700838384647366	
-0.05902465980552227	-0.11257915055119501	0.0016239717206904755	-0.05976558126041177	-0.011617583770925125	
-0.10360191498199374	0.1100884033696489	-0.21650695571006695	-0.1242274707745611	-0.27479264031402234	
0.057521971605252034	0.04358104684384648	-0.02361914996692354	-0.044286475648298636	0.02072341764358754	
0.11109332806650292	0.028082195398116513	0.18104755501957986	0.06404591152481406	-0.017743716593831785	
0.1839573718335178	-0.10163673518907615	-0.0024377074110406563	0.02006251431978411	-0.05030994405035282	
-0.10377604018986816	-0.010317404402341248	-0.12816547255342411	0.002581104954024509	-0.021541357788983737	
-0.04265764881595572	-0.010605717853711422	0.08649256060883936	0.06500574102974876	0.029291888884480977	
0.005376335756906773	0.00500971650735424	0.15112157545458993	0.022892978467788566	0.08106762647713026	
-0.007746449960714425	-0.023539430664754283	-0.0156423155312123	0.017599801467908422	-0.051017034818355636	
-0.11830011429174059	0.0863333147318549	-0.14047079754445727	-0.02374716102669333	-0.15643846395290478	
-0.1049249783441322	-0.027458187653087027	-0.11953434611303321	-0.00047403358511612873	-0.04794359177936382	
0.00011876428620493133	-0.15289170296276025	0.10603818635442284	-0.01583455540391067	0.2724885979294146	
0.012669449341927716	-0.06782087765811103	0.04543107554202829	0.1424589966629866	0.08050682694399082	
0.01180650629824451	0.018390253017926027	-0.02538901796578174	0.0650933205638192	0.05595661399849409	
-0.11352713481942153	0.11124953892806726	-0.3250012363054586	-0.07172178266702409	-0.34017731076872376	
0.07207705412062482	-0.023762037256390544	-0.05138045362798614	0.030629102736751117	-0.024023224707888986	
0.01172863174101014	-0.011406331968714151	-0.21972336245264604	0.021922855834434523	-0.13764601052696337	
0.0027049758060078456	0.037310382081849634	-0.04908956194269666	0.028930667488460734	-0.1563234684706931	
-0.011833558672268058	0.04892752100922234	-0.12333541845197411	-0.05430394438832545	-0.1444931568639806	
-0.16414865667784947	0.03294669810980847	-0.03944030150410161	-0.11622967877082452	-0.17090154425994714	
-0.10962113087261284	0.002355228199647948	0.013078726333631472	-0.009221921630077397	-0.09413399720741754	
-0.16282087370871628	0.029365809603566582	-0.11887326863337891	-0.12207917347418223	-0.22589094948689056	
-0.0445381830507834	0.029683549311893674	-0.08752162101887503	-0.018060379775947946	0.011398713565030392	
-0.11925529545098054	0.08157550068519495	-0.14175423249779573	-0.009027340605578844	-0.06100331486207541	
0.11795101542243505	-0.06420510791243515	0.20058287764613397	0.18877271019261363	0.18643334460232644	
-0.020058677035150668	0.027855219890776352	0.0164233628303549	0.06385274464688284	-0.03247830338635623	
0.017390938495680245	0.009912275818614374	-0.07918324545245091	0.06585264038650337	0.10858729980166433	
-0.08006723833082961	-0.0183029202260384	-0.06820053706881543	-0.09316591683641523	-0.1571704036824163	
0.032531269607307026	0.06180019970224266	0.00894871329326714	0.13560656807368093	-0.03685420584342921	
0.07766339069710174	-0.06645028448515639	-0.1445766161540507	0.07126112771965867	-0.2504008422831299	
0.08975666767263156	0.06875454109031261	0.036450526327739104	-0.09959515092826578	0.07894493499468286	
-0.0638588053295661	-0.02087072473622098	0.0005845329365814697	0.002020628563627481	-0.14137589940439502	
0.03936091553169209	-0.0643766594498059	-0.039492521031183836	0.009520176514654411	-0.04544855231450127	
-0.02908784789537924	0.06742119544880046	0.005571877852989468	-0.0743152788855104	-0.02590139679368028	
-0.2595538670518456	0.18858652651923932	-0.2591963182033354	-0.12761382103581415	-0.4025379024328407	
-0.07561538336785895	0.08785388041862659	-0.24639961379364814	-0.14541412433625328	-0.41879610321660166	
-0.052304741957622664	-0.10784337721050219	0.007216028268721969	0.04606728165001763	0.039321749802726964	
-0.09043793054289392	0.11568992737002476	-0.07551135176886029	0.06442739826957711	-0.04061976213425203	
0.030278357051084486	-0.012285448667393215	0.025554402171220774	-0.015304087048687211	0.05866392778706114	
-0.07689826896526067	0.036376436278704884	-0.16720227310940172	-0.04597447695859056	-0.2502468965472265	
0.06629901152992146	-0.039151106599962716	0.04869833291611984	-0.0629522580795596	0.08105640568114264	
0.2094915822068914	-0.18288952059322056	0.20545831225401517	0.22012327653761424	0.23294664509864937	
-0.5247118199487459	0.2556314498037967	-0.8212782229442614	-0.5744679053134374	-1.1163438850020686	
-0.037257503048264376	-0.13140653366275673	0.15569844605580235	0.02001327015539486	0.1582539599317571	
0.047941788657868495	-0.1943358179276308	0.04987535752249578	0.13394031269039477	0.2029514153771002	
0.15946805394010471	-0.14357683859109682	0.14869977724646494	0.0679872706641365	0.12814316809849308	
0.010971065485887086	-0.13803655820518526	-0.027363881228132415	0.0405725594034784	0.14255106467218634	
0.03941200577094261	-0.055135231456728294	-0.056725978416313695	-0.06812513552010764	0.02713590137939161	
0.23156217217662778	-0.2405379357076041	0.19168801093395607	0.13755778369290708	0.2545743343870275	
-0.08723116460302449	-0.03213314154154782	-0.05489155105978951	0.032152817857211156	0.031477667736911505	
0.07157516189720287	0.02806377239223085	0.004371989839544506	0.11063757300512181	0.057230968181419956	
0.11622108097229916	0.06499671660761973	0.043184317008733215	-0.024181152615163216	0.017052299892840815	
-0.03991012529090416	0.052306224379766966	-0.14815549353902854	-0.18428750984779266	-0.12987437753321704	
0.04484306358576347	0.02456628166981857	0.012329498351330367	0.05676059689230158	0.11244238797759763	
0.042068359514056054	0.11857726923150673	0.09971351295580137	-0.06414532566736954	0.053190320381239546	
0.05856433223531986	-0.22819589077905741	0.1544035531308334	0.06551363337792745	0.2555994691141412	
-0.019063645144056184	-0.14914282844908872	0.0029225114611144925	0.11088442594091064	0.16951618859060982	
0.0034621372704828337	-0.10342328497319431	0.05130511502033888	-0.009902545220914652	0.08143061239631283	
0.14598383354234445	-0.07223260001338899	0.1250488078358141	0.18349625663292937	0.19279706187658843	
-0.026985992762220946	0.030362960714154497	0.13038514110669716	0.05069542131422273	0.21315354761907784	
-0.013383374925430515	0.1038732255166354	-0.010390757006480225	0.10996286092472808	-0.06314334509759943	
-0.027826497744898655	0.13602605449190863	0.035108522086737044	0.1137959122665637	0.18598487318022994	
-1.0756506067446763	1.2930047612590998	-1.5015943855476563	-0.8497168657236879	-2.072095875806538	
1.1733359680631827	
