TESTRUNID EPOCH: 24 L_PCC: 0.8403504069222085 L_ERR: 0.009727950436925033 T_PCC: 0.7684044413270377 T_ERR: 0.01355101276153626
180 LAYER: 1
5 LAYER: 2
1 LAYER: 3
24 :ILEARN
-0.0321082234129051	0.049145352224306854	-0.13065950558718464	-0.042156055991090916	-0.1162432960770804	
-0.3444208550125074	0.024079294000252622	-0.35926248627811364	-0.2327571732236778	-0.4124696226825619	
0.003132516953535212	0.013175219075192124	-0.007645289023045741	0.11678781428227133	-0.0513141653852114	
0.22289984391974485	-0.1537673915141505	0.283397187910611	0.10060947681929627	0.25424543584646336	
0.030400526742899812	0.07968553707059875	-0.0988287465383842	0.01457964267199143	-0.013853367834948692	
0.02282863704605256	-0.11455055306344125	-0.14699129225209243	-0.10681028055543922	0.030641539759575516	
0.04873995705893655	-0.13160044076589741	0.2720327109914719	0.11556845418442091	0.2591327002975402	
-0.09138238397674119	0.06210393215051961	-0.01206618884986548	-0.11007334098351275	-0.07309138939758585	
0.009213268002445329	0.0801497499038852	-0.15347907276087808	-0.010225965614041863	-0.22288314383512633	
-0.021479799658853008	0.08482136818352304	-0.11437672223649469	-0.06525139448362664	-0.1484100730566033	
-0.11487471588556415	0.028432672843686214	-0.13421558290790317	-0.08566496930474524	-0.07501380436949995	
-0.38658599193699217	0.13317181655641647	-0.4201697395260964	-0.20277254025757022	-0.40616267435808817	
-0.176738114811745	0.0364578829217534	-0.14638253786727198	-0.1128348847715812	-0.2991910809361878	
0.08454676919257115	0.006717760615744142	0.041118906163125184	0.11834785641791604	0.06414911226537921	
0.1100575767115433	-0.12107399402375627	-0.04621564086931244	0.09158009369947456	0.021335744866204147	
-0.15093120370926116	0.12112763703272077	-0.1093749096673695	0.001222419500930922	-0.0793987828862345	
0.01786372605459581	0.03683939292103779	-0.007783455335812652	-0.06642261564555108	-0.12550058510809314	
0.09030667211121976	-0.0482726596007162	0.05022464725760293	0.030465902543270633	-0.018887124420442755	
-0.060868494860568105	0.08923722345757912	-0.028217728622750057	0.007851932606364876	-0.04135935887119301	
-0.04991963128527864	0.06977166612456878	-0.028816539605681344	-0.10846036087835825	-0.02208346360611132	
-0.13564086425826732	0.05770965571649029	-0.07104842934360905	-0.11576742200791688	-0.10717785373936325	
0.04986214231748665	-0.1465422389729817	0.07731330380645192	0.05482245525132866	0.11241251817687717	
-0.11971661083050955	-0.07291142906626692	-0.03370747414429982	-0.005211324950108203	-0.20092213820280835	
0.03643215343205554	0.011721256148197575	0.023874596854140524	0.03532460773405071	-0.12247306503863377	
-0.05309675902994633	-0.16023399528243296	-0.06362033969511766	-0.021349304348211296	0.09776982871624555	
-0.08574843711148411	0.04829005564155783	-0.06496548380666602	-0.13014470526180327	-0.19601119440220055	
-0.004678833425987737	0.08431977828426977	-0.05278585535901783	-0.11216985925222389	-0.016869879058357493	
-0.05470225783391296	0.023849208248761654	-0.06127158949641546	0.06807720395635405	0.020146356628616167	
0.0161584601325143	-0.09688653187742681	-0.12149972101535733	-0.0790415116672537	-0.11494076336150422	
-0.17965534346113257	0.005542355229756152	-0.0640712759927913	-0.05781129828773229	-0.26973012540444635	
-0.10752921413456226	0.09187402644259354	0.05795298384330753	-0.06640449871091195	-0.024898642867823038	
0.06506244865299013	-0.10018412628641778	0.010038437120366572	0.11323370587866186	0.08382989500392632	
-0.1617894663497876	0.07004716859436844	-0.07047738542674398	-0.010660525006340776	-0.20441790150836062	
-0.22727097422608616	0.00607964000705601	-0.1998028050524184	-0.1072503959590163	-0.2812240345805395	
-2.935189247002584e-05	0.07750539515993737	0.012780628221089748	0.011393929137398576	0.015041945525875355	
-0.11332451016760432	0.11010969530793464	-0.30991034257538447	-0.2322399385776458	-0.29946294448772326	
-0.1562237896141321	0.04172835340815333	-0.2204250329073526	-0.23997442273099392	-0.3546787335000708	
-0.0605540532566348	-0.013644245782811199	-0.16912894151695934	-0.09220183317355805	-0.18042648350442964	
-0.1772365885671859	-0.005393943085582378	-0.16223900094582921	-0.0613083258186469	-0.18970104807224833	
-0.03808322351645331	-0.022144441013392694	-0.21666083760371235	-0.07386589501315065	-0.14070107993025868	
0.1048633596540723	-0.0004602424091937467	0.07625900889239025	0.030316205781917457	-0.04334381754968587	
-0.09405279010567717	0.006828853739028257	-0.16444334790973167	0.031186310579191443	-0.1099857733682561	
-0.10982560947739647	0.14068146604570006	-0.21092771663731275	-0.12521430494607136	-0.23053713485904992	
0.16375484169605245	-0.17531993028120454	0.25133081251158923	0.19204937549349743	0.11864904594644196	
-0.14599276938827377	-0.01689697756512577	-0.1982627847611723	-0.009704349023903153	-0.19208189075621007	
0.05800163832471492	0.020151487985959178	0.0010678980498720146	0.04960376706579689	-0.023732945997581977	
0.044605522674648596	-0.036135275554210894	0.0758087928672678	-0.0005477675876165773	0.03323342198801635	
0.014563755190252561	-0.10286428516033193	-0.04331129391999871	-0.021924636567248332	0.0024587514196289127	
-0.08181634905467401	0.0632193237638668	-0.0704539945282479	-0.07450058053715847	-0.03579980441251886	
0.020273243935004192	-0.10363210267907502	0.024040775633394795	0.026738808091330335	0.09617872827753364	
-0.16294068333116077	0.11180989296714935	-0.0901315977843437	0.031016890339033213	-0.08701272351659405	
-0.053048229707401494	0.05209633063347488	-0.18146983356872498	-0.1265862139420653	-0.23862300834927422	
-0.0059939439174134775	0.08429939482959718	-0.0032176793957540356	-0.0107002312053791	-0.012225962153174064	
-0.09491180200765979	0.010636725667297193	-0.05123530918124742	-0.06759721502258863	-0.06555742091520941	
0.13383761287816745	-0.11397826121905648	0.18443969350899808	0.10118847803460092	0.26598508348891997	
0.06849120273999831	-0.08745482485301873	0.0027398439610625542	0.00032057369291634653	0.09056926079768027	
0.09427708692479726	0.057957072064537735	0.05543952720621835	-0.025966830357514945	-0.007981373782620154	
-0.06006978363916421	0.021527328338915543	-0.11493121263866267	-0.08603122869062686	-0.17641482130867955	
0.011342404987181134	-0.007227719541354474	0.050316056106741246	0.00651783988628561	0.02634259816006722	
-0.05108866534008383	-0.06532994147683024	-0.005165442476198245	0.11721483758764653	0.007399094814907979	
0.0536338843658083	0.06993396022256722	-0.004004359874431699	0.0021576671087953974	-0.09036713187848162	
-0.03143974143338292	-0.04416914144335944	-0.11167370769699592	-0.0022793220017477273	-0.12502644434939703	
0.0513903323883581	0.09631038475453924	-0.14200778103671485	-0.11133717554190362	-0.2030078878445079	
0.016357464462202487	0.0187368375056255	-0.08218271210971971	-0.045587054078912684	-0.010373617714020797	
-0.03114407031884429	-0.013070595599369345	-0.11781477267188649	-0.0702672349118715	-0.028872872204736152	
0.05134876847419933	-0.1072466584761203	0.09123248078212073	0.05333569296659912	0.05608409498226569	
-0.025446287957691077	0.007514218083935645	-0.000994131533591529	0.03576362886576547	0.05739586279216661	
-0.04084167767390392	-0.08382049352876814	0.07980571666358278	0.11671877226852129	0.03422597348946518	
0.11221149021814864	0.05835857829897655	0.10003504584403153	0.09652479356361666	-0.07773012391643934	
-0.045693218997016734	0.0673949204260177	-0.07656690172021016	-0.0075617829701432274	-0.1865249058383841	
0.04900191426595147	0.03603209792380307	-0.05205709474188807	-0.05015366122116018	0.032854895380141476	
-0.048999774789796356	0.05482159266113859	-0.061218909527773265	0.0375386616045034	0.00940748846472217	
-0.08463871481738348	-0.04719383109377436	0.027174210789871707	-0.02485662801390463	0.02431441808485486	
-0.022093016045755073	0.09220280827975512	-0.020055516293936017	-0.027564418231404923	-0.09791741580034607	
-0.02559605369748328	-0.10652354391039916	-0.09779932188769228	0.027811719141567146	-0.1582944404619224	
0.01794241470549561	0.03182714221111191	0.052500455384221816	0.06780963994840035	-0.023730965937854148	
0.03604030187382334	-0.021855019669427947	0.13453705645669553	-0.03335828521888613	0.015090707854018597	
-0.06137516446457209	0.016460783877997993	0.01619504688221194	-0.08119005616004331	-0.014843238176177151	
-0.06904720070334297	0.0445771329535162	-0.017527462646370475	-0.09776097479703232	0.02908546459796004	
0.01532967256354689	-0.010448841511576382	-0.021580890696945368	-0.04817021430557634	-0.04840387043648587	
0.14653326874940228	0.002094366293359976	0.004083767972564326	0.10421985214870937	0.11375585786944932	
-0.007643189714843294	-0.0014766138254527644	-0.20971783048016698	-0.15418476532963044	-0.26764784365284305	
-0.09250203743749635	0.05075724620582951	0.029535420108224297	0.017891039668327478	-0.0246282453404961	
0.04646351036131957	0.0337787259327251	0.0660764800776984	0.11389152976648705	0.07276941253556157	
-0.0790893973184676	-0.117181157805661	-0.11831639977014141	-0.09471357300282392	0.005715458002948529	
-0.05111165044258166	-0.10106708273496626	0.0591455842458992	0.00281920564437675	0.007059057661103612	
0.13654322286592382	-0.08782402901933256	0.14564390484902193	0.09583012489858535	0.2059628205646384	
0.03685514337028125	0.016127515233680768	0.0088726524169618	0.10440826390158889	0.022329459076169407	
-0.0022055597354330276	-0.07998721715235638	-0.04988051791141983	-0.11110374352201664	-0.04159994036954164	
0.008968046001828133	0.06141043673487252	-0.039040870925477006	-0.13228625479857725	-0.15870860058676775	
-0.08568871916040081	0.0031952672220040383	0.02520414751085062	0.0784806848979496	0.008492267021816111	
0.02635692847830203	0.10133693675448657	-0.07699245878231706	-0.060814665322747166	-0.17207830142690486	
-0.07883443724762086	0.03388961429903377	-0.0880203191645666	-0.046533889064783875	0.06890773296823277	
-0.05208778320277006	0.05627041308022413	-0.08716638353952695	-0.01983150252459954	-0.03828091616138985	
0.03207750032011367	-0.022935834267611015	-0.1054218974392835	-0.01022746141272613	-0.04139228937539253	
-0.07012087191262599	0.017683294101946353	0.13419490454509114	-0.06399556043880462	0.05832628523077124	
-0.10114495727146909	0.10155248294058539	-0.06730437116777632	-0.003604448549282571	-0.09951739676859961	
0.021677311435696813	-0.08217444850059255	-0.1234778287305485	0.007782867736152859	-0.08590249817275449	
-0.06664841029056316	0.10234105814139026	-0.12093671432425115	-0.11446002181139867	-0.15792784814560257	
0.023487633030881035	0.0882542369198295	-0.0353952260852784	0.033234299736854794	-0.13012738782486402	
0.011769588936577223	-0.12999139054699985	0.0914299478806825	0.009255466760194037	0.1625537337106361	
-0.08477623795929491	0.05517879823894173	-0.16942182518237026	-0.023839035822714353	-0.1914998238370595	
0.08541045627822776	-0.06800907467504853	0.004655331854662352	-0.006488760354307182	0.11347630656656163	
0.06381207427035496	-0.03928489129800851	0.005347459074803006	0.058469692238456154	0.1408769814674712	
-0.012585008571410903	0.034687194477307844	-0.00939467634507937	0.02451183817718498	-0.11851576009130742	
-0.09802734846957922	-0.10560480409857252	-0.0954990579563359	-0.015438467692485115	-0.036425856228871144	
0.11004886502793308	-0.1107475326823166	0.1207223639498343	0.07513565298859569	0.10357592838775088	
0.11983469824048107	-0.022073279749466025	0.09432045022954408	-0.025277039976947576	0.04094476078373473	
-0.06079185302980569	0.067212239462644	-0.09614263205638124	-0.0634826611693752	-0.19727037939573208	
-0.09123273571367006	0.04271233522750491	-0.05074210149450337	0.09293049712845095	-0.055687423507767446	
-0.035609950319362246	-0.00813056964481407	0.026749363526735695	-0.002681309627432357	-0.07470129103067416	
-0.08042239103696563	-0.004553543272998755	-0.024954473307273118	0.009761827254128039	-0.16273648166680538	
-0.0724591504552576	-0.02065449171940838	0.08309985215371699	-0.07726076083238591	0.09506579190721666	
-0.05195306176496677	0.0006619440210600528	-0.03660861103725106	-0.017851560347651983	-0.18659938441266638	
-0.036887159905033544	0.06846728807412632	0.004345348106059002	0.020227494200313258	-0.08989468604632472	
0.030851002819285375	-0.07716187670164865	0.04465629761924946	0.04782821268154004	-0.011278776421951716	
0.08430583987896173	-0.08444901082288339	0.0660851459150467	-0.02895486264220319	0.05717359769226762	
0.01659030442465882	-0.03965407088811336	-0.02485203043178034	-0.03092157876248381	0.12626097350413332	
-0.0540317484466423	-0.0005758356106142148	0.048265458656190356	-0.0620096408116406	-0.015357378237312213	
-0.03181772188347458	-0.10489525874304943	-0.0024402631091017158	-0.08230415380846967	-0.03386308293392253	
-0.07526690228480346	0.11382880611144304	-0.219776911653623	-0.12835879830993324	-0.2723898424421167	
0.08939846773060922	0.03491859611294801	-0.005046558031798249	-0.0354277342016064	0.04307941887627262	
0.10194208580776737	0.02843970265224355	0.18627655860039874	0.08182254837388919	0.05606248735199344	
0.15508169339025032	-0.10173793653813513	-0.011872495442315332	0.027518308553409733	-0.011013168281925913	
-0.16707068086820678	0.019560279524518977	-0.16843938566057515	-0.025226981067926216	-0.08616732350276933	
-0.024587357803366097	0.0052793953000078945	0.08528275433890015	0.05463561947049947	0.03697522760574256	
-0.00363678107362638	0.02211583544337112	0.12427527006797706	0.014091011202739718	0.07502461200098162	
-0.0760781089686661	0.030948136855324444	-0.07243276622044165	-0.023154023314466088	-0.10529684619113118	
-0.0983353276414358	0.08380449610349906	-0.08904312072809378	-0.021568257457380422	-0.04865130811817878	
-0.05676902598022409	-0.07728449556998782	-0.0627031965633608	0.027329007621300267	-0.00815487657550815	
0.03886989035910054	-0.15452225710884146	0.15606443327737304	-0.01719550663646462	0.24731961152759904	
0.03231421903966302	-0.04718409678655149	0.037757727783291534	0.13624090801229577	0.07319035566905115	
0.053610682158452515	0.010727350253710884	0.0013370313273257958	0.05509972516313448	0.04622862617552691	
-0.10558389257726464	0.09849237000867106	-0.33004873324307304	-0.06873257411117806	-0.3194132757544564	
0.027487002736817766	0.008248048038272927	-0.09890503658134048	0.009060600013768022	-0.0853651869866361	
-0.0019754438444453	0.00017335428495020305	-0.22298346423448348	0.01378547810366563	-0.13206366626061336	
-0.007968575569024977	0.026251480401151696	-0.014275663806887958	0.027058954106185345	-0.12567656647125391	
-0.014033707039250685	0.06463740066451905	-0.13583065205567507	-0.07730816914229424	-0.11241204943268797	
-0.22786988483300125	0.1131056507120095	-0.16050652667872337	-0.17236302067393258	-0.2704429898115377	
-0.08961004878182184	-0.02661362769775072	0.036287521021967924	0.0016923647155956487	-0.09291328644737057	
-0.006038943587911353	-0.07579894136119394	0.11230725098208066	0.02033473862593518	0.0660437521720596	
-0.035913886075799206	0.04407440373670134	-0.06383208889245975	-0.03329502485092005	-0.023036708537355326	
-0.057836941439002455	0.017142517937611314	-0.07119198113122428	0.0137354602488418	-0.00320218181715587	
0.10208749003398837	-0.01128981681184215	0.14469449287990016	0.14023364731552493	0.0967817425834189	
-0.049700346877330645	0.060875736280315444	-0.06615713438532826	0.020572828840165647	-0.09724562769764765	
0.04577445843964125	0.03606618732820807	-0.026658567388067756	0.06189648151208848	0.13713464466389103	
0.009860499633732369	-0.06369879353635084	0.06311286218351995	-0.03417574639638674	0.013050641847036708	
0.08503037155722354	0.018123241295294284	0.11904737440988136	0.14999823415455182	0.013380514422821425	
0.046593203499213635	-0.06793547501948789	-0.13374072483693838	0.03333763649991557	-0.22794042935684816	
0.09610877030831895	0.05300892444711249	0.013054151109680584	-0.04725976577109276	0.0802582445699569	
-0.008974173013196238	-0.07939453536832025	0.05881586105368112	0.06041913338522695	-0.024861727962008633	
0.08385640030221196	-0.051712228755606146	0.040571708999674036	0.01614083399281565	0.004216617280403021	
-0.004048200551255143	0.05819135114045831	0.026213503898876802	-0.050228081045690674	0.008333780850240415	
-0.2601951390765217	0.11118598201239856	-0.24301200180883792	-0.10815709678686372	-0.2848480588336951	
-0.11975688209325787	0.10759301112734412	-0.19704278890585009	-0.13833287839781497	-0.3173267971202624	
-0.02688856107677847	-0.06037718162597763	-0.022392076826743112	0.021396941571026104	-0.016620113983887748	
-0.03987781811984576	0.11570957413590258	-0.0810316662171996	0.08415282718678253	-0.04398291749133796	
-0.0019183591495292287	0.003325956385729346	0.03139290925827298	-0.04841410629927644	0.06731475378024758	
-0.09406043670360104	-0.002867506644717694	-0.14691095575161076	-0.054465359326272916	-0.18479259082861296	
0.08989759212272716	-0.05435602517606561	0.03285851398696735	0.0001424823866085999	0.08175305709306802	
0.2134676609448641	-0.16606220635131327	0.20022568682465047	0.20364056509046874	0.21834285221815833	
-0.5565232413996765	0.2614935861998244	-0.8651712157560522	-0.5440584371887692	-1.1077250051048542	
-0.042743625709457896	-0.09937764403975015	0.1435477756777654	0.007349276510937169	0.14770348427220614	
0.029137747423421	-0.15287554892528601	0.03341007801885958	0.11598110606294534	0.18961770434807468	
0.1725342067829979	-0.15233795559787067	0.1885463416225396	0.06852210494599718	0.1653646150212785	
0.0007632291929050969	-0.08835281992439672	-0.055899908310588366	0.033517701241614364	0.1227356047010955	
0.05070702762195984	-0.037581976652069526	-0.03833787923632721	-0.057932425214221386	0.06844929180042851	
0.20463256677852998	-0.18945256583734263	0.14175335017961788	0.09517537144649761	0.1875784759041036	
-0.06702344726301089	-0.042715711906010825	-0.057388713742740516	0.05305034079647479	0.02558148575608162	
0.10576366350110201	-0.022000713083281793	0.08221065119486916	0.12792337285647398	0.1274127903376368	
0.12455133385833829	0.03265336813316128	0.08742549676538786	-0.014741938650134945	0.04940913684069703	
0.04933035765430776	0.03977156770358979	-0.027932585930203674	-0.12319587293009136	0.06184126085186964	
0.06515773984499018	-0.006512332989940002	0.050131844675999654	0.073291314951119	0.13586150416491297	
0.07183530040575016	0.05364067945920277	0.12297715543271164	-0.04692200153833881	0.05979677150327039	
0.0718643222424109	-0.20591160574581283	0.18203504755277067	0.06104069742728481	0.28828088866167034	
-0.013432622607630437	-0.13100800393830037	0.010420271382380128	0.10617489715519039	0.17714242383677803	
-0.011220313618501447	-0.09170132240320503	0.05554131947527962	-0.01720646642608905	0.07857252083399692	
0.15300499976471163	-0.0800697187175751	0.11349910389669515	0.17391417169529774	0.17402382344499376	
0.020474037102217096	-0.008935321853968316	0.11375130687328927	0.0726851092808061	0.18071874452341496	
0.009287423614936927	0.055582901959728266	0.04852572153751128	0.1277844606634961	-0.008119190453953267	
-0.021689506231045517	0.14146947709561505	0.010299317099487401	0.1135372905125571	0.15053737973036405	
-0.9785557357731927	1.0419401003485693	-1.437026071019813	-0.7690691091104123	-1.9149785137740032	
1.1339724274138712	
