TESTRUNID EPOCH: 53 L_PCC: 0.8592770128672294 L_ERR: 0.008633346951681529 T_PCC: 0.8125901823953207 T_ERR: 0.011090747594909172
180 LAYER: 1
5 LAYER: 2
1 LAYER: 3
53 :ILEARN
-0.03663540466999393	0.05671719224011688	-0.10942520237543846	-0.0342142769357603	-0.0642304147396918	
-0.3907882501307712	0.024483577441382357	-0.388440234947173	-0.2842721888649445	-0.5080747292819467	
0.04087356722281563	-0.04809628542349687	-0.029650647294456243	0.1252481375524913	-0.04969729018280974	
0.24302566194624012	-0.23187711837721117	0.25942947455948445	0.12384120022419463	0.2413834551258017	
0.08184499587951762	0.07442300403803016	-0.0641519393957085	-0.00936321587823566	-0.012120443350546633	
0.02448990790113812	-0.2806686922237085	-0.05720753001118769	-0.06211980603360994	0.15357461613345033	
0.061254377793289884	-0.27523286156556254	0.32585986007403744	0.17972964171811992	0.3268257560420545	
-0.11047738608095822	0.10996176565687718	-0.0646635994209595	-0.174347116795734	-0.06951285782537012	
0.0006703592018972922	0.0217923810094825	-0.20494373307110725	-0.02776342794589876	-0.2171617585361824	
0.04633843155198484	0.10128952758812873	-0.06159048355157158	-0.008895690903928017	-0.1035918383451353	
-0.08705998537223679	0.03120430217089749	-0.12749441453081067	-0.06463853706316203	-0.08005081190660114	
-0.4257137229450806	0.07496414873599491	-0.4496391953589672	-0.20022222726014416	-0.4127239808378527	
-0.16159050349138904	0.04512304486373946	-0.14700922309436715	-0.12849609534233605	-0.3216482708814998	
0.19278495239870627	-0.0310459077189387	0.07152957051747035	0.1692455532264972	0.10761214414133335	
0.07351429422316298	-0.15512552416568665	-0.05214897216806167	0.10966989833890274	0.0806235176383396	
-0.10498677729033241	0.07833560420851866	-0.09837648477778042	-0.006737169575691696	-0.04666134332903159	
0.07378290952388109	0.01170014060958568	0.0327351988063317	-0.052930760191860125	-0.09062157449998977	
0.08342226177779137	-0.0496219441685637	-0.014903283252683478	-0.004592678927306709	-0.10253710246141576	
0.020981916619719675	0.03392041039211088	-0.005759609376216304	0.04086437580990871	-0.017161078678848272	
0.003450304508236185	0.10150975626733753	0.02266750684879039	-0.06894470974135074	-0.0053562986543064	
-0.10476960556043358	0.14348500256618257	-0.12120490445777544	-0.12337584908100788	-0.1450421138898706	
0.06991365615411518	-0.20526950578929387	0.1902662829090831	0.055842564438398114	0.16647656036301747	
-0.06299948296539795	-0.06817602562128709	-0.052454069026455025	0.0001588468653939205	-0.22955652439799615	
0.10269606585552171	-0.0057672665486531	0.04023095544691689	0.0662432593058625	-0.10029801676776114	
-0.050590023679466016	-0.1401401516208338	-0.2080816732186514	-0.05858375591896941	0.0006649853746402666	
-0.14670202826520662	0.134634921559693	-0.14685033046138518	-0.21688781319845538	-0.3143355366527307	
0.01408284040989365	0.1309745467331998	-0.09075977232472827	-0.14002261793026863	-0.07640773652250768	
-0.04822849783785895	0.12719216036639536	-0.19122106426936009	0.0023326790717930713	-0.16336990364426446	
0.0863377318329962	-0.15028717838886865	-0.019068656425477285	-0.03278096080078973	-0.005634270204399051	
-0.22822601056418831	-0.008636475218038201	-0.08340347326388554	-0.05039935745291979	-0.2613783609858579	
-0.22499587358698725	0.04810524963984693	0.028810852595484337	-0.10403206265100165	-0.01779678830535321	
0.08744997570941596	-0.1329191066599571	0.08352569175503438	0.1315390184237988	0.1431173202676364	
-0.3031933268893852	0.13278803308912518	-0.19161595875367024	-0.11670112099454509	-0.36226009553338995	
-0.26025743198404955	0.04746158945141076	-0.2921895848874319	-0.18337896198034487	-0.378841115919508	
0.06863131480812956	0.08821275973694889	0.010923068572611319	0.03652241752334125	0.003357098173590039	
-0.08455985493101528	0.1803233496149024	-0.4363879525890139	-0.2917630626794424	-0.4604758918487059	
-0.18344639719036496	0.13482128627726353	-0.41612736994330296	-0.3699246752724351	-0.6272405616487535	
-0.09146129498385852	0.052178364663331714	-0.26974706423270206	-0.18350245020149503	-0.3271332320187402	
-0.16115578484707452	0.01231047294375487	-0.16275298378602773	-0.08178822335708705	-0.21137198710342953	
-0.05671646311669632	-0.0057611369135562515	-0.2704597376992579	-0.07983826065999917	-0.19285826946104018	
0.13000762826824502	0.021166551348078825	0.0027704681316132493	-0.014208115625501602	-0.0993202429246791	
-0.09520397091286609	-0.0366412487376719	-0.18563782868641032	-0.009040036798210926	-0.24228449682401232	
-0.07779756302437321	0.18542307714899556	-0.2521240565117753	-0.1604909580195529	-0.2739537530388755	
0.16573929485078434	-0.1722138306202161	0.3381958826728516	0.19655830211624722	0.1612252044383323	
-0.08250981432823123	-0.08930678987988164	-0.1733652798889692	0.04702304401996495	0.009619254491377707	
0.06219688075873097	-0.03694392450919658	0.012793541787096994	0.009810981033582663	-0.0963039725116062	
0.10245516234273573	-0.11956889637750227	0.17963606001497767	0.028548325578725844	0.09030526317232962	
0.008682414496320063	-0.015690292861246482	-0.1522691096241409	-0.0902312930938104	-0.10236620989699169	
-0.03699432433378927	0.05078631885359802	-0.056871367847375315	-0.07377971549936369	-0.04378213784610006	
-0.01819705767466148	-0.09686005621162548	-0.10700520489920747	0.0071700928406379	-0.025553133156505273	
-0.15130962653062074	0.1001817173983623	-0.1167440640701676	0.05461743540862742	-0.11855797919015558	
-0.08439994519449501	0.05940583328108487	-0.26765608098955396	-0.22271882167057375	-0.43698951371589717	
0.0017092137299348682	0.0453941055133651	-0.0722806588063407	-0.0005891679497766038	-0.06842542601425157	
-0.10112435770204606	0.05121022335154605	-0.06503289415760875	-0.033071499557386655	-0.07211541957812947	
0.060439264053292835	-0.07678215315546723	0.09782025617681475	0.013024682463429532	0.13408608382971016	
0.13605421276636778	-0.1331692479600675	0.08444683308547019	0.018322997938081502	0.19931672913189738	
0.08489026890879132	0.08729856804869941	0.0057363009830706186	-0.06631640849578474	-0.051737796640463705	
-0.030424242766155726	0.024620282351666516	-0.09179427826831299	-0.07848152892233047	-0.11843762556936659	
-0.023224877454594943	0.036152824447346264	-0.025037368237778475	-0.012919364667930913	-0.06686144921282502	
-0.057800243970848146	-0.1044981597326188	-0.08633843898001964	0.12114352067599528	-0.03900425345732676	
0.03031774881516578	0.08571668071013018	-0.07630041616311393	-0.026583927938696184	-0.12059500156105891	
-0.10034822851468028	-0.07777872541921696	-0.23427745907125155	-0.0295912799181967	-0.2287928984982767	
0.09668356388106734	0.07365874775125024	-0.18996204859569	-0.10935492146891801	-0.17551950382445913	
0.09154651988689445	-0.041951095698999685	-0.11489453099055537	-0.030927064030807944	0.0076062399454423935	
-0.012519147535487402	-0.013741598492807632	-0.10986199589776642	-0.06254669355158976	0.04066054426937866	
0.06598428167207859	-0.24661852983449456	0.14567664047215917	0.15132665205955886	0.15079148335710127	
-0.0667886104506933	-0.07080833209365335	-0.10422187455285896	0.030970710788579305	0.003415503763761853	
-0.002324773422158504	-0.1344753059295591	0.16516820182046626	0.17504499087669506	0.14100000277014746	
0.07930076776134883	0.015883345394582665	0.024723243804788325	0.10752507756197119	-0.10366498340518975	
0.03440527132062636	0.1022875350483988	-0.014456824382405614	0.0022912139954085285	-0.12987757564726032	
0.08623322808545467	0.06566324745738392	-0.001150871920349197	-0.009770328343627475	0.05919690913740287	
-0.049214915580842566	-0.011703030489799033	-0.10073637865795868	0.05972800428531544	0.03168276505588061	
-0.12510581234540175	0.02913104651539232	-0.056386992061683	-0.05048366875887423	-0.09972174761836003	
-0.01709754537191057	0.08908228724349901	0.07348592816835443	0.0057829958245364296	-0.021111924882256983	
0.005129271333530289	-0.08621531440895067	-0.15580095127354418	-0.007699913821953904	-0.18334764145423962	
-0.053658730929972684	0.11626716413381884	-0.12691514443697116	-0.00849654488472398	-0.1656517500444799	
0.07555312045471825	-0.057479089760794064	0.15798944384810915	0.0013914823725581552	0.08788143720151077	
-0.1323572426908498	-0.03870007404164057	0.03948655097257228	-0.09999108232754848	-0.16230787533243704	
-0.11239629137024819	0.037273145689821804	-0.054621474968723674	-0.09947129240353335	-0.02940959178733882	
0.0472774284266061	0.046537576694227235	-0.04708354099350469	-0.08626506782847351	-0.07890766968253421	
0.026719113912456016	0.004544566513605979	-0.09207626080819871	0.057736242894931435	-0.0058967884787254924	
0.09452949636725992	-0.04891516225041764	-0.2890793578408081	-0.15616757535340584	-0.3545480555985248	
-0.04288369350927134	-0.04040083121624384	0.024165315008303035	0.05235373269236719	0.0015047998317474216	
0.07215945892068201	-0.03773852864921813	-0.012660159326596143	0.11035276284111833	0.012372942860200888	
-0.16942249925969052	-0.11434443987014603	-0.12864376233143623	-0.11271823329183905	0.040512384412063014	
0.044265519034611706	-0.23143079382296877	0.09787224662642213	0.07528370339988137	0.09812241971900106	
0.29052635525125314	-0.27986936785665795	0.2278617051093218	0.21399779479665448	0.35223841004413065	
0.005676826051729058	-0.05745677032069975	0.03490043714148843	0.16549125615682977	0.09809088382195025	
0.08696232261830325	-0.05322124448352634	-0.10913440568426985	-0.10099461224059349	-0.14345006590103704	
-0.00796656966691813	0.08582648284914562	0.02521557583390685	-0.17083214111557032	-0.11424284905713109	
-0.10344602724073192	0.046769218933806186	0.05992758847612296	0.057617958859727654	0.05314008915184397	
0.1075646824445304	0.017061761559152917	-0.1596137899962511	-0.039926622376314974	-0.23763017657673433	
-0.09889514110904617	0.05331258036980861	-0.07672317348951288	-0.06465916817697925	0.07958809711812663	
0.031785414949053736	0.11894111390725302	0.02480335718443311	0.024846404847261413	0.05019957518132845	
0.000495264907203401	-0.007826498595942753	-0.1775607993243145	-0.03462586700413328	-0.11573550367866114	
-0.1677479573523753	-0.019285084845716408	0.08640066355194305	-0.06501982885120128	0.03771065608707924	
-0.12351769623640756	0.05457414460729806	-0.011558360758445057	0.011252500695089408	0.002972150653424661	
0.06836310109208098	-0.017278465263997383	-0.1393912612246058	-0.01166242127730782	-0.15428314062439882	
0.041239553577746405	0.1622859336824519	-0.0755425480360221	-0.09204167165867166	-0.1588462451765138	
0.011444231850833937	0.0704574274102345	0.06199853199711198	0.013633242972298619	-0.04636940906067431	
0.035471729093748926	-0.24369389580136955	0.23766284471418106	0.0910944589275167	0.3468090060455157	
-0.14557636064285304	0.0579666810420168	-0.20788919089947394	-0.08977765451539381	-0.20400521326427612	
0.03516480054620514	-0.06787486232068363	-0.0954622704800592	-0.0238426363721612	-0.06100934181095672	
0.09936883787095704	-0.10195254295523476	0.04500077723104825	0.10564942412846531	0.16863339570604044	
-0.015222299475668253	0.05747807551054567	0.0667360978522216	0.017245732717265132	-0.024288273120144737	
-0.09865988651815828	-0.1934905899674555	0.019390436887427216	0.03388021152617573	0.1058391933695777	
0.14065101405205319	-0.198598791634776	0.19792003259958726	0.1445641157267901	0.23485457801477702	
0.14998764712558338	-0.031721661015127814	0.09190554053513764	-0.022873799816934662	0.007122967951889523	
-0.06923718036565371	0.05727370748773778	-0.212522134944727	-0.08479508777671378	-0.3367637391611792	
-0.08070506911567304	0.05145555855330433	-0.05097675959166047	0.0921029245218779	-0.02307163098694746	
0.002218423763572846	-0.02324399411690878	0.0266576846710162	0.004330145187269846	-0.05050533186313129	
-0.0953903799852907	-0.015771367207498246	-0.02138422385606128	-0.022773251049187836	-0.15202492667228745	
-0.06754458172876	-0.04306127276381566	0.07710549585662803	-0.0680064287442561	0.11852564635630296	
-0.02577062959675317	0.06071483835195215	-0.16125719141924055	-0.05654934628883895	-0.2986680426984329	
-0.06234154132075564	0.03764433312989856	-0.060417670727380704	0.023361253657691376	-0.1524123948979946	
-0.011506819288445989	-0.1500563933589751	0.1203433389410174	0.061394173945706926	0.039128094366101346	
-0.027331298768551844	-0.053418527307094045	-0.010117191903425209	-0.10310173463009445	-0.0732098474973799	
0.06824514897344407	-0.08506243219212346	0.001627271074186505	0.0030034062622851495	0.10913264929208172	
0.00573473784969896	-0.12322373938996643	0.12975870691891478	0.02575922055493965	0.14892732065622732	
-0.04781527213802942	-0.12190757802583659	0.037668363307862184	-0.0715459421044865	0.05658281246630357	
-0.1179144648085603	0.11681491221240516	-0.289010637343186	-0.21697206080293113	-0.400648790271121	
0.09917697730394767	0.044019392226109205	-0.11035469375907328	-0.055646167315673546	-0.05449166906929475	
0.13293743959076385	0.016851522620151695	0.173638944563725	0.06864401658389231	0.024803203000095836	
0.19308858395765757	-0.07660265054442376	-0.025408687648436838	-0.0050412507686614415	-0.09060499372138349	
-0.20672327459005996	-0.010066016475310136	-0.15325548216396556	-0.07158396674260514	-0.0003063089195331193	
0.012205130668991045	-0.0380192507796855	0.0505511389096979	0.089781131990621	-0.012351585040187952	
0.05271329066946571	0.010136652604369623	0.09404788670933932	0.02992810416389229	-0.016045616789558743	
-0.002712216038254911	-0.018472608397378333	-0.008424172060118947	-0.026688838117812468	-0.0007284365118946329	
-0.04490974286889185	0.10751995707943049	-0.16999542512588034	8.740352474214953e-05	-0.13864077881550096	
-0.12539989943115296	-0.09876225079598099	-0.07955092626648172	0.039092533767601176	-0.0031843933912339023	
-0.00698868382641388	-0.23422158270501856	0.176429699514756	0.03692987570687212	0.3450226454896195	
0.09495740691996553	-0.12998761155457236	0.07427527499061842	0.2123506689194064	0.14160090031761216	
-0.005940558719799304	-0.011774324661277917	-0.07016406840689221	0.07920591977335358	0.0005199158228548909	
-0.12260501982225987	0.14956848370019687	-0.3724331726520346	-0.10486507633554085	-0.4084775709518048	
0.052687589784106224	0.044894931670775906	-0.07460676984440955	0.015720752979351726	-0.13900323188701466	
0.02469319400443006	-0.019385884906271484	-0.2088576233633663	-0.030137427477498698	-0.12988518957669468	
-0.0396778383408606	0.04352192984440913	-0.09934404224936509	-0.03984329405039718	-0.22456704154150944	
0.053372070229982006	0.03314778916273347	-0.1986359098506723	-0.05374701916694583	-0.20528629791909772	
-0.1809358042595256	0.06820237947914512	-0.17531987238890598	-0.14176407342335096	-0.2926927938671933	
-0.1461895308616532	-0.04798747874196856	-0.001973057544767238	-0.006861650116172495	-0.11623328528828424	
-0.07466204378593759	-0.010307338443652649	-0.02611246750641014	-0.06784998241937482	-0.0917698583112813	
0.01108464211000729	-0.031217930694059044	-0.06021694036598088	0.04033363360183117	0.036667857266952576	
-0.12485836031341079	0.15707830502805165	-0.22951275353741069	-0.05451773791246294	-0.172486761221592	
0.09731719185011065	-0.0736230646770842	0.19345129464615243	0.21916924517014647	0.18246410987788242	
-0.041532069385814184	0.050656947813820935	-0.03589276314039009	-0.006784882255122975	-0.08937751089066119	
0.011740465278816352	0.0284349990212568	-0.1166701992035432	0.06930372567508171	0.07127437733095468	
0.0033455766735384696	-0.07649285454191566	0.020783582984675784	-0.022156225501059352	-0.039435505526418016	
0.06940798672764094	0.009928278886549412	0.14383814779963494	0.21476233703135986	0.1609605921080153	
0.13274411352266993	-0.1400063653702137	-0.07333496180386129	0.1314553751628642	-0.1497854192980262	
0.11328484634422574	0.06614958321658734	0.011529644859668188	-0.12295573669318886	0.06095152393954474	
-0.06323935718001522	-0.004403472336813236	-0.02569031609321857	-0.04216768774425257	-0.1816573012740855	
0.07506779486554896	-0.05377040291815446	-0.09389080992532368	0.026028737735327035	-0.12333025674552112	
0.02800816031884384	-0.008422097292029284	0.11126686416517813	-0.019853398943211267	0.1145349089638954	
-0.24003524431221035	0.15512694117790396	-0.25276558812717814	-0.17024468877330232	-0.40609062979995564	
-0.0708181058964145	0.1097799249170643	-0.30376630894139706	-0.18290154411900122	-0.4647106532122414	
-0.07902891192017465	-0.030621059177917326	-0.08596093934690276	0.009653306064722554	-0.04976427875087061	
-0.08060728792343062	0.1811702123130595	-0.1236210381524407	0.052578597929615466	-0.08612935466224193	
-0.016301449432739753	0.005969062943013825	0.004240857009566252	-0.03720782135810932	-0.0009046264436705091	
-0.04221714076270379	-0.019995545609541063	-0.1342442288183557	-0.04628484303137907	-0.22161326139667095	
0.1096610839753028	-0.050067016538631846	0.045828366538706686	-0.07152176823872369	0.09554543782062168	
0.17947110308545117	-0.1756970359722919	0.1950620541875577	0.22083300332667782	0.21194938054138676	
-0.5192467535016317	0.17696243154893	-0.8159063405104056	-0.6266511152047516	-1.0959076916091504	
-0.03387788643162688	-0.1683260431483171	0.16374622818415546	0.0397091664959737	0.15802420076671922	
0.06732604233272257	-0.2520846192656696	0.08896666533546921	0.17910020660484197	0.2539996397042047	
0.13800200612090824	-0.1271456805960873	0.10460657998220131	0.04760861161283292	0.06463676910596303	
0.017929583270848332	-0.1802979310112131	0.020147350639563365	0.08088411757887896	0.19609337645068053	
0.02221261467623686	-0.07324800301296673	-0.0627456815622224	-0.06186108673377127	0.014630654053958879	
0.22255753467514572	-0.27745806936407474	0.20066121304172121	0.16244427199806305	0.26678721292283264	
-0.06917316669520554	-0.03832405469087341	-0.08892913828297086	0.01721267781713095	-0.02511692567888963	
0.09018372006077212	0.07827188653478499	-0.009144889088603038	0.0996244568986658	0.04399449158222971	
0.159884368289735	0.0972863332984918	0.06550435393739834	-0.009712100457587709	0.06106663582942174	
-0.11143950481123382	0.079584994448111	-0.21578610706325307	-0.22182969231741936	-0.23418550323998694	
0.0937310924014839	0.03585438617485675	0.05474942264590094	0.08084728284600613	0.16446287409447327	
0.0701062226802624	0.15856343547544044	0.054692484303427165	-0.0956782392456828	-0.004384005705654139	
0.06181561284561447	-0.2437829987067046	0.16774109294590242	0.0947181004039982	0.265263918749468	
-0.020433310894681714	-0.1794771003518781	0.015668501035333227	0.13353216978143523	0.17124604387098002	
0.04500260972539238	-0.16055940788490677	0.11574430811206528	0.03723796485506732	0.1564113433764217	
0.17492266843010326	-0.09685085033642245	0.17679771251613022	0.21344547756002116	0.26693255592336224	
0.005727974057890062	0.029079573696209535	0.1279419754800089	0.03500310419958681	0.19296843693239535	
0.001781826681828843	0.13375465906618814	-0.018310316394679428	0.08825007865674321	-0.07094360121360843	
-0.052731259788919425	0.16617834101115156	0.04314148701295743	0.1227397458522248	0.17988116011841587	
-1.0695361075043777	1.4509522555231447	-1.638235817689598	-0.9940636227716405	-2.187443361453608	
1.26366184625233	
