TESTRUNID EPOCH: 50 L_PCC: 0.8573384372897138 L_ERR: 0.008749265233799075 T_PCC: 0.815955958990138 T_ERR: 0.011012003022472433
180 LAYER: 1
5 LAYER: 2
1 LAYER: 3
50 :ILEARN
-0.032992097800833335	0.05396899339792323	-0.10548986535617687	-0.031996299226771406	-0.06104791419687305	
-0.3839297623933586	0.03065695739121497	-0.38823068333147825	-0.2838371096257611	-0.504385888247171	
0.03855338794131739	-0.04062375340001866	-0.02747825098866564	0.12251889060401538	-0.04846143843540986	
0.2431063518204421	-0.22581378421909298	0.26574220752938227	0.12432934206217967	0.24686972017634895	
0.0778862925403166	0.0745266227085078	-0.0653568670589534	-0.007513078685397707	-0.008713074893301457	
0.028262728102098653	-0.2631114335187597	-0.06205676003993038	-0.06324417881181497	0.14139861413810978	
0.06328349863832915	-0.2623227259765259	0.32738978105236743	0.17833101272307653	0.32645544325032416	
-0.11012445399350564	0.10938552822289235	-0.06412789129213013	-0.17310912552149615	-0.07700201870041634	
0.004100545182472525	0.02774201119748755	-0.1985006025967107	-0.028024865783930916	-0.2112538521838287	
0.039730243534333735	0.09920765316474196	-0.0655990647480864	-0.01371073083730128	-0.10428060424445866	
-0.0922688831625256	0.03266336519899669	-0.13312192878864135	-0.0674168914493164	-0.08225321583959307	
-0.41514265625109137	0.08499209579988205	-0.4417352005851658	-0.20081733043747152	-0.41283889314257843	
-0.16299193113233923	0.04447432931694586	-0.147314599552381	-0.12643047598892249	-0.3169624823788381	
0.18226839041842904	-0.02808964825224892	0.06827449773647218	0.1649210179089948	0.10963422320058752	
0.08056679060585575	-0.1514862172884759	-0.04706836186977565	0.11060754035181734	0.07953320462075865	
-0.10294048515035091	0.08215420934414754	-0.09384485404000334	-0.0030999205384507084	-0.04284499496402899	
0.07337824147535721	0.014191603695482724	0.031321254047034126	-0.0519400221004852	-0.0885599615216776	
0.08278420303726713	-0.04558230229074984	-0.010884056348689889	-0.004478898070282717	-0.09693288424259643	
0.014108802009386138	0.03723895550004341	-0.006000436281912329	0.037007483847271434	-0.011846893220646184	
-0.001670919486793545	0.09759231733766914	0.019071980555148575	-0.07218128523572348	-0.002657649630588925	
-0.10746560969637592	0.1363961695125397	-0.11979204930918663	-0.12575657720119024	-0.14527328650866164	
0.06855231190749528	-0.19734159864872866	0.17496071182027806	0.05594938005171092	0.15588423501179446	
-0.06600451118819843	-0.06509187958886853	-0.05257454266924576	-0.0016787763000645055	-0.2280322538305344	
0.09962328803869028	-0.0009062174713673289	0.03882599764682068	0.06339458723928418	-0.1011417129896965	
-0.053832339973318745	-0.13865104781795903	-0.19768224184498084	-0.057943499122105585	0.00474172061840324	
-0.13787237224534796	0.13081195428626402	-0.14226958485457095	-0.208778429843991	-0.3050299397105654	
0.01365940848547757	0.12984878897028518	-0.09014399271309305	-0.1384487735282523	-0.07347868347843849	
-0.050650969257883705	0.12319891015229391	-0.184112836572455	0.0026569628786417307	-0.15282039552280632	
0.08319029455420932	-0.14326494179580915	-0.025614535834373862	-0.03476259556841385	-0.01214681098715083	
-0.22173267245031092	-0.01063088436595265	-0.07670395547660627	-0.05048880674378199	-0.25314097170193434	
-0.21833115950455972	0.05209720432022315	0.0289726273302144	-0.1020833477732377	-0.01888672088485652	
0.08728373447645058	-0.12782210893524398	0.07420725263525008	0.13065292524297573	0.1357831745781411	
-0.29393174550457063	0.13129448777039174	-0.1880346405459089	-0.11170915723315548	-0.35315452243569934	
-0.258626701281813	0.04494664104264028	-0.27971255681184626	-0.17958804417648136	-0.36744115780031	
0.06490978882795075	0.08855772762120848	0.010298493227149947	0.0338328655436159	0.004830799455697335	
-0.08904806330589583	0.1811385601434693	-0.43242907603790703	-0.29279319058290276	-0.45633295207460084	
-0.18489849612892761	0.1314974172002822	-0.41032769150516785	-0.36589314838836035	-0.616239427173833	
-0.08976957541868281	0.05303185363764259	-0.2640843655567855	-0.18064444497756896	-0.31868742501886915	
-0.16010680079984824	0.01254213837500466	-0.15718020912098327	-0.0803071781654683	-0.20568912252618932	
-0.05324089308720681	-0.00989986190908519	-0.2621352761693613	-0.07976461778270683	-0.18229269337379267	
0.1283200401289843	0.0191720578264858	0.011542801073051442	-0.010081385311788626	-0.09158464138574161	
-0.0943549729067161	-0.027600501429817483	-0.18796293520854948	-0.008365639986867556	-0.23319338695965333	
-0.07604167763336299	0.1835681980155777	-0.2468828844219377	-0.1567453866698247	-0.2672123825532927	
0.1671733970517179	-0.17310530939226185	0.3289786723256882	0.19857900138857776	0.15818277455117402	
-0.08363725713576642	-0.08566104917217847	-0.16707660952071127	0.044762610719131624	0.0037640343277843013	
0.06369111303561782	-0.03230216903640319	0.00792975354513255	0.01396136129232481	-0.0892606491939454	
0.10080747862135468	-0.11404824809864172	0.17338400236271348	0.029525576755966478	0.0913806577319697	
0.006909504057131056	-0.01885624931481159	-0.1479277720929817	-0.08854751495481533	-0.09927453619173629	
-0.038252208092540575	0.051269210592711355	-0.05611985554933056	-0.07305032098591531	-0.0411963757413941	
-0.018027065744932503	-0.09139410873871862	-0.09981694319536702	0.003956109826136593	-0.022353601915144756	
-0.15170557777920413	0.10212993439003636	-0.11248874289622975	0.05194995688544915	-0.11724690855780949	
-0.07958150004049058	0.06341495578500475	-0.26463113451975584	-0.2165084634613187	-0.42139118609349085	
-0.0006540913870122347	0.052689319059310465	-0.06891368100994039	-0.004921386745689646	-0.07149371476943629	
-0.09985439636179419	0.04730176719128956	-0.059660809656161	-0.035741270922872555	-0.06998013447312458	
0.05980674252550747	-0.07345438873430107	0.0938694809101396	0.014387608910333966	0.13601038454594683	
0.13191868161501313	-0.128146522022377	0.07626179042935884	0.017295990842296913	0.19090610207837652	
0.08402054662912492	0.08948058166144607	0.005657544547553587	-0.06634982471096415	-0.051802956213339635	
-0.03204454056354734	0.022643333670643768	-0.08930712321121041	-0.07983238089923664	-0.11846166095249976	
-0.02408772362679855	0.03465422107232165	-0.022936180895983954	-0.014608797394301817	-0.066689234476592	
-0.06106844835501733	-0.09508422450852268	-0.08324961239985147	0.1159298562218444	-0.04114253263113469	
0.029064832885012788	0.08906360244194586	-0.07095053727034263	-0.02753086794646998	-0.12213230174767473	
-0.09360489458300364	-0.07310615982329614	-0.22487764630090665	-0.029988974118629868	-0.21975871027287677	
0.09412173965771795	0.07839239052468523	-0.1866205419239694	-0.11158614933332729	-0.17884366465892007	
0.08509431384613456	-0.033067849094990075	-0.11397648963498745	-0.03393270375961137	0.004280267672150635	
-0.011359269768631542	-0.01395921066522072	-0.1068851716515685	-0.06269921744890673	0.03886863328313792	
0.06517983007262206	-0.23523477821390076	0.14229859003688386	0.1435730485114395	0.14833495066905303	
-0.06768203759134392	-0.05938772298668574	-0.10137863806537246	0.02775358137121571	0.0007772145296701494	
-0.0034473131093270006	-0.12871333770467763	0.1626357126818144	0.16992578784427215	0.1371349961055248	
0.07962791604048032	0.02365787546666398	0.02486188175148389	0.1028322200308932	-0.10382017218054744	
0.030860227928964794	0.09876080900049633	-0.013128546840138781	0.0045927584633942455	-0.13063795284203367	
0.08326884802951069	0.06311808897171337	-0.0038818883686297673	-0.01297475593649128	0.0579277072260171	
-0.04735131927702997	-0.005547301214471787	-0.09345378909045485	0.05790802618461356	0.03392319203495503	
-0.12130021988968961	0.024058860666238257	-0.04930467999074537	-0.049157515439773085	-0.08864656612045745	
-0.015476699899287006	0.08677299899849952	0.06650072567572822	0.005271238093446638	-0.022549596639647222	
-0.0017650261896946268	-0.08306533818414244	-0.15264165486479433	-0.008798088994030402	-0.18225650943121602	
-0.05264463222619154	0.11268556069597076	-0.11793049476631444	-0.00752105277097734	-0.16095374142619173	
0.06954552715836537	-0.0528538030452341	0.1540216391666218	-0.0029753381618932277	0.07878705409074555	
-0.12804856618682753	-0.03131130651934628	0.026988015753028456	-0.10077381817018811	-0.15388638201367855	
-0.1099163735895771	0.0394425789051004	-0.05693709417013912	-0.10102973950191028	-0.025350949040203307	
0.04478157476009904	0.043107258331893904	-0.04259037574980488	-0.0825380671436991	-0.07794173245304496	
0.03245625269750783	0.005714048965312188	-0.08778324309066232	0.056887497035716224	-0.0006920105626221149	
0.08653355731566875	-0.041933637222132156	-0.2785212253527559	-0.1570388989672563	-0.34405438220480516	
-0.04380072680509062	-0.03308718878642324	0.026422769674007154	0.05186117898390353	4.5448076972115655e-06	
0.07166958898974302	-0.03266885257955545	-0.00504224267592773	0.112335129300537	0.018223463829404485	
-0.16105338367430805	-0.11382332337866152	-0.1283667364845879	-0.1107615520003724	0.03791028355964085	
0.039482408655280264	-0.22302816878756476	0.1046804278502728	0.07348598955701319	0.10111185764897877	
0.27792905122554373	-0.265812683994713	0.22846164433109023	0.2070793782917743	0.3451018241350833	
0.011308367133311131	-0.052368153745195815	0.03594454428493898	0.16377755151815782	0.09455704690086018	
0.07894385802381351	-0.055747424577531283	-0.10120511817165277	-0.10390729472228788	-0.1340687009411976	
-0.007340251757920199	0.08774777012419872	0.012048961152855447	-0.17044713411676307	-0.11935699566304873	
-0.10208625552126152	0.04531072381698788	0.05516232403611798	0.05911135437473403	0.0520531692523072	
0.10023317539383741	0.02708328624852387	-0.1508008156183119	-0.042614786593802245	-0.23182885520618968	
-0.09876933301755986	0.05432572790895057	-0.0815956117523237	-0.06440903916732904	0.07784579002818151	
0.021412756769460608	0.11568943699186146	0.013744806173665546	0.017517222317401222	0.03925442625328739	
0.004154281316410913	-0.006360608557361172	-0.16766557649520358	-0.037864467257604756	-0.11156424311089015	
-0.16053458466638346	-0.01657216666288467	0.0920121737044961	-0.0655193693036197	0.03844416827291659	
-0.11916577115625185	0.05843908316031495	-0.011302599612511878	0.010825008106108744	-0.0019401637077328482	
0.062177141848779	-0.018327618151452386	-0.14008575671347123	-0.014127932767012217	-0.15170209828345832	
0.029993608433113463	0.15779514724663812	-0.07931295173067895	-0.09755700578935009	-0.16087834807186183	
0.011555453122092506	0.07505585177953358	0.04730248321301677	0.012597924828418577	-0.05406495295085754	
0.03680269310844169	-0.23660928392885705	0.23278657496149066	0.09020532019215824	0.342164071187317	
-0.13764255947704937	0.06264742361739213	-0.20599999805000568	-0.0868095457669659	-0.20699182289241483	
0.038130819429541454	-0.06396712298494378	-0.08695989456494777	-0.025185315057840232	-0.05149783150707533	
0.10290234835796701	-0.09989077343604205	0.051710632890961686	0.10544143438946775	0.1766611271537943	
-0.014007530399278509	0.05631958100581027	0.06288999991222984	0.01926837514455568	-0.029379486133059764	
-0.09085699600157049	-0.18902422644066316	0.02105985826171994	0.03517972435239137	0.10340561830887214	
0.1446311118846024	-0.1948317873974109	0.2012730329220784	0.1420432647627498	0.23431164470723354	
0.14598559340259343	-0.03283556046028667	0.09182557383252833	-0.022872392321976565	0.011055686218392782	
-0.07080566908281885	0.06072482186107958	-0.20380812070374726	-0.08748259973497825	-0.3267823382435843	
-0.08428394994668746	0.055112896234915776	-0.05386728409129441	0.09148412325888944	-0.02812167426373565	
-0.008412748787664319	-0.01703925012952644	0.01513892582123366	-0.0024132499227577714	-0.06177062852000011	
-0.08936756161262584	-0.013476762088390095	-0.0167927760610369	-0.01864253624081562	-0.14932746343381303	
-0.07240523689757478	-0.03711931715160173	0.0724914846101451	-0.07148214464045959	0.10940347539071361	
-0.03449896380352486	0.05941710149609946	-0.16341139705199745	-0.061681371241709124	-0.3005324486444609	
-0.05822668767013599	0.04284317460950372	-0.05185554531803939	0.020943091808757138	-0.14422568604560254	
-0.0027967684936501015	-0.14448534095110332	0.11944917446302473	0.06470544494306198	0.04254512493894461	
-0.01890530127860612	-0.05162315347599202	-0.007790624737006366	-0.09894222918558919	-0.06545432272295912	
0.06555108702905722	-0.07836193548374268	0.0005460671418276103	0.0013136801477549756	0.1105101236015726	
-0.0007221060278068738	-0.10940503468852476	0.12118684533836116	0.017539539685357302	0.13104029544358922	
-0.047621675648258324	-0.11629489086582127	0.03347589981072535	-0.07114032950539392	0.04890923415879907	
-0.1154209125886492	0.12011642595191914	-0.2883885434092507	-0.2135991698981297	-0.39047176333842837	
0.10032225261997262	0.04443785279134906	-0.10128388497381535	-0.056048102363100684	-0.04903778914938538	
0.12792637285942896	0.015334265329794209	0.17127670671312337	0.06890861548787534	0.028586758645948274	
0.18816288474637874	-0.07904075754963578	-0.027439853020768044	-0.004607503392810435	-0.08215181970709996	
-0.20042777068638543	-0.006399213002262851	-0.15149144579870374	-0.06501546459812443	-0.0021160637350372932	
0.012724196773709458	-0.03613270267930556	0.05725797803629297	0.08902198582219285	-0.004617797807338663	
0.048334010948030845	0.011818137932371598	0.096307588786917	0.026725580296903684	-0.008041860049858785	
-0.00761635387086291	-0.015095763072593294	-0.011426623339935962	-0.024372092039890162	-0.0009736875401414278	
-0.04598449496138204	0.10550303696384375	-0.16131452051633074	-0.002740216889226259	-0.13007673477098752	
-0.12132292403350871	-0.09336502717072075	-0.08001552110915479	0.03698543832665822	-0.006666601211766876	
-0.005571111027972326	-0.2218967793430137	0.17391686044145444	0.03209368677602672	0.3302943741722119	
0.09119281982256568	-0.12413628643968337	0.07185453371787466	0.2066530236567933	0.1352896340606566	
-0.0018668042825163026	-0.006953918530642443	-0.06399836899064196	0.07760549314559267	0.001114523056469656	
-0.12028581056453916	0.15228922145368243	-0.3675643259257058	-0.1064568338458002	-0.4029919099964019	
0.04998112705809955	0.04003253714117212	-0.08051480839866125	0.012105460721079304	-0.1365474940086776	
0.022817890761148575	-0.017472819244814947	-0.21325679448179466	-0.029592812984485906	-0.1280999175849745	
-0.04148044914262994	0.04569065925047492	-0.09901659754807593	-0.04060721047837523	-0.22198612196239248	
0.046563741072686786	0.04348089334769399	-0.19362035746302161	-0.06018501988943025	-0.19931743903499652	
-0.1826046359303969	0.07791120168230865	-0.17355631184595202	-0.148676301339037	-0.2924321095125612	
-0.14264418930626557	-0.04229052235998269	-0.0013623136952719066	-0.008697271430657075	-0.11664498740899219	
-0.07278301276033677	-0.012994505226186228	-0.01850521388824983	-0.06340851198511267	-0.0805904270479488	
0.009383872618950306	-0.02273416484662699	-0.055734157037496415	0.03288292031845247	0.03409006454358552	
-0.12187406458587333	0.14631880482571535	-0.21754746493287044	-0.05162679923661415	-0.16078112621693239	
0.096880538044944	-0.06988061701732992	0.19082588139365175	0.21342026224816885	0.17785527935958995	
-0.038965467526423825	0.05582458052002253	-0.03691784586744773	-0.00429465792482823	-0.08760897696692045	
0.01121830628389001	0.030876515235632018	-0.10836292932478682	0.06625289538487217	0.07645634544985443	
0.0041099786152892165	-0.07659476668365582	0.027978081444280798	-0.023820441336978398	-0.03036981726546684	
0.07009925040151976	0.011257966474591765	0.14518627885577873	0.20991843480256708	0.14947177031338657	
0.12941663196822414	-0.13347653981672103	-0.07159671314864112	0.1251300945735856	-0.14811619284610858	
0.11058561150381452	0.06510151733240063	0.006732493863214319	-0.11654387673982644	0.05810485897208414	
-0.05759222049615216	-0.010290725563413174	-0.019436227536789422	-0.03245207596266572	-0.1684418500277434	
0.07375783948675162	-0.04931221939558762	-0.08314228673196483	0.021062194211048397	-0.117118948219529	
0.025299479485899758	-0.0018519854925294124	0.104562249889485	-0.021053188223989064	0.10590983398896305	
-0.2379857514717357	0.15123256220143494	-0.2520041430277995	-0.16492072586579828	-0.3915063636493706	
-0.07915473627582476	0.11748482279400581	-0.30315491219857443	-0.18867552532601764	-0.4574087872483035	
-0.07838735452866062	-0.029856335096522787	-0.08382828859424873	0.00622345357792316	-0.05327602316023959	
-0.07889150049372548	0.1778446889758325	-0.12439746822404647	0.05135501726396057	-0.08675302089398537	
-0.018045920260545033	0.01097519658346705	0.0011008462840718914	-0.04266122092784211	0.0020653762200306502	
-0.045107408162309584	-0.018677078610002274	-0.13501170037721796	-0.0472804035008287	-0.2147752051133471	
0.10753943307910684	-0.050944334200920725	0.04108823100007299	-0.0653864296797852	0.09132852092459313	
0.1802944694191163	-0.173558273361376	0.1936085747363766	0.21876036817879402	0.20949696955227373	
-0.5148454131165613	0.18518446570624927	-0.8163667601034532	-0.6195674811412784	-1.0914635861342776	
-0.03429398101533978	-0.16308303997467172	0.16465464445093056	0.0386633153693884	0.15982587734634382	
0.06410871762586924	-0.24316604737754854	0.08649482292379444	0.17505467325832424	0.2507316836279677	
0.13703798409959117	-0.12477116556866064	0.10745063630722854	0.04527943380074271	0.06814483144930299	
0.016590750755383753	-0.1746729278640778	0.015731639971270434	0.0790072618662882	0.19161056750546393	
0.023756274200610855	-0.0703581746718055	-0.06085775227746431	-0.061365534283806936	0.01867564820208823	
0.22040306983079086	-0.2695920323609696	0.1973533592588466	0.15769806683424056	0.2623536487313576	
-0.06916282269149795	-0.039223758217960744	-0.08625374191994095	0.02031527347657078	-0.01970161196931582	
0.0890160575272833	0.07387144876450631	-0.005652663113808901	0.09854325560203811	0.04575855012836193	
0.15484130639010607	0.0947891556724512	0.06349723571791507	-0.013906556607042337	0.054872216752683396	
-0.10154898030214327	0.0749471972093572	-0.20419175274233414	-0.21483380038771524	-0.21529450099428052	
0.09112742161107128	0.03328198663168498	0.05292048479345561	0.07907201046902763	0.1597418248495247	
0.06865167232728049	0.15459654727842564	0.05294946703464808	-0.096669796585374	-0.002697907579933178	
0.06182983939412119	-0.24010880306921792	0.16982850967688878	0.09252293760875166	0.26824496683426674	
-0.020343064852879036	-0.17551196719655948	0.016462010231650292	0.13224719072513297	0.17258578852668624	
0.04130245941354467	-0.1542279087841815	0.11332719995768091	0.03355048697646619	0.15199167150209084	
0.17365830067623605	-0.09506998500919966	0.17031829633783135	0.21047315361846186	0.2609609007832172	
0.004077705939086532	0.031280614086691194	0.11541185016308238	0.034232994685794826	0.1845321730432582	
0.0015941505237208034	0.13169099305087106	-0.01549446324334048	0.08883736630130391	-0.06924963617379559	
-0.05069747077439747	0.15843050019466504	0.04116326152221171	0.12537506287973396	0.1767818142684	
-1.0460269780942493	1.4222339810960742	-1.620678670290451	-0.9888395526659861	-2.1652521957596083	
1.2500009942184067	
