TESTRUNID EPOCH: 99 L_PCC: 0.8228456389667448 L_ERR: 0.015383135716179807 T_PCC: 0.5678530330371531 T_ERR: 0.027301420145795684
180 LAYER: 1
5 LAYER: 2
1 LAYER: 3
99 :ILEARN
0.02203415957991463	0.04785391890411837	-0.044147417428258735	-0.02158080706886472	-0.02196553207490354	
-0.1096362559153286	-0.06312723416472346	-0.057705864599577605	-0.03278301449412427	-0.04218531446332424	
-0.02894170419537642	0.03459071595783991	-0.0626394362705537	0.06836883479997129	-0.10845627140123666	
0.021894319686332382	-0.01613681782003865	0.008064907526997754	-0.07538860015174678	-0.07919689398340146	
-0.0032296221611264257	0.08972083263586772	-0.11029865369187392	0.010015159390865747	-2.693445995272701e-05	
0.061504722289926976	-0.08456663485217765	-0.1142975572645271	-0.07997512152632173	0.04747553662118315	
-0.08961317738815443	-0.014383345945900575	0.08516430464686961	0.0036553492791284105	0.018495393099392556	
-0.07994339391325125	0.03165193615746983	0.020784751711408877	-0.11767399855526285	-0.0011645959705814254	
0.1019148124729391	0.05144025767207081	-0.027405970247092085	0.06500662627605136	-0.08538565302961629	
0.05050110094448824	0.09101026506662743	0.02333361334304165	-0.009140181378589008	0.009023220571358168	
-0.013253430360412046	0.047790842183320054	0.031033628847685065	-0.0031511575745491825	0.10719336568127204	
-0.15814345892149	0.008312967814843145	-0.14344010592688614	-0.019375969395307398	-0.06461251799453593	
0.0016281046786944314	-0.007597566941926902	0.12512822412677577	0.02014035530691875	0.018013109560414624	
0.0765611875083849	0.04582022913740301	0.066774256143417	0.13743135888623098	0.09902438288652302	
0.0674434729582258	-0.070272123338609	-0.07826726032731458	0.05977110152772681	-0.04387705654816489	
-0.061266632274718597	0.08469933590703191	-0.007785761124334915	0.05176265553104994	0.04619825132876666	
0.11415402374043036	0.02895907511087661	0.10562429018900682	-0.010661406763961401	0.0038428702792812873	
0.11741277976655676	-0.004471630021409431	0.12613862418372024	0.060894510567887264	0.06712104728010232	
-0.02940203887775913	0.09873944731363787	0.03824585551612608	0.04873765535350351	0.0346736560167868	
0.0036624302363097573	0.08921890976392052	0.08029691281954214	-0.06797170741762132	0.10056892812208	
-0.06873076367794341	0.002491635890626407	0.04142298727836088	-0.04388745788923225	0.03577741650202485	
0.02477332373316626	-0.0923106061887235	0.08501841329768134	0.0502521605164527	0.10226490789808207	
-0.08151905638015729	-0.0721014150389469	0.06954952544278982	0.038309931572126886	-0.10555137903401449	
0.07076204470048639	0.05729878152956136	0.11371133632005953	0.06313385729440273	-0.04857046186496571	
-0.052497401703802286	-0.09021061910836917	-0.047916990903678396	-0.03779591761441049	0.1268100572831412	
0.06801561383038994	0.02138052529868991	0.13264450334554698	-0.031036080390948	0.04564581247848785	
0.08098299915656726	0.10400955637152659	0.08802572083233567	-0.05723192660788461	0.1472134907249643	
-0.01878095600317342	0.06796210889399643	0.026282879142063453	0.09554471875065419	0.09060665085066777	
0.015368720360398321	-0.06807925366612975	-0.08981372201410102	-0.061310278094173956	-0.08140498295670646	
-0.1651601133915409	-0.0634436965646543	-0.06132013852886911	-0.03400595092480319	-0.21745208207228905	
-0.13975263293372292	0.08774060788277059	-0.05544620863600423	-0.08956018997688522	-0.11963933610591723	
0.06796893336781455	-0.054913910639231456	0.03962443954427625	0.11423300164830591	0.0983485379673715	
-0.15657743846254338	-0.013127654263154452	-0.11337412800613125	0.010749497933803136	-0.19653142970504606	
-0.06211673502028749	-0.0824408640522492	0.03621107640885202	0.03564164554725434	0.04945450837027685	
-0.039251917097278134	0.10177321506318038	0.01686495539750068	-0.015761903362353336	0.005442643775369301	
-0.0028336355556351986	0.02789685071688755	-0.09710738247273777	-0.10864713137194792	-0.09027372100865566	
-0.06303751284634203	-0.06875265371503957	-0.049577055357311266	-0.13036872024337987	-0.16031804563851515	
0.03676473239466391	-0.05801797936705102	-0.009243108288202042	0.007189468044895007	0.05259969160625674	
-0.11447766842946178	-0.09032837432167945	-0.04371911757323649	0.03395110039496967	-0.00639231124816514	
-0.019412563392591002	-0.10799097207429552	-0.17718496153941757	-0.031641305967014394	-0.055782984935099894	
0.06673937356341698	0.009933003933049916	0.05046563010162755	0.01719809745678132	-0.0514365023449307	
-0.008940571563720629	0.022740033120620437	-0.0032881973573809877	0.08432478388557156	0.0772357840972537	
-0.062090532291927375	0.08650675673327457	-0.13944425890411932	-0.10445777241922301	-0.11376674536119258	
0.004593358684964513	-0.09374080929014386	0.07698807127866528	0.06420358731603133	-0.08554231633369837	
-0.0824378887603371	-0.03185903723105549	-0.09341498600254931	0.05769546351899575	-0.05783711102220427	
0.13436936018639117	0.020809758383593828	0.1184568706848645	0.08677423363696732	0.1414053252457987	
0.035150888058284355	0.014741112056929063	0.09920233900461056	-0.023604657296537518	0.06159084626707504	
0.029910811667133445	-0.09376016673099	0.029309455573162342	-0.008279987935296516	0.08313278625703595	
-0.08830494746638541	0.07062030903075867	-0.05428564165371873	-0.09248628773132532	0.004869175435216547	
0.03893297360187093	-0.08442981921773211	0.010296683257615872	0.05342204987372821	0.09234361982885778	
-0.04758842607622204	0.10394316899414362	0.05167143705698399	0.12648694307427139	0.07968066667091055	
0.044910558918413584	0.014536863035495859	-0.011033764368000258	-0.05261442421882742	-0.0080791665667001	
0.07012793481816623	0.07514007390183539	0.07987959711631959	0.054031112517528124	0.09575158329504878	
-0.024100652392347533	0.03746206469116654	0.03298910220902864	-0.008205538019875273	-0.013733402687395693	
-0.07987048126638957	-0.03792327034846006	-0.050975318389075146	-0.03411731717726967	0.003908139116681817	
-0.05105514011431148	-0.06866602758943853	-0.1262249244916538	-0.07736987248664183	-0.05052557732099752	
0.03267080533144821	0.07777462856431126	-0.023387184064777126	-0.06723991265122087	-0.10777958543150938	
0.12128911905419543	0.015368303159553337	0.13481990453891846	0.04912657423642313	0.10359284380941948	
0.008093227786096507	0.0557846253482045	0.033156956733919635	0.0028405586993468365	-0.028155013878929862	
-0.07920938830850209	-0.020471669454774827	-0.07192200986495928	0.10882075959570847	-0.06467312941525111	
0.03376158756540188	0.0748232234019987	-0.004365298573557796	0.00511669535252192	-0.10331563413449156	
0.05163145453582302	-0.022047789747459048	0.008753443756405141	0.048708339700956095	0.03714004274102717	
0.06767707297073541	0.08178308597887463	-0.08058415244759959	-0.08824282447697364	-0.09429223628979118	
0.018210186134774365	0.04993380804488657	-0.033836233175377914	-0.04415131565234557	0.06480429747181318	
-0.03800654141912402	0.024864796480182368	-0.0804211230659436	-0.082832839031991	-0.02266300981103106	
0.1127185796132793	-0.05706456808445184	0.14638662152032747	0.05868196665974831	0.16752785315844815	
-0.01655770888135228	0.057338915571138224	0.0031881371830846106	0.027376124630397673	0.11156753928434264	
-0.1512521547631526	-0.03393229821521477	0.00033759481872466666	0.05234573874024734	-0.0755253531461362	
0.05417835721064013	0.08716907897908581	0.022302971828050723	0.05447197251616176	-0.10881989513276995	
0.03955701958965539	0.040842267115325064	0.04265788838254687	0.06550714073136227	-0.06833020316785689	
0.11235257443060505	0.05163625491215994	0.03837814343536106	-0.018078471960984853	0.11050100889578988	
0.013785246264423437	0.06696595788380628	0.03166856821794884	0.079916000743473	0.15112649840025283	
0.015303606922887233	-0.06691453183527954	0.1499122337726848	0.0338774794453009	0.17416883942315667	
0.023359847016726644	0.09901771068353063	0.021924116452994438	0.008628732459187886	-0.07003326888102475	
-0.10927074106146759	-0.09682207473813428	-0.17137614969295623	0.024007125363771864	-0.2035394071268742	
-0.0747817485795181	0.07076506354241058	-0.03143524033424884	0.020870778865344358	-0.12738573263698308	
-0.09735602027581748	0.009066934323609263	-0.009850691533292067	-0.09485253982824714	-0.1591412846793553	
-0.007565570093545362	0.05824260857901766	0.042420293368147614	-0.06312585752768052	0.048834857418122934	
-0.047900329974177286	0.06054908169882823	-0.02756218005808385	-0.09074813003742743	0.034039074817566815	
0.05784600505328401	-0.02558909584958386	0.04099222943673405	-0.0018455164285766153	0.008678552900471977	
0.0837938629066455	0.06389622743730423	-0.10543068157859885	0.04430124800836984	-0.026730059424590776	
0.13744577087428453	-0.04748238610249924	0.012812498089097452	-0.05863120597271612	0.03723090004018791	
0.025347152307110484	0.04306461515629437	0.18210201963437364	0.09723095290723298	0.16154231068279326	
0.004723227679865441	0.07998581194220211	0.028176625668196675	0.09106454360965906	0.050533749666003144	
-0.07662126902692305	-0.08065759513187928	-0.10231867203827538	-0.08114150468976149	-0.02011419190586426	
-0.05446387578079348	-0.08857892812963764	0.08338416197154007	-0.007963854923625323	0.06814316767540829	
-0.026397311027460294	-0.007215377661919971	-0.016400594186882524	-0.010209427243347865	0.021750153799022037	
0.046847454501979274	0.09365027821736242	-0.015147952155677826	0.09526832487934833	-0.0026801358126019577	
0.1311115685142067	-0.0848206617341752	0.14034867470641427	-0.048379316787634394	0.2198606713662392	
-0.011383009642542744	0.04904435213699184	-0.028077951052201806	-0.11203522671192023	-0.17566630580287207	
-0.1858147192605552	0.007767132557262666	-0.06618044700403838	0.03502725271671821	-0.09645975243613747	
0.09777279187035148	0.09080545112280129	0.042321761638890835	-0.023416746345413537	-0.012206964827284903	
-0.17500227579451647	0.049469160884208475	-0.18396390157655143	-0.09726918389737214	-0.05444561358019809	
-0.008943699061073678	0.09517029477032206	-0.0013350806040880868	0.01590031558640637	0.023212835645861674	
0.09742704467615843	-0.019167047210402317	-0.0081435523771407	0.01768151300052747	0.09294706605459034	
-0.04000912581404426	0.053857402743078125	0.13711453204889198	-0.06121938000268729	0.057095816173250366	
-0.08482189900887792	0.0701720501790624	-0.05524023598067869	0.022928041477057376	-0.0847453452729802	
0.022720252281534983	-0.04065588795663547	-0.08535344166235993	0.016851237228325128	-0.03220013852375608	
0.08239786379741021	0.08950268362767771	0.08572087436982083	-0.017662451527946328	0.08717049654900709	
-0.008678366349701417	0.07850105454322932	-0.04632170788868835	0.043548160281062696	-0.17084486332047308	
-0.06701965244543992	-0.05056792008757254	-0.017210267005982025	-0.05497209092516112	0.036958203513139304	
-0.07455337418246964	0.06327777169083468	-0.13498633079144742	0.027271028072168507	-0.14045984470033285	
-0.003219940199979463	-0.029246369756327106	-0.09430583574979512	-0.05672030990751346	-0.005249893400623017	
0.0349878528656492	0.013105779321321091	-0.013716443659199409	0.04157725723029107	0.1309572314161675	
0.05447981936140074	0.02191587258576163	0.0891392247204271	0.08165065453610117	0.0056500729424339285	
-0.10558234066805668	-0.0791177277806033	-0.11132374112623851	-0.010764774445069973	-0.05115722873069914	
0.09970866568187703	-0.06107538765535008	0.10050304179352584	0.0639604344519508	0.06103265925529838	
0.06115358757916842	0.04301808356557415	0.04118139000767507	-0.07012800784136589	-0.0005520764626924237	
0.017943791011504773	0.05146542314128968	0.019051854513654314	0.008675467150640385	-0.052317407825696896	
-0.11698430093512856	0.045716063067251116	-0.061872846647607546	0.07576274454202345	-0.06836513702322244	
-0.0196343023891432	0.0015930213512800953	0.06005036836421706	-0.010364880894460894	-0.04049158990319265	
-0.03697079098825556	0.005633303670732558	0.036337964294089906	0.06089148667458414	-0.09009939844859538	
-0.14699395136188845	-0.006258628263173676	-0.011778918153473237	-0.13167956704335979	-0.015975335349586214	
0.04175407673822298	-0.010975980093650884	0.08574520183662525	0.029037497479254055	-0.06964745373943727	
0.026478375999860502	0.08043139564528902	0.10401369463464652	0.05117131058841766	0.06429408954610517	
0.05477228693892996	-0.037622725797113926	0.06500800746927682	0.05918670491796323	0.013685191431288558	
0.1096610500702665	-0.055794413247450374	0.10199937489983574	-0.021523164343039157	0.10634956155241147	
-0.007683057295700339	0.06569156988816176	-0.027612561074177536	-0.047545166083303655	0.07153919925803694	
-0.019410427439751014	0.04899216903365574	0.06642663851161096	-0.042654426805890766	-0.013970844976920211	
-0.07391586671479151	-0.07523708969475117	-0.04280020462649272	-0.10897455587020963	-0.08587719601990632	
0.041945746767106606	0.06254713085763117	-0.07624605676683749	-0.04703662414312198	-0.04714928173478656	
0.10488486455441376	0.046333908313831954	0.03737938336620627	-0.025905954557940643	0.08646131744925349	
0.021130165444916492	0.09033117497480045	0.0878546617382534	0.019312614409684896	-0.026994183016623263	
0.17459739118409434	-0.05618005827318226	0.02884780798800698	0.033302921151105114	0.09014983781851948	
-0.10101177612796523	0.048860760256634744	-0.09641664513970116	0.029756852407504336	0.013898968584555397	
0.019530064517331924	0.02959706101138219	0.12568528919595223	0.06464273483632758	0.10973877950611029	
0.05606637240980815	0.058949494935879566	0.19105260432132665	0.036558295095776815	0.18499699610858678	
-0.11767070040665283	0.06712867270577065	-0.09117849505393967	-0.0281239959328769	-0.07620512548037199	
-0.019870161622125283	0.08995208751693448	0.04857676096060234	0.042262599578925295	0.0801471658621141	
-0.07021131926745501	-0.05565688001666026	-0.07725938660689008	0.0067052498785870945	-0.04664629593374814	
-0.030212581697929924	-0.07627042303724943	0.05825142485179575	-0.07738603478118142	0.0871754482922856	
-0.008616075061281762	0.02153169290016188	-0.03007463200898282	0.08557872515140114	0.007776999495175578	
0.01393750894449335	0.05045667949574063	-0.05894863219299202	0.015373912056176043	-0.05376962712286865	
0.06781671961517631	0.04874567516516008	-0.037903668145303486	0.08262164328966759	-0.08355198656044457	
0.06910793801204039	0.01016928345883334	-0.040239687128328934	0.044258301134075105	0.05570077749156288	
0.11765452230465726	-0.041263388119132015	-0.07480225972160098	0.098741448428927	0.10133535983865662	
0.02139765401283812	0.0005978413009938832	0.010138761105555708	0.04332991915679727	-0.05150477985654986	
-0.02397362496305358	0.0447532046333738	-0.05763851327803778	-0.06021205644135657	-0.09190322860129771	
-0.05863355783819285	0.06059419006754062	0.1335898078908579	-0.0300962431496102	-0.02951825016284925	
-0.05712911988029506	-0.03717488243472143	0.07853907028575235	0.011880765490291196	-0.045404156783985294	
-0.010392302908233382	-0.031773060496462176	0.09834849020804542	-0.00019961691575730284	0.06731266823404403	
0.000618782699845284	0.07061913590333693	0.004429177798228675	-0.014314533813639346	0.037011007438620985	
-0.03864415721096548	0.0006806118582907888	-0.006330081846510579	0.03980658387141019	0.08686176354581801	
0.0906415701019222	0.07377413468472414	0.11196415544599823	0.09001857300121355	0.0661682216843078	
-0.004974694989034763	0.08661384724906611	0.03696358989789702	0.06368211680347909	0.004613898773370062	
0.07608997061187707	0.07912637351937195	0.006652774771157277	0.05563985167539734	0.17727742196539376	
0.029335931612157973	-0.0548553111038147	0.1013885561223147	-0.029906071418472437	0.07320079407871213	
0.027669780346161958	0.098595417519037	0.05181332260637686	0.08695258218658079	-0.08037787368337837	
-0.015081702813946059	-0.09360417552750944	-0.16029835014116817	0.0410548816605709	-0.24378680183067966	
0.12789512340802134	0.07691536809119637	0.0668128257125107	-0.02395788891901669	0.1422106246014256	
-0.0356268266222566	-0.07920002550274804	0.04790248172271088	0.05964091313236164	-0.04125757571209519	
0.11944101105710357	-0.006991081704353815	0.09564696461090957	0.013339614491311724	0.050046306827727094	
-0.08070488300863096	0.08922975015717442	-0.05791838791425684	-0.0921018111131591	-0.09833471611271476	
-0.2788089470955817	0.01892467888212929	-0.19319957878225896	-0.03287568029140842	-0.23769422901575799	
0.062174737205238764	0.04717319587420272	0.035965090657982986	-0.010847773374228419	0.03945776509750651	
-0.003551908403547066	-0.02422735762606935	0.010908412017806695	0.02012320630588561	0.01995597089043872	
0.04095266546250443	0.10460461171259061	0.03570771050925227	0.13248537569442473	0.10275194482739657	
-0.07534978497463639	0.06718196250370256	-0.027864503247716752	-0.06992875903239175	-0.019032249425876207	
-0.09434472132946804	-0.039919031754253924	-0.11658565497634336	-0.0005249133581793779	-0.15786455328315935	
0.1556781192068414	-0.03184832517388883	0.12469590949959002	0.03982008089924374	0.19232403957229546	
0.11035482748639797	-0.05623347044413865	0.055429582027270656	0.1001461707868801	0.024869719669102484	
0.020342652171185607	-0.04970387916389817	-0.05142817039448161	0.005711744127326638	-0.14237529968714469	
-0.1278521246649711	-0.0164522906866039	0.05137660586257454	-0.042266743397354214	0.008645164779516856	
-0.0905377109075888	-0.029175670562751513	-0.10042787179087025	0.037863634154502654	-0.0014081775478177899	
0.060865166220302594	-0.041442763338708055	0.06602292936667237	-0.03477084140471652	0.008608185065908035	
-0.05256226155669081	-0.030787314623234138	-0.11789578029065653	0.013541341717715635	0.004420778364860219	
-0.0068114592732106734	0.029521982184952222	-0.09721479023513943	-0.08094605669438969	-0.04087943736645099	
0.06886851221402521	-0.05900869412428308	-0.011073673572371342	-0.010562084629279402	-0.01579630305994003	
-0.22184250947932713	-0.051769543737291396	-0.22876922519050227	-0.015371045517598488	-0.1446415809759727	
0.07792019928993045	0.03430052833957619	0.028097378870994887	0.05360434935863164	0.0792643589579701	
0.15759724994093816	0.04511349247421814	0.12604127016850367	-0.028756885792558366	0.11069818615229628	
0.07855863295467816	0.0909013838625799	0.00790708226805805	-0.07475637927978973	-0.0019908162522329735	
0.07361735601944205	-0.00015485882613065972	0.05445798358560251	0.04940296756652782	0.15273540721902862	
-0.0680890153833847	-0.003279217165707165	-0.05300637797335356	-0.15549230561362978	-0.052550322427403956	
-0.09183620141151595	-0.055079732972780335	-0.017661515634483673	-0.07215058803103214	0.01370811044792889	
-0.10742592468055562	-0.04158678892608566	-0.10653037977822595	0.03636859615733511	0.004430536853873261	
0.0015772279430406409	-0.05607240414804029	0.07959278785867882	-0.013757787550034987	0.08888981819378983	
-0.05489061236154679	-0.005540722496889785	-0.14125478747314346	-0.004367269951506209	-0.08642203563648301	
-0.3193257890024827	-0.0553029028230516	-0.3393670494661909	-0.16095706603490692	-0.24654998792315685	
0.04582171053639204	0.06552321761762604	0.08732214688860163	0.11904823698836152	0.06384754175953643	
-0.05790126186111122	0.07279696850706249	-0.1030128057049413	0.07328476131098564	0.010729674242334668	
-0.7023092402457038	0.018328882237213105	-0.833002192633914	-0.1951955260534489	-0.9378615401304865	
0.5879526123119678	
