TESTRUNID EPOCH: 99 L_PCC: 0.815981502712416 L_ERR: 0.014417541817099245 T_PCC: 0.3740468952749205 T_ERR: 0.028065965218467173
180 LAYER: 1
5 LAYER: 2
1 LAYER: 3
99 :ILEARN
0.016431010761111323	0.04960094059188554	-0.052229955647777826	-0.01242127634362682	-0.03467269498689914	
-0.11763360305276616	-0.06474590358034218	-0.07754562242673266	-0.04751348030361612	-0.04149551066339078	
0.043440493710782194	0.04140642550917427	0.02112801148269235	0.11894736531497994	-0.021395958089248827	
0.039522517531977885	-0.01583127845897415	0.023340725024609044	-0.06496525629786302	-0.0540003910032265	
0.153147596703228	0.10515005037624214	0.08553252867450335	0.10778958211286653	0.17512094480686785	
0.0051957561234424335	-0.09054227004842072	-0.17936246897256222	-0.12465612053158527	-0.01353171034735007	
-0.10090692885385814	-0.01636104120163482	0.06754531298347875	-0.008477096245021661	0.008492273004229597	
-0.07265380070422199	0.034217434525335766	0.02154437061784035	-0.1157624943098328	0.012050397459716576	
0.12161785281704761	0.05232888466572695	-0.004396295798706715	0.07685540169034026	-0.0618361105389461	
0.0257359083078377	0.08837408759245739	0.0014772502489646736	-0.01700761287412224	-0.026477276772481833	
-0.07829311990330942	0.041676287166191886	-0.035763565164976925	-0.028423683108368937	0.020192618492405633	
-0.13312451512853096	0.009413905825833496	-0.12716566700539148	-0.019047935653178534	-0.015913170869190894	
-0.07396718453311672	-0.013839765212044311	0.05041058972524634	-0.011621659667558957	-0.0819835914454233	
0.0016433960693156436	0.039002328046919256	-0.018851649843466642	0.09263454873625426	-0.0031887744873789104	
0.052455207822959905	-0.07363727686170111	-0.1009549946587466	0.0433667971552542	-0.053628858003501215	
-0.0844364186028133	0.08426032785169048	-0.04310893029128993	0.04228230064931575	0.021519460749231355	
0.08252470265556175	0.026892297389100497	0.06017170560672852	-0.02273108311437223	-0.0410851223233428	
0.040732212919990136	-0.011810101941266107	0.036340477265867324	0.010034279656826673	-0.03000649563002431	
-0.07957735778345824	0.09358148934564328	-0.018427913195706105	0.017101808500500745	-0.03180582575913169	
-0.011315711298739727	0.08792275306030567	0.06720429824561251	-0.06977205453854399	0.07663431486300414	
-0.048879889672039545	0.004650662079202879	0.05773037019845673	-0.03408238895961441	0.06524542886288306	
0.050865206727730344	-0.09097851540343482	0.11446255684477186	0.06563661931409405	0.13083271907561717	
-0.03555149381419472	-0.06785844578826379	0.1314342047642521	0.07284089004579428	-0.0483696209068903	
0.0775934220578133	0.057759115058377164	0.1226072400267987	0.07746307307034561	-0.04132020060732404	
-0.10444858631697472	-0.09373122521352836	-0.09936188439500017	-0.05303001317298947	0.059545221273066336	
0.1174122062867774	0.025456584617198207	0.19406537294706558	0.020098424963421138	0.09251952722626265	
0.06192319603507503	0.10197557714286051	0.06778252714525941	-0.05055207970154036	0.11814231303957617	
-0.012004817975136176	0.06878616204640498	0.03293269015058029	0.11101330654485815	0.09022294638650195	
0.09846800585131939	-0.0635021229379198	0.01850663537250608	-0.010321454605967003	0.004182556001816574	
-0.12501446875359482	-0.05965209918384225	-0.022507338881253496	-0.028551776550136822	-0.15400748136727077	
-0.11627566895074583	0.08976731235890609	-0.0308147703633242	-0.08885922075762644	-0.08518351332001796	
0.0944724068159769	-0.05278848386765784	0.07144021438986267	0.13999672338881206	0.12652811878080147	
-0.08514383631308778	-0.0064861106291751935	-0.03299644350886173	0.03350056217468195	-0.10337081695035731	
-0.1182277892278917	-0.09145097660008199	-0.024378179601223682	-0.0166395961616448	-0.028609097581425727	
-0.025013211738946915	0.10287391288394516	0.03025080311960968	-0.005320244191025511	0.023524327824738806	
0.012386816179408606	0.030076618515259033	-0.08217954535404302	-0.10392995431122008	-0.06441130720268382	
-0.05832852978647786	-0.06654348349174556	-0.05125858260076084	-0.14234111767183305	-0.13761321254118797	
-0.0022530316350101477	-0.06247052971557895	-0.06713094547100099	-0.048336528604782845	0.009073864593904513	
-0.11410014013476383	-0.09547507624929313	-0.053172325352535736	-0.013058691749499593	-0.011870469349823417	
0.012417880289959406	-0.10439592976410719	-0.1529465748148939	-0.03453533943261904	0.0030490875446508355	
0.06236232556170009	0.009517700627224577	0.04238456942732634	0.011375365400509692	-0.048455486606775636	
-0.026157185967353017	0.021368441814774607	-0.034677209186567956	0.07320268737818357	0.058663123906809285	
-0.11614787773614743	0.07917750283739351	-0.21481191012364279	-0.15321995646250847	-0.1729762244616847	
-0.016280770425973996	-0.09855447782767089	0.05302828518827916	0.051058995118754044	-0.10930954068308864	
-0.05759470633475585	-0.030761538913677017	-0.06968739487409757	0.07142291945425869	-0.025254916200584697	
0.10818731834821402	0.01832906537485729	0.08525341948019079	0.08763341782687999	0.11006885455540431	
0.02309148487062242	0.011310906828758854	0.0904928730313457	-0.017305875554150963	0.043005230621575095	
0.019356167606877316	-0.09723900274368652	0.01635992480342823	-0.012087556899904555	0.06472557954123039	
-0.1096402740218241	0.06860823467794411	-0.09051468471652459	-0.11362239178755298	-0.014726385759722571	
0.08098206555375355	-0.07684909974363777	0.05735748901981949	0.08244988945499443	0.14045927701947983	
0.046087696115229254	0.11424051298948969	0.1649358948205392	0.20368909601366836	0.17770085849856823	
-0.005578315681312716	0.01039442860572361	-0.08622303104228782	-0.09216121063592618	-0.0628660207712956	
0.1391093282985179	0.08339011213220371	0.16136842286761915	0.10671934151357836	0.17014902279464467	
0.029312792524011047	0.04481844971314874	0.09799376327802033	0.03205760533833339	0.0469714417143087	
-0.1472212955866981	-0.04900834905005924	-0.12035236334093846	-0.10959281741420247	-0.05852595089645735	
-0.036971458240920095	-0.0674403734057424	-0.11733778171717887	-0.08344166886318662	-0.01603941735320951	
0.07138199966277617	0.08091173911084253	0.022614382550301838	-0.05005373562391867	-0.05351510772181533	
0.11105676366971108	0.01599988022526882	0.13154969341538936	0.0540212460361322	0.0848375115060372	
0.030308217065523828	0.05977076315732736	0.05781651185160128	0.02143812898843529	-0.0010650796020235383	
-0.03508179093417596	-0.013296430499717873	-0.020895817437846964	0.13886721145458505	-0.011274912619076852	
0.022173969504399763	0.07383027105997948	-0.010017803923951917	-0.012608121844336873	-0.11214340741243362	
0.04304496950473515	-0.024220508786387377	-0.002516907353373347	0.05369794665271868	0.01693282345911024	
0.09820178469929454	0.08849807632233797	-0.03884012968344639	-0.06606885832350462	-0.042010818128959945	
0.083014162377913	0.06131179524337093	0.04074896621010068	0.014725227801198481	0.15617482556775236	
-0.062964265846208	0.02274646458523058	-0.10545848792059813	-0.107386034461996	-0.04900181735381192	
0.10615994804867261	-0.05919534144190251	0.14581459952563175	0.0863771179282393	0.15419713659345854	
0.0030398217534149093	0.06031775548962513	0.023201352091661118	0.05765134505399192	0.1344453972286517	
-0.12745494346334912	-0.03240890563151804	0.03352470624267972	0.05053799354758343	-0.0324973923594498	
0.03248535106070156	0.08462281775160772	-0.011904954398051563	0.029042296436430342	-0.12619764795153524	
0.0458636233177677	0.04007081548049069	0.05343538391634171	0.07516370281210119	-0.07177740268351085	
0.08519468748717798	0.04714784787158434	0.003873782843582871	-0.019979595719638324	0.06429342576905253	
0.020008930673596707	0.0671398536934478	0.038148072824023466	0.08986438997893757	0.1508395731624737	
-0.013300679616853843	-0.07177071360639688	0.11779410888759523	0.02944622454414502	0.12959902054953124	
-0.054630869065253794	0.08848711690365353	-0.08415467907362328	-0.05490158571601333	-0.17110823650267587	
-0.06758598374621116	-0.09222718842218504	-0.12351370119745374	0.026187991286966236	-0.14312452419997646	
-0.12003120143619707	0.06898220816556981	-0.0710649666511493	-0.02702078406040426	-0.16597978788261558	
-0.09798025361393699	0.011570516211734423	-0.005288364236426568	-0.11575352598929789	-0.14633641016164264	
-0.04903500867459535	0.050268797897233736	-0.01598878119912573	-0.08829497376922918	-0.007850124341410912	
-0.12033706409745334	0.049614212322724664	-0.1288133356381179	-0.14883515236165465	-0.057290332022562715	
0.054639650893491876	-0.026766157423963235	0.042667098775389205	-0.003968137592792869	-0.0028185705649506673	
0.08134739196375752	0.06450624799173958	-0.10970423817110501	0.03834172835349626	-0.024095273175833456	
0.11668249812872845	-0.04679407228800913	-0.0173452977540661	-0.05772662398864605	0.010884907465115726	
0.04048416419059196	0.04998575695977129	0.1905416275983641	0.1385005295233581	0.18320192133385593	
0.04111889215255314	0.08766201726416951	0.06314517584497588	0.13008614596961174	0.10367817795302448	
-0.0638804103165925	-0.0801209510787631	-0.08899453295523645	-0.07685176540709734	-0.00443058146007584	
-0.07732496795234492	-0.08707810126682365	0.05752367393538561	-0.011157109319023497	0.051479942528819655	
0.04993330152276268	0.004331918143621256	0.0653176858302688	0.0490261240104109	0.12617186926651283	
-0.03074952857093166	0.08689029905299918	-0.10380072596750202	0.04695755184481074	-0.09800449833287246	
0.09760184720814105	-0.08522539384260287	0.10104131449581247	-0.040405145388652565	0.1715901603525197	
0.02332542196564845	0.048681950434404896	0.017145840550511684	-0.11330091694859344	-0.1313285705590247	
-0.15427104760656857	0.007241686354298979	-0.02602288088630906	0.02675717483403528	-0.053957193995647273	
0.07572164735464602	0.09261896467937072	0.006975908814260364	-0.021759255219581768	-0.03813284906663837	
-0.15626551521559104	0.04977567267841688	-0.15828818794106878	-0.1062711331174494	-0.02327297873275176	
-0.0012252552342917396	0.08864260826400695	0.018315495203690337	0.02202709623950627	0.005517369446743508	
0.06996192535175301	-0.01975872249856877	-0.04505442067376923	0.002006384516942436	0.06917981112956588	
-0.06285963756566557	0.05391325612030541	0.10596567850621662	-0.06703886295684455	0.03157028865384747	
-0.08583323909794592	0.07229082678383997	-0.06378932911351944	0.008187252071634333	-0.07229317032139278	
0.0004903464082430665	-0.04581106863788236	-0.10650799240736818	-0.0019828366610781115	-0.06546464394118275	
0.04600155698460575	0.08312199482254876	0.05379658509863107	-0.023528230069132215	0.022131904623189542	
0.031368369256601476	0.07986901706982391	0.00306998242813973	0.04615691957501256	-0.11633007718269336	
-0.07432749507910463	-0.0525148042526257	-0.026650326999453224	-0.05747898419636034	0.03167190990041781	
-0.10987602070825121	0.061505961324909396	-0.18523842633461868	-0.019963240045751007	-0.16206399738042981	
-0.03408647367846211	-0.03364206181984208	-0.1443496605874259	-0.090455828217845	-0.03342080388659296	
-0.011865426466663342	0.006891055009546977	-0.0725899074728455	0.01002953864698036	0.07967278386717866	
0.05836478986969345	0.021958641781104415	0.0896748607548819	0.08217866571360759	0.01366440654568977	
-0.20575824755986175	-0.08928339558273775	-0.2178813510675488	-0.09522254155921069	-0.15305418891473074	
0.048518654265473804	-0.06629732499889371	0.04138570557664517	0.021373107148299427	0.008315527427148755	
0.05780313915240399	0.03997008542585406	0.03319899578335644	-0.07072703506720762	-0.0036417875160989852	
0.008437177584457375	0.04982854226974133	0.012288231177627775	-0.002459544293975833	-0.06929700900569692	
-0.06588927942405097	0.050506059529832656	0.001882519253891345	0.1160318444653665	-0.013904314781376062	
0.006501310370924185	0.004788175503453807	0.09759308035834378	0.019279259554080035	-0.022932343561855018	
-0.09446949895658457	0.0007242081944963495	-0.039467942901086815	0.0140845614243958	-0.14050769426606113	
-0.1198026330609032	-0.0032239963648594094	0.026038727788022308	-0.12346023347876099	0.013854488583151645	
0.12103068158119965	-0.0011915499950808628	0.1877644690553041	0.09336139955290211	-0.002521328949067487	
0.00624751296229457	0.07708059378524745	0.08151444830834498	0.040169800448499875	0.04334615871891228	
0.019287964283844536	-0.0423474809017872	0.019551423350928875	0.0413993017751971	-0.02198757720288018	
0.10146516495095095	-0.05771232566081652	0.09245056077921823	-0.016111617682053932	0.09466722590376124	
0.0028360529183673214	0.06727514405051548	-0.004348150946002514	-0.04172848697973261	0.06957835053454502	
0.01659969045403917	0.0539352946672874	0.12059464602738967	-0.014335198829828751	0.0019828276152127383	
-0.03079731092135401	-0.07147110731578298	0.010687634689388301	-0.07476385054470007	-0.039102551784653404	
0.01712805168260126	0.0592625768253195	-0.1033029350200781	-0.06640874897603925	-0.07919488400096346	
0.0870951574362665	0.04341207327822835	0.02004298056630259	-0.035758876823398594	0.06092746201912908	
0.03663661233691678	0.09070673184483388	0.1033670702465018	0.029256531569760307	-0.029039496024401777	
0.18814100608285012	-0.058680706368981476	0.05794422675657166	0.05525291951115144	0.08144027935022732	
-0.04782975592822798	0.05250310274727096	-0.034349429246946825	0.04935252868462853	0.07165630896293242	
-0.009508013998039272	0.02402132797955925	0.10275172185496194	0.06044769465033365	0.0670413195957365	
0.049741287459555285	0.054589114865373045	0.19656298111228943	0.050171863793911045	0.15246758067186983	
-0.18554988314405535	0.05914360574636078	-0.16885404241803464	-0.09306582537635769	-0.14997647622990326	
-0.07158363549563586	0.0807971541817406	-0.024245637992232037	0.01149444101978725	0.004617680365470699	
-0.05979534829222268	-0.05200394725487086	-0.06917145783415028	0.020037317955003547	-0.03446687248448091	
0.006149080577276661	-0.07106672103156741	0.0983886522975853	-0.046755960293877234	0.13172184609729107	
-0.03427451885769268	0.01690611707381027	-0.051424252777510865	0.07736682377395313	-0.035588836900706404	
0.02344079948925666	0.05263576177738304	-0.05190287504166208	0.027407697079813227	-0.04117244843079995	
0.10270522769970805	0.05593663518904544	-0.007485260959696345	0.12053094741773242	-0.03405438251018079	
0.016171929648252325	0.002679032011804804	-0.09356185978883311	0.010192067628828398	-0.013446023447172014	
0.10680752392592995	-0.04401757772901175	-0.08380320886925614	0.09056355126034242	0.08220233857562805	
0.03476839609906725	0.0017077351565019552	0.02513201434108559	0.0445971075503473	-0.036491863458584343	
0.03708684766125886	0.05549629564222186	-0.005276072094176697	-0.025288797761272186	0.03064791522532504	
-0.07132592451763181	0.062110768156040386	0.10823508047638293	-0.020568589553493027	-0.03707881411903869	
-0.05374839929385424	-0.03477036428329462	0.07863107615314313	0.01728685375973545	-0.04153604757098672	
-0.039784200909208825	-0.034398046085304994	0.06895287705198935	-0.008112499641807498	0.026267790710623896	
0.047204155692057215	0.07640750392476503	0.05004180666800137	0.018623659724689108	0.10348372860773172	
0.003479265366263251	0.00634353883476402	0.0421825810751086	0.07174986059608612	0.13956828494468387	
0.08139629577734962	0.07241435769026522	0.11703812125933409	0.10560177540674363	0.0335737784618841	
-0.0020128544812526407	0.08591765611781964	0.03934986504713032	0.06376043221005823	0.00881502329221861	
0.07398834200105468	0.07974799260443627	0.006382607156924939	0.07268099199550208	0.1739174417826685	
0.06235871707207013	-0.05202539289872413	0.14656074944451977	-0.0018895658449244403	0.11005899384032908	
0.02089178940221226	0.09801311990519944	0.045866063716796315	0.08232988840953559	-0.08942503951784206	
0.08147290008132979	-0.08276204648651557	-0.059185055014905334	0.07580994079624173	-0.12745560282975374	
0.07360899873449163	0.07161623249765561	-0.0006684924962548588	-0.04191296850520575	0.070111937540342	
-0.050412238173774375	-0.08146964638657497	0.022191703377481383	0.04234202723566106	-0.05212199248028051	
0.08897679818101843	-0.006116876746791501	0.05084076095210832	0.003180221522328094	0.022383131251041424	
-0.08329896310433473	0.08882008987957726	-0.06920499800395181	-0.09733177926905039	-0.0949045319304276	
-0.22411939432488864	0.02022887585794697	-0.1400650875059507	-0.042316985263857104	-0.15186489615143545	
0.01512109162858937	0.043522679583009316	-0.003326256366259397	-0.039795957970523	-0.021657735614565483	
-0.02947622400137532	-0.02693988054500037	-0.011463706109132615	0.009026587783470794	-0.015636060509615628	
0.03906629458345848	0.10380041928569043	0.0430808160053319	0.1423104276430373	0.09518117700835495	
-0.06376387476095251	0.06668250501332909	-0.01589629596870648	-0.07649571962222633	0.007590574229824084	
-0.08098617308856464	-0.03917215143319081	-0.1017192084035218	-0.013995067547718761	-0.13292266708516945	
0.1088611504161665	-0.0366326177332663	0.07196593159829913	0.03277636285919746	0.12444261963646853	
0.10099877673986954	-0.056911862080513985	0.04267578686539951	0.10194526857872441	0.012419231952046514	
0.023138106125154552	-0.04909609089662595	-0.05319992794894099	-0.0029499741212421103	-0.12382815952427594	
-0.12799090304825742	-0.015849024787905733	0.04527136266172079	-0.04617454715189074	0.018727324249165254	
-0.0778062806337158	-0.027908072793905964	-0.08829951966878546	0.04274985321616892	0.021639149709812035	
0.054958751165335905	-0.04292301149831602	0.058419663698596414	-0.03876651114800158	-0.0021872450307514175	
-0.03763754408060777	-0.028739662127147087	-0.10042978988884683	0.02412689459613877	0.02935717354161215	
-0.010469918454400332	0.028969138965862628	-0.10511273707174963	-0.0890499748165544	-0.036745244123896126	
0.06408927095806716	-0.05966558294955833	-0.020611609302871363	-0.014616020604784313	-0.01618559404097607	
-0.23160903788646303	-0.051238679445999157	-0.25326160432938666	-0.0485236535276901	-0.12148805255710905	
0.09602877539726354	0.036035255474284426	0.05659771937559174	0.08189970241713734	0.07894367969686122	
0.1827910822666853	0.04572566994879234	0.1716700133106715	0.0004900757701276101	0.11522575840049137	
0.08719475749686836	0.09202339405455881	0.015862519048894474	-0.07000661326758062	0.014659065126656871	
0.08052553569860452	0.00037456541891643164	0.07108064676341577	0.0669431825433226	0.1449936063632019	
-0.11547055190141746	-0.008293816408186633	-0.1215525834559276	-0.22056567430139323	-0.08690382317327898	
-0.09209759940956133	-0.05509385131307519	-0.022009200508214186	-0.0727770124106602	0.017401600717485043	
-0.11530837817551291	-0.042305325347158744	-0.12027384348386991	0.027888231379759897	0.0024219304316476574	
0.004875123085428036	-0.05618618283460538	0.08495089688556026	-0.007655348194893662	0.08820825338739552	
-0.05657740609409777	-0.005186022599846843	-0.14692787310389543	-0.008519321061123911	-0.07738340303364237	
-0.3334691963405337	-0.053353449734365996	-0.37689275826509594	-0.21512997548189794	-0.20663004538779367	
0.06393715638937333	0.06760848702398227	0.11370584659094404	0.14549307083212834	0.06938767050759942	
-0.06533314248780937	0.07312146176356189	-0.10991454224321248	0.07030451369181846	0.002091831405991585	
-0.733542324209411	0.04416615320592991	-0.9477041636242529	-0.48254618036707564	-0.8023888986727222	
0.742021531648237	
