TESTRUNID EPOCH: 99 L_PCC: 0.787716783795917 L_ERR: 0.017167677615785092 T_PCC: 0.5594077187734439 T_ERR: 0.023719320066956994
180 LAYER: 1
5 LAYER: 2
1 LAYER: 3
99 :ILEARN
0.028986677577119375	0.0655648634935116	-0.027098316021791503	-0.014439857674156294	-0.027228805499066883	
-0.1511953393172747	-0.1002380139238364	-0.12810665265281773	-0.06578475128996854	-0.07750995530966102	
0.01590580090044353	0.05196179970272352	-0.005738537674725073	0.08765582332934944	-0.06685178889409782	
0.01976594621662773	-0.0201575790894053	-0.0007452950528013536	-0.08340989387393243	-0.08147354303018228	
0.0421638228547938	0.09040336080180351	-0.07168096839957167	0.03534142243622096	0.05918271281965809	
-0.003500831038792054	-0.1237189787555411	-0.19878841907410466	-0.12407478952321542	-0.026743299773039006	
-0.1190878877906695	-0.032844263509317115	0.039594897817484896	-0.020245740253172842	-0.01220318942410627	
-0.07428524188776152	0.015150428621405445	0.01865857449460657	-0.11819077177543076	0.013431078626036767	
0.11478436101163492	0.06251240862173237	-0.017015062246611822	0.06817118027264751	-0.07861864116903317	
0.07120008970920153	0.1302315813086987	0.06185050728258101	0.01407842350857261	0.02188111505839393	
-0.03411279250943383	0.07491883990771706	0.010143871118841226	-0.0013369076169702932	0.0716944036226986	
-0.20229552720099872	-0.050416038857107014	-0.22175640491836843	-0.05893625088678807	-0.09515077722814022	
-0.016598403124456824	0.019060039705614068	0.11798350640057598	0.021466155867783075	-0.02264596325623411	
0.09574995028345752	0.08746086357525952	0.09967674700117012	0.1554368125388052	0.12414714470685459	
0.05127727466218455	-0.07744994695385463	-0.09593378638807724	0.042144478867774636	-0.054480640020566615	
-0.08191214672455836	0.07241189996948467	-0.031285105168790635	0.03685244256467599	0.020370836824052666	
0.09722144795591721	0.03585342044033806	0.08867532044698423	-0.017661928635525154	-0.025276582961921576	
0.09778239190481622	0.0048837559361870385	0.10191801625412507	0.05061536380748335	0.04849349289356292	
-0.02025412241227203	0.12520952261667992	0.056805985931632316	0.05590355509603378	0.04297336244789279	
0.01936550786654092	0.12304412071521954	0.10938029918792391	-0.04838742968592666	0.1070900422505061	
-0.06567286451963965	-0.011229036833183294	0.03269026868573163	-0.04230530769154176	0.052848182108449486	
0.018598625743282794	-0.09687544070112047	0.06803845232259492	0.043980758237252414	0.10803534359477228	
-0.06656207946386028	-0.07379203859422055	0.0796399458391891	0.04645594766718528	-0.0738722758588123	
0.052552210199659916	0.05390617703752831	0.07796893612703824	0.05486812428399815	-0.0572159260457208	
-0.050668324187158935	-0.06900376619285335	-0.034653699794993276	-0.03179866857700531	0.11122266604854147	
0.05164684943752918	0.03417187685430347	0.11271915847670361	-0.03689913449890034	0.032702688737910664	
0.04028126393357215	0.10903163472936787	0.03358184467205506	-0.07345063462482397	0.09995526130959181	
-0.01362006196719409	0.08347313388361834	0.028513262865302612	0.10123023014032863	0.09569457474921435	
0.0784819392412683	-0.03838974676396194	0.0012240815218926122	-0.03660261407381619	-0.009062248199340858	
-0.1569981162157614	-0.08729549237548073	-0.06705689433386529	-0.03188333188914387	-0.19062859332703827	
-0.1265394078837157	0.081035125897569	-0.04657370871317381	-0.08075026434847372	-0.09967257934350857	
0.060858289813279	-0.05281568995769875	0.02368457376012192	0.11119693280247762	0.10006674069178514	
-0.12291470149070273	-0.03232989922936019	-0.0831496037345595	0.029844778340416874	-0.13954541265917975	
-0.07530354728437513	-0.06759423470237913	0.03671467126433624	0.02156784690958147	0.007962524439394695	
-0.046861270026113566	0.09691206468811799	-0.0059621795635792585	-0.01986618992119121	0.009693619889496893	
0.0036863488799535023	0.005120303971870149	-0.10401885959172809	-0.10589483947837271	-0.06337334431030262	
-0.06997362576367727	-0.11062350988635018	-0.08220973903494466	-0.13427869504072365	-0.1406177455892895	
0.03888408410830323	-0.06824655201290644	-0.012870108007413924	-0.004016396016622671	0.0652756909279054	
-0.11535710023653015	-0.12342740200636801	-0.0497228464006969	0.009190879708805612	0.007479685239558179	
-0.01822603665492117	-0.1462296238847943	-0.19787421511969464	-0.035172639477975554	-0.028643326155128705	
0.06559555501709351	0.004272581633533277	0.0401626215996609	0.01727454179046135	-0.04555600382921384	
0.0038279105063471546	0.030247921587853794	0.003541746050705711	0.09288446613039017	0.09427934308995871	
-0.025172910730194047	0.08411881984875692	-0.09260589979586084	-0.08620703191938314	-0.07474946701603148	
0.0373359417420163	-0.07213121207694739	0.1253263410645153	0.08094200668893299	-0.05398805745414482	
-0.06080114018871192	-0.026510502758714912	-0.08160572611000311	0.06862828643616252	-0.028398108440816378	
0.145631224367452	0.04972617240396586	0.14013434070530026	0.0996091826249647	0.14487274698832295	
0.08027325155286844	0.058969984845660614	0.16655507695875443	0.004101687757647469	0.0984968398887918	
0.01296839156686114	-0.09241890679885503	0.006715448461780483	-0.016008643072593857	0.057626129426631714	
-0.1081727513330696	0.03678298908949803	-0.09480773721168924	-0.10286926166671967	-0.007838315616028846	
0.08352279256848391	-0.06104483826685146	0.06047425651578623	0.07726252422531212	0.14568689720765665	
-0.01151541226511066	0.13880146583120684	0.08893252580890486	0.1509337899787216	0.11052679312173717	
0.05456569117152473	0.01655598793400537	-0.0049319677444635175	-0.04791287136421485	0.010154386483290038	
0.09942545850900436	0.093171751106615	0.10809020273582137	0.07270084268399206	0.12744351082879285	
-0.029156508021748215	0.032709395512124026	0.009781456545694974	-0.008504060376870303	-0.022278357806044594	
-0.19444640455236575	-0.10135590933338653	-0.18490476585131616	-0.11317281445096669	-0.08548076543916644	
-0.03651704944279416	-0.08999403697517594	-0.1209686765962717	-0.07227227047068444	-0.01789567576694273	
0.06366857396471365	0.07919730108367225	0.01208715055752652	-0.05235851740960972	-0.06282105424496559	
0.0758105824226864	0.012159531428715087	0.07217792486438458	0.030232620255281246	0.04904447854900641	
-0.02825163856608935	0.033077361193884346	-0.027055502736489795	-0.015984309220481087	-0.06753604108058447	
-0.03250805793383713	0.0022278029129164365	-0.01921690193450278	0.13361229176632847	-0.007562546970738009	
0.025144593278410697	0.06462454275864006	-0.020603191800240592	-0.0039000249572263175	-0.09971215472088017	
0.027611607172580696	-0.007572653863512751	-0.013319161821428668	0.04079768431510867	0.005829804415377203	
0.08448242644765619	0.09147510496325954	-0.06078936402480536	-0.07692367010503684	-0.05636796761873474	
0.03379231248633357	0.07300282195355155	-0.01515216301808933	-0.029875111159799347	0.09719391397964657	
-0.048724000250491735	0.015531712920697575	-0.10404968804116528	-0.09240621085187321	-0.02447155813993169	
0.10961334717231792	-0.00798024243605885	0.17695084725829058	0.06848398623195676	0.1457509844320452	
-0.013674198873395854	0.08388263986202349	0.017793984055869374	0.0360449581848786	0.1136048624980474	
-0.1380309757165508	-0.0412499110001984	0.002684749318973939	0.05202578760645917	-0.0342930459448036	
0.09156333144720036	0.09858360544858084	0.0799826812075162	0.08022026199845374	-0.06152766102674249	
0.05206976138633797	0.04912960372156983	0.055554151706594695	0.07112607797679463	-0.07106362851530217	
0.10069203662891806	0.06708699558652698	0.02631012614552801	-0.020989466003978937	0.06840922838728573	
-0.013375701224027713	0.07767150902471498	0.005299549395845327	0.07129264718164129	0.12459421432225498	
0.01467698470323169	-0.04674179312066132	0.15957544576456784	0.03713726613867354	0.14827775912906888	
-0.011154470384055063	0.06572462586027661	-0.03911446586365994	-0.016832428227238867	-0.11616989535934695	
-0.07504861373464841	-0.10776726613862868	-0.14298439473367985	0.03590445236052601	-0.1351111992197255	
-0.11521688112920597	0.040779479862686485	-0.08967121443714293	-0.007272726436603672	-0.14257518086875587	
-0.08299014531916728	-0.012983537253716005	-0.00617318751261981	-0.09536805328118761	-0.11563299482837575	
-0.028998573828770025	0.05526206286097363	0.008536939756433357	-0.07773392709902853	0.017951876973760904	
-0.08208655992874915	0.03130394071864838	-0.08163004949719216	-0.11451887080652136	-0.00936318601476255	
0.0644183317683022	-0.02739787218900831	0.043626509474837885	-0.0016710771114783873	0.0071218017477243135	
0.07672941316142207	0.060737084323060055	-0.11307135809618245	0.038160112170272195	-0.021248044426419224	
0.1282184372256012	-0.026509930913368045	0.011968335509716368	-0.061481525682595885	0.024081623310563044	
0.034127441139435055	0.09635420986022056	0.21291947174710407	0.10775431008165319	0.17388614195178062	
-0.006302509651731407	0.0984649541515541	0.02189230107453248	0.08550649134742784	0.052166965985735565	
-0.05422716243652544	-0.0705010884315445	-0.08040411829047013	-0.07122429262923154	0.012164243558923933	
-0.07987240947582448	-0.0794616985298803	0.06645427676572055	-0.020847953780120092	0.04685615764751066	
-0.05737604220316466	-0.021826400920244328	-0.06240700816965074	-0.028316790971764365	0.006768911507311945	
-0.016031219096149425	0.09559353534661648	-0.0805786311685962	0.057435474388973055	-0.07365321114839646	
0.0907029660591616	-0.05767314476563855	0.1011014552502677	-0.06349728588413675	0.15573786730084974	
0.03875048167810826	0.031893804942071675	0.014419872115063542	-0.08750070161115818	-0.10171735535250266	
-0.10651965973126555	-0.008773481399438192	0.01373941664283936	0.0744486326546029	0.003511772701736587	
0.07075048405429457	0.10719024820808211	0.02300498431152582	-0.03381311742459831	-0.0402363718872977	
-0.12736900937492487	0.027952845717234397	-0.13761387088735696	-0.074205059841697	0.015615859800780191	
0.004262175406244689	0.09922822729850958	-0.00653038574086463	0.02241830869154339	-2.6535385175469024e-05	
0.061661567930591465	-0.022754946420206736	-0.04827991070294289	0.0025445586193875752	0.06197019352349032	
-0.03926312511384559	0.08069141173694502	0.15580059050739342	-0.06137966166094264	0.060296425258923744	
-0.020825148251119006	0.08306299553086671	0.02917742683293027	0.050810786621680544	0.0074604133681773245	
0.047500638702826004	-0.03007761988504755	-0.07159078344360569	0.0256350203786777	-0.01923242347403289	
0.07241758458950866	0.11027007676282016	0.07232515173928178	-0.020233037925741992	0.039563625440596724	
0.039889972919105496	0.06125975235169622	-0.004200411577174783	0.06565658773911644	-0.09334270644364458	
-0.08395485138402639	-0.05158019007225851	-0.0424550005451606	-0.063322383289979	0.021296098108971928	
0.00888672913413614	0.08864598242573184	-0.023006885931434337	0.06319641915816414	-0.017586159738692146	
-0.041169238158722865	-0.05471161432698583	-0.14862870854038984	-0.07953545176180599	-0.025066925476428855	
-0.015791210380108514	0.005949147173417316	-0.07622086702997326	0.01243436561104575	0.08419615686266925	
0.03831656511348082	0.013450442334739993	0.05062671531828588	0.07314200058900586	-0.004495902493813956	
-0.10377813116135191	-0.07237404192879836	-0.08046493581851635	-0.015219992537947459	-0.036532055385238106	
0.09586139518797587	-0.053212845997887476	0.10504307591290811	0.05993515065635333	0.0683723395216761	
0.024118595347252542	0.041830487824778086	-0.007864772219576004	-0.08972709110768934	-0.028102161972199308	
0.07239929234180319	0.09382843943570118	0.10519612912188374	0.037995050194731046	0.00408722211335932	
-0.10924613031013475	0.03443082699081155	-0.06371943491978188	0.07942465257185341	-0.07691352051950258	
-0.01863004779159654	0.005097713115237651	0.06166374544341383	-0.004531017665089582	-0.06527062867359579	
-0.007123897257036495	0.026906796479758972	0.08246909033735064	0.07452490982493132	-0.03852699979477265	
-0.10774519101102091	-0.0071884907374359696	0.04302844445086018	-0.10881745373799419	0.01953269862601602	
0.05414183857025618	-0.003339002315481663	0.08280139437494231	0.04526968116298399	-0.07531006849061515	
0.011922901372717348	0.09002646332325465	0.08524479229202656	0.04342662824542423	0.052126926512444445	
0.0027984037827764757	-0.04453973852808935	-0.006130700623538459	0.03577692953724254	-0.03568868832330376	
0.08237019251445722	-0.05312788735110349	0.06617177708436302	-0.03292098182538348	0.07026537139044914	
0.0124550294595249	0.08494666710082127	-0.001461033241524996	-0.03285525899966292	0.08783734589172332	
0.032549384437099975	0.08466364464515685	0.13366074783124485	-0.008063019935574957	0.023781240038856115	
-0.06228509517778853	-0.08115454431482948	-0.039258542180973736	-0.10401426304087887	-0.0864395694786423	
0.05079742208022137	0.07278629708492357	-0.0631425587089396	-0.04265934496030248	-0.0403243552768451	
0.12095752217408766	0.057688660398646355	0.06544144818699688	-0.018683536986381307	0.10100150774053197	
0.016895186058126253	0.09752908143937516	0.08837489526793758	0.012271257506627359	-0.035541010012631706	
0.15834184540963495	-0.031962881063587335	0.029584986622283514	0.02226537875433786	0.05644733010941714	
-0.06619103796394964	0.05758497049015151	-0.06831356805334075	0.04870691993698986	0.06180473001609396	
-0.028808755085882688	0.03495326723949688	0.08217613845207336	0.040647442634500604	0.043563386749615414	
0.04868899469934604	0.09339865697686439	0.20297412651776814	0.03446758276756078	0.15401433102895742	
-0.2028626006570396	0.014294824463920356	-0.21091685075865294	-0.0826239058966599	-0.15540950425664887	
-0.030924157049648387	0.09438241696691642	0.0328322773945051	0.02670886613989724	0.05535052994892006	
-0.030346562607504127	-0.024706393016436158	-0.03798219507181599	0.03607392691888503	-0.0036414136859772013	
-0.009532307301479637	-0.057833474226080456	0.06556732419095919	-0.05546989105536258	0.1110535516866	
-0.020563008669207242	0.035617938028019734	-0.030021584095179923	0.07929619393396248	-0.019879722154188796	
0.022572724204129462	0.062362814615502526	-0.06058864067555579	0.026443362443900383	-0.04418891684555948	
0.16767219406466277	0.11064090315350125	0.08326957224646431	0.14140748680298212	0.02240882657947058	
0.05727235724707714	0.006513861991071535	-0.038105942367992675	0.03383335620037073	0.03795603943013517	
0.16138869779656403	-0.010136331571885964	-0.005152099312796078	0.12114460954018218	0.13952638281474633	
0.09343933464653659	0.031384467224012176	0.10733186804484846	0.08530655551495221	0.0255607331339956	
-0.018113023119274253	0.019639319551685377	-0.07222155265626039	-0.061137787802835485	-0.05049924718781228	
0.04315553476968966	0.12657486308974306	0.2720693424645645	0.022502458110184316	0.07219563009277064	
-0.0016204638773339244	-0.0015345227484199564	0.14132515196627748	0.048361943632877054	0.01391109808293799	
-0.03358935375989472	-0.013113146737001856	0.07579298138477966	-0.010409121254019528	0.029172859396606687	
0.03695616035205773	0.09510253741233636	0.043809413940517475	0.004655284987631665	0.09099552805187838	
-0.09119831749278433	-0.01157362461999413	-0.08295613229360416	0.012924328774276322	0.03790022657428885	
0.07387210161355039	0.11579640398997654	0.10431863640845422	0.08672350632884224	0.02428630344016572	
-0.02753543676440363	0.07966255955185901	0.0015633319769141872	0.04917440882699767	-0.016162455237058917	
0.09016422962070246	0.12417277536571984	0.04024451996944718	0.07152036707934734	0.18351175383974874	
0.06366106762825184	-0.024485319936545402	0.15086756096059617	-0.010405321443565846	0.1084279849896326	
-0.003973378327728038	0.09680773847542645	0.00523681606592371	0.06819063987556882	-0.11030088330982812	
-0.0988332311204829	-0.17752897634124512	-0.31213946910201856	-0.006438287036303394	-0.2924941093769085	
0.1330065204531429	0.1066075926903154	0.08192073395216806	-0.012966902570245926	0.12472476719496059	
0.004819118896859257	-0.0734358484884012	0.09838169520010571	0.08355681950852846	0.005731008577102852	
0.15146537736414656	0.031257560005874235	0.13799614719985603	0.033974006955214575	0.08932675711789051	
-0.059346324356889156	0.09368927938271196	-0.0349905634843755	-0.07696067342504502	-0.0725636911492724	
-0.28061349604683644	-0.07346330429781806	-0.225398941431421	-0.05238485857432873	-0.19479472067900433	
0.071089565870579	0.06297513569743728	0.05015859055606902	-0.007678036644448006	0.04209618335132996	
-0.06277579418426245	-0.02586409638042825	-0.057732972416527695	-0.014785098103629275	-0.0513787065321729	
-0.0020349786834635755	0.10878034374258307	-0.012010258072535937	0.10873884002322333	0.04384066252824688	
-0.071842533465699	0.0457062384548645	-0.03165604891417435	-0.07396348360855556	0.0037448815722930955	
-0.14966182015139523	-0.10348882913965614	-0.20213899966683813	-0.03651965611410481	-0.19485956541806979	
0.14576364100407685	0.00479479947290877	0.12554452029263352	0.04324428702944246	0.1513319270936442	
0.1025755758162716	-0.042285899697946126	0.04422162997258027	0.09975786276024229	0.014937121249109868	
0.0629763784479353	-0.052819427178338214	-0.007264002340736399	0.026189646551469943	-0.07871074277929914	
-0.10928448532694518	-0.015951245859306105	0.06385765516061323	-0.03143273760629959	0.04272281153060279	
-0.06716537560949964	-0.02211354347953021	-0.08169320682202241	0.05060533455458397	0.03779965346763841	
0.050372279925690024	-0.03393529759237329	0.045972984662336576	-0.04145350768267178	-0.002020133342341522	
-0.01754436896553965	-0.01994581929524442	-0.0751046961296231	0.03420856128209117	0.050616923759358806	
0.02044732863050348	0.03360064063846457	-0.0708151056693966	-0.06831228268095052	-0.0007456688177477013	
0.08336701778270818	-0.05012910650629988	-0.001584893985183578	-0.002978526281223972	0.00813160562788679	
-0.14522833066696708	-0.08023571353911678	-0.14766170028393785	0.019789297415060973	-0.02767107371019265	
0.013519848507311758	0.044109586415227366	-0.04760682021964537	0.026001557787983774	-0.007112956563503058	
0.1311050100338779	0.07051820215818687	0.10790316287048742	-0.04187027066910213	0.05884532848726051	
0.09923229148932139	0.09805707728064963	0.02743736927791457	-0.06259264706551626	0.03013214886720393	
0.055932748758999846	0.01839418597187512	0.04424857157464299	0.044101283532499085	0.11677263733683278	
-0.04498824011151596	-0.05502675698636142	-0.03695226379322431	-0.1571077423982595	-0.009633750325249938	
-0.08739896210946092	-0.04930298970659959	-0.02230065134535025	-0.06896350569593289	0.0272817837293887	
-0.0915545314301127	-0.037662694443280506	-0.09458866324396477	0.04448191606150875	0.030872998731720076	
-0.005803970245834087	-0.0455811046355636	0.06861562608487598	-0.016577499238831197	0.07910853451769966	
-0.015861832696668396	-0.013427249318477543	-0.08944990415794997	0.013445130771100964	-0.039905098770483684	
-0.21279210550572544	-0.12405641179180794	-0.2224428011544449	-0.11311866194218544	-0.08074962828323952	
-0.004813028307031327	0.07467073888560342	0.026973786273720837	0.09895311778241626	-0.0022889560957413814	
-0.0619337197979443	0.06173054139113449	-0.09449156765216452	0.07276073302731077	-0.00231409742318446	
-0.6587831059829558	-0.3423264197353274	-0.9843173661141438	-0.2674155699213463	-0.6454438275277841	
0.6578549918396236	
