TESTRUNID EPOCH: 99 L_PCC: 0.8749251197777428 L_ERR: 0.012361318067139396 T_PCC: 0.3485671383111367 T_ERR: 0.031796664048388705
180 LAYER: 1
5 LAYER: 2
1 LAYER: 3
99 :ILEARN
0.047188566424221055	0.062737004162937	-0.0040222396743691624	-0.03280367077263303	0.00704606572225494	
-0.15102202594943862	-0.08095548755558386	-0.1193752425298011	-0.03473375451120879	-0.0945849284738453	
0.003709564765010909	0.042963391459184284	-0.026243686311199072	0.0714936209774805	-0.061685502712081834	
0.03273259438301628	-0.010234064950719515	0.018652160078225784	-0.07986608546404105	-0.06381784397460691	
0.056841496862253066	0.09717826806944113	-0.04676240134190485	0.040105544055929865	0.07339242623510368	
0.002466517937063698	-0.10399954784444512	-0.16788184837135553	-0.08243599584494997	-0.02498892696363213	
-0.12317575538076646	-0.02402453185114416	0.04459950890854403	-0.004948360518506566	-0.022626344863479354	
0.012206213620052874	0.0577288925336953	0.13771924307231653	-0.09396956997690047	0.10781863483923808	
0.060541912697620985	0.043348309400521055	-0.08637378373166954	0.04753677737649938	-0.12756545365711963	
0.002755869153088367	0.08657516835667953	-0.03610222703287886	-0.030264042717500432	-0.05455414679451213	
-0.055392392217518356	0.05012797978046917	-0.012528756636170223	-0.032432490270051864	0.051304544927364484	
-0.1926036528929068	-0.018117368399988946	-0.19701590923287982	-0.0047170482355916666	-0.10461550213038334	
-0.05101957145731497	-0.009550808173007626	0.07993505719561195	-0.007506368656395114	-0.05021326961137033	
0.07523903534452275	0.05823810918384415	0.05328456026286566	0.1088747791716097	0.0949480168333227	
0.034041733333736814	-0.07425114525351766	-0.11661182714435465	0.04881521848280997	-0.082646253088593	
-0.01460567215015537	0.10090616291526386	0.04715756914626843	0.053551867588720395	0.10275316915598372	
0.08973959462375838	0.031093415004455276	0.06505680030018704	-0.026736755657091174	-0.03566362400758027	
0.08822301415957512	-0.002307370610369119	0.09174823172984785	0.03807091165205204	0.024988667736580154	
-0.05941109525426517	0.09920308229098126	-0.004934562588532836	0.022751681711732915	-0.002650468893366895	
-0.04049641480542187	0.08593349844641048	0.02202302718878943	-0.08775725972597113	0.03885629258677204	
-0.06398445772157338	0.002816852960985913	0.0315838812347609	-0.030267657657821374	0.041883437363444805	
0.03702433682234022	-0.08702829524765215	0.08983140937357913	0.046938731392730144	0.1166029120439839	
-0.026537022157845237	-0.05548159677764607	0.13151343257649203	0.048027708625111694	-0.03237542212124585	
0.08545290976585956	0.07179318641987513	0.12001640904534522	0.054240412829456575	-0.028572965084469604	
-0.04123217379269549	-0.0752220214851387	-0.020326088309768058	-0.04893679993544474	0.13729890022114916	
0.056977241600964845	0.02944419404377934	0.10356387139655937	-0.05215456866940361	0.033694763980954036	
0.06201243664805255	0.11349542457008928	0.06206865420843771	-0.0820181131576033	0.12435116468950518	
-0.04582963891703637	0.07406337332505053	-0.02108090708436224	0.07671474338142995	0.05717613573259135	
0.09453142449066151	-0.05311743967479581	0.022059114018301594	-0.06262516051921567	0.019241367633287067	
-0.17614951726679157	-0.08174015402547397	-0.08631387883561537	-0.005908092467555489	-0.2334299669905307	
-0.16187384850415137	0.07213532048578271	-0.09055787725091657	-0.07349645350708348	-0.15014603500605478	
0.08009123947271415	-0.04451332653775113	0.04250642031585799	0.10704591886094704	0.1146830057686797	
-0.17128876495460776	-0.039039647783763225	-0.15142346102957094	0.048615201326939375	-0.21631195405127762	
-0.11879109653570699	-0.09866552042400402	-0.008221871018220786	0.007929313457981608	-0.02905393116910771	
-0.027453656280233548	0.11084561912735871	0.01826803007054954	-0.017514657636200057	0.019430507993965788	
0.04999073595138016	0.041004962688156656	-0.05244728637060499	-0.08214764584471487	-0.022474414199134093	
0.007883062922974342	-0.05787976908638345	0.024249236896247427	-0.08802995337182104	-0.07247109428874206	
0.01299416257171483	-0.07286665804616495	-0.043145408101071	-4.0797456320245285e-05	0.0189422072768863	
-0.14815784167586782	-0.1250194850353454	-0.08522884802030604	0.039661293224802434	-0.05823533073943026	
-0.014213269926025068	-0.12437923931433578	-0.18540962094239957	0.0059443755365457705	-0.05143178150686241	
0.026291268616806595	-0.0027478146921724395	-0.004498109543426743	0.018262016157666747	-0.1017689766753807	
0.032638091445369624	0.03546526837742054	0.04633197084883114	0.09060076670343709	0.12525513468823307	
-0.09160681377749481	0.0627123978787622	-0.18897527174158987	-0.09045140828103497	-0.16295986359608555	
0.02563835377277767	-0.08979813125142108	0.1077225107683914	0.06412004118660891	-0.06460956718578968	
-0.07810988221921918	-0.030978708086381288	-0.09977812779067623	0.055035840099292584	-0.051729890469371424	
0.19682779126229996	0.04527758057064227	0.2171628858291961	0.08116940856181758	0.21598216021569278	
0.12233357603081407	0.045616609605486136	0.22482427952788567	-0.02850344853425486	0.1743087331729073	
-0.05437142502106605	-0.11262504582561146	-0.087548618662627	-0.025769869263455373	-0.039627669160283215	
-0.011545113123659719	0.08687572176955491	0.03915012028219767	-0.05961821462841708	0.08900332400566838	
0.02203406383120943	-0.08605431304702327	-0.021458168839772057	0.04054730674555755	0.08002218654746472	
-0.002492233293977451	0.12483566086956784	0.10956135541860092	0.11042051510313389	0.14665967001442254	
0.0659774154944039	0.018194138484192376	0.011838819130923803	-0.04326896607977252	0.011916053006288669	
0.10387747523936344	0.08656202983216366	0.12193931279765745	0.04953352048225691	0.1446354887063883	
0.014754141023610579	0.05549146651647781	0.06728412203198228	-0.010326587915294566	0.04707779572273356	
-0.1401325555490736	-0.05388741731943044	-0.1200567003136558	-0.030684042004781174	-0.07141229382369424	
-0.048360953724421916	-0.08325979831526412	-0.12865453426695045	-0.046472666874303875	-0.050899584354414044	
0.047923065095862805	0.07372688988031158	-0.004493893956784274	-0.05135238058024948	-0.08470832150558147	
0.1049912427942935	0.024928221565971416	0.12198599459070052	0.02773944347165443	0.08234357207416561	
0.040956636735327845	0.06989932527926164	0.06890569198706528	0.006048615480354757	0.015352140371505556	
-0.08908689168031227	-0.02133807187142056	-0.09158367159603086	0.10023628302116509	-0.06798239258429871	
0.023155106253021897	0.07179379706676395	-0.01677551893370087	0.010113647538746677	-0.11653077142668349	
-0.020038581032747256	-0.031621906246340745	-0.08455341115336618	0.017006253212287797	-0.06627569282908459	
0.024125079577109763	0.06829895115879583	-0.13846659493672625	-0.0900678610406883	-0.14234353081610382	
0.013382505314412822	0.05051427791688435	-0.030785405541640002	-0.06098009486912993	0.07340479443385473	
-0.04946166857737579	0.025462468692229817	-0.10162055225922373	-0.08022270339984997	-0.03761920412332717	
0.1498894427381762	-0.03371928671241265	0.23633232871138526	0.020516741100656103	0.21117021428840743	
-0.021628098277672203	0.06354915664079663	0.009812515090146582	0.003882655445172948	0.10578390969150195	
-0.15041398286270144	-0.03986065366012344	-0.006340540083370173	0.061058533015633826	-0.0678204761286256	
0.016038001553329476	0.0651354596463838	-0.03846647592611835	0.05888457574415841	-0.15799096261533585	
0.0967570446547031	0.0636249248215122	0.12219943852474605	0.07308467476343473	-0.0005401406788031242	
0.1275351014209952	0.06974677000629935	0.062484108912008195	-0.032452075665470134	0.12663127530210297	
-0.03519873372153493	0.0612770438374506	-0.02492532461469521	0.05465049330815639	0.08325035545130428	
0.03371357749486625	-0.051418405111534005	0.18496977857221683	0.0219931099326185	0.1926183884587014	
0.024809407772517653	0.09912124314068793	-0.003751249322905286	0.011704406484054726	-0.07227800603151245	
-0.10145892136692368	-0.10457722253644351	-0.17747531404611464	0.040471756395216225	-0.19559519718149615	
-0.1464545749025999	0.04817147268356742	-0.12590274634232507	0.023084800235366954	-0.2107339946444832	
-0.13916050502349558	-0.010892337551599756	-0.08050468783366724	-0.07147072223190122	-0.21143342209982927	
0.01462518486187945	0.06986407829337103	0.06521640337035893	-0.07947427564386934	0.06871952984115122	
-0.06482850056474941	0.04998841051268439	-0.06776412286561245	-0.0959793205073062	0.0048537700372790924	
0.09968894711523793	-0.009431340845265446	0.09883117205309284	0.010669557172072006	0.054795121170322446	
0.06927219575332226	0.06244979838839271	-0.12392884514478421	0.041953287913863005	-0.04435032123950646	
0.09956789154712183	-0.04424662420319612	-0.036291299844591174	-0.07884286946489946	-0.013185430451559926	
0.05042391341853651	0.0718100562351733	0.22438313364346957	0.06276875872059975	0.20337306821751433	
-0.002030073255863478	0.0891393574690024	0.02508705536876169	0.07507274938788194	0.04545071119150049	
-0.07582316868279522	-0.07774018779684656	-0.11309870548070912	-0.08508685103412401	-0.01769530070023095	
-0.09964359223354063	-0.08973967417982168	0.03175105145345098	-0.01831106943107491	0.011672432619474371	
-0.04921206453337913	-0.013141428205646928	-0.054771942067952314	-0.005829390788246926	-0.0037852071382726204	
-0.035182676765549176	0.0889073763211527	-0.1019578764466796	0.05519870619909349	-0.10889592464314093	
0.11260962395535706	-0.06952154170946484	0.1262336240674786	-0.08668171333010113	0.19663834663344223	
0.043315034597267564	0.049569998602729703	0.021664423494412437	-0.0775318143410471	-0.10077695245410764	
-0.12113752616120169	0.004350115068630284	-0.009142043892048032	0.08597622954935573	-0.011773895046238634	
0.06688006601651546	0.09642131340229165	0.008948997149479967	-0.04316135349793165	-0.054438798100465514	
-0.106485444912993	0.053352761965523514	-0.11711463156394422	-0.05326474499804919	0.040006601179190915	
-0.019020148737344613	0.08993948521629481	-0.03547959526581074	0.0015995606287721943	0.006642420981053457	
0.1414808239965631	-0.002912680477067947	0.07234750307630246	0.011289761547380237	0.13368270958231665	
-0.07079029632198086	0.057971937128867376	0.10498382095592684	-0.08534390619215332	0.018045430017568146	
-0.08059246831328269	0.06477892849994016	-0.06261527482773699	0.038452453503394476	-0.07897022284506537	
-0.0003193035862246185	-0.04516614321736379	-0.13020698660138427	0.007735392952943405	-0.06583169448963075	
0.05999642178169696	0.09393340214334737	0.05575731590153877	-0.04794250344238886	0.056004532175526145	
0.03083024889165699	0.07529432660774027	-0.01619723926642229	0.0769114935661716	-0.11539854748732285	
-0.09053985581182787	-0.05193672464189798	-0.04990909539536974	-0.06528686879673173	0.00744936281109382	
-0.0592184847102727	0.06236722617194242	-0.1262695571644638	0.04241568269718152	-0.11223957329108047	
0.017325872711039116	-0.019194872489813327	-0.0893363234989838	-0.04816920359767125	0.023826766243890858	
0.033205212065333396	0.026544491813661895	-0.01605942813459361	0.025218373979247217	0.12946763463804892	
0.061335558410333404	0.02561529782396953	0.08812664102163699	0.08003945478599797	0.013199774989091187	
-0.10873099559281449	-0.07894925168019061	-0.07568758848928075	-0.008273562500638933	-0.044691228152108846	
0.10608308866817577	-0.05310632864069045	0.12010918375236455	0.05966330947370304	0.07454392992676673	
0.07182337715936625	0.05853782030771189	0.04767232849796596	-0.0870861463584749	0.012211115617302308	
0.08751646712832686	0.07693671331082821	0.12301006293125914	0.004384415475463744	0.04010797836460231	
-0.16026590460211318	0.02438561838818624	-0.1235696805600293	0.07923217178152815	-0.12941241127522587	
-0.0355724117278445	-0.004514083848730579	0.048037119277744754	-0.013968694811467933	-0.06827850631897953	
-0.01744778410869223	0.014641269892068869	0.06600014424765188	0.061028645654478055	-0.05167183967233206	
-0.1578473628351458	-0.023594794740325643	-0.022124091699712096	-0.1112330981722095	-0.03094334865008085	
0.046658110310328384	-0.010022752410941848	0.08549217184034966	0.024783348229369704	-0.07375082896385188	
0.00728809401079441	0.08534061202827388	0.08274394994047428	0.03302935187598365	0.04122632164558719	
0.021329143903726474	-0.033653747486948785	0.018113969947378385	0.04116052922381444	-0.026835108867587172	
0.053690062965545876	-0.061224419503940114	0.022846829662733617	-0.04203719053410903	0.03031633338526735	
-0.004985053945276378	0.07046689395271716	-0.014632256032727919	-0.05801110610551392	0.07127408727708273	
0.01102426879188362	0.0597652470969122	0.11256216531064199	-0.05360089228241446	0.01975379510247434	
-0.12326795904381796	-0.09560313418350086	-0.11480119604539835	-0.11024309914550107	-0.15453679119445565	
0.018829726902384065	0.05917698750469861	-0.10305286697874802	-0.05587069862681713	-0.0784824219003629	
0.14322161813726364	0.06058699934723566	0.08044399918597811	-0.029918429128446156	0.13440793065538523	
0.023749312416689802	0.09412456239140223	0.08800479847208399	0.0021257413902505	-0.02825502926733571	
0.1781377773303235	-0.03955883026500464	0.05022421356082463	0.0007789954102487553	0.09131807031757698	
-0.10019361030905197	0.04677794631416323	-0.11627957351841876	0.0292369195875366	0.007372927267695581	
0.05372410999199431	0.04811054848622296	0.19627856047214817	0.04288166565326306	0.14620070060090118	
0.0728680733974809	0.07985189153835319	0.23013984157086098	0.0025152137887891773	0.19996529657043602	
-0.24207432184760982	0.03286086476441379	-0.2465255242830299	-0.04140170073855799	-0.23100942919038264	
-0.0496897098295726	0.08337315654695675	-0.002180480277124089	0.011449853261479867	0.0306728342178764	
-0.048553554363084866	-0.04552543396572296	-0.058801598967515786	0.004368969082958099	-0.017995356958169208	
-0.025703216745267207	-0.07212522134293223	0.04853847521048769	-0.07860583532755261	0.09652559870756662	
-0.006262368583697825	0.03216681038458061	-0.017152821197975197	0.06564422684320029	0.005126912770444064	
0.022213700661520088	0.05405161067764337	-0.057419450135633245	0.011867787650163853	-0.04298913198078062	
0.10130987958614966	0.060898073075955315	-0.015054928772879677	0.08120083735153279	-0.036771976063832486	
0.10271154672697892	0.02811770963577598	0.03454865916341522	0.05145742185770201	0.08677326859658173	
0.10806992467366704	-0.041820258015191875	-0.08249759504604055	0.08897002742978959	0.0874444674106517	
0.036210516647932185	-0.0005963399057585654	0.022293629391029902	0.05397485054415847	-0.03258808695226874	
-0.012946581553317647	0.033752492618206086	-0.060812576828949236	-0.029679301123987818	-0.07037287106989538	
-0.040261839705242775	0.06877286965612202	0.14237523561462542	-0.04059848053318353	-0.009022874757107063	
-0.035602368682282684	-0.02871455206022697	0.09575458637281249	0.011070830248975493	-0.01768196387743611	
-0.05065054700642403	-0.029646407101344183	0.059732713605375416	-0.030623302352516653	0.014998575058930423	
-0.010288217005094349	0.0721971783701542	-0.014092537798169668	-0.027896970678795534	0.037732973620212065	
-0.07380406416103552	-0.00518385692002399	-0.04530722055650923	0.024344877226188652	0.045352591912442994	
0.0343443060955592	0.07779228734870908	0.05527097571413228	0.03909728119088517	-0.013964014256084546	
-0.022613035590167252	0.08698199600519034	0.008725908076804524	0.05309457303460796	-0.019315424082527642	
0.051321376597336744	0.08585184786281996	-0.0020532874395682485	0.021502961154600375	0.15188569959413692	
0.04016834562950845	-0.047800245355512	0.12349895176677086	-0.045434556826283	0.08817139392641322	
-0.009163859540425992	0.0959114266105847	0.0068919698389266985	0.06711693137839421	-0.12870711708898325	
-0.07603210776710789	-0.12467572158951885	-0.27038873589474166	0.07293054502254663	-0.322570376260508	
0.11917279107885645	0.08840447261563272	0.05685495655247405	-0.04228270475645922	0.12661176082769016	
-0.028532251311605857	-0.08132067751032297	0.03929791743955894	0.07443862875476445	-0.031618118220605715	
0.09522022649364995	-0.005326978580812963	0.07266828641660628	-0.014669650788184049	0.02924314914695314	
-0.08861877798552116	0.08560250642917255	-0.07718938872197437	-0.08324467937456961	-0.10635190676542426	
-0.20803552163248767	0.009232598669767368	-0.1511005263729686	0.041052503239467554	-0.14868436374026817	
0.1323680647506012	0.06694407542540756	0.156116557887402	-0.009308504929132405	0.11910040719207443	
-0.07581643229650382	-0.03212824118466591	-0.0666414796262665	-0.016609279560713917	-0.07137997958275234	
0.01494635940270319	0.10871350064885123	0.014636785743817838	0.10480528656805635	0.06890009484454032	
-0.06130283781567156	0.06766418384481865	-0.025211797195068865	-0.05538797729680214	0.001367483910557197	
-0.14231053584056658	-0.06045677008569321	-0.20300905133362332	0.024377534799358325	-0.21700453022911737	
0.12399126732583027	-0.020586947754114064	0.09254337648112151	0.006512706224036419	0.148235103884069	
0.11848262251672746	-0.04470842848675061	0.0658925821156792	0.08816291462030781	0.034041735326430476	
0.05108245085453446	-0.048070801125519036	-0.023754263648711773	0.028750435183890408	-0.10394417711754299	
-0.10163632520375387	-0.00925238715551001	0.07359178831779513	-0.03127680047622175	0.040593160034666884	
-0.0679130377461998	-0.020056417003091947	-0.08279477490954645	0.04373667010357845	0.026312239641214916	
0.056404204653335496	-0.035050134469547516	0.05938266541323458	-0.05057997093276749	0.002854331814248147	
-0.026836741428565465	-0.023461511329149542	-0.09113358561588646	0.02488331017916714	0.03615231613225801	
0.008635055747878092	0.03313498011520709	-0.08524038613868262	-0.07424244917816551	-0.022770704408098814	
0.07717127353197385	-0.052000269373830274	-0.00882662302459087	-0.013900390289774467	-0.00822710808358295	
-0.1574884505197248	-0.059753260360014306	-0.1660945863810155	0.04898936979693675	-0.06182334690219861	
0.0611941496757221	0.045461445859201366	0.01775361162569395	0.021462724442997988	0.06162419183054303	
0.13064428517223797	0.052020741890775664	0.1121575661745319	-0.06555686274204242	0.08158350333228345	
0.09842257550973083	0.09856249508792814	0.02522286719960652	-0.06914065152686746	0.022105411248222066	
0.07082620318314682	0.00864582767067108	0.06602858269811873	0.029042101095503352	0.1525217893032189	
-0.06579763834190237	-0.03283397509250474	-0.057653198081364834	-0.11256823225327242	-0.04817889684731914	
-0.08156417799943468	-0.04692299050881306	-0.013444821449362853	-0.07555474840615081	0.024692907963691987	
-0.08963918971743019	-0.03541297802132793	-0.09046130897518813	0.04046571802620216	0.02603325947135823	
0.00041039016350079874	-0.04886927709262807	0.07895128913334415	-0.02670572592582784	0.08753365793408986	
-0.08471180067784115	-0.024611359327377225	-0.19170320691758452	0.010912488562360309	-0.1349474688231322	
-0.22681980115281952	-0.08246503929708757	-0.24941310757411642	-0.04156738535085595	-0.12613190530534454	
0.03953311012797892	0.07734325025004389	0.08622421070750906	0.09546518130397283	0.058665422527936315	
-0.05305320704329347	0.06470464029873776	-0.08633596043778315	0.08846645742777677	0.01998932438819457	
-0.7352072437556684	-0.13834443027590154	-1.0611446488275866	0.10669546546222604	-0.9929208704949762	
0.6957915268323448	
