TESTRUNID EPOCH: 8 L_PCC: 0.3628267914164367 L_ERR: 0.035334914777406315 T_PCC: 0.1691407319302646 T_ERR: 0.0322992836722601
180 LAYER: 1
5 LAYER: 2
1 LAYER: 3
8 :ILEARN
-0.013182597065110158	0.044041990496477064	-0.09475344607939129	-0.036916392633722504	-0.06574655484877075	
-0.08584793830079396	-0.061689070890460655	-0.03770291758398624	-0.023683495045123792	0.0007053196764262307	
-0.01584282912099598	0.037348809155982036	-0.058697397103603	0.07598551548999077	-0.09427101404247956	
0.030475050686156597	-0.015528552932597363	0.006217306943993028	-0.07438692313292766	-0.06619859676934382	
0.06294818704220265	0.09431781126426567	-0.03339204316780868	0.04072575921780323	0.0789950217428424	
0.07330294281664837	-0.08240912531927302	-0.10053983522212535	-0.07019762764366061	0.06709909839655748	
-0.08360252172346612	-0.014938486278518914	0.08645123544971949	0.004331868183192615	0.03304548101309629	
-0.04148141032674572	0.03837717839435331	0.060477016908627605	-0.09944234559390991	0.04264632118604684	
0.09613216612895413	0.050301711102116405	-0.04642160744821054	0.05680612689960805	-0.08240362197456336	
-0.0071949878324741165	0.08183589398073354	-0.03677838897580395	-0.03993230443216244	-0.06901282959126269	
-0.09408850373721185	0.036020688704357644	-0.055073749064041666	-0.045190352696862696	0.001367155167557391	
-0.09437878132262234	0.01563535218103517	-0.07851790684957341	0.014116372095451593	0.031919961539955286	
-0.07785799530276015	-0.01715569321235867	0.041170955955319596	-0.015825714750259942	-0.08740604469879219	
0.009002554345219497	0.0332907032346614	0.005166720866361715	0.09056592273715292	0.01959539478676663	
0.0758084866665579	-0.07149716339004429	-0.07945371963783017	0.057927265800932416	-0.028042962297317765	
-0.06787093168120098	0.08566455674361559	-0.03164329485960513	0.04956604520917389	0.04361989566560557	
0.07757434016011412	0.024733369349920677	0.0515956528081352	-0.029466328889271847	-0.044618102113699626	
0.07638866314704945	-0.013036645191427866	0.08838414212553254	0.030999931739572467	0.01951060220700164	
-0.07640597848362429	0.09031258193283585	-0.009327965998957752	0.016357336202046387	-0.01777540020351635	
-0.048881501476024575	0.08073197707516064	0.020061514413893727	-0.0965556172863394	0.029122666092538853	
-0.03695870373175117	0.006217291822464456	0.07360293308161973	-0.029971785762168107	0.07786361750357007	
0.026321214811535956	-0.09650775396144588	0.08794725537961343	0.03964986633983988	0.10177169448281152	
-0.0647124648592924	-0.07197477088600576	0.08739811125849832	0.04034521410165642	-0.08580909217144174	
0.05178862305826589	0.051687967931007474	0.08512706144835414	0.04327855091056035	-0.07456773859163657	
-0.10026308263274947	-0.09330731008220276	-0.10084354761332215	-0.053572491467003554	0.0650840981164209	
0.018036865615015184	0.009518908886677334	0.08297144182297617	-0.06736179907579022	-0.02846831910572263	
0.02040053924678674	0.09406396937292935	0.016541245834732356	-0.09364172592093888	0.06477356577379431	
-0.05289134303560632	0.06248026440658517	-0.02201437565705847	0.07349124701703647	0.04955690082823117	
0.016607955037668088	-0.07316166939842676	-0.08029249617740726	-0.07171202564468	-0.08289646489465549	
-0.08464600654524684	-0.05370568889267307	0.033357834115156124	0.007473951521401715	-0.10700857760871228	
-0.09021664427454008	0.09424003462006372	0.006691823798302667	-0.06277474026621303	-0.0565883053861038	
0.05199654287835935	-0.060672055471950516	0.02058007625818533	0.09671526422273576	0.07402705149456991	
-0.05502814862019449	-0.0009702680434122107	0.01931288781282123	0.06349042545520757	-0.07300808669515661	
-0.10062143005756596	-0.08609073847565434	-0.008608069843106445	0.01755590593651399	0.0074219601244667355	
-0.0374393306845591	0.09883033593814862	0.014191807167132146	-0.02424047115915866	0.008284685823132139	
0.04654366034120689	0.03439980005647854	-0.05075658897830991	-0.08832659871434012	-0.029874371415120525	
0.020520934114754807	-0.05721428088052258	0.04272246771690789	-0.09050060385901056	-0.056184867079673545	
0.06096274165844536	-0.06150123577442484	0.028010072804647023	0.004798327707831405	0.08490266763803052	
-0.049731367810659226	-0.08764375365987352	0.04376236743747255	0.05220594063240549	0.07850326027672107	
0.07930846997153997	-0.09598258534174564	-0.06372393666491376	0.018242052151379633	0.07883640773338807	
0.08722265469299945	0.011962533692638402	0.07863523235666166	0.02635676361564067	-0.026540368712278467	
-0.006414312249401019	0.021989439566420684	0.004066684285944331	0.08282947346715142	0.07785189142577949	
-0.030012010600495766	0.09382006143321675	-0.0793790403282807	-0.08135602243053636	-0.08679695480160349	
-0.0047519635363162515	-0.09435129247582727	0.07999898027892681	0.061319629842827565	-0.10625257671141738	
-0.06724082106926477	-0.032376961465484924	-0.07783139408663782	0.06029422637335221	-0.03529954833830805	
0.08669830898627409	0.016831317560961862	0.07322361120257326	0.06811655029522619	0.07882982969215042	
-0.01046382768703311	0.010126139586675367	0.055365706619834476	-0.04440781863809916	-0.005976575916117191	
0.014834188649125541	-0.09560846121197625	0.010913695779991715	-0.016667431335623022	0.05368748824054307	
-0.04468220220401562	0.07954015504652359	0.004178680726518603	-0.06873081776968881	0.04580357326797326	
0.03009335590674758	-0.08952513786406839	-0.004293904125457072	0.041564191588760985	0.09493150332263091	
-0.09005764853016382	0.09495882911833375	-0.00965554135109238	0.10199862469519412	0.03551297174458218	
0.06083719597254573	0.015841240332850306	0.017727899084799274	-0.046378328103404684	0.009588596237735478	
0.056778222357541645	0.07127530207903701	0.061304383584555894	0.04458369649233756	0.08290354411903715	
-0.030608747278611757	0.03421734460747776	-0.002014869290850441	-0.01980545852114642	-0.010720960877482115	
-0.03107098339505166	-0.03514463828477292	0.006952163490703982	-0.022134449293614977	0.07749105434788564	
0.028946770519340755	-0.0592782333064198	-0.024962213359618273	-0.03609122295239702	0.049455606122333184	
0.07425609373933931	0.08132654558734248	0.029725279814330128	-0.04713102319923193	-0.052256837006356395	
0.07297373559074592	0.006333615447151376	0.06333141743073194	0.01634182674889533	0.04916804831786253	
0.006061757050965588	0.0541945800504737	0.01748602067660511	-0.004972703353061882	-0.028076200640434344	
-0.08010514164069153	-0.024514835803349646	-0.07467619304105505	0.10131277676318508	-0.05462014656365393	
0.059168752423744565	0.07570520102132508	0.032795439551162424	0.01169449483067296	-0.07285714253972203	
-0.005394654571015012	-0.03050737020196362	-0.0535924956577535	0.01942025423297484	-0.03610702100395213	
0.08672679794182242	0.08173087000205029	-0.04399055583849372	-0.07529577062747674	-0.05630276258552747	
0.009432300835570884	0.04516759642214746	-0.044599663786307725	-0.043409676614210975	0.0841181083451027	
-0.022027090765279637	0.024783807790034737	-0.06123811093840772	-0.08306354501528515	-0.005121140941311895	
0.00022832841027839912	-0.06974027802223035	0.030869477899181163	0.012180401679217601	0.03760653978604085	
-0.06633886014451128	0.05030552233028621	-0.048968592404533426	0.00735757369667386	0.06357676034518028	
-0.09776754201755605	-0.03411731939189774	0.07074721150685252	0.06749426844501111	0.004052951746973531	
0.06995063631060283	0.09065381969103091	0.059380771488319085	0.06816747682926524	-0.08567098418627445	
0.026666154888283937	0.04147829966474702	0.017194838418481583	0.057614299513634885	-0.09845088575906244	
0.05151684528828639	0.04702114877608979	-0.05151853035002586	-0.0501227183785873	0.022605295777252937	
-0.0281632405651342	0.05945244183970979	-0.007081702137923243	0.05847988049100881	0.10190745518538175	
-0.04235048060584416	-0.0709343035299726	0.07679339459505508	0.0067212183803640165	0.09134610478603634	
0.018795160421581924	0.10029507142355862	-0.003657724243177001	-0.0007318819969364933	-0.08608100557740449	
-0.03062714277327389	-0.09376245644848961	-0.0708958879533108	0.04802334837707453	-0.09718110933073049	
-0.02947097017504491	0.0728314696506142	0.03403316098033153	0.03615863890970728	-0.06668125222625183	
-0.015053572015887869	0.01669276255483448	0.0928831755766522	-0.06156686110415829	-0.055727225215505126	
-0.05263172211084884	0.05167501891712782	-0.01676466560963861	-0.09207146157469387	-0.006672298238602324	
-0.06432485093987288	0.060712160346639156	-0.05110477074774397	-0.09948881675199281	0.008176408323278163	
0.06392771417548714	-0.02295651151497444	0.04328008640837426	-0.001007498635245689	0.0008953430368381106	
0.0920283364389219	0.06138515406017256	-0.0934691731183123	0.0422017459250843	-0.007079568961943997	
0.09198732888128136	-0.05523707314485897	-0.043175851844931404	-0.08161994840880113	-0.010836737775756696	
-0.06336676752364466	0.025805236309257233	0.08188029352425559	0.050571551284455965	0.07517159796076116	
-0.022936802501159884	0.06920723166118041	-0.0020547949326934333	0.0714756664431131	0.0377866658796831	
-0.07278816389516618	-0.08317725110154721	-0.09887292341336068	-0.08743189354324356	-0.011071509490787949	
-0.07415799287878218	-0.0945149012528511	0.05572431705394826	-0.0185104345919529	0.05442218948702059	
-0.003188177255961028	-0.010104448404045613	0.004751158973143763	-0.0003109858693571284	0.07009249334129275	
-0.019438206064812044	0.08189784413775447	-0.09278503385831309	0.055149532750325685	-0.07534615783404792	
0.029523396939798358	-0.09796798451346855	0.01599285968195184	-0.09495283870217781	0.09870039633351904	
0.0728306073531751	0.06033779982588556	0.07084974567882592	-0.0768446506959893	-0.08097585053893498	
-0.07410305971293017	0.025749521318727306	0.06417404797785035	0.0894318589923196	0.024815670628092645	
0.05090571645457333	0.08197912160780882	-0.013331270201481546	-0.046459387411294795	-0.05865404078636608	
-0.08377645172001805	0.06325231035214231	-0.08177426255128142	-0.0527624186616176	0.052476455838745356	
-0.04522907998097517	0.09726990016980848	-0.057625619128106535	0.0011229783715708634	-0.04846284178255723	
0.08227394245397336	-0.02587312429357785	-0.013495749733401577	0.0027716996131451482	0.08743211322701618	
-0.08806418956744506	0.043326004489897436	0.08650884228870362	-0.09012791256462876	0.01271962139437987	
-0.03428007248249553	0.07210523520310706	0.012385390026224014	0.03863154787015212	-0.00883404404859348	
0.018595341711787335	-0.04061239190407247	-0.10862366224127804	0.010296573241443754	-0.048725975658311126	
0.0011449720303924648	0.0837057092999022	-0.018239189927028124	-0.05227333780444002	-0.02944294077263761	
0.07969959410665804	0.08848383363302252	0.058970775497894055	0.07931067173922224	-0.06462903772978541	
-0.08359268191908653	-0.05403598505291592	-0.039018862993333375	-0.06574731400415236	0.01962023584260625	
-0.01900914450403887	0.06368952699426293	-0.065511224444044	0.03926449567910057	-0.054401853317744116	
0.012295532555070399	-0.029817832802094064	-0.09250527554541821	-0.056109990543819925	0.028880629145691804	
-0.001620768675605876	0.004546378304133687	-0.06683491442409019	0.01353780008421935	0.09752912838399323	
0.061002505217589126	0.019951214476637835	0.09145116979192668	0.0788211369833307	0.01512978878457654	
-0.09792852880478041	-0.08122292740594902	-0.09312646736561898	-0.013055128493693837	-0.030757950414279787	
0.09313303753858795	-0.06584246291200542	0.09173090779981104	0.05215574407627169	0.06207491210122155	
0.026115326320626114	0.03466844326833348	-0.00585758708215853	-0.09743554579784365	-0.03072037967740922	
-0.00030103286257379886	0.04623821134165772	-0.004318151693077068	-0.007584854069299495	-0.07058832520418057	
-0.10077195553603911	0.05237111885451775	-0.04063334863624412	0.09479579251638715	-0.060767550058209545	
-0.034336818046229706	0.005320607303393346	0.0480169829500787	-0.008611017504755354	-0.07842298228910012	
-0.03800526256897819	0.0009927649273790793	0.03400671323604609	0.05358962114706906	-0.07438732861096693	
-0.09955815753068002	0.004187505600125082	0.05592401030776444	-0.10057868632223568	0.02832746966726355	
0.040412578123417385	-0.009619405020927167	0.08737216737589847	0.03136643031891007	-0.09502016458889365	
-0.004590455039102072	0.07292403604734436	0.06352515980455878	0.02896292901007706	0.03219943183545108	
0.016304889397159364	-0.045140556354220755	0.012834433629108346	0.03483131199270915	-0.028475007250722505	
0.07168570596900888	-0.060896131698921635	0.05022818521732543	-0.04158837004800045	0.0556113683832577	
-0.014825135103517462	0.06258380362518874	-0.0300123322205111	-0.05725839358991494	0.05242612551691217	
-0.03347427125648747	0.04655744207192687	0.056057801901302176	-0.05212560783662607	-0.05022731110217458	
-0.06256056307257642	-0.07082528840804109	-0.028317577063666177	-0.0962709124728877	-0.08167432035946376	
0.03204428919369657	0.06071378414202497	-0.0882541049363441	-0.055658110608896055	-0.063108432738235	
0.0819866518348699	0.042964087270003726	0.008195012531198849	-0.04000005390063002	0.06429324069761369	
-0.008901723583636613	0.08451729572649076	0.04706744130859779	-0.001383093179550114	-0.06913067608906154	
0.09794181041788053	-0.06779406112193369	-0.055435922676060866	-0.011420963729356375	-0.015267459414330766	
-0.07158569316705195	0.04712992371958718	-0.06407279235795114	0.02836227824700605	0.04878948660237716	
-0.05666689301231615	0.020131204146239826	0.051198660445589426	0.028550920902586728	0.020873339038900846	
-0.03836402703068609	0.04649535025138719	0.09260569807340219	-0.012827524413858517	0.0598506245334177	
-0.09579847441750873	0.06819091539646605	-0.07205180304019738	-0.026074806654341705	-0.05095808196866108	
-0.08368383893678306	0.08098870766026019	-0.026318313470437175	0.006290384276870056	-0.0012264493255410263	
-0.07351338367109182	-0.057772724326031845	-0.08494858962981887	0.0019012683878449847	-0.048001114754359565	
-0.02801816842101028	-0.07755385155383136	0.05799369124382721	-0.07802850599674185	0.09759198284622846	
-0.06528597437203316	0.014895883243327886	-0.09231963944227231	0.056988185122119804	-0.06356382964110928	
0.006287655451297294	0.0484820271428406	-0.0693287035086575	0.010861591350759744	-0.055992183272371626	
0.05708798246125997	0.04471871488312194	-0.05736902330920258	0.0764246315943066	-0.08816410842700367	
0.06328631414906753	0.012743413810926524	-0.03183567577658408	0.045340756181439464	0.030231222809541904	
0.09676867950663388	-0.04413422879086296	-0.10029348503648683	0.08626946806054009	0.07041341404072904	
0.04385048707913433	0.0038264215024137087	0.038504617928829886	0.05471397035341319	-0.02802970687032502	
0.05457395313431602	0.05093592552505817	0.022872708569541537	-0.018949904082680418	0.03994697356147248	
-0.09467582571154372	0.05470446874492852	0.08572606946190282	-0.04846747348046555	-0.0687142240284595	
-0.05689189476719826	-0.03855945560791549	0.07493659517327884	0.008218984162996558	-0.04448621111009129	
-0.0709106089417327	-0.04147765520806523	0.02479405648969347	-0.03389005094182124	-0.006576275257159113	
-0.00539779989106008	0.06564888242587658	-0.0063726348536635	-0.026278737687851383	0.0430039674714772	
-0.05065712179672682	-0.006341621143585907	-0.029376207178648927	0.02923424631922423	0.08289060536505537	
-0.0057029156026851624	0.05739870083739723	-0.0013854476028884696	0.03509840532811943	-0.06660056951833798	
-0.01575337512137046	0.08309521829937334	0.01730427488129865	0.05189360335499379	-0.0031154377427169	
0.00495154049170581	0.06850943929442452	-0.0783124835162776	0.01887736920500113	0.09633607628114933	
0.007133021183615803	-0.06090786714815235	0.0749905518760539	-0.046786379530322955	0.04529498444187594	
0.007789232801621206	0.09097735576986746	0.024309145211344932	0.06773191266858128	-0.09934119806295501	
0.09788617533903189	-0.08417053165156493	-0.035529024667282506	0.08925305600999354	-0.0986395089827287	
0.061440863668845734	0.07289665133903768	-0.017008030870826602	-0.05103017294543952	0.05577076279401486	
-0.010749301877093446	-0.07226151314391893	0.07583775315632889	0.07456878039134235	-0.011415333296504555	
0.07859264230129112	-0.016627283406168633	0.04750543033567624	-0.01474924869981567	0.011658363383166944	
-0.06570041582622488	0.09350364874563745	-0.04666723247893436	-0.08194293758490262	-0.07671543270803828	
-0.11053065741138503	0.044221467614926346	-0.007252170920146562	0.048765423729195144	-0.019143510255016694	
0.05723374675493694	0.04001192985245237	0.0537276527005825	-0.019257345043291196	0.02798934082256023	
-0.060794418974448386	-0.035474188073050604	-0.06051234692840268	-0.015705211656296462	-0.046952682029567525	
-0.0151500498500398	0.09510644402858037	-0.03083144451863531	0.0992504458984917	0.03251496915540994	
-0.03155610956103292	0.07288726449816617	0.013830454917024778	-0.054264016533399746	0.0479286118290188	
-0.01992078079346431	-0.028046677610568484	-0.04368307094803137	0.03450335209926694	-0.05647998735044489	
0.06083695240387319	-0.040413016264484944	0.007271026646744971	-0.002843810216048771	0.06974756435047734	
0.07718562005615186	-0.06220476294103989	0.015958008093461106	0.07953721263938333	-0.011958233328238638	
0.07706389334206125	-0.0424633234480418	0.010724907127632846	0.03148341815908872	-0.0659772024853331	
-0.10231282033022515	-0.014885510172620263	0.07973899803128087	-0.03470257957725884	0.047596503339532276	
-0.07040600972203499	-0.02944615328479606	-0.07954772210861354	0.03994099032719622	0.030911011303606312	
0.03663422453949745	-0.04815538988059484	0.03645089852274369	-0.05505255540372253	-0.01725700738633913	
-0.030190558349440705	-0.027546959341934362	-0.09542506496221059	0.023323245499282552	0.03410147999442169	
0.016994986290633687	0.03141879058485685	-0.07478601558354638	-0.07392792745448111	-0.006458045426530509	
0.07034492817956002	-0.06122350043873188	-0.014889934456906326	-0.01720645578608363	-0.008476432519393829	
-0.0797452952386279	-0.03001480524042106	-0.06538259644900361	0.06025341830826172	0.041553115814694834	
-0.0051052375610945566	0.02011015167557675	-0.05701716420117599	0.00874988244387956	-0.025921329374669504	
0.07888449507186436	0.033257934525382254	0.037082594784691426	-0.07013275494890293	0.004928040068102917	
0.09313241740999226	0.09127012399811224	0.022452152086195998	-0.07233152781463363	0.020886970784026192	
0.017649621031054063	-0.007058439414145904	-0.007647627629356995	0.023041046546367218	0.07707447274490314	
0.044853787242406115	0.014888899311339904	0.07760119672008188	-0.0914785975466518	0.09070568199255467	
-0.09288039916340207	-0.0583134525273793	-0.02113967872702513	-0.08061638975428596	0.018707021466275436	
-0.09488193040581215	-0.04151735745329492	-0.09479927506044276	0.03776133657950727	0.02630538835622151	
-0.024189668546621995	-0.0616546304165529	0.04924005116748903	-0.03166226650911954	0.05884506694131684	
-0.006737644491775943	0.005334692785530771	-0.10010953718384376	0.02574401905690402	-0.03619782659599737	
-0.06831490845253294	-0.013467252796731409	-0.043668068817257835	-0.016760496942881686	0.07511073994059236	
-0.019695630796397936	0.054040971988025086	0.02124120239186217	0.08318425274245664	-0.0176817925122075	
-0.04659052823598698	0.07964730551676787	-0.08420026802367704	0.09269024213329448	0.018902472289561024	
-0.1618649029220503	-0.0307691715996411	-0.21978731223149062	-0.12640177711962425	-0.21639549661062132	
-0.20255731389891404	
