TESTRUNID EPOCH: 99 L_PCC: 0.8763111127357835 L_ERR: 0.010739236089300585 T_PCC: 0.7269968371716183 T_ERR: 0.014507248153257027
180 LAYER: 1
5 LAYER: 2
1 LAYER: 3
99 :ILEARN
-0.023414203977701997	0.04444375909326107	-0.109124968866622	-0.04401822669555284	-0.07884321433946778	
-0.05759268119392533	-0.06361349453038087	-0.007926820872340489	0.0015614617811164635	0.028680189803090072	
0.010565079446738604	0.03614792036458184	-0.032155375862040585	0.10132739590027434	-0.07086043658963534	
0.06325236177382351	-0.01757813842999809	0.03959390305088187	-0.04418418559737878	-0.03733085074015622	
0.05111766047950348	0.09396158776718665	-0.05026025230886109	0.02997720375353103	0.05920098730340104	
0.10783059051521396	-0.0840021435266373	-0.0634176457156301	-0.03816063213541333	0.10324856526244584	
-0.06196083836856855	-0.016453774692697716	0.10817119251278222	0.02339421560707085	0.051277423003135335	
-0.008049441166525333	0.036236547563960296	0.09510202945706775	-0.06964773199098116	0.07181822440110455	
0.15332643808706078	0.047383028569093134	0.01646877364060587	0.10873581912086792	-0.02185924500185522	
-0.06982665658236042	0.08382015787607466	-0.10907005766028065	-0.09591178557799335	-0.13428207269382667	
-0.12324579652950715	0.036591624106581414	-0.08951372960372224	-0.07292853480378361	-0.033329152329155724	
-0.0698025595009931	0.014287043521697754	-0.05299302815053683	0.03625537336870696	0.0553961681119938	
-0.09611283938837746	-0.01669997102436809	0.019218789896926543	-0.032089887433642716	-0.10693502803248388	
0.03042771209569154	0.03140472065218515	0.032667489314621066	0.1049264573565656	0.04009678959495954	
0.09442755359934478	-0.07301296120193419	-0.06144975009720907	0.07450845711543559	-0.013624530868577421	
-0.03868105451126451	0.08476077810475907	0.0020990081828174273	0.07754526690391056	0.07293700705029098	
0.0722821563976336	0.025060910239247645	0.045121725559281615	-0.03314348891700333	-0.05210493547694374	
0.11350640728158123	-0.01606950151376624	0.12898773572808497	0.06260541543533633	0.057639720577734754	
-0.020533186798507245	0.0873318349640265	0.05631376469307715	0.06764570129423901	0.05250183910991413	
-0.1187438461581719	0.08311201729001928	-0.06017801691653922	-0.15761445104606295	-0.04104801951339453	
-0.08608429215304861	0.007121984154922229	0.011953919564523866	-0.08204375220719938	0.017320124211968622	
0.0012506527757148338	-0.09629857931351107	0.05154568905452969	0.018807733060586786	0.06977488327010474	
-0.10117040230664538	-0.07173712060556031	0.038669599425184144	0.008870847328949672	-0.12453136628298755	
0.02173172463379889	0.051299896588603226	0.04322640445031893	0.01903645211956681	-0.1084486819410809	
-0.11409696781063809	-0.09431207635578803	-0.12033087835855719	-0.07072649772152416	0.04401663792404178	
-0.0136691980541878	0.011023183743861794	0.038407380961452166	-0.09226137234749705	-0.0695056525009337	
0.004896527111223458	0.09370787024093633	-0.006472122375147251	-0.10211929968616812	0.045970553468170076	
-0.08685411730336987	0.062185601645890216	-0.06957971984468282	0.040591130701311894	0.004742321286213308	
0.005442985410517655	-0.07292589112250908	-0.1009588554330245	-0.07835833330673843	-0.1019126425561364	
-0.02908379829391326	-0.05587441286523861	0.1056510828065551	0.050547955042836726	-0.047501752811289925	
-0.06541533850933008	0.09345848650212267	0.03751162634053852	-0.0455489861768883	-0.03408841510121009	
0.025994088542218855	-0.06046872877943483	-0.015652105322821026	0.07531109338285036	0.04220463601265617	
-0.03299614752615344	-0.0013368734821985254	0.04733212314608137	0.07930215739708481	-0.05204910451301675	
-0.053349092972855144	-0.087108808739463	0.04679664610863399	0.059266230392544285	0.0532606963384421	
-0.041782365145751794	0.09739529216683843	0.007145164654372943	-0.023986047516226003	0.003960631409295398	
-0.05450269319092924	0.03765557221458605	-0.1796283296177587	-0.18521364437561832	-0.1399061444884492	
-0.07440578466396335	-0.05370745614557709	-0.07515346659833223	-0.18113062508067454	-0.15559656065584684	
0.09514706264806179	-0.06241251259060237	0.0650010341860888	0.03811657732736052	0.11183999242524001	
-0.012281201403105351	-0.08795704840449933	0.08678156431040368	0.08642531154164923	0.11446299359743863	
0.11163429323346401	-0.09746271174891011	-0.020246041030704303	0.03913983129770424	0.11410353467825504	
0.15257457697104	0.008912116943896157	0.16085708762190576	0.1004758064437293	0.06311102328069665	
0.042924469034515876	0.019880103715415962	0.07061697200034042	0.12999517660586424	0.13606493638549397	
-0.002825635383874094	0.09213751030157839	-0.040454424394275865	-0.05173908804114195	-0.0497999656953942	
0.018777077784890184	-0.096242124321757	0.11129190912267571	0.08739675114291072	-0.0782177194488594	
-0.061167890444527515	-0.03398037901939235	-0.07342726043363301	0.0669647313480181	-0.032123828110364606	
0.11441093596870922	0.01577775411743469	0.11055545310060749	0.09828509812871995	0.11371825175642425	
0.023549661871350193	0.008341680544027534	0.09919451384893387	-0.009985652335712839	0.03363471035846291	
0.04831766615085415	-0.09798792163054555	0.0530837719766407	0.020976394256929754	0.09605583970239953	
-0.04355511575542455	0.07901008818201544	0.007884794750751054	-0.06982359086864419	0.05053903742214463	
0.004819627934747289	-0.08913657079503058	-0.0475199197023718	0.01439301637131044	0.05284619450792449	
-0.13454360127612305	0.09621109129871866	-0.07662261008204894	0.05452421493396514	-0.032527990132899115	
0.1167154366126221	0.0136989680223604	0.0939751439670898	0.008737174293719516	0.07796947955169897	
0.030331192472190856	0.07210220975468107	0.020407579773244304	0.017406448615339454	0.04334056990340776	
-0.1178826630468175	0.03669506052808924	-0.11813867899572718	-0.11746333637071951	-0.12613383559061345	
0.006852895732034862	-0.037535859946253726	0.055127442792785177	0.015705835700664306	0.12342459821270384	
0.04102450232536788	-0.060314130453631404	0.0002600697581652549	-0.01631121220488747	0.07595042354459283	
0.07701100220472382	0.08072748522874562	0.03592750550694794	-0.04062633351176281	-0.046467296738131575	
0.044664895426208925	0.006289673204688204	0.020878725998444928	-0.016706004025653722	0.007765814179392413	
-0.05879304323620362	0.056342108760960075	-0.06630505358748828	-0.07367033792599664	-0.1026596723802874	
-0.0892664385301531	-0.02476464037259361	-0.09522496835830735	0.09311459373370766	-0.0724213799293645	
0.057762307559708605	0.07497508572141004	0.028478028456823568	0.009800442248134976	-0.07631356537750907	
0.009813655791500682	-0.03159355831231629	-0.04012518367558261	0.03275294206592376	-0.02991135909012339	
0.11817005032523446	0.08093136690301418	-0.005486215020682084	-0.04659554531171014	-0.028902576316147642	
0.07454834357118628	0.04380983116309537	0.04142922648848908	0.016821083328615337	0.14949199097159444	
-0.01789009035843595	0.023026950280443662	-0.06426403670441294	-0.08035274633007285	-0.00759579259680296	
0.012292420741276447	-0.0698934482757868	0.04482762639026053	0.023104865147891746	0.04352911910280585	
-0.0391097690547756	0.049557736726297444	-0.014638515409289177	0.03175076093922101	0.08637610287131679	
-0.07369399366401551	-0.03588791841228974	0.09911421418102466	0.08796742072774603	0.02255039201923898	
0.09325431489524563	0.08934292346903938	0.08743994166030879	0.08783248315408598	-0.06746940897528886	
-0.006892315790572085	0.04147032517840485	-0.03386473788374725	0.027899038243204513	-0.13224914893181017	
0.03439454154210569	0.04663749208274667	-0.08271644278903782	-0.06563527801428311	0.0006923745684416976	
-0.02005358221678636	0.05901139713597174	0.001371885105693236	0.06542218378932606	0.10365501226831673	
-0.06378639735402913	-0.07092411423436848	0.04200049908135779	-0.012783429229838198	0.06573890885196512	
0.010780372616660764	0.09898521769042462	-0.021734427500180335	-0.009684673839033769	-0.09895639931690227	
-0.05571870288805223	-0.09366611577731185	-0.08515887354030453	0.022228354081785886	-0.11719414124818264	
-0.00834896027583068	0.07185639668868624	0.060380875379132296	0.05447699174926035	-0.04755083822830679	
-0.009615524409831962	0.016129421051541762	0.097859859771739	-0.057214619761518384	-0.05112682394315526	
-0.049946330245634454	0.04980718972817504	-0.021313257703758987	-0.0913415768304932	-0.013057806630124985	
-0.06067142052368929	0.059596846218754856	-0.05144050648980627	-0.0972291310161887	0.008592698198041466	
0.03498389721077504	-0.023197339735425298	-0.0023052903625371277	-0.02643759279833777	-0.028006529413398703	
0.11198737034788671	0.0600573975339021	-0.07109835360126208	0.060104559383669334	0.013113237813495493	
0.05989270314710316	-0.05492953763931442	-0.0870314616932769	-0.11278062576922902	-0.055114167302028824	
-0.08701096312525813	0.026933962674978853	0.046996525136336106	0.02794091861849465	0.03459163405971526	
-0.05032114472623974	0.0697230367062799	-0.04180475840149631	0.044328544763351435	-0.0037542619321252243	
-0.057574492834669845	-0.08503481507408997	-0.08580436393345268	-0.07453798080277009	-0.0007322182275289656	
-0.1107105216413771	-0.09344045517155043	0.00662136742530587	-0.053888732605151264	0.0068795796859042494	
-0.059095011803951936	-0.008428355800188164	-0.07062051468405514	-0.052983492391083895	0.003952543566972503	
0.048398058300385426	0.07899800592196474	-0.004601403965323128	0.1151611911169697	-0.007712927842672529	
-0.03148751234358104	-0.09639795615143444	-0.06199678819204245	-0.15360384340397654	0.019048351160868518	
0.11433938358927417	0.057927917487667555	0.11900328186259643	-0.03631484169892962	-0.02759522981780608	
-0.05575116311203014	0.02410464351845521	0.08465080267638811	0.10577602012464339	0.04775480872511426	
0.024930457408775673	0.0824318501511132	-0.050643569423359444	-0.07208088382563226	-0.09625225779377146	
-0.07559381495850598	0.06238496875421865	-0.0729627155803329	-0.045153615928735784	0.06424192858915655	
-0.07610351310200411	0.0977399013413842	-0.0916450756770884	-0.025824504754706257	-0.08113975876973024	
0.07797953154614949	-0.02671359660991222	-0.023757024686505986	-0.003631265539170788	0.07349984382516339	
-0.0970823173499501	0.04333865262466574	0.07208355313645971	-0.10091370663069912	-0.008467077941680083	
-0.04879517611119786	0.07208284555660059	-0.009253225637489204	0.021362573867123202	-0.033638104259224304	
-0.00026001207632888397	-0.04110400217605143	-0.12903699566628776	-0.006817267705532297	-0.07194481048920617	
-0.06114283597527546	0.08552772211587382	-0.08625637472801723	-0.10625809734078416	-0.09499446764997252	
0.11937244349796482	0.08606764822924484	0.10449332320434897	0.11856905662719174	-0.011545872622457012	
-0.06852035766261791	-0.05486185200021263	-0.019531330415771677	-0.052201985190718496	0.033578232825011	
-0.025597586127946808	0.06346213743778646	-0.07570900818230482	0.03223418197469902	-0.07069709509075399	
0.001154463293271547	-0.02987700286875517	-0.10510124689728009	-0.06927422258416904	0.00600575806583702	
-0.03353232184486429	0.004481800710060384	-0.10779811184143184	-0.021624992062009355	0.04314946791286299	
0.06755234263016882	0.018810466648041826	0.09919555000903207	0.08312559397813309	0.017306956428750922	
-0.09169498195940087	-0.08151893197993151	-0.08715407200527359	-0.008268475879622247	-0.03189509881809205	
0.07691424000376859	-0.06601715908475878	0.06898142641516065	0.03553906594969447	0.03380433210486561	
0.028296609100557247	0.03354218401102217	-0.00638595827321917	-0.09653278700836776	-0.03832349251750383	
-0.015068447445306124	0.0463284894287107	-0.027275350328711093	-0.021341778162758642	-0.09494338158209982	
-0.06485808000479558	0.050714632769485075	0.004954687638384449	0.12496378245925424	-0.017947459802313957	
-0.02628749737804151	0.0047247006028328965	0.057898637474410763	-0.003713575475060105	-0.0690915152694237	
-0.03150646297368717	0.0005530572259276644	0.03957444426511264	0.05995587722794947	-0.07518433948872907	
-0.07867724649064539	0.0033844341242559198	0.08215071024468507	-0.08324011911958812	0.05291264277276203	
0.010781919320746472	-0.009024954460534905	0.04757728559910662	0.0037153038410266404	-0.12172282293532577	
0.04084151354978749	0.0698533358318409	0.1107698803882561	0.08254827874013983	0.09208451048655009	
0.010529294572398713	-0.04490674086760616	0.010687978121879216	0.029673314575867814	-0.0394655544947196	
0.049726780935572194	-0.06005244076067965	0.03150946930402335	-0.05992283795073197	0.032319343888307414	
-0.02351348411436359	0.06181814357823497	-0.04680041885306094	-0.06565374016062295	0.038749805987341374	
-0.05309645501371878	0.04723643433448658	0.027637107461934214	-0.07042679908007991	-0.07287653928303003	
-0.028318968510478038	-0.07235081658640753	0.016709598384401288	-0.06721664508521218	-0.04190096666569266	
0.018190909763472284	0.060548917654236374	-0.10427428144129663	-0.06952642193728263	-0.08074493729250082	
0.11621759600506029	0.041308968694761715	0.04868389443895363	-0.011316697574053678	0.09288667539019148	
-0.04213533564221523	0.08534469488961952	0.0017836647680829613	-0.041697155397176416	-0.13082478022575028	
0.08818062885144028	-0.06801079356482462	-0.07434127135000307	-0.026885916492361103	-0.04750416013930982	
-0.07856894311953	0.0460152465202718	-0.07447409453064656	0.021563692383225006	0.03761643277553057	
-0.048070988387478766	0.01974846999809785	0.05662864143398412	0.03353413725122144	0.017762477572834827	
-0.039181658499969005	0.046277906455899714	0.0862790801140133	-0.017832654112616274	0.04496783866587079	
-0.08248790267702581	0.06655519460196099	-0.05978336362341111	-0.02007687461212563	-0.050531328578051427	
-0.07198378153531344	0.07999451815664226	-0.019749179460872377	0.008613646638966577	-0.007067775784506499	
-0.11340113020559549	-0.0572805990531751	-0.1309614279735727	-0.027180326184535128	-0.07699489885345102	
-0.0129338572831199	-0.07903088019782493	0.07396681343939845	-0.054158677096060114	0.12962730885767346	
-0.05191422265498552	0.014045546489044988	-0.07929455596029936	0.0651463209428956	-0.06149587137090174	
0.004665504833950671	0.04794210450768072	-0.07287315891284102	0.015324569320831533	-0.0490528036205889	
0.09970723394544757	0.04287336871938546	-0.007212089658577853	0.11854562632793693	-0.034225931864768	
0.07076963755209714	0.011678638112575222	-0.02627833225457186	0.04745566578331661	0.02848355279781044	
0.10556188888316559	-0.044699684217487816	-0.08897256565678538	0.0894454804459029	0.06946763172122151	
0.039533681104177036	0.003589058349114138	0.03490207970286838	0.05007965063039353	-0.033966072967498796	
0.08226068616668712	0.04901624957553476	0.051524968098681845	0.006591026688259337	0.06610661033000567	
-0.0778014312172616	0.05413639323424266	0.10423659636988196	-0.03373208421155426	-0.051962372125024865	
-0.1089229054767672	-0.03755045987254864	0.01677932642118416	-0.03269482418703545	-0.08624539685341004	
-0.05262903122077114	-0.04246417496718816	0.04619894166442642	-0.01891334535371568	0.012579128032768557	
-0.014030568984854783	0.06547016810286542	-0.017526658271467294	-0.034905233509692726	0.024628879749462623	
-0.06391901106508806	-0.006304173389073895	-0.044919804383599105	0.014693668386829714	0.06288046877145012	
-0.036176860468679	0.057778617426800606	-0.035745239027907404	0.005639727026727616	-0.10627306848910194	
0.010565207235331865	0.08094674901010905	0.04540044931394668	0.07415680899386254	0.019851735610403078	
-0.015426459826107146	0.069010769174162	-0.10086998605631058	-0.00020548139512814782	0.0681674592873184	
-0.0378856973875705	-0.05963414990231606	0.027946594384186934	-0.08679356246100531	-0.007973755790082849	
-0.019950448479830372	0.09085716674866666	-0.012659463803634271	0.038126230387575503	-0.12664071183182318	
0.08716359900165688	-0.0842118099813105	-0.048239447579774795	0.07766766127814563	-0.11688836048918903	
0.10882981858557896	0.07057536024950264	0.03181941610737866	-0.004183639509396327	0.10561292535040477	
0.021028457888078216	-0.07416922008641338	0.1095283564492695	0.10415632822535634	0.019211372978304407	
0.06418558216295076	-0.016302237242332703	0.030742203037499055	-0.02828237208175255	-0.01101152262377101	
-0.04155387609988216	0.09219362791304457	-0.021231890231317732	-0.05884377315335903	-0.05290221939032052	
-0.07983699247289304	0.04243254368168856	0.027317082768326575	0.0753913607483431	0.011374609454839075	
0.05836115972498338	0.03906280461890457	0.054687522699111354	-0.020967065132550613	0.02219354095827177	
-0.04443977475209647	-0.036268662033172284	-0.03803281511557281	-0.006030351962041946	-0.03210717275280855	
-0.0002128532512043563	0.09435613804365253	-0.010564599381746361	0.1081094399399571	0.04118355025525444	
-0.02165211127343391	0.07118970902096229	0.021323284004911278	-0.046862962871535095	0.05162931799672089	
-0.000678349774914592	-0.0290684394663527	-0.02312123079557397	0.05178270492441538	-0.03854241407705402	
0.10763087458571571	-0.042591157110860915	0.05675480962753801	0.043946386993961924	0.12004308626390554	
0.12106899240111138	-0.0646727269601636	0.06690284377468128	0.12373972451450473	0.03799516832740166	
0.14155300698508458	-0.04625480813170206	0.09224957480621884	0.0914068643161501	0.011134018358553252	
-0.038646035659886606	-0.01865005627618549	0.1556770035794511	0.02518936678655762	0.11846425822223902	
0.006699421694668124	-0.03395848678640778	0.010653017239163396	0.11337947846709867	0.11600401957438702	
0.079792472269606	-0.051110860809682135	0.08222990494830158	-0.01509981826181271	0.021273289976312833	
0.0029582590945534627	-0.02969121153645763	-0.05173725648406642	0.055298038685521855	0.07723150395186028	
0.07190501283236964	0.02801394480285396	-0.008179821990075886	-0.022027827701178664	0.05746732235335018	
0.09869976183523041	-0.06401637582452799	0.01629576207471921	0.00934732416368753	0.02068904886098245	
-0.02724286502034709	-0.03332557858910868	0.0019096310122325099	0.10278882792309847	0.09654463579591963	
0.0004206513448826041	0.020467765904754263	-0.05737750647131475	0.014270640457560525	-0.033734629533302925	
0.07004152095089362	0.03399302395885359	0.02026668864407121	-0.07866799879804512	-0.01705191740122289	
0.17292243227037396	0.08720406429342031	0.12281463059777749	0.004132908288318761	0.11916553810989289	
0.007375442871121091	-0.006339143797008279	-0.022833172699995324	0.012677929804171102	0.057415539662515176	
-0.010947318841908303	0.017171236648227565	0.009132534575858922	-0.15517731038461313	0.011666140341085209	
-0.025352214204698065	-0.06236267118192159	0.05624856093934878	-0.01378679362958298	0.09524158109423349	
-0.025257613056429304	-0.04526729893475515	-0.0120224024298735	0.10485544998772743	0.10595220518190909	
0.019932800177661834	-0.06389388773076607	0.09916751792642439	0.01277820343884605	0.1078612224592239	
-0.28008711631319766	0.01545883175706458	-0.4238009330321574	-0.2389590660366263	-0.3387397752091313	
-0.10380506133140924	-0.01225572373781234	-0.07808641976393732	-0.06505148766646687	0.025081335640913	
-0.007875820092729205	0.053865455624831596	0.029558045951267112	0.09507923051311121	-0.015856205503891878	
-0.06305967982301437	0.08291944387466053	-0.09580196309882594	0.07997809530475575	0.014347349773742447	
-0.5034415064981304	0.12570121746051693	-0.6949583035907578	-0.5550182792593339	-0.6616581850422668	
0.044984409150741846	
