TESTRUNID EPOCH: 99 L_PCC: 0.8205566921493351 L_ERR: 0.011949136879030956 T_PCC: 0.7771649549525151 T_ERR: 0.018646771085860225
180 LAYER: 1
5 LAYER: 2
1 LAYER: 3
99 :ILEARN
-0.020079240522278843	0.04421409583282826	-0.1044582900990169	-0.04195607974774653	-0.07519563875364602	
-0.09772965732719056	-0.06309485798702423	-0.04824950285515088	-0.035385402934641035	-0.01864859988911934	
-0.01233898916419544	0.03788241570185539	-0.054383152433976796	0.07967050548807761	-0.09598282371861305	
0.03998542831201847	-0.015240305008287427	0.01790111928586158	-0.06620985888848042	-0.061985409850961855	
0.06621438866915655	0.09471925145524353	-0.031794025529116886	0.04377559994101875	0.0790764055539355	
0.06967622424358264	-0.08300641095804971	-0.10239071770681615	-0.07396403368624443	0.0583489744281632	
-0.08731439825820536	-0.015427432902889305	0.08412121011480954	0.00015518806626539213	0.022747035179341568	
-0.02241679114536216	0.03906642474419423	0.08285968443754166	-0.08307600482682231	0.0588063419529312	
0.1173121557407444	0.050764658924205265	-0.023439716644272288	0.07537736195362288	-0.0621812244319202	
-0.02811696384831923	0.08072879521161042	-0.0657927303352631	-0.05870669292617851	-0.08903715809135565	
-0.09518362485965354	0.036079466426110214	-0.059393706578610886	-0.0468987734297037	-0.00011538395805314965	
-0.12441944531159407	0.01357623455217754	-0.10667575926500435	-0.013746759976684154	-0.009984241904884906	
-0.08085147410051964	-0.017242737926059803	0.03441572332882471	-0.018624500069589076	-0.09009046267186942	
0.05614087839431364	0.03491197580964523	0.056602647043384594	0.13112212408588392	0.07558524192831056	
0.08016548243413615	-0.0716019167934375	-0.07351374520448471	0.0610309611225744	-0.02845265664475301	
-0.05024585374025841	0.08672377203999013	-0.00813700055931419	0.06662992360836578	0.06253506244039093	
0.07977592878932689	0.02518530712881264	0.054547712455439615	-0.02669636237850651	-0.04238241823343457	
0.10487811980822427	-0.012846649196293714	0.11754073408032814	0.054817377750731366	0.04992232115482424	
-0.03700857835154093	0.09076156293142175	0.02946622944845743	0.05157003974891002	0.03267014757431435	
-0.07447938333179972	0.07930997540128307	-0.01490013385323471	-0.11887644442265917	0.005788652455891219	
-0.09873247548925598	0.002155076311154499	0.0034898230874739053	-0.0903611656346923	0.0019372959731701039	
0.015105947501780527	-0.09667071144294118	0.07047533010151433	0.0311806239222702	0.08645892314593291	
-0.08247404796825977	-0.07325921093969952	0.06341586532253801	0.026393869474017576	-0.10091354660882292	
0.05254897338872766	0.05137472048090146	0.08409828905543379	0.050731878807912384	-0.06446432229246975	
-0.12146452809630083	-0.09581902508331182	-0.12762786923444716	-0.07903892134196557	0.03258498147293002	
0.001495149452125055	0.010612719546342573	0.05968577701789281	-0.07704641677928267	-0.04850462626327982	
0.021025725245702072	0.0946527150084082	0.015427716619132992	-0.08590441796289076	0.0684742791144101	
-0.08311323807496877	0.060436335273369696	-0.05901109588844713	0.04583777015995029	0.013060091348031759	
0.038530204760302694	-0.07089227552798437	-0.055812148909963555	-0.04362110643143962	-0.05434333243279005	
-0.05659353328139698	-0.05331758122119425	0.06967926872016424	0.02412183384094814	-0.0836269133003161	
-0.07234968726498349	0.09474370202972737	0.027536822456512212	-0.05366613661386036	-0.04548845857887042	
0.040897599536385075	-0.06089936547034223	0.0056121630842344795	0.09031160189558798	0.062317857253717426	
-0.040721876291312985	-0.00035174480870587004	0.03736646632418405	0.07161340391592233	-0.06306866967714096	
-0.06145671996299594	-0.08360824281771013	0.035806933533128464	0.049204691992457215	0.043465966565663455	
-0.038030390601750265	0.09811863611414134	0.013197576781058323	-0.021816578824083565	0.008840688772036672	
-0.04219249293606627	0.028882704661018086	-0.1615716007407619	-0.17509737237844583	-0.1302305751868189	
-0.059486497426035984	-0.06234442957377125	-0.0610271086956321	-0.17548152937325287	-0.15390542536652566	
0.07704510022364566	-0.05935312534823259	0.04316282466450521	0.01768179975109563	0.09200668598057864	
-0.015026953054491306	-0.08475335585378282	0.08407652128210233	0.0840454420799634	0.11428852147459079	
0.08048607979736497	-0.09723457747896146	-0.060740938412436225	0.008925391373963355	0.07074979452133273	
0.17065814239287525	0.014901773600751908	0.1777304882171033	0.11414386854042412	0.08366699868287235	
0.03492092877619171	0.02308737211414422	0.058458925683514906	0.11558325647147671	0.12722977601138546	
-0.02475263577470893	0.09289651140659215	-0.06887038044314416	-0.08197649887471006	-0.08457828410614013	
0.008264199904525697	-0.09453267945464905	0.09826585021764866	0.06975531542601746	-0.09644763120806289	
-0.0441155648077469	-0.031774019810820224	-0.05379994552952732	0.08288701950990489	-0.011208390374538777	
0.1111007079163836	0.01788733537330777	0.10443166739085649	0.0875655428653399	0.10666706944004087	
0.020231072881110507	0.011237443878738016	0.09278855627704698	-0.018790948221629522	0.028370033139269467	
0.0009721630715440693	-0.09753786109074997	0.004341139378236186	-0.026483199865204855	0.03409839931050215	
-0.05638937024713411	0.07782195865216222	-0.007900384957635122	-0.08389419370266485	0.03518983944483733	
0.025915450763506803	-0.08863854019465635	-0.019829761914169727	0.03944830528740559	0.08438575432704776	
-0.10356340410738125	0.09579133968596547	-0.035591411661011485	0.09099098917423379	0.012323285859553059	
0.09813931038728711	0.01694746686668528	0.06792801904204854	-0.020263773460852685	0.0507641743287306	
0.0503293237687293	0.0719411564638568	0.04645448731623331	0.04009304440905916	0.07221629380291902	
-0.10060173600175773	0.031216643506076617	-0.09502703822721109	-0.08512218479864561	-0.09416604231864234	
0.005737179296173126	-0.034529288894764	0.0531013754799838	0.010185146531964171	0.12039450011736977	
0.06649338512261026	-0.05857453693654793	0.022941959339100235	-0.0003581647584198359	0.09627720898869103	
0.10277943724920556	0.08244257002034412	0.062261566146515734	-0.02009447505270164	-0.019554078087573628	
0.038403864964221004	0.0044374342326096855	0.01778367217178783	-0.01584710358920877	0.0081279470654786	
-0.058476475094471875	0.05061119515094281	-0.06470254466607789	-0.06448453259708356	-0.09443353373154471	
-0.0618326774581234	-0.022960042515048004	-0.06221094923301061	0.12217426211844336	-0.03448955426270199	
0.06130605765526062	0.0751735706810858	0.03376305807848163	0.013169937121076664	-0.07091000495915875	
-0.011484879424851158	-0.030163149346869447	-0.05882760604494792	0.013243735377548494	-0.0537700858692167	
0.1039424531326596	0.083773808205911	-0.019407239809066234	-0.06022775831357414	-0.044192891391113584	
0.06021980434770869	0.04961714032872481	0.02420401577372373	0.002004514614008456	0.13336178354326547	
-0.01460177437797936	0.024153085059153617	-0.055674386036487535	-0.07695988768181547	0.0020298568601134627	
-0.036945782147080324	-0.07044546246184938	-0.004790427553045917	-0.021847122025148366	-0.018002519006145128	
-0.05941595815045177	0.05173260908928878	-0.035499447690008026	0.012662986060675343	0.060747004066498335	
-0.08071871361453377	-0.033158411092140565	0.09248685823043057	0.08088070085567536	0.014619495333381312	
0.07060662705342854	0.09096530739690802	0.06532140635565466	0.06679247879725908	-0.0950399161866525	
0.012135161779426635	0.03887752142344071	-0.008200296082561495	0.04685738988385066	-0.10057721595522623	
0.036573627104569094	0.04536423889589848	-0.07425532925432593	-0.06244073013484209	0.01106266382488556	
-0.042323705793808196	0.0595599572585631	-0.021007893458971316	0.04490697430416183	0.07527230515315785	
-0.0696939364177855	-0.0730797914389991	0.04118161019907435	-0.01693991381197054	0.06404992172508742	
0.01779150374466295	0.0988262972564604	-0.00923628335214979	-0.0024560977664406266	-0.0844778688675556	
-0.03400499802359672	-0.09442062845424731	-0.07708783668317931	0.040205032887188	-0.11228361152328101	
-0.016326555806745875	0.0736791573897177	0.05253108743810609	0.04669022568693073	-0.05721599548836901	
-0.0060864737282041795	0.01679839173205833	0.10287113984649175	-0.05400113688133458	-0.045378891639181136	
-0.06443585025817807	0.050288101252776246	-0.031395103758846174	-0.10415821699851936	-0.027040401333556983	
-0.06634858620827162	0.05975350559226471	-0.05331233574172971	-0.10195717296483205	0.005733723841588753	
0.058996222957811685	-0.02523551019212736	0.02902964005617597	-0.003026796367569167	0.009905381832218074	
0.10956745058716671	0.06193649368276391	-0.07400230184495765	0.058176228728927123	0.01341592956389698	
0.07164958650685338	-0.05619293660334655	-0.06913870537715705	-0.09999344220254054	-0.03913522474962322	
-0.07485111676557932	0.02733068266988371	0.06454909673922139	0.04141818897268748	0.05433603821554096	
-0.040998489062122154	0.06912433138290432	-0.02635125496405968	0.055669252422850805	0.014301437378421732	
-0.06034023174758283	-0.08295389185414025	-0.08787714029959888	-0.07684868721948163	-0.0009785996653704498	
-0.10146253570975612	-0.09550890363931797	0.021463220801763834	-0.04324221205096258	0.020603108325751907	
-0.05548363853764919	-0.012511429038453238	-0.061764422370739015	-0.046505375762876326	0.013375293566680277	
0.05697733528939356	0.0855935544404246	0.006824010570603846	0.12276039557181348	0.010614893577500076	
-0.018980742762085025	-0.09983840654684438	-0.04294743929807409	-0.14155768446614786	0.030698164061715022	
0.09095481935374661	0.05999732299022707	0.08767496143983698	-0.06085032261600817	-0.059701209015229025	
-0.06542495294087991	0.024889828437324475	0.07251172651830175	0.095597921540722	0.03410776068184245	
0.03745924817560047	0.08162879516853251	-0.03144087358784487	-0.0577358105331234	-0.076957000908337	
-0.08429870229615233	0.0623917813863117	-0.08403026674423923	-0.05456270279990406	0.0507042828565492	
-0.07523051587432307	0.0952320069289633	-0.0903361049923108	-0.027865706794797895	-0.09028903734911693	
0.08512981350834861	-0.0258187165561707	-0.011946163310874173	0.004765802123497098	0.0872125290961997	
-0.08060147064516536	0.044493902687458876	0.09377304207139166	-0.08286435166088268	0.01716285538904607	
-0.03031815529309557	0.07243884240956382	0.013555613589915722	0.04245122511513866	-0.0053713074197533186	
0.004689107550793388	-0.042102496598582485	-0.12107101570120125	-0.004188696038411795	-0.07183071064970398	
-0.05514871904412456	0.08056911537511496	-0.07927582643255417	-0.104679973975055	-0.10405287744798543	
0.09394198692792574	0.0878177757159802	0.06998868734158122	0.09243305634484855	-0.045531735883067644	
-0.06936264993499	-0.05336386830265133	-0.02033211652479618	-0.05442361253749549	0.030295297715612485	
-0.008718992002149165	0.06470350129906964	-0.055002005532385795	0.04645547457348865	-0.05042187347263586	
0.03906970842670083	-0.027945133584042593	-0.06138158008159197	-0.03391078835536836	0.05238038036558062	
0.033580846299186576	0.006638806757534971	-0.028269266051079798	0.044226561376860554	0.1304849736364319	
0.05989154575234168	0.01961594661210368	0.0919306007200239	0.07550329671992399	0.007166429533241298	
-0.06902544685518251	-0.0791867152449229	-0.06061150734816134	0.011500827210100706	-0.003916465250728626	
0.11197128700564121	-0.064800594898314	0.11130623885498118	0.06823802142913324	0.0788510524537388	
0.05107921350558811	0.03613154911923809	0.021344957523205612	-0.07634704413929604	-0.008980873903188599	
0.004236299831222409	0.0470702264853144	-0.0032505430610823335	-0.0039029761954388234	-0.06893579827238268	
-0.1263279500258852	0.050283262725819004	-0.06504074376414604	0.07051353193125263	-0.09343726901082312	
-0.0618552315545082	0.003649326082781668	0.017785854358000515	-0.03482198919514531	-0.1126924748487978	
-0.01482926631070718	0.002856376851014109	0.05877130473719863	0.07320936342711411	-0.05549627164089275	
-0.11391522167126121	0.0032195466719164593	0.0419290126890274	-0.11503176558943945	0.009186661739091419	
-0.02331434576693578	-0.013478342372191261	0.010378797765676904	-0.025816781905415472	-0.16044585310156678	
0.06308750545879814	0.07457381915791951	0.13499552105088466	0.09473718070978301	0.11897186970037173	
0.04613795784330433	-0.04292621787555351	0.04942083151445501	0.05977606313880295	-0.0002425534473939675	
0.08378825255607261	-0.059952294565656296	0.06626730133429663	-0.031821621367975464	0.06480612927820084	
-0.036097259741016435	0.061173043504478726	-0.05816751344547498	-0.07723779108048744	0.02605816968570645	
-0.07240981458483137	0.04497479623323565	0.007840196159655574	-0.08683913922629223	-0.09349205478437038	
-0.08365284502659448	-0.07258041663448038	-0.0458829504229249	-0.11690640004391979	-0.11139479431699001	
0.024981952042558608	0.05989167287987573	-0.09420025850000172	-0.06371875039279723	-0.07289474921931575	
0.1160652699444177	0.044427806361707144	0.0526513735007627	-0.010055377236906655	0.10000997610904372	
-0.014710621054058029	0.0855571448354435	0.041268460207015085	-0.009241196999158638	-0.08799291372669453	
0.09916722824572273	-0.06664240727536024	-0.05395718545424474	-0.012971267635225223	-0.02670417326379616	
-0.08038135547845905	0.046058980433068684	-0.07482376842964324	0.019412094602126506	0.03504487729071673	
-0.04311469319824528	0.021526134032065096	0.06748317601219032	0.03917780029383118	0.02928845916448579	
-0.036864188438947475	0.04732489567006003	0.09389979773816479	-0.013348306169281843	0.052410919997037536	
-0.07977695916688414	0.06880117506328157	-0.051025630837492765	-0.015249015862562817	-0.04118502959675908	
-0.0762311339032338	0.0819979925047486	-0.020563896906838464	0.00859117685210333	-0.005588234746867747	
-0.0983149213314955	-0.06043161960392057	-0.11838222395149785	-0.017814886324499006	-0.06692676282683527	
-0.023308527497754278	-0.07874246104119234	0.05808349197071873	-0.06976174338264438	0.11185012994691898	
-0.04633271873627734	0.016062656203304167	-0.06765918821719322	0.07190648236636371	-0.04834908943600348	
0.006859471609609556	0.047655845573992814	-0.07275725982842289	0.013724579947311055	-0.04958624155339052	
0.0560331768976277	0.04496920240257194	-0.0646354605398521	0.07752205633006108	-0.09135350503378613	
0.06632017665664262	0.012625130756319441	-0.026007705980503684	0.04433459279868605	0.026205907516129737	
0.09677964981460765	-0.04369365532789094	-0.09361682099482482	0.08316925936665744	0.0623264123597061	
0.019147323902918567	0.0021241741435365385	0.01673304344324159	0.03151076249432033	-0.05912715603822635	
0.061421017190095496	0.051410585553896965	0.027193805984201135	-0.012805477509638539	0.04170448646433074	
-0.09674892726903814	0.0554116590115979	0.07898922343507402	-0.05037570091695599	-0.07586326256455438	
-0.08912518228633548	-0.04175959399416056	0.03548709474701193	-0.018871494825428877	-0.07126757517765928	
-0.05460771803359342	-0.04138380212138039	0.043416668583597676	-0.01959616280444922	0.013253003120020751	
0.00841578366471381	0.06765727781982987	0.005703090956997616	-0.01436095671370187	0.05059016261676911	
-0.05223983391069874	-0.005774755249493187	-0.034186840168236636	0.02730398221447731	0.07701363445839902	
-0.004928626707086316	0.05812778261936439	-0.004310081543738199	0.03484446330792095	-0.07223563078480354	
0.004698487894817293	0.08339433679658571	0.040635395457315086	0.06927686954396788	0.016511221945997964	
0.010926070250120533	0.06998142137145365	-0.07474322242362369	0.023705658745663962	0.09593063322304624	
0.025621354500736576	-0.059019272314289835	0.09305978875649706	-0.03103914977776263	0.058749904005940976	
-0.03192673768690965	0.08750196514970009	-0.025513129377911007	0.03116162184273999	-0.134551719524813	
0.10595480624069657	-0.08298102142742116	-0.028768270306389416	0.09527301911104148	-0.09546931376261696	
0.06720539830473368	0.07216979822581972	-0.00689910942451257	-0.044847119113375224	0.05954151734173492	
0.001695553049386216	-0.07242872775120378	0.09356454866573509	0.08513069730867787	-0.0011458170621016044	
0.08265544458807776	-0.014882941514296654	0.048388370741445634	-0.0113506676826885	0.008526521626618329	
-0.05880749326373343	0.09337308772387957	-0.036449981806886196	-0.07591204176812581	-0.07207279902877604	
-0.09231296009322697	0.044245114940621076	0.01797100791971598	0.06319924455552016	-0.0011573165906764431	
0.06967915318535013	0.04055429618725173	0.0672650860800206	-0.009652221768855758	0.03693224477395257	
-0.046711074798607075	-0.03443083162170826	-0.04542356878059122	-0.00405941183938302	-0.03265071644009715	
0.011140501279770712	0.09684539904449603	0.0012530598776190518	0.12190668862609053	0.05869366835847725	
-0.018772341357640738	0.07287755650407025	0.02822761580468972	-0.0445961784260791	0.05813503966615683	
-0.005948272194932781	-0.027469534377046148	-0.02671093853481693	0.04612411025915999	-0.0435876169659604	
0.07841601220539464	-0.04048837229142023	0.02974896787856486	0.01441164033595085	0.0881835313262616	
0.10828350008686839	-0.060695775836451596	0.0512686280322317	0.10981467696397253	0.022991232933258172	
0.11206357991604396	-0.042141461948222506	0.05412038422203301	0.06106108903859205	-0.027195942499087227	
-0.03710125832483107	-0.012494095768953616	0.15576727843314353	0.027528931816692453	0.1254912391097433	
0.000711855913555111	-0.02676672790607899	0.0032371360943752995	0.10733877504349754	0.11393445727017239	
0.09340898732454384	-0.04518911080642434	0.09978398518211373	0.00346264217453011	0.05221281965747999	
-0.014506347516454434	-0.027933155927405924	-0.07440974325188761	0.03747232116620652	0.05351317927469798	
0.054332157437449	0.032177255477626086	-0.030508260612862912	-0.03978326054638985	0.03633597894561737	
0.1009056290269478	-0.06069363085175045	0.02061971479165428	0.01228202290349542	0.027733432562595466	
-0.01755902376483386	-0.02899149671619417	0.013932106132436612	0.11259480244936174	0.11544500040224819	
0.003258661896590072	0.022760006910220728	-0.051319373195145304	0.01623827376002251	-0.026452639196179024	
0.07107436631999536	0.03460167022598504	0.024342863556378394	-0.07883072432744453	-0.014165693081502633	
0.12830625450207384	0.0921411656311464	0.06420944937395122	-0.03967104042793543	0.06098338842824625	
0.011092229514214763	-0.006344727595088408	-0.016456243006241118	0.015284040153149332	0.06285815306902674	
0.02315968925657269	0.01320716541282941	0.05588871933899798	-0.1215850336538113	0.05870002455818681	
-0.038302411082719125	-0.05626261146724776	0.041137999349065466	-0.02746744674891218	0.0824949610602495	
-0.034905114655138667	-0.03920095599029023	-0.02467563875874666	0.09538670173215255	0.09818524285343487	
0.013029031635134617	-0.05961260666703875	0.09074404060883123	0.005399610451425832	0.10186636101156711	
-0.2533353854104939	-0.009952844788921597	-0.3846472088804792	-0.21407127905886766	-0.3277130485337894	
-0.05938108180690942	-0.015623375684115587	-0.02030521078081707	-0.02149390307942327	0.0866731430776316	
-0.005506696102129559	0.05647091665747799	0.034728701374420176	0.09651555614395857	-0.00912297215250926	
-0.06124535556866041	0.07990275345247588	-0.09847692713340536	0.08182200969927936	0.012008209682885889	
-0.4618050189017929	0.055705364345693585	-0.5995843057955653	-0.49078980848090314	-0.6317057467129561	
-0.06766437515691219	
