TESTRUNID EPOCH: 99 L_PCC: 0.8390536583218225 L_ERR: 0.010687857914960188 T_PCC: 0.6597541528537414 T_ERR: 0.011898527602095288
180 LAYER: 1
5 LAYER: 2
1 LAYER: 3
99 :ILEARN
-0.023226896208358074	0.04534600081090191	-0.10871739322419259	-0.04589911206326071	-0.0818097302731693	
-0.06015659462164042	-0.06640520821147353	-0.003643461054828232	-0.0031431450028737975	0.02092460413407911	
0.009283346036661597	0.03307741319833329	-0.029874750610025726	0.09635106037449896	-0.0780013699501088	
0.06636002301479633	-0.021573071693978	0.04748161250975861	-0.046039560054630904	-0.04065817704073224	
0.05515118675542477	0.09445173567215503	-0.04753116607647079	0.03218037238386927	0.061641707210557534	
0.10867896109854411	-0.08767217564467582	-0.05538123588450479	-0.04087653624908774	0.09853371591211614	
-0.06326813205056209	-0.01872119444838423	0.11124929154141527	0.019706610403906925	0.04515257630757511	
-0.005295377264561814	0.03231547335316512	0.10053353191247115	-0.07129062126942175	0.06921462173286434	
0.1682368610104245	0.03878760483907679	0.03972689982114569	0.1196193625727907	-0.006835341320215307	
-0.052756975722428906	0.08887743329152871	-0.09292252048643387	-0.07847922129168147	-0.11196929824303856	
-0.11157505673259793	0.038263713949588454	-0.07932924022742043	-0.06090576073894474	-0.01765398950777294	
-0.08703380040543494	0.01378037655950053	-0.0637039795094021	0.018120608309696307	0.028848208931278357	
-0.0822864353261453	-0.01643049354371291	0.03436159007572032	-0.019095412279314643	-0.08984986786587032	
0.045015900267631755	0.026613713533031432	0.04299079561582734	0.12238688480021981	0.06602642631504163	
0.09795318220766504	-0.0752697912904721	-0.05419702145379821	0.0743646787353144	-0.01493172075571691	
-0.05647843924963829	0.08380452924587142	-0.01900796633178552	0.05789336249062785	0.0475320951852808	
0.06550643788325664	0.026552087241529798	0.03559888700782186	-0.0408286325198547	-0.06231519222920982	
0.14170005812270542	-0.023883115478068505	0.16410308847051716	0.08744652697110995	0.09134241320694869	
0.019283240063276294	0.07582499490616781	0.1059692523753145	0.10430385291668715	0.10406321709631586	
-0.1008770403199668	0.0890304494171681	-0.04300672733130333	-0.1399715061840438	-0.018454918946418306	
-0.10666625418488182	0.015939313454985383	-0.011346482839708115	-0.09592009609689259	0.0018807881924779925	
0.03518448961507693	-0.09863926946432013	0.09529796270444472	0.049257775038943866	0.10669418836979187	
-0.06973907453750357	-0.07220218206920649	0.07752909220293237	0.03857476991316647	-0.08828166860252842	
0.0695418859021706	0.047110596129368264	0.10320078001322583	0.06390847066539944	-0.05526981279825133	
-0.12087150510474476	-0.09046581836132575	-0.12971106260023477	-0.07678527023798083	0.042197330083707234	
0.01729313122598835	0.008467633897369953	0.07808046025699389	-0.0639125289531898	-0.037256790056249274	
0.038959758379102406	0.08962671066330491	0.03740255772438096	-0.07227199357969928	0.07919525236380871	
-0.08060620168251267	0.06508912018585229	-0.06144068448223877	0.047329979091499864	0.013247489455642017	
0.04815783443973796	-0.07908495821270958	-0.04436358904769975	-0.039807732616546083	-0.05893075613550066	
-0.06162984087605858	-0.05653255152095637	0.06389392728042137	0.018860276657543116	-0.08483460478180663	
-0.07621814900802003	0.0926566549454665	0.02395999558901406	-0.055608267290268416	-0.04350739546438028	
0.05438940181329319	-0.06228764204282174	0.020398849143140208	0.10127119683564251	0.07159847438440549	
-0.038479617679905306	-0.0032075645915568478	0.04128635951773267	0.07394406436501391	-0.058391018167971695	
-0.07484948889905103	-0.08878252636657594	0.020346976598875462	0.03657437249752306	0.02794625611469702	
-0.02426906308917889	0.09534348917654638	0.028841751122318206	-0.01098050494895328	0.01714960847933181	
-0.03310141096387224	0.04698452807329429	-0.15324565263521717	-0.15843336535412017	-0.10025777401276606	
-0.049370017133318345	-0.04500881265656599	-0.04485292908206741	-0.1507332267307702	-0.10685238847620733	
0.09785531688212296	-0.06706557058913634	0.0699203755909465	0.03525426438678612	0.10744360946430205	
-0.01839415675235031	-0.09120844028186309	0.08104700667179471	0.07798839417111432	0.10367239885374269	
0.08482341757059011	-0.09583983146045662	-0.05397329103351869	0.013974977645322692	0.08661792261006131	
0.1864126733773253	-0.0034158824358040134	0.20438142131004983	0.12786683794482245	0.0859406868032655	
-0.00861778895873698	0.021727388121136827	-0.0013491195468580814	0.07694593212099192	0.07431702932152241	
-0.03865254844812949	0.09554270068494808	-0.08733271842523793	-0.09079819250286429	-0.09566873030382296	
-0.0034551796185458544	-0.09486537807690397	0.08225350832454036	0.061465370249414446	-0.10949375073891093	
-0.028549305901766568	-0.03912328158867201	-0.032032056879119954	0.0952603770323058	0.0009164556527929929	
0.08531341843916518	0.016884347378962602	0.06986174617603663	0.06731733670105358	0.0773272277677672	
0.01051606104596096	0.006408854947743895	0.07880733311459827	-0.026877076932389693	0.0140492654043387	
0.01434240985437627	-0.09614327438915389	0.018794106319181478	-0.01427872895942889	0.04503368628968397	
-0.056914461769434634	0.08182236362753237	-0.012811284393795523	-0.08521061553962248	0.03393394388878934	
0.05591379810337347	-0.09447214315657725	0.018679996349746854	0.0649338439988877	0.11556384579758917	
-0.08978383382871143	0.09361908581775041	-0.019141899965333546	0.10100788361026995	0.02798697722003171	
0.05940798409269643	0.01579998635338682	0.015624096397692668	-0.049937022350994835	0.010067642849833315	
0.06009281677035762	0.0700626989728728	0.05813204858195994	0.047857912012443035	0.08253709397463527	
-0.04798821504598146	0.036090958040521336	-0.03054046374023334	-0.0468623934100459	-0.03554858528219571	
0.012172410624818778	-0.04140334616579809	0.06131447363494834	0.016202376951348105	0.12171277634662012	
0.03829845302635338	-0.06033712877597961	-0.004932950689843427	-0.022237858055863747	0.06570115093833516	
0.08824727313996185	0.07907077910030759	0.048582309117599407	-0.03171145745075617	-0.03618534557484606	
0.07431160772762334	0.005040283711733198	0.0575828203052694	0.010793132786628266	0.04211015153881442	
-0.025872723196643646	0.059076101029517575	-0.02834955889185337	-0.04062226032278776	-0.06040619375628545	
-0.03933358301823174	-0.0316420103361892	-0.031457601969736425	0.14103221669728727	-0.015310783778635439	
0.07200500019384154	0.07336254045787308	0.04693538397084845	0.022700461221455224	-0.059268320033300737	
0.0022418796254796347	-0.03277812828190555	-0.045543410229131845	0.023640054566875613	-0.04344405637170955	
0.09095739075482653	0.08057142936588818	-0.0398052827631514	-0.07394587523910812	-0.06575628263931492	
0.009681075243964856	0.04415475814032235	-0.043727703907291755	-0.046052219835647605	0.06606308989019928	
0.005872695122008627	0.019381877760326124	-0.03456463559261035	-0.05952507156260201	0.019788871471448408	
-0.028813051542574988	-0.06603310068926965	0.0017853462822352917	-0.016143424589558086	-0.010279792767534697	
-0.0647388893489709	0.048758435778083885	-0.04334698391454265	0.0064689856787098505	0.0506734998806932	
-0.07909842297877084	-0.03745418542817596	0.09281819765518382	0.07931100218108109	0.010127619979342563	
0.07818176996374368	0.08909619206837109	0.0723728749339121	0.07095813334433979	-0.0916241054171032	
0.033016833455418046	0.03982174320792011	0.012231562451903686	0.06792554185067749	-0.07736816957779724	
0.05944695807947272	0.04498090288822952	-0.052433181942999854	-0.04147566817554123	0.03308754214607318	
-0.03290247037445593	0.059520274685487276	-0.010188125568201924	0.051529448403853366	0.08352115721160959	
-0.04420936367857155	-0.07120543689960317	0.0677003962178814	0.006526048672437192	0.09135058236104293	
0.04546858880314351	0.09565631882217634	0.020926579855770667	0.0214276872091784	-0.05840548730026671	
-0.031639152367009045	-0.09197571712477064	-0.05079466349270776	0.04013620818299288	-0.09531819128003768	
-0.018125242889018532	0.07113509895734423	0.04929022229404499	0.04363678412504369	-0.062300668956100196	
-0.0019858832005818423	0.01468569293555187	0.10720307502640089	-0.05041717628099551	-0.04191602704395153	
-0.03511498640817904	0.04781796157896326	0.0008126214139446974	-0.0800479724525023	0.00047728886483268103	
-0.049143483126424255	0.05808120373572242	-0.03594543207631108	-0.08732731683877916	0.02128407364175851	
0.07966220847969882	-0.026196426800447124	0.049971391793804054	0.018627653070442927	0.033918836148920474	
0.11534823328222178	0.05714037396475672	-0.06896054878208978	0.06157156919675432	0.016102439884601492	
0.07362648569296278	-0.0534264805736514	-0.06763667419418833	-0.09932047037874668	-0.04097251890481099	
-0.09144871127246784	0.02840928240972589	0.039817109083288386	0.025108328539252302	0.029160957403835935	
-0.051680236593966526	0.07202650884433864	-0.04628917947864013	0.04360459267713904	-0.006968214931134087	
-0.03781426764148834	-0.08956988715296389	-0.06129252527323124	-0.05909156649240979	0.020528401563729145	
-0.10299116850077696	-0.09061092613077573	0.017249264678332463	-0.0453153494650882	0.014692350403561222	
-0.045113563208394554	-0.00435448959069618	-0.05404306787322819	-0.03880770177834438	0.019326164966419982	
-0.013630498571276128	0.07969988011319991	-0.09112247445169416	0.05666878383116981	-0.08430817132911747	
-0.0338979690136469	-0.0890454763628733	-0.05906067911438787	-0.15120724880329464	0.018309987566495562	
0.15673631811368308	0.047823761958305656	0.17545091760372705	-0.0023058920007175167	0.02035979531807078	
-0.025640884340682454	0.018861125092911987	0.12509239380253445	0.13059067533817226	0.08168998239505051	
0.04122617042151365	0.08235515377409307	-0.028867953111445892	-0.05615349262498983	-0.08033234232277522	
-0.052988705309991294	0.059073162256982545	-0.04155059465992861	-0.026103377087279035	0.09003851583450076	
-0.0731935416950759	0.10216035847947919	-0.08163219867846237	-0.023289681719870208	-0.07783484029118933	
0.0871384818230866	-0.02776238466783804	-0.013368177382591126	0.004011955395699774	0.08208064934234081	
-0.10086185073858195	0.04388385444197482	0.06468802279106882	-0.10331334126955564	-0.011849416823573908	
-0.03395808462128684	0.07092877837783446	0.007031490027780529	0.036526320954072086	-0.01202646716590866	
-0.00634806264683892	-0.03687735294720523	-0.13301525762697022	-0.013425762611571088	-0.08178856105722962	
-0.07644023005296112	0.09609980674789517	-0.09633033007071795	-0.11804689992275433	-0.11151345149184692	
0.16284523234348153	0.07603672724133272	0.16137328717067873	0.15356295868423456	0.03888593032119086	
-0.06801227958283527	-0.057186379898844585	-0.01691579715684381	-0.05212752494907389	0.031884782842708674	
-0.019230813182589127	0.06318951749170014	-0.06957130298073558	0.037437438909316195	-0.06447468971991772	
0.0077102706275306515	-0.029968097603819945	-0.10056854847173766	-0.06147985282867167	0.016237322884715282	
-0.017135790997947695	0.004447388940499151	-0.09327700875931833	-0.0011736242330439473	0.07169711121707834	
0.06127998411730968	0.019367063797613653	0.09249724822429785	0.07485392751133796	0.004613846596196358	
-0.07873699079356951	-0.08415711405615409	-0.07306922679998275	0.0038526825812277704	-0.0158636957609184	
0.09188547809499156	-0.06689575868063799	0.08487712994021557	0.05146400069748321	0.05508348989447252	
0.04611732183108707	0.03004547850786	0.013596030067397749	-0.08027352092362261	-0.018055923034829172	
0.002053638205725688	0.045066827902918806	-0.009115497820909415	-0.005646528330235065	-0.07502247910161743	
-0.09153269659345595	0.05182068576559314	-0.02092226767749814	0.09448920382093362	-0.058802083360580314	
-0.03926152177421167	0.006752709321587939	0.0452640502707991	-0.020307134076623812	-0.09231133533497919	
-0.01963991702781219	-0.0023434878159479693	0.0524947073514541	0.07039574664579164	-0.06125275128724942	
-0.08975846169079728	0.003735405732542182	0.07194916232715705	-0.09791839521736764	0.03236887582766241	
0.008143589320167	-0.004421242551799378	0.04389061592043194	-0.0023213573819939703	-0.13217041830938864	
0.10191321312340422	0.05580168468842866	0.18724406698995427	0.13919648038974325	0.1694560110226118	
0.005836393166103997	-0.04415699271838375	0.0003968137567046215	0.0276547445985557	-0.04299110823635844	
0.04336943417862597	-0.05647721654412142	0.022057191849522675	-0.06462318211857543	0.02563226554887456	
-0.01095525438006726	0.06143228727892557	-0.030857911807706813	-0.057678869714361924	0.04730169391148186	
-0.05519011143249239	0.049755769878958134	0.024667581810957125	-0.0743684172617363	-0.0796311214363383	
-0.06378454324761113	-0.07003567867497625	-0.019714129855795334	-0.1045235419100221	-0.09184212825760117	
0.009933897577410774	0.06358539036904426	-0.11560209236888389	-0.07600265384954767	-0.09051344638552299	
0.08791581024910358	0.040909324433982215	0.012323665597655261	-0.038220932651523785	0.0579625309147945	
-0.061312886157565194	0.09000469390002502	-0.023899832738948773	-0.05284057782259779	-0.14595994206234233	
0.08132555343433776	-0.06762776072013568	-0.08264928965480606	-0.030044322837247874	-0.053489690391105814	
-0.0728277418046256	0.046345629757705904	-0.06718803855017987	0.025490641357374614	0.04185237872628038	
-0.05379518163876817	0.018468262316597952	0.04996240785252126	0.030235731331489168	0.01239549851249564	
-0.03649743978643375	0.04431338957846902	0.0916412745050155	-0.013952496019173498	0.047558598477862174	
-0.08804107924936544	0.06610323982898847	-0.06748712733377396	-0.024869169475882625	-0.05782817194201112	
-0.06411082106134577	0.07704686748871785	-0.006497456877054808	0.0181394300165484	0.0042974017375100445	
-0.08559072995820835	-0.055477157028122864	-0.0975412374099141	-0.0036657868094773886	-0.04554291794725448	
0.022769745449929293	-0.08497474638585077	0.11975515591250659	-0.025681689444862023	0.16899942534577594	
-0.0685908413131887	0.014055700334268895	-0.10059444712680789	0.051409401522100794	-0.08046400950851781	
0.029273232241008692	0.0450900711648279	-0.041914939529936975	0.03630942179923572	-0.02028936237177104	
0.1322717106489353	0.034107819093919876	0.03679173220639634	0.13902214735357205	-0.0067065094863182125	
0.06824312944658947	0.011778096013329064	-0.028108032372739646	0.04489796108217551	0.023046692584091703	
0.0678347588248276	-0.04067514175440147	-0.13707015491750968	0.05731436279168071	0.02591679570115449	
0.00527185351995732	0.009243914402304288	-0.00547046490302726	0.020130533019268468	-0.0740234155008582	
0.10517063471763241	0.0429261311925821	0.08224315354950056	0.021425964761363044	0.08514136538413213	
-0.06069622496665388	0.04993705897628395	0.12739535651709627	-0.02250874171572892	-0.037324920047757296	
-0.0943249609422441	-0.03243966399957245	0.033164841389449654	-0.020034640483358426	-0.06975564059959248	
-0.05352437560945164	-0.045189861012590385	0.045623270884093944	-0.019485208298380272	0.011559433980721049	
-0.001966255190540151	0.06420933391426681	-0.005083910565985022	-0.025802947755937895	0.03608251562744713	
-0.05958414298743763	-0.005778327641809476	-0.042453203510291554	0.01706872405009424	0.0651934020498172	
-0.025190717832386543	0.05952288782627168	-0.025567928365561907	0.013938168220164643	-0.096469796023475	
0.018724640179622342	0.0766936606411478	0.05600626988786834	0.07992537947069242	0.02740899826113379	
-0.0068215377036259595	0.06979251033220378	-0.09224243034929695	0.006079229340993052	0.0756943143008599	
-0.0220504251015168	-0.05682014816395264	0.043901515069258705	-0.0724407215436608	0.010280843082283435	
-0.012551015606699408	0.09342825176428879	-0.007349461087995253	0.04315206999314771	-0.12240396552231948	
0.09944750389207004	-0.0845052823755565	-0.034949640663051194	0.08638662291058001	-0.10656800870494948	
0.10159202920507548	0.06595225297022168	0.030063883859286558	-0.010262410002573006	0.09905255835476848	
0.018152424288424507	-0.0770841732751954	0.10983203203762085	0.10139616436888045	0.016176299958627998	
0.07127669678637208	-0.016147378741607116	0.037615757178442906	-0.02381414073605955	-0.0058334977762705	
-0.04441797823156844	0.0899649650294935	-0.021109900244519867	-0.0616684053567524	-0.05616878532002327	
-0.07616398940826224	0.03970033804457835	0.034576338127407964	0.07723340427997989	0.013711787752967549	
0.06454701532127163	0.03810416909243208	0.06089244603870238	-0.0168136159444495	0.026872886758946418	
-0.04358844954608037	-0.03859739099907451	-0.04022014348615822	-0.007672902007784404	-0.0344817457079	
-0.012306185062195267	0.09339608135867815	-0.029810101636741946	0.0988176611761569	0.029963814205851074	
-0.009210999586281316	0.06888445548769097	0.03703593506124029	-0.03749067017974423	0.06305692249821808	
0.0074218297491470365	-0.03177820648782785	-0.011445747854070532	0.05746811274287029	-0.031235050161184774	
0.10555047998087339	-0.04826843872635599	0.059884437048974885	0.043197227287938324	0.12099025496757189	
0.12631954963924083	-0.07059261389851805	0.07151635783435968	0.12218520445636658	0.03429402592890228	
0.13954593618513134	-0.05264637299216704	0.0882900067738994	0.08083675181483535	-0.0016676544308766351	
-0.024849399342491713	-0.027470692542461747	0.16786094982288777	0.02983454656317135	0.12209890444105403	
0.016753037977473795	-0.043689423648786974	0.01909404110487672	0.11199107393981907	0.11204303757017632	
0.10525071670053687	-0.06013426410044547	0.11028639737944108	0.007192428093225943	0.04748547111096385	
-0.0011420672346678339	-0.03237007533274562	-0.05824149251062905	0.04508864020461613	0.0637384921634558	
0.07613796432581146	0.021739673074209678	-0.004684143663015814	-0.026309855382635354	0.05077690467718074	
0.11830635338651191	-0.06950662089622735	0.03958929176247366	0.022879792504243452	0.035722215007790055	
-0.04254843629282271	-0.0364482525089117	-0.021286240005092966	0.08729583405964764	0.08208605941322628	
-0.00030012447994331954	0.018736666789438115	-0.05856582265888095	0.012599748140824506	-0.03360886412895666	
0.06924213420999989	0.03429982720656436	0.020436480311333122	-0.0788945282666427	-0.01518927881999346	
0.179536083005312	0.07784006964344667	0.12967432341044682	-0.0024380227602762337	0.10899221234391607	
0.001884220311056781	-0.005011910921740646	-0.029495354626791172	0.008708007628084774	0.05476364932621527	
-0.031502909133007836	0.02659009418488403	-0.013742571897678177	-0.1604215593463385	0.013986255341066827	
-0.019911671230268123	-0.07047144875558219	0.060840147443528655	-0.019139713103100833	0.08561800658038884	
-0.02054399345301753	-0.053522930023447	-0.00918240957780739	0.1004436743062807	0.09898879859596389	
0.020406770421272667	-0.06904938679022712	0.09858851314348535	0.006202469142563986	0.0985209549765934	
-0.28362811912714425	0.04853713829583627	-0.41321272075660614	-0.21601249062307568	-0.30869568283378707	
-0.1522423610567088	-0.0007817065844362538	-0.13968506791152685	-0.09477033855957495	0.0010137774729580833	
-0.01007094981965255	0.05175925418634445	0.026061402841374225	0.09149543945654003	-0.018473411405746498	
-0.08500665307826567	0.08754157436331698	-0.12383738413313382	0.06437328996213645	-0.004720685525744221	
-0.5355235897812128	0.19672511275562574	-0.7708651397725477	-0.5022257040617629	-0.557882321119882	
0.2134130756973913	
