TESTRUNID EPOCH: 17 L_PCC: 0.6991243776171704 L_ERR: 0.020883512111754203 T_PCC: -0.061967102870055205 T_ERR: 0.017828588801617248
180 LAYER: 1
5 LAYER: 2
1 LAYER: 3
17 :ILEARN
-0.022946067080682853	0.0445923356225359	-0.10840582620636335	-0.04534241750612709	-0.08053467826002615	
-0.08008303683302435	-0.06207857682532514	-0.028708402323073912	-0.02000512216383106	0.0073109617368665595	
-0.01611464061654363	0.038173630815425685	-0.05891913679570819	0.07481172154150338	-0.09778556450755312	
0.033294263331647166	-0.014921543245902585	0.010781798153762063	-0.07378468254540245	-0.06607034332334338	
0.05259905005556739	0.09463206462524335	-0.04747732666653641	0.03138841428151943	0.06272930461977061	
0.08178800808177998	-0.08216705391542406	-0.08813479647859765	-0.06428040670931007	0.07675434332287673	
-0.0817016078983871	-0.014803467174395468	0.08989352468157945	0.004709164870176528	0.033534111942157455	
-0.03745943574789697	0.03894562078925627	0.06620264482280534	-0.09797828752775371	0.044707556800402296	
0.11615605029482223	0.05029090312781081	-0.019342307660371948	0.0730703142085821	-0.05675456446589969	
-0.0212592613868981	0.08127574812029678	-0.05589049085820722	-0.051305471987614995	-0.0867322410049313	
-0.10092135097553616	0.035890594894286774	-0.06425546324028648	-0.05097091382671506	-0.008035661719016235	
-0.09424335824194145	0.015405266183234827	-0.07678928951653496	0.013034580677176204	0.030845900899467215	
-0.0800902067380228	-0.01721621814375149	0.03803757332859755	-0.01756699029357664	-0.09039244830093518	
0.02587298700708821	0.03233533447919096	0.02747045668140176	0.10540667496461922	0.04404721889848529	
0.07707956672080185	-0.07116103245109899	-0.07687238720131194	0.05743209006295811	-0.029090422860427484	
-0.06968428170655767	0.08635797725426216	-0.03402790390898548	0.047166557476047886	0.03900136480573705	
0.069720373013529	0.025198486375620013	0.0409392273217399	-0.03647226319686857	-0.05650472444497903	
0.09665028319763719	-0.01378685847890177	0.11610756480429656	0.04728303159093188	0.04632112674743616	
-0.03975239147859052	0.08905330300449946	0.039538046444344055	0.04821350630829336	0.03417974794259506	
-0.06505339379334452	0.08008586599232223	-0.0020077956867708604	-0.10958457259326641	0.008964770927413913	
-0.04714381501216809	0.004481894748186586	0.06061122458284341	-0.03884169518561037	0.06701564907749555	
0.02467857937524802	-0.09628513224503667	0.0857916474257845	0.03814953489589671	0.09820235091774365	
-0.06687087714952554	-0.07251521616132138	0.08429169282147968	0.038631510530836466	-0.08771387844835409	
0.05142931371637132	0.051506267894421455	0.08454538296825943	0.04314487830075999	-0.07478382020992287	
-0.10275526641648498	-0.09444673223000631	-0.10321807864583082	-0.05720621450458203	0.06180921348166496	
0.0075227090149281965	0.010937607237476294	0.06786836486847925	-0.07515043508786219	-0.04507365309848685	
0.018583806875489998	0.09461688601032921	0.013784619937625989	-0.09455895110168148	0.061282065971604	
-0.06220327784246728	0.06180103787956441	-0.034378784086947334	0.06506734944128435	0.03687169443184528	
0.0136735267486284	-0.07164783108330235	-0.08505269054581148	-0.07362743910561666	-0.08971153276545012	
-0.07772775074196571	-0.054222730715309975	0.04400675714696814	0.011062970202391553	-0.09934075843534779	
-0.0853982781547444	0.09405243585067563	0.014245829027960255	-0.0604153555587812	-0.05193066311240122	
0.0478319463167921	-0.06058547183476194	0.014826689197732596	0.0934251871836243	0.06755609228185044	
-0.051193667044918116	-0.000875571438669303	0.025327514055552395	0.06546855313963301	-0.06965446720596992	
-0.09612369458815906	-0.08488210843887357	-0.0023046858721598733	0.02018604098607797	0.01030743475155924	
-0.037152242892861315	0.09841850546890968	0.014854443328520654	-0.024349630315222234	0.008234909911275037	
0.03799996242508651	0.03231580467996189	-0.0618672815102235	-0.09539552873425121	-0.03651812049447575	
0.02184443916950935	-0.05976404547288815	0.04528216997547536	-0.08941927374490775	-0.04863719436169697	
0.062559162169088	-0.059757261208939004	0.030214717223718785	0.005215719518298622	0.0820291600763698	
-0.0460198889796482	-0.08579597737521506	0.0488503493010121	0.05478084153885619	0.0803487420563563	
0.08560741445241381	-0.0970498909925819	-0.05373564236264832	0.021445791839056375	0.0871798706611909	
0.11526903485393016	0.011560539369431327	0.11573863803799858	0.051337708520042456	0.01266250570667812	
-0.007292826974408349	0.021390779074213852	0.004133302323492546	0.08049914770572167	0.07583916138832592	
-0.025347092615987585	0.0928143411875452	-0.0707555510652411	-0.07884380359775077	-0.0798263723936855	
-0.003494299658652524	-0.09494223845380093	0.08354772066596408	0.06087672784998365	-0.10554213224859584	
-0.0607264914985195	-0.03248463641653875	-0.06867684084288025	0.06500297462189822	-0.028158408244927245	
0.08587226055826423	0.016736995975641555	0.07299809408742776	0.0667037657790844	0.07707319569581007	
-0.006408180748949422	0.00997915551423613	0.061843932410197845	-0.042072026434388746	-0.0017917297970626623	
0.017427968545369966	-0.09676914772423129	0.015491660130354306	-0.014882673268180402	0.05768676154140287	
-0.044821212472002527	0.07878252795157226	0.005136947940152451	-0.07055358151558236	0.04624089445170049	
0.02672620779981458	-0.08824678753659783	-0.010412102343589512	0.03907410284512656	0.08737252860440879	
-0.10091914386171097	0.09623833564694219	-0.025922417087369146	0.09325957489763001	0.017428449981089476	
0.0637666451941235	0.01515767854748168	0.023282916915951208	-0.04535051479096676	0.01336712922738222	
0.05041670629191601	0.07219948100992683	0.05153178612677211	0.0396456263078101	0.07225103225657771	
-0.044327344096079295	0.03460161031222175	-0.02166134874424504	-0.03208237889472159	-0.030688285222584336	
-0.0166755750781814	-0.03550233931335836	0.028201213778056893	-0.011745131818887316	0.09631186090117648	
0.0369411801505152	-0.06042543822648305	-0.012959965456517505	-0.029514853712380388	0.06212013674876835	
0.07795083330768596	0.08110371832739362	0.03504231602794788	-0.04418177848470191	-0.04749854248611208	
0.06461704879356012	0.0064503610590602905	0.05179959138817559	0.008153836641475915	0.035839823425486306	
-0.007264550359636962	0.053934756990659326	-0.001208663621259049	-0.016680643578340402	-0.045304359036011474	
-0.0782922685007247	-0.02350732912390564	-0.07374333533036731	0.10339845607378177	-0.05451820930773324	
0.0647506217533126	0.07525274113669361	0.04075805705837553	0.015851131515775174	-0.06523209003598822	
-0.011486522239786493	-0.02974093491801024	-0.061320802856502474	0.01346509478650701	-0.04774970410402279	
0.0777275310424589	0.08305894597678293	-0.05578778430560719	-0.08343546011237403	-0.07216391616701376	
-0.008212716121461905	0.04710035633529397	-0.06882278536796393	-0.05856218429713161	0.05521822191585206	
-0.013439351089477688	0.02429144770643796	-0.04906572646357803	-0.07712462445912095	0.005396138552685107	
-0.016678699256024786	-0.06895529159617175	0.008739730667506204	-0.002138780570349513	0.012335747817300177	
-0.07754252988354463	0.051248643679175435	-0.06376975959393993	-0.0025591232273574696	0.045143208558312414	
-0.10165518887268632	-0.03345896980081336	0.06658741055990815	0.0624540433482036	-0.005147834353281488	
0.06471921847817758	0.09135574369905394	0.05412162592791148	0.06232783011170003	-0.09600861648691078	
0.041950132522601456	0.03969733701793976	0.03678061854191824	0.07113089165331375	-0.07381260816563838	
0.058861047206187025	0.04632270675821016	-0.04220253648647159	-0.04411657421293327	0.03345112283645719	
-0.03869724883007804	0.0602245154851878	-0.020783946403888576	0.049104928828990126	0.08476461786696872	
-0.03736019329511196	-0.07164690884081669	0.08331772238117904	0.010950207933447515	0.0993652572344849	
0.02951956844407106	0.09959006977277564	0.01172937119401011	0.006818399392379369	-0.0717374272026369	
-0.03974947725277843	-0.09422266847280897	-0.08138607251438758	0.03871773077421549	-0.11033207860885505	
-0.029569436360791793	0.07333133893600205	0.0348528106566828	0.03508428143545126	-0.06865363542013954	
-0.009240261641110716	0.01657589361437235	0.10102574811392791	-0.057266505986675584	-0.04787979704663903	
-0.05134868749743169	0.051402707436765165	-0.013712728380608913	-0.09272296139532638	-0.007121081941384369	
-0.057476719412534495	0.06033860374275341	-0.04054660623700609	-0.09465580376445322	0.017290552102816978	
0.0847721467856027	-0.024933634420002296	0.07042256937011485	0.01730393842098058	0.033585355130599674	
0.09679693827798856	0.0612742271754067	-0.08711193741657693	0.04574183553814721	-0.0015858130030161595	
0.07961973930322712	-0.0550816678436163	-0.059787873007152534	-0.0925073942166444	-0.029318273981186763	
-0.08711845234514332	0.02750314977165048	0.04855439613474693	0.03127478280813176	0.039336566137121505	
-0.04438656469069434	0.07006900465358643	-0.03166761258698548	0.05318326530556955	0.005823773667275444	
-0.06639817534215214	-0.08323527343304479	-0.08990341626718075	-0.08317914590858154	-0.004470457718501618	
-0.08942459523317124	-0.09404393151141265	0.03477095591868876	-0.03161585111719894	0.03210318529183463	
-0.023939900591963555	-0.009834021463646987	-0.023901556143151426	-0.017679339081564525	0.041194705538077414	
-0.02680968701161013	0.08246333778982394	-0.10238669905929015	0.04757171690418983	-0.08872670195829689	
0.003394955597149932	-0.09762135748836984	-0.019178373806732738	-0.11685121763182847	0.06203170640888921	
0.10475254215484489	0.059352198810348665	0.11469911917550718	-0.050874057528016	-0.03716394641170093	
-0.052871190683753844	0.0249427170519289	0.09400117664265689	0.10585215404276652	0.053900711769694486	
0.038093718002006435	0.08252072938327422	-0.030901174238704372	-0.057504343885444766	-0.07833692732771816	
-0.06941443097667103	0.06267339547418085	-0.06163270852396778	-0.04156124163761063	0.07233725246577448	
-0.046839532690983066	0.0963869291720191	-0.058252984943396854	-0.0007818702757462586	-0.04907627861929816	
0.07673105407142197	-0.02558722288655059	-0.020668766923059734	-0.00290192184634716	0.07763283504790851	
-0.09858599544167458	0.04398931357037639	0.07164991577762916	-0.09894856826281162	-0.0035414180912318634	
-0.03284384961253361	0.07206295320076408	0.014023967873736337	0.03969496112472759	-0.007037641198087131	
0.012847323312856169	-0.04139096577191755	-0.11495639660446076	0.004099859641527884	-0.05664561329681342	
-0.014448279662839935	0.08237732136291852	-0.03797334376605667	-0.06504706863860175	-0.04771112037289817	
0.1126544307709549	0.08725548868692339	0.1039065371565203	0.10648495620558505	-0.01873947583088944	
-0.08241903503511765	-0.054028766629871286	-0.03679790413181202	-0.0653934964628157	0.019799771802938272	
-0.02329744277402194	0.06430824528515469	-0.07100389597050115	0.03455464746186171	-0.0628750716193243	
0.010812225537187213	-0.02947031942980652	-0.09409151450484315	-0.05798819916500026	0.025520291442385056	
-0.0019525987836873804	0.004287784617520334	-0.06739686361516911	0.013125214889227386	0.0965479939446325	
0.05323601763506684	0.020096808613037843	0.08189323953091454	0.07062768551366565	0.002034543534565483	
-0.09136461439871327	-0.08050930188043455	-0.0841620859481252	-0.008155936172143276	-0.024087905801408866	
0.09433220529098153	-0.0658892972237552	0.09331248299315478	0.05281732372001568	0.06265802321531236	
0.02686463721459801	0.03492234462218316	-0.004326803256472638	-0.09768842705145067	-0.0319846361241329	
-0.004438498183474078	0.04685297708011068	-0.010331605949630153	-0.011386084360152166	-0.07828699028289342	
-0.1060108660476185	0.052414539656638504	-0.04630565324515587	0.0886510322096055	-0.06967610716974387	
-0.044676670822575856	0.005693170309719512	0.03479489523285023	-0.019015375316068967	-0.09450864839611216	
-0.03471402892101519	0.001669849309175646	0.03845613420433574	0.055984078360725796	-0.07239318428813504	
-0.10293007750303841	0.0046630009686427516	0.052353355479415956	-0.10495537567476407	0.0217471045649619	
0.019830763820182885	-0.00975241420599587	0.059556088509550374	0.01310425759315885	-0.12333762632493084	
0.04143249596977714	0.07115295086938174	0.12477433458510645	0.06962456959964719	0.0974458558389147	
0.012493496068215261	-0.04487782878715364	0.007820081151897551	0.03163708984257035	-0.03454181639054053	
0.06348119443318323	-0.06107520507044118	0.039443009558806134	-0.04845159763465759	0.04470607830817787	
-0.023758504958754922	0.06282908640799982	-0.04175736203428654	-0.06627919040733035	0.037615428232142006	
-0.049616658712473054	0.04712875290136942	0.033723200425907325	-0.06603528980132177	-0.0736069166738261	
-0.07002366248662004	-0.07085661304277345	-0.03699027165862856	-0.10411288939996377	-0.09347943080747623	
0.02584143475107092	0.060238696647432324	-0.09603219453139836	-0.061519125615248756	-0.07134752862800607	
0.07814848608796805	0.04340169083542437	0.0036718759703655538	-0.04443401475807443	0.05660494916715226	
-0.0283351548439501	0.08536959217757446	0.02043002026819681	-0.0178855568431117	-0.09734294939047516	
0.08530429624824501	-0.06682273959194243	-0.07282886134470082	-0.022975558587961208	-0.035928927445951206	
-0.07548679150391355	0.04656803363355193	-0.06871788601257309	0.024193187091302443	0.04255505201608902	
-0.06049910001867386	0.021031159837382376	0.046141426376668904	0.02492581559382553	0.01347645740000619	
-0.0464898180373571	0.04730630787057264	0.08164179556556558	-0.020443009750385627	0.045905670764136014	
-0.09622391107112202	0.06858421651692302	-0.07161131100311753	-0.02832965024499992	-0.054132639960253956	
-0.08606753200770893	0.08230654156228467	-0.028766353881719588	0.0032796063633834982	-0.007912023902031736	
-0.07234564277419969	-0.05955072378790206	-0.08321781485073312	0.0033965181375490315	-0.04323433328283689	
-0.007983613427279348	-0.07900079658586884	0.08486982492595405	-0.060372564474694336	0.126815087091582	
-0.07108202159784796	0.015500357734970653	-0.09980201279637108	0.05122222432994595	-0.07370670961620358	
0.01676854606923775	0.04754672523576186	-0.05522592918617975	0.020330568077164355	-0.04008097511770324	
0.06710223766062913	0.045408419340231584	-0.043952212057508565	0.08431646604640511	-0.07796967951228635	
0.06279150193404603	0.013120970054335388	-0.03169698506014972	0.04291369063557646	0.02721462889522965	
0.08605900599918156	-0.04379480301468833	-0.1144382094787875	0.076658215796645	0.05445954499009869	
0.036178878151326255	0.0030534521451241504	0.028712288751619304	0.04817344865119238	-0.0374006819602554	
0.05857023998824877	0.051651576560045175	0.028784645985505092	-0.017057273312756825	0.04131244908867887	
-0.0955088315816935	0.05582679973985669	0.08466033687253882	-0.04978515807424817	-0.07304158609027145	
-0.06223365479263868	-0.040600632799348675	0.06817265175870944	0.004131710743695591	-0.04784288623375038	
-0.06941437386664373	-0.0418223418719184	0.026700495807338385	-0.03296644876855397	-0.005204544237608082	
-0.015752665292665672	0.06676124021864085	-0.020732056782206614	-0.035617268099721336	0.02585973979144329	
-0.06369416323324428	-0.00579917067119003	-0.04760690935005025	0.017754875404818675	0.06276638827068738	
-0.022822582532963088	0.05783553621805941	-0.02492974444896339	0.019839111057474844	-0.0926149878976244	
-0.009083759284591651	0.08286330696618281	0.026785235894609512	0.056373522870962915	0.004012732294996799	
-0.008587319121187011	0.06936362534022375	-0.09715664304433348	0.006971787797179283	0.07545686165248773	
-0.008136123297402799	-0.060561767713031	0.05423359553798101	-0.05999202791013481	0.023175771500168914	
-0.007134088562639215	0.09024066607414	0.004415556783331911	0.053764707466648125	-0.11975980638442484	
0.08889330930711488	-0.08319046167543082	-0.047414317533967666	0.08052323071548043	-0.11360362511687926	
0.08232388758196656	0.07205944612439417	0.011479168305460348	-0.03302612653605745	0.08465755890331707	
0.003525636500510097	-0.07270295087157233	0.09605424438260594	0.08603120545053648	0.007708810763160027	
0.06459184296784314	-0.015435720673266796	0.027922435975230107	-0.026931203516669687	-0.010247369534270957	
-0.055565759782778695	0.09323460682881862	-0.03250711808468338	-0.0736564615487502	-0.06315956786483273	
-0.09449123737901766	0.04416901981506471	0.01641451812541948	0.06074056671055006	0.002333933110661039	
0.05282419204141161	0.04021596314958356	0.04823161174613764	-0.02428381260582301	0.019265099230175126	
-0.06554664959385623	-0.03493441000816165	-0.06731351203585646	-0.02056881658574994	-0.055776076441264325	
-0.01618904178928417	0.09521582531179505	-0.03277995782953326	0.09841463396882685	0.03002172240534618	
-0.028178254120170516	0.07291920006274215	0.019547844979977462	-0.053202273272777136	0.050557600147781934	
-0.011201784188729061	-0.027642485247116794	-0.03102375513882836	0.04087975092045276	-0.04562326150486162	
0.08300846046836093	-0.04134037456902122	0.0370709013661809	0.016640511923626814	0.10065584926514999	
0.08394492946285459	-0.06171699030311425	0.02512345070813443	0.0843884898176527	-0.0053280031689902155	
0.09206679482376562	-0.0430202113815331	0.032539909481601244	0.04201667482685841	-0.047293684337630426	
-0.08603165945657598	-0.014885785763687308	0.10184278731388643	-0.02298767069705937	0.06639989990260614	
-0.053729090488211804	-0.02935504742275209	-0.05677049274642522	0.05148839343266119	0.04912935375013348	
0.046047092926225955	-0.04710812657366508	0.048734533184395905	-0.04791372052235623	-0.008082007314236613	
-0.023587482287829375	-0.028305803262484074	-0.08560973100524683	0.027433861126863204	0.042381848404739304	
0.028925523810140873	0.031118040536469323	-0.0578910866005429	-0.06588832006681265	0.007331883872655034	
0.07844256484908342	-0.061609922483127855	-0.0033718312341601353	-0.012128973979221972	0.00038081466909310963	
-0.06000916317931243	-0.03125391031192891	-0.0369544189454154	0.07462242682765668	0.06830914222110171	
-0.0139707720568528	0.022298438813864393	-0.06979828562155135	0.0018578420423098574	-0.04227315964420998	
0.06892653776238318	0.03491901095721937	0.02305125270531717	-0.07803981952420323	-0.011654897448453749	
0.10839161261999229	0.09132921207539846	0.04401710873698012	-0.061473226067604275	0.03859531595875361	
0.010307646927522443	-0.006159190856098897	-0.017782026343686783	0.017219911446481443	0.06553770274906776	
0.039821857994339176	0.014141476913988177	0.07221635712003367	-0.09563372257713341	0.08681466505935559	
-0.08125355750349451	-0.05818133728673542	-0.00536699188050807	-0.07274729703609756	0.0306665270958055	
-0.0796631622150431	-0.041335125780608335	-0.07396840558025791	0.04887991271006897	0.043932869432453385	
-0.018834693301008707	-0.060994848890049164	0.056312250539236455	-0.028011680922527416	0.06311523145628062	
-0.05821151335601826	-1.00134887954176e-05	-0.167160236454236	-0.016174390175352167	-0.09270541346886743	
-0.0606815720622486	-0.016240773144431505	-0.030558918571815624	-0.011083138999244947	0.0917825563158944	
-0.02574444198549504	0.05579736476850404	0.012509839863054276	0.07842087642724285	-0.02964070389598519	
-0.04666778792854523	0.0797650202084025	-0.08556024328156359	0.09540220825101758	0.0234191731000897	
-0.2932359069004565	-0.037767007497089986	-0.4022267584025442	-0.24961965468578418	-0.33729428701348796	
-0.3044229591590507	
