TESTRUNID EPOCH: 99 L_PCC: 0.8833645094197056 L_ERR: 0.01141770022094172 T_PCC: 0.8048836413580007 T_ERR: 0.014001479773105672
180 LAYER: 1
5 LAYER: 2
1 LAYER: 3
99 :ILEARN
-0.016817643906645405	0.044517152495045634	-0.10093907153433639	-0.037998061337217434	-0.07262773064538945	
-0.0830063531149402	-0.06267768430505279	-0.03515873263643444	-0.02254273241147336	-6.718147012427114e-05	
-0.00031748460355191215	0.03892125856055063	-0.043298065088837684	0.09100537760159709	-0.08314780021335534	
0.0528274174828712	-0.014076081490909892	0.02844271992842236	-0.05420615410491746	-0.04844834975466659	
0.0616897575705785	0.09465295055957486	-0.03941996267607441	0.03975249964576789	0.07190858275584962	
0.08737196385181074	-0.08202899132210027	-0.08483768326577293	-0.057641247988173196	0.07975312116046109	
-0.07808079036457037	-0.015073346129388552	0.0906010527179706	0.008066974006326305	0.03358600431173594	
-0.014383311301786852	0.040129074812257505	0.08786858732138955	-0.0756979055693226	0.0660502418419278	
0.1344242899187045	0.05254891898908407	-0.005150784618533659	0.09086894317563027	-0.04088727967527056	
-0.03914734307150127	0.07961364209999834	-0.07615020123345376	-0.06767905208237676	-0.10092007145301954	
-0.10624534719121505	0.0353298714256238	-0.07264399718574965	-0.05720125926018043	-0.012995623360535606	
-0.10725879641499038	0.013488080159310667	-0.09209341027140237	0.0009105251874220096	0.011608729401483296	
-0.08345106471748885	-0.01736900006409737	0.03223862455956789	-0.020515986142054913	-0.0924055244744485	
0.038199267705377925	0.03485793445131955	0.036606729438785374	0.1127520652403605	0.05472691506042559	
0.08789213573526884	-0.07104226229236901	-0.06871883948618478	0.06809323733073386	-0.020384855568439067	
-0.04426237869418211	0.08778059653845505	-0.002083705540177354	0.07273822213925579	0.06576745722346938	
0.07887024494987831	0.0253442192862071	0.05328392080907725	-0.0268767478206286	-0.04561246529613815	
0.11078395104479569	-0.01168338948602027	0.1230508983277509	0.059767521524449405	0.05846343661151501	
-0.02219958119752799	0.09316148500269275	0.052120723580394074	0.06592660559005104	0.05390879497380468	
-0.08302869243041577	0.07837658280787038	-0.020866357174995305	-0.12474154045473991	-0.003274305345591848	
-0.1106592051331922	-0.0009717258613424872	-0.017475197097956457	-0.10539941000765028	-0.006904743082784614	
0.005437527612262181	-0.09759026836937838	0.054505226470153274	0.02194490528408533	0.07697530106109621	
-0.09085189936847025	-0.07414558633250205	0.05080010194003827	0.019343072032939338	-0.11132009377855645	
0.04167738252172101	0.05081643946881312	0.06788027705264707	0.040091142150141326	-0.08097457275824704	
-0.11311133574445491	-0.09606739750040724	-0.1204216589882548	-0.06983727502667464	0.04750008745473525	
-0.00628496272604895	0.010010592150438882	0.04679679731532441	-0.08553893520972124	-0.06008581427241528	
-0.004467080114818953	0.09282696978491171	-0.0202803445261121	-0.11357497380046881	0.03635792483179344	
-0.08270186727044453	0.059711188348222956	-0.06437017393018121	0.04556479995444056	0.011765442461305023	
0.03444920198446932	-0.07020502753219551	-0.062270426169705774	-0.04758883239777168	-0.06686341318059057	
-0.03683547638493732	-0.051567318815551696	0.09630570272400449	0.04345252816507748	-0.05680888910953675	
-0.06420896887853855	0.09542036869769464	0.038024112156094705	-0.04407215199022555	-0.030304865204190474	
0.032306625511487386	-0.06161945265776999	-0.008622712589701568	0.08111376342657627	0.05042227010862915	
-0.030648787544630737	0.0005421549514099031	0.05016644905274923	0.08182030546463853	-0.04933839961900891	
-0.04720185515270972	-0.0815338122827544	0.05402358517135562	0.06516309879786346	0.05911890471810044	
-0.06754888996455147	0.09595412372295663	-0.02918924695506067	-0.052945190751066476	-0.025963502637103304	
-0.029426485454123217	0.02763704483727807	-0.14987213611401	-0.15991367922509972	-0.10726896537594499	
-0.0708555361398625	-0.06590738123688855	-0.0756130320784282	-0.17815902749865492	-0.14160492534151242	
0.09080068282932388	-0.05775233846833468	0.05807538952087716	0.032965401460877196	0.10674102878254431	
-0.0012485829706774475	-0.08267701263938976	0.1016035176323542	0.0979875055726821	0.12548728900575773	
0.09892369018446961	-0.0964252739695107	-0.036659516841075095	0.026567846550907125	0.10022147050970097	
0.17912667944360247	0.018189421371230786	0.20018142039297065	0.13304420509968548	0.09159332535591701	
0.041117646474287874	0.02486718043570067	0.06794884837678125	0.12518954082201245	0.12980806141139864	
-0.030066084763848276	0.09201520692167763	-0.0747839884234797	-0.08147934039044391	-0.08344720604534185	
0.0011114033376919982	-0.0951880676970228	0.08920246696486066	0.06826621970654863	-0.09923275666250332	
-0.05183653943415752	-0.031836506551487086	-0.06349890508162326	0.0774369274685798	-0.017817395550432713	
0.11275798921452672	0.018727213516557283	0.10823360596385262	0.0944637104302954	0.10861159543834727	
0.024102027579090725	0.012406042691414298	0.0987456983153487	-0.01102382817075147	0.0326665726254468	
0.0030022772520681912	-0.09860200402465176	0.006464905857530642	-0.020693578493883376	0.042390797993017225	
-0.03722062246496382	0.07909160659520326	0.013119189268670515	-0.06695895616912532	0.052930161162554605	
0.02812938481090764	-0.08808475540807656	-0.022437425429933544	0.038104944037086676	0.08391779352485196	
-0.11504404650752255	0.09497545534443404	-0.05725727982935613	0.07402930830741569	-0.0034762159866095275	
0.1004709911422644	0.017886956734752456	0.0735467547008125	-0.01127276513213164	0.0553243271528012	
0.04884796036499577	0.07210946025326417	0.04027043183137903	0.03567285379390867	0.06730259635816277	
-0.08481934328695416	0.0310882116008653	-0.08601059067129448	-0.08643436430739322	-0.08398675864766032	
0.0078231489404638	-0.033704322868766484	0.05675886387772802	0.016980369920635757	0.12442680886826567	
0.03812376302255165	-0.060334720934161735	-0.0022456542267048378	-0.017859352288082084	0.07377258245873454	
0.08236630064198051	0.08144300685636728	0.04144918637401493	-0.03457607002448246	-0.037725813084669595	
0.0671399351615194	0.006302627374900424	0.04510963022083419	0.0038686546241581852	0.03187437648315616	
-0.013273654532920811	0.05343818803646299	-0.015591235829541578	-0.032098669339111215	-0.057351611928263664	
-0.05906033120742213	-0.021657487415410844	-0.059980162652486554	0.12476484526227632	-0.03492321587268667	
0.05706730551568196	0.07482454949255708	0.02640927542536084	0.008981549465077461	-0.07481278551839107	
-0.010934198981578257	-0.030625518034449906	-0.06360642722582967	0.013107254270657408	-0.051649480840979256	
0.10846953574257855	0.0844889403543656	-0.01503165474893609	-0.05530818139467197	-0.040869632097010854	
0.06491043816269883	0.051303616109329576	0.034257352210573994	0.009218723247971933	0.13505808473938255	
-0.013602531352932884	0.024545275490550026	-0.06125470606814106	-0.0766525586059853	0.00048570294917787797	
-0.03252261646447509	-0.07182151217828157	-0.003286989259394829	-0.019307572593904795	-0.00873225451311009	
-0.059774585531293986	0.05146993795767134	-0.036310422379485265	0.013088810652279787	0.0628880151709398	
-0.08045328997537946	-0.032987799106245115	0.09060885571112916	0.08139808576498715	0.01602996305257201	
0.07334935349607848	0.09063467582263128	0.06526352492041097	0.0689425557311419	-0.08966381153712567	
0.024105348680806982	0.04041603252185868	0.0001341406900810294	0.05646408935231173	-0.09696803319412546	
0.05004726677614026	0.04663497683554343	-0.06553806871392326	-0.051481305025678645	0.018527335280032545	
-0.04089256730660919	0.05886736533230536	-0.02177734424937912	0.04561800873410702	0.0802262071877193	
-0.057842930833210175	-0.07250703849417366	0.04851900306216691	-0.007878401690082394	0.07230573399247334	
0.028476791558902696	0.0999413625138777	-0.003521801512079559	0.0063013020496059564	-0.07758099403969627	
-0.06618328205549857	-0.09836013100585472	-0.1021564012831396	0.01142180220632428	-0.1256345396255196	
-0.02062398258118266	0.07331948537629272	0.04624803875660294	0.042995998108907446	-0.06007033650978179	
-0.009834122522541658	0.016685950236827347	0.09677241325111366	-0.05741931470343976	-0.04956150617448682	
-0.059251834243121644	0.050157270427762204	-0.03324075677801497	-0.10086443912463473	-0.02138814735042935	
-0.06118290532663799	0.060069898444705026	-0.05269114767843064	-0.09810314744375948	0.009190763830400883	
0.061507286395218116	-0.02429927108272628	0.025986442749943432	-0.0017657949381600015	0.004643326015729881	
0.11598022028050997	0.06312786614775717	-0.06719678519152003	0.06382823841233748	0.01793531601669482	
0.06901364003527376	-0.056899383198934936	-0.07650530780949243	-0.10396653804081908	-0.04411872381228902	
-0.07448571652268234	0.027625169200116165	0.06129579091649743	0.040132959341065436	0.0485369361939036	
-0.023976963198519056	0.07073207868800828	-0.011094987336061419	0.06908196956511628	0.022462490522733036	
-0.05954553115053341	-0.08253038375320186	-0.09076650607954452	-0.07693830081689176	0.0002563437693372944	
-0.09270457673364499	-0.09525193207108316	0.02811917447411733	-0.03688213879880625	0.024978131144657082	
-0.020452217845865706	-0.010187934079993752	-0.024901772428689337	-0.017360383677190595	0.040214555319161974	
0.05637068886657012	0.08777978360541314	0.007541387523408276	0.12445189553607611	-0.0009416762993992062	
-0.03857014463592783	-0.10309113393091922	-0.07056725753871598	-0.1605396128773838	0.013080830376508546	
0.09446599774812786	0.06037644532858891	0.09278652916104663	-0.05613106409360221	-0.04520224175801719	
-0.06864303052259996	0.02437854293686959	0.06689378435358458	0.09278042262787242	0.037305594122917764	
0.047690799848227196	0.08245437866280753	-0.022876021128213884	-0.0497987111326797	-0.07206240634903865	
-0.08764911235621994	0.06168979627250585	-0.0888013331442346	-0.057214749912862066	0.05359555568545793	
-0.11287061345367021	0.09024862617843839	-0.13620660864663256	-0.06143370564441741	-0.11685443078808092	
0.08973656190014558	-0.0251583289592728	-0.011189233677537814	0.007459439852607646	0.08730640024185356	
-0.0913458182562405	0.044097275312703486	0.07742213668451464	-0.09497667579135506	0.00024542690189602664	
-0.04817951129184918	0.07125343449736174	-0.012339313216056615	0.02201974669803519	-0.027882858989243538	
-0.02383100066192694	-0.04565260985157161	-0.15720778525324416	-0.02949701653392526	-0.09470439802179144	
-0.1117004216645344	0.07302154495143917	-0.14526630262612367	-0.15469740280341202	-0.14614820628504524	
0.10130728949548562	0.0885744520081589	0.08004123364853892	0.10015509058452708	-0.027733414149982292	
-0.07700914969233794	-0.05396969030512409	-0.029074854519729992	-0.05957212340770259	0.026038068223480745	
-0.025371769982197825	0.06339742681812006	-0.07827464911906856	0.03212084249315074	-0.06670212384132705	
-0.003062007924895011	-0.03103821388224908	-0.11438028144272362	-0.07269855808713019	0.009262322453459258	
-0.04039381731295085	0.0013142955332699146	-0.12333382562943242	-0.026845129724940804	0.05023653150567867	
0.06554643907189239	0.019772554966913932	0.0968485059806107	0.0808498582323498	0.014015110082338097	
-0.09569306278362559	-0.0809017295499874	-0.09504850175283419	-0.01176603615371791	-0.029860855584142993	
0.07680196103468358	-0.06727769676849596	0.06490778770333704	0.03585652379700748	0.04132353188982794	
0.0316667808476738	0.03511558910295818	-0.005521617852222465	-0.09296550923025886	-0.028888670266764525	
-0.0005365801236644908	0.047034250586038225	-0.013036525502811388	-0.007921240806251275	-0.07645486005170404	
-0.08416567915141321	0.052664976148761325	-0.013542481566940183	0.10577320485049574	-0.04751228974617838	
-0.026721081147731588	0.005669505555553882	0.05925311694958181	-0.005284328593930422	-0.07654950197568677	
-0.036368006318742804	0.0014771793166975967	0.03081549737154725	0.055322442995960334	-0.07497751561432568	
-0.08290616885392468	0.005130247915873884	0.07916878300860897	-0.08810395050539235	0.04252335719386558	
0.05169014642296359	-0.0081723402918216	0.09823680388960128	0.04022360821234564	-0.09119482007562704	
0.03974866318970488	0.07485655797096707	0.10924468481691814	0.08293967497411037	0.10165934327361913	
0.009172442607094997	-0.045516328965356116	0.006816356030707414	0.029206680371604312	-0.03566893859387915	
0.04234657962177914	-0.06353201277701617	0.021385047738787168	-0.06641307937069381	0.028478313590034977	
-0.003775433356338934	0.06358686630389745	-0.023900683879076588	-0.04824747702098006	0.056216016361287736	
-0.03031311628600296	0.047956417477805845	0.05553761032973691	-0.05015792383009899	-0.05557062511468059	
-0.05571815442642734	-0.07142828553384648	-0.010916177445924508	-0.09363081919375915	-0.07877433194153316	
0.01904622613939489	0.05901945020037278	-0.10347805486227252	-0.06883803288307067	-0.07987265805232453	
0.11175386595892702	0.0450159518077632	0.04496835594886314	-0.014346886363553127	0.08923732775381195	
-0.057032578890586626	0.08170982359742436	-0.019373242077432275	-0.05473284286298872	-0.1395767730335988	
0.07741809397686003	-0.068589082867362	-0.08906716910597924	-0.03624307227572992	-0.053839827964346436	
-0.07919337133149072	0.04579798232764007	-0.07623515773996632	0.02033459508376229	0.03717008067045996	
-0.05329701515752995	0.020997191818760925	0.050152545419735496	0.0294512652666836	0.01558622037386105	
-0.04236856883213867	0.04681756440379849	0.08190987602877245	-0.01997115536289501	0.04441037959611714	
-0.09098120518333601	0.06790528404764237	-0.07190774612100352	-0.02797909320575356	-0.05600885241433947	
-0.0801096032744851	0.0816578074660921	-0.031949693303101906	0.0011902225279030569	-0.011255981249492633	
-0.09366692165120571	-0.06038099611132839	-0.10847231391064459	-0.009925980129144417	-0.05770655370290358	
-0.006211996097109082	-0.07680337259500078	0.08263742052896605	-0.04884296520264415	0.13583024343562372	
-0.056769024513583975	0.01557505357041186	-0.08488769011049833	0.061624993650328995	-0.06376227313448328	
0.012186052550776127	0.04841309441379911	-0.06418583405355768	0.02180458283941138	-0.040742009210431904	
0.10133058693446817	0.048838639031375704	-0.005549565171146618	0.11850968792475894	-0.03710328278972594	
0.06380678690595683	0.012006355486753544	-0.03534709167107924	0.04079546484461	0.02263015703711911	
0.08775327908073442	-0.04491203774659201	-0.10908385683958177	0.07306456173925199	0.050053767897822926	
0.014784041715849993	0.0006098533584550478	0.008511995226148976	0.02658590695801823	-0.06318111755672454	
0.08257992941470008	0.053354836494775286	0.05078155204532323	0.00605283908354798	0.06617191907722088	
-0.07428256197222456	0.057321561118357386	0.1073408946614023	-0.031211894110061034	-0.04986694568289034	
-0.08812322339214468	-0.04229411801422893	0.04125519334136208	-0.014275468537903827	-0.06695897844618248	
-0.043377427267056054	-0.039726607452865687	0.058081329425496965	-0.009395137248212981	0.021852765592292364	
-0.009337199662521485	0.06649782861230294	-0.01580739425999768	-0.03069886234546786	0.033431342033608265	
-0.05018043929180486	-0.0055084033002435985	-0.03125943734394602	0.027285120976650624	0.07729514765267169	
-0.021894051890741777	0.05672847931243549	-0.022938295587333308	0.01871998776734058	-0.08869569737993989	
0.007616068086953141	0.08415773319870462	0.04116574573895611	0.0715463246354237	0.018862548544197784	
-0.010429198378396813	0.0682388162110255	-0.0983605144037855	0.004314697573030269	0.07650233137324304	
-0.03165991415851961	-0.06361921411021236	0.029919019383207453	-0.08067820601955765	0.006410584861419248	
0.03635002223368652	0.09306955206594514	0.05379793732674543	0.08979855244353697	-0.0768732078184084	
0.09727390174116105	-0.08360214214941081	-0.0396881003181922	0.08676426032797227	-0.10398187020841564	
0.06714764215967146	0.07203804763415692	-0.012982081638644278	-0.04296896667311687	0.06315395904582112	
-0.006607555883680941	-0.07317654255144153	0.07841614769418732	0.07837177083987384	-0.0073200796058894785	
0.06815203963243771	-0.016082471045383847	0.03213277987779307	-0.024940097717585315	-0.004724373253306937	
-0.06439819398843438	0.09280039984540836	-0.04662509878870278	-0.08015603566993264	-0.07533914932196768	
-0.09787292026021897	0.043728533680626236	0.00609399132140401	0.058321193763921565	-0.005061848013548165	
0.06430197138214416	0.04035777501218958	0.05940289277583897	-0.015453007925766383	0.03042172952363625	
-0.030651009382864258	-0.03257755195794781	-0.023849929235486317	0.0069320274081572965	-0.019163422718813505	
-0.005852730817337156	0.09610045392295882	-0.01924010936150625	0.10361493736451698	0.03827008776098107	
-0.020000533462991268	0.07296829429391316	0.021608367503682165	-0.04561641576291939	0.055987470790606904	
-0.009155422665319456	-0.027636233726657272	-0.03362803821095337	0.04368498561478918	-0.04531209845857934	
0.07134303417679086	-0.04074114903038716	0.017588185221324385	0.01063701105790111	0.08487617360274506	
0.12332145420408287	-0.05827619437292446	0.06891070049992841	0.12600610928672196	0.039200757320843646	
0.14163226590633496	-0.03878359932444651	0.09160773401965719	0.0902536515180661	0.007702327544021935	
-0.02742170989442179	-0.009653343073898955	0.16702980681923316	0.036764433313355584	0.13003909019308246	
0.0021401121660666084	-0.02454457376885828	0.0033640789117308873	0.10795177525997088	0.10813065374824123	
0.10279785937418427	-0.042390498224391726	0.10736565730350042	0.013327589984505785	0.05611506953754337	
0.00026464561565826546	-0.026291128587524016	-0.055011924446196694	0.0514466751064323	0.07016235255317091	
0.0682619206312724	0.03437424199662744	-0.013624638571105937	-0.026769622226975143	0.050094963031581556	
0.10765533828871625	-0.05918946160629372	0.026386814442903632	0.018965887632817296	0.03244468604821744	
-0.023941319859414095	-0.028170788520011814	0.005067100520845126	0.10568690338132226	0.10297159725165628	
0.0021358052098453674	0.023212518879543738	-0.056856729553566354	0.01570881452316785	-0.02899782739844517	
0.07154832428948207	0.03453012990617001	0.02079929053136422	-0.07747321288668536	-0.012441162073627226	
0.17088881394188662	0.0967943962068107	0.1197914525736116	0.0007699792064093058	0.1100773152706549	
0.009966684699862241	-0.006568602775441238	-0.020436330681722892	0.014930911476658253	0.06248958406227987	
-0.009342696586172958	0.009137949035191238	0.01059452099225734	-0.15379124753680318	0.022988801085366287	
-0.046072061933846394	-0.05522425083796138	0.030837676913656045	-0.037483330954340616	0.0666131769687058	
-0.02289361997982131	-0.036305735508854325	-0.010340649805382898	0.10729334450725785	0.10670574592142135	
0.020863249168188838	-0.05763559893091544	0.0992006315154192	0.013484316344251648	0.10710520002349176	
-0.28711330067707924	-0.021130101562870384	-0.42897122155951384	-0.24824883221177405	-0.3441946681280232	
-0.10373238894440283	-0.02016687644769349	-0.0768837498598886	-0.0654686889994713	0.034550452480312695	
-0.0052619415320274265	0.05719760421049368	0.03133989178441049	0.09775096185768667	-0.01030169803893856	
-0.06534777861970793	0.07927585015906301	-0.09575949362051209	0.07847784634906127	0.00849802672769426	
-0.49057589671599744	0.033746234775487674	-0.7065732823043588	-0.544886323831081	-0.5674710839248124	
-0.008729193151783415	
